0.0000	28703
0.0100	28712
0.0200	27472
0.0300	30458
0.0400	28445
0.0500	28442
0.0600	27014
0.0700	28386
0.0800	28038
0.0900	26582
0.1000	28201
0.1100	27649
0.1200	28566
0.1300	27456
0.1400	27121
0.1500	28379
0.1600	29241
0.1700	27464
0.1800	26971
0.1900	27398
0.2000	28252
0.2100	29846
0.2200	29179
0.2300	27464
0.2400	27658
0.2500	28381
0.2600	27521
0.2700	26976
0.2800	27215
0.2900	29421
0.3000	27103
0.3100	28497
0.3200	27540
0.3300	29611
0.3400	27611
0.3500	28477
0.3600	28667
0.3700	28127
0.3800	28064
0.3900	27485
0.4000	27000
0.4100	28436
0.4200	26460
0.4300	29368
0.4400	28360
0.4500	29821
0.4600	27592
0.4700	28425
0.4800	29220
0.4900	28587
0.5000	27959
0.5100	28531
0.5200	28106
0.5300	26858
0.5400	28353
0.5500	29708
0.5600	26983
0.5700	28112
0.5800	29779
0.5900	27351
0.6000	28078
0.6100	27554
0.6200	27267
0.6300	27268
0.6400	27452
0.6500	27195
0.6600	28335
0.6700	27875
0.6800	28588
0.6900	28457
0.7000	30093
0.7100	29766
0.7200	28339
0.7300	27615
0.7400	27892
0.7500	28336
0.7600	28137
0.7700	27044
0.7800	27178
0.7900	28673
0.8000	29357
0.8100	27232
0.8200	27162
0.8300	29860
0.8400	27220
0.8500	27226
0.8600	27308
0.8700	29006
0.8800	28668
0.8900	27160
0.9000	28781
0.9100	29441
0.9200	29687
0.9300	27498
0.9400	28670
0.9500	28720
0.9600	28930
0.9700	27374
0.9800	27443
0.9900	27266
1.0000	29170
1.0100	27703
1.0200	27782
1.0300	27335
1.0400	29307
1.0500	29217
1.0600	28556
1.0700	27243
1.0800	28510
1.0900	28661
1.1000	27256
1.1100	28255
1.1200	28233
1.1300	29424
1.1400	28029
1.1500	30273
1.1600	28406
1.1700	29240
1.1800	27630
1.1900	29239
1.2000	29635
1.2100	29211
1.2200	27284
1.2300	27040
1.2400	26730
1.2500	29592
1.2600	28966
1.2700	27213
1.2800	27537
1.2900	27338
1.3000	28890
1.3100	26884
1.3200	26568
1.3300	27081
1.3400	30101
1.3500	28092
1.3600	29490
1.3700	26189
1.3800	29501
1.3900	28490
1.4000	29551
1.4100	28280
1.4200	28219
1.4300	28527
1.4400	30060
1.4500	28575
1.4600	26405
1.4700	28534
1.4800	27659
1.4900	28584
1.5000	28378
1.5100	29739
1.5200	26888
1.5300	28878
1.5400	27809
1.5500	27233
1.5600	29523
1.5700	28681
1.5800	29767
1.5900	27528
1.6000	27614
1.6100	27208
1.6200	28508
1.6300	28159
1.6400	27570
1.6500	27857
1.6600	29223
1.6700	28653
1.6800	27328
1.6900	29040
1.7000	30262
1.7100	29364
1.7200	27990
1.7300	28150
1.7400	27837
1.7500	27741
1.7600	29063
1.7700	27004
1.7800	27270
1.7900	29009
1.8000	29068
1.8100	29140
1.8200	26650
1.8300	30008
1.8400	26878
1.8500	27601
1.8600	29119
1.8700	27792
1.8800	27398
1.8900	27978
1.9000	28938
1.9100	29059
1.9200	27742
1.9300	27766
1.9400	29466
1.9500	27807
1.9600	29030
1.9700	27292
1.9800	26803
1.9900	27883
2.0000	28714
2.0100	27936
2.0200	26680
2.0300	28754
2.0400	29528
2.0500	27942
2.0600	28653
2.0700	27834
2.0800	26240
2.0900	28539
2.1000	29292
2.1100	27584
2.1200	28027
2.1300	28730
2.1400	27864
2.1500	27807
2.1600	27065
2.1700	27542
2.1800	29141
2.1900	30063
2.2000	26911
2.2100	27880
2.2200	29086
2.2300	29557
2.2400	27400
2.2500	28335
2.2600	28350
2.2700	29907
2.2800	30174
2.2900	29408
2.3000	28700
2.3100	28348
2.3200	28720
2.3300	27492
2.3400	28816
2.3500	28124
2.3600	27918
2.3700	28723
2.3800	29919
2.3900	29878
2.4000	29380
2.4100	27430
2.4200	27209
2.4300	27555
2.4400	27707
2.4500	26528
2.4600	26895
2.4700	28028
2.4800	28415
2.4900	28185
2.5000	28450
2.5100	27686
2.5200	28707
2.5300	27108
2.5400	27739
2.5500	27077
2.5600	28867
2.5700	27138
2.5800	27887
2.5900	27501
2.6000	26090
2.6100	27692
2.6200	28993
2.6300	27822
2.6400	28289
2.6500	28945
2.6600	29168
2.6700	28236
2.6800	28072
2.6900	27174
2.7000	28993
2.7100	29440
2.7200	27760
2.7300	26653
2.7400	29069
2.7500	29740
2.7600	27147
2.7700	26611
2.7800	28149
2.7900	26219
2.8000	26229
2.8100	27839
2.8200	27252
2.8300	29884
2.8400	27066
2.8500	28425
2.8600	28436
2.8700	29140
2.8800	26149
2.8900	29026
2.9000	28218
2.9100	28776
2.9200	28102
2.9300	27971
2.9400	28773
2.9500	29684
2.9600	28370
2.9700	27369
2.9800	29445
2.9900	28394
3.0000	29716
3.0100	28692
3.0200	27999
3.0300	29176
3.0400	26465
3.0500	29976
3.0600	26357
3.0700	30530
3.0800	27362
3.0900	28429
3.1000	27736
3.1100	28380
3.1200	27564
3.1300	26733
3.1400	29592
3.1500	27480
3.1600	26383
3.1700	26272
3.1800	29090
3.1900	29743
3.2000	26567
3.2100	26655
3.2200	29089
3.2300	28906
3.2400	27885
3.2500	28173
3.2600	29139
3.2700	27517
3.2800	28915
3.2900	28061
3.3000	27237
3.3100	26897
3.3200	28074
3.3300	27287
3.3400	26869
3.3500	26323
3.3600	30540
3.3700	28334
3.3800	28214
3.3900	27042
3.4000	28088
3.4100	27879
3.4200	27836
3.4300	28985
3.4400	28344
3.4500	29049
3.4600	28119
3.4700	28626
3.4800	28982
3.4900	27154
3.5000	27695
3.5100	28969
3.5200	27049
3.5300	27150
3.5400	27629
3.5500	27764
3.5600	29468
3.5700	29095
3.5800	29017
3.5900	28416
3.6000	27192
3.6100	29598
3.6200	27745
3.6300	26932
3.6400	28279
3.6500	28811
3.6600	28995
3.6700	28363
3.6800	29508
3.6900	26988
3.7000	26999
3.7100	28146
3.7200	28034
3.7300	28431
3.7400	28812
3.7500	27057
3.7600	28902
3.7700	29715
3.7800	27307
3.7900	28450
3.8000	28899
3.8100	28947
3.8200	29653
3.8300	26709
3.8400	28771
3.8500	28928
3.8600	28476
3.8700	29599
3.8800	29826
3.8900	28092
3.9000	27884
3.9100	29941
3.9200	29806
3.9300	28522
3.9400	28910
3.9500	26765
3.9600	29579
3.9700	29825
3.9800	28037
3.9900	27194
4.0000	29019
4.0100	29945
4.0200	26946
4.0300	28463
4.0400	27284
4.0500	28394
4.0600	26669
4.0700	27363
4.0800	28421
4.0900	28200
4.1000	28210
4.1100	27179
4.1200	28598
4.1300	27197
4.1400	29501
4.1500	29485
4.1600	26979
4.1700	29570
4.1800	28725
4.1900	27542
4.2000	26965
4.2100	28658
4.2200	28719
4.2300	28846
4.2400	29361
4.2500	29192
4.2600	27589
4.2700	30336
4.2800	28948
4.2900	28308
4.3000	28181
4.3100	29867
4.3200	27357
4.3300	29677
4.3400	29656
4.3500	29789
4.3600	26710
4.3700	29030
4.3800	29793
4.3900	26822
4.4000	27852
4.4100	28455
4.4200	30043
4.4300	27346
4.4400	29391
4.4500	28330
4.4600	30189
4.4700	27172
4.4800	28468
4.4900	29441
4.5000	30044
4.5100	27469
4.5200	29381
4.5300	27752
4.5400	30066
4.5500	26688
4.5600	28103
4.5700	29031
4.5800	29988
4.5900	26325
4.6000	28538
4.6100	28343
4.6200	28959
4.6300	28538
4.6400	27889
4.6500	28065
4.6600	28122
4.6700	27950
4.6800	27470
4.6900	29187
4.7000	29308
4.7100	28231
4.7200	28404
4.7300	29468
4.7400	28930
4.7500	27938
4.7600	27870
4.7700	28198
4.7800	26513
4.7900	28130
4.8000	29038
4.8100	29164
4.8200	28025
4.8300	29597
4.8400	26486
4.8500	27907
4.8600	27259
4.8700	29090
4.8800	27847
4.8900	27709
4.9000	28522
4.9100	28166
4.9200	27917
4.9300	28353
4.9400	29164
4.9500	30108
4.9600	27463
4.9700	27750
4.9800	28683
4.9900	28869
5.0000	27116
5.0100	28677
5.0200	28622
5.0300	27331
5.0400	28992
5.0500	28084
5.0600	27909
5.0700	28232
5.0800	28654
5.0900	27214
5.1000	27805
5.1100	27538
5.1200	28655
5.1300	27557
5.1400	29535
5.1500	27356
5.1600	29500
5.1700	27712
5.1800	28996
5.1900	28687
5.2000	28061
5.2100	27352
5.2200	29404
5.2300	28720
5.2400	26408
5.2500	28939
5.2600	29666
5.2700	29775
5.2800	27157
5.2900	29330
5.3000	30092
5.3100	28874
5.3200	29173
5.3300	28827
5.3400	29002
5.3500	29817
5.3600	29167
5.3700	27405
5.3800	26787
5.3900	26793
5.4000	28141
5.4100	28602
5.4200	28970
5.4300	27584
5.4400	28475
5.4500	28810
5.4600	28742
5.4700	29584
5.4800	29789
5.4900	29397
5.5000	29098
5.5100	28943
5.5200	28070
5.5300	29153
5.5400	28832
5.5500	27940
5.5600	28462
5.5700	29580
5.5800	27122
5.5900	27231
5.6000	29789
5.6100	27544
5.6200	28224
5.6300	29536
5.6400	28330
5.6500	26476
5.6600	29504
5.6700	29713
5.6800	27472
5.6900	28600
5.7000	29074
5.7100	26486
5.7200	28514
5.7300	29113
5.7400	29472
5.7500	27497
5.7600	29665
5.7700	28651
5.7800	28268
5.7900	29070
5.8000	29124
5.8100	26575
5.8200	29671
5.8300	28820
5.8400	29872
5.8500	27902
5.8600	29780
5.8700	28767
5.8800	29356
5.8900	27235
5.9000	29674
5.9100	29786
5.9200	28331
5.9300	27031
5.9400	30145
5.9500	29526
5.9600	29551
5.9700	28753
5.9800	29387
5.9900	27299
6.0000	28477
6.0100	28168
6.0200	29484
6.0300	27554
6.0400	28754
6.0500	27438
6.0600	29174
6.0700	28236
6.0800	28370
6.0900	28066
6.1000	28787
6.1100	28679
6.1200	28791
6.1300	28804
6.1400	28833
6.1500	27490
6.1600	28950
6.1700	28527
6.1800	27382
6.1900	28416
6.2000	29974
6.2100	28884
6.2200	27633
6.2300	29786
6.2400	26692
6.2500	28718
6.2600	29195
6.2700	27999
6.2800	27657
6.2900	27988
6.3000	28190
6.3100	28467
6.3200	29095
6.3300	26565
6.3400	27046
6.3500	26344
6.3600	29243
6.3700	29098
6.3800	29544
6.3900	28514
6.4000	27452
6.4100	28491
6.4200	28993
6.4300	29537
6.4400	27681
6.4500	29444
6.4600	29404
6.4700	26697
6.4800	30107
6.4900	29471
6.5000	29795
6.5100	27805
6.5200	29452
6.5300	29317
6.5400	27153
6.5500	28019
6.5600	29693
6.5700	28828
6.5800	28170
6.5900	27230
6.6000	29041
6.6100	27347
6.6200	29964
6.6300	27248
6.6400	29259
6.6500	27021
6.6600	29884
6.6700	26508
6.6800	28902
6.6900	26867
6.7000	29000
6.7100	27193
6.7200	27142
6.7300	26211
6.7400	29729
6.7500	27594
6.7600	27310
6.7700	27538
6.7800	28412
6.7900	29421
6.8000	28917
6.8100	28195
6.8200	26960
6.8300	29592
6.8400	27220
6.8500	28278
6.8600	29262
6.8700	28116
6.8800	27026
6.8900	28946
6.9000	29428
6.9100	28400
6.9200	28931
6.9300	29169
6.9400	30057
6.9500	26817
6.9600	28552
6.9700	29606
6.9800	27003
6.9900	27226
7.0000	28734
7.0100	29804
7.0200	27234
7.0300	29473
7.0400	29341
7.0500	29434
7.0600	27822
7.0700	29363
7.0800	29573
7.0900	27531
7.1000	27453
7.1100	29502
7.1200	28822
7.1300	27929
7.1400	28389
7.1500	29147
7.1600	28464
7.1700	27312
7.1800	27127
7.1900	28662
7.2000	26703
7.2100	26397
7.2200	27063
7.2300	28195
7.2400	26999
7.2500	26295
7.2600	29458
7.2700	27682
7.2800	28088
7.2900	27660
7.3000	29337
7.3100	28018
7.3200	26814
7.3300	27017
7.3400	27371
7.3500	28918
7.3600	27478
7.3700	27768
7.3800	28767
7.3900	26026
7.4000	29412
7.4100	26135
7.4200	28835
7.4300	27042
7.4400	29602
7.4500	26926
7.4600	26884
7.4700	29084
7.4800	27184
7.4900	28169
7.5000	26044
7.5100	29029
7.5200	28846
7.5300	27216
7.5400	28626
7.5500	26981
7.5600	28933
7.5700	27051
7.5800	29535
7.5900	27561
7.6000	28479
7.6100	29966
7.6200	28479
7.6300	28350
7.6400	28021
7.6500	29584
7.6600	25996
7.6700	29906
7.6800	27878
7.6900	29045
7.7000	27180
7.7100	28246
7.7200	28495
7.7300	27626
7.7400	28407
7.7500	27051
7.7600	28272
7.7700	27449
7.7800	28297
7.7900	27981
7.8000	29173
7.8100	27481
7.8200	29290
7.8300	29121
7.8400	27137
7.8500	27020
7.8600	27609
7.8700	27085
7.8800	29220
7.8900	27084
7.9000	29330
7.9100	27853
7.9200	29595
7.9300	27706
7.9400	29688
7.9500	29025
7.9600	29426
7.9700	29051
7.9800	29017
7.9900	29223
8.0000	28895
8.0100	28984
8.0200	29642
8.0300	26402
8.0400	29027
8.0500	28126
8.0600	27684
8.0700	26584
8.0800	28591
8.0900	29816
8.1000	28675
8.1100	26812
8.1200	28670
8.1300	27883
8.1400	29686
8.1500	26950
8.1600	29578
8.1700	26486
8.1800	29358
8.1900	26695
8.2000	28404
8.2100	27354
8.2200	27814
8.2300	28762
8.2400	28122
8.2500	27551
8.2600	26748
8.2700	29879
8.2800	29743
8.2900	28772
8.3000	26829
8.3100	27634
8.3200	29079
8.3300	28086
8.3400	30121
8.3500	28252
8.3600	28454
8.3700	29591
8.3800	29511
8.3900	27189
8.4000	28726
8.4100	29179
8.4200	27416
8.4300	27308
8.4400	26588
8.4500	28879
8.4600	29371
8.4700	26550
8.4800	27795
8.4900	26468
8.5000	26851
8.5100	29757
8.5200	29994
8.5300	28654
8.5400	26728
8.5500	27044
8.5600	26938
8.5700	29712
8.5800	28102
8.5900	27298
8.6000	28760
8.6100	27280
8.6200	28256
8.6300	28404
8.6400	27762
8.6500	28986
8.6600	29306
8.6700	27478
8.6800	25973
8.6900	28406
8.7000	29485
8.7100	26365
8.7200	28247
8.7300	27992
8.7400	28693
8.7500	29072
8.7600	27375
8.7700	28204
8.7800	28590
8.7900	28499
8.8000	27778
8.8100	27002
8.8200	28519
8.8300	26851
8.8400	29191
8.8500	28246
8.8600	27556
8.8700	29228
8.8800	27514
8.8900	27657
8.9000	26583
8.9100	28137
8.9200	28110
8.9300	27864
8.9400	28308
8.9500	28330
8.9600	28412
8.9700	26691
8.9800	28598
8.9900	27015
9.0000	27273
9.0100	28305
9.0200	28844
9.0300	27101
9.0400	28289
9.0500	26743
9.0600	28324
9.0700	28038
9.0800	28170
9.0900	27988
9.1000	27822
9.1100	27471
9.1200	27258
9.1300	28376
9.1400	27406
9.1500	28700
9.1600	26527
9.1700	27408
9.1800	28107
9.1900	27001
9.2000	26014
9.2100	27851
9.2200	31551
9.2300	28609
9.2400	27788
9.2500	30891
9.2600	29327
9.2700	28658
9.2800	28716
9.2900	29708
9.3000	28071
9.3100	28562
9.3200	29662
9.3300	27406
9.3400	28327
9.3500	28111
9.3600	29854
9.3700	28168
9.3800	28583
9.3900	28822
9.4000	29420
9.4100	26853
9.4200	28784
9.4300	28997
9.4400	27866
9.4500	28239
9.4600	28815
9.4700	27393
9.4800	27909
9.4900	28461
9.5000	28106
9.5100	28859
9.5200	27571
9.5300	26714
9.5400	27847
9.5500	28199
9.5600	28449
9.5700	27894
9.5800	28706
9.5900	28856
9.6000	27922
9.6100	26861
9.6200	29107
9.6300	26835
9.6400	26609
9.6500	26511
9.6600	26509
9.6700	27534
9.6800	29098
9.6900	26699
9.7000	28452
9.7100	27466
9.7200	27463
9.7300	26862
9.7400	28373
9.7500	28638
9.7600	27185
9.7700	28933
9.7800	29591
9.7900	27578
9.8000	26638
9.8100	27383
9.8200	29215
9.8300	26654
9.8400	27050
9.8500	29941
9.8600	29419
9.8700	26968
9.8800	29197
9.8900	26581
9.9000	27650
9.9100	26663
9.9200	28706
9.9300	27759
9.9400	27760
9.9500	26874
9.9600	26790
9.9700	27946
9.9800	29264
9.9900	27167
10.0000	26833
10.0100	26179
10.0200	28152
10.0300	27346
10.0400	27139
10.0500	27912
10.0600	26259
10.0700	26247
10.0800	26864
10.0900	28141
10.1000	27674
10.1100	28631
10.1200	26800
10.1300	26569
10.1400	26524
10.1500	28731
10.1600	26387
10.1700	27191
10.1800	27977
10.1900	29654
10.2000	27193
10.2100	25858
10.2200	29824
10.2300	29767
10.2400	26637
10.2500	27655
10.2600	27886
10.2700	29311
10.2800	26426
10.2900	29341
10.3000	26722
10.3100	29174
10.3200	27878
10.3300	29124
10.3400	27099
10.3500	26860
10.3600	27756
10.3700	27340
10.3800	27062
10.3900	26442
10.4000	28848
10.4100	27391
10.4200	27020
10.4300	27900
10.4400	27149
10.4500	26675
10.4600	29462
10.4700	28724
10.4800	26661
10.4900	26960
10.5000	26346
10.5100	27066
10.5200	26634
10.5300	26802
10.5400	28941
10.5500	26729
10.5600	27496
10.5700	28181
10.5800	27882
10.5900	26841
10.6000	27386
10.6100	27491
10.6200	28416
10.6300	26427
10.6400	28141
10.6500	27256
10.6600	27442
10.6700	27385
10.6800	28927
10.6900	26218
10.7000	26383
10.7100	27176
10.7200	26974
10.7300	26415
10.7400	26835
10.7500	26900
10.7600	27299
10.7700	26868
10.7800	27664
10.7900	27482
10.8000	26754
10.8100	27171
10.8200	27827
10.8300	25798
10.8400	26959
10.8500	26922
10.8600	27170
10.8700	26654
10.8800	27083
10.8900	28570
10.9000	27015
10.9100	27127
10.9200	26812
10.9300	28683
10.9400	28099
10.9500	26782
10.9600	28000
10.9700	28658
10.9800	27003
10.9900	29724
11.0000	28935
11.0100	26533
11.0200	27952
11.0300	27303
11.0400	29597
11.0500	28283
11.0600	29176
11.0700	26901
11.0800	28593
11.0900	27323
11.1000	29012
11.1100	27704
11.1200	28191
11.1300	26967
11.1400	26697
11.1500	27497
11.1600	26686
11.1700	26239
11.1800	26438
11.1900	26291
11.2000	26443
11.2100	27015
11.2200	26247
11.2300	27049
11.2400	26261
11.2500	26373
11.2600	27858
11.2700	26882
11.2800	26286
11.2900	26116
11.3000	27838
11.3100	26474
11.3200	27392
11.3300	26341
11.3400	26911
11.3500	26670
11.3600	26289
11.3700	27960
11.3800	27442
11.3900	26713
11.4000	26492
11.4100	27028
11.4200	27499
11.4300	27060
11.4400	28515
11.4500	26815
11.4600	27232
11.4700	27218
11.4800	27142
11.4900	26646
11.5000	26999
11.5100	27898
11.5200	29538
11.5300	27788
11.5400	26837
11.5500	27144
11.5600	28494
11.5700	26764
11.5800	28640
11.5900	27605
11.6000	26123
11.6100	25774
11.6200	27999
11.6300	28245
11.6400	26608
11.6500	27157
11.6600	26895
11.6700	28088
11.6800	26854
11.6900	27469
11.7000	27091
11.7100	28427
11.7200	28450
11.7300	25990
11.7400	26421
11.7500	27482
11.7600	28169
11.7700	26054
11.7800	26693
11.7900	26254
11.8000	26898
11.8100	26201
11.8200	26354
11.8300	26099
11.8400	26509
11.8500	27028
11.8600	27564
11.8700	27618
11.8800	27074
11.8900	27506
11.9000	28091
11.9100	27250
11.9200	26495
11.9300	26808
11.9400	26824
11.9500	26060
11.9600	27621
11.9700	28159
11.9800	28129
11.9900	27415
12.0000	28110
12.0100	26697
12.0200	26955
12.0300	26938
12.0400	27265
12.0500	26548
12.0600	28076
12.0700	27033
12.0800	26480
12.0900	26132
12.1000	26841
12.1100	27838
12.1200	29188
12.1300	28283
12.1400	27125
12.1500	27455
12.1600	28451
12.1700	25810
12.1800	27014
12.1900	26674
12.2000	26786
12.2100	27519
12.2200	26395
12.2300	26052
12.2400	27851
12.2500	26537
12.2600	27632
12.2700	26294
12.2800	27441
12.2900	25947
12.3000	26398
12.3100	27085
12.3200	26087
12.3300	27495
12.3400	26462
12.3500	27512
12.3600	26580
12.3700	26539
12.3800	26607
12.3900	26383
12.4000	26838
12.4100	26147
12.4200	26431
12.4300	26635
12.4400	27138
12.4500	26717
12.4600	26448
12.4700	26670
12.4800	26562
12.4900	29169
12.5000	27669
12.5100	26784
12.5200	27108
12.5300	28056
12.5400	27919
12.5500	26901
12.5600	29366
12.5700	27154
12.5800	26577
12.5900	28324
12.6000	28900
12.6100	26399
12.6200	27192
12.6300	28054
12.6400	28190
12.6500	27370
12.6600	29485
12.6700	28741
12.6800	27278
12.6900	26423
12.7000	27599
12.7100	27181
12.7200	29537
12.7300	28575
12.7400	27448
12.7500	26689
12.7600	28190
12.7700	26331
12.7800	26681
12.7900	26988
12.8000	26189
12.8100	26657
12.8200	27140
12.8300	26699
12.8400	27498
12.8500	27020
12.8600	26284
12.8700	26072
12.8800	29148
12.8900	26881
12.9000	25994
12.9100	27530
12.9200	28296
12.9300	27090
12.9400	26598
12.9500	29223
12.9600	27104
12.9700	28638
12.9800	26507
12.9900	27800
13.0000	27058
13.0100	27063
13.0200	26505
13.0300	26722
13.0400	26343
13.0500	26133
13.0600	28298
13.0700	26907
13.0800	27815
13.0900	28597
13.1000	27562
13.1100	26443
13.1200	29732
13.1300	29128
13.1400	27317
13.1500	27895
13.1600	27120
13.1700	27966
13.1800	28099
13.1900	30161
13.2000	27869
13.2100	29635
13.2200	27838
13.2300	27679
13.2400	28506
13.2500	28012
13.2600	27075
13.2700	26767
13.2800	29486
13.2900	27938
13.3000	26449
13.3100	26024
13.3200	27300
13.3300	28219
13.3400	26440
13.3500	27115
13.3600	28568
13.3700	26812
13.3800	27602
13.3900	26905
13.4000	26172
13.4100	26197
13.4200	26945
13.4300	26676
13.4400	28067
13.4500	26041
13.4600	26478
13.4700	28871
13.4800	27878
13.4900	27446
13.5000	27433
13.5100	29043
13.5200	26288
13.5300	27176
13.5400	26970
13.5500	26826
13.5600	27182
13.5700	29093
13.5800	26954
13.5900	26578
13.6000	27966
13.6100	27299
13.6200	27386
13.6300	26949
13.6400	28302
13.6500	28176
13.6600	29409
13.6700	26824
13.6800	28041
13.6900	28734
13.7000	26429
13.7100	28658
13.7200	27220
13.7300	29294
13.7400	27523
13.7500	29200
13.7600	26656
13.7700	27458
13.7800	28226
13.7900	27355
13.8000	28089
13.8100	29158
13.8200	28802
13.8300	27579
13.8400	27307
13.8500	27386
13.8600	27353
13.8700	26497
13.8800	27154
13.8900	27859
13.9000	27611
13.9100	27353
13.9200	27374
13.9300	27006
13.9400	27245
13.9500	26914
13.9600	28644
13.9700	27521
13.9800	26953
13.9900	26125
14.0000	29615
14.0100	26621
14.0200	27757
14.0300	28177
14.0400	29490
14.0500	26149
14.0600	29227
14.0700	29023
14.0800	27587
14.0900	26474
14.1000	28636
14.1100	28247
14.1200	26102
14.1300	28313
14.1400	30235
14.1500	27954
14.1600	26870
14.1700	26106
14.1800	27942
14.1900	29610
14.2000	28325
14.2100	26252
14.2200	27477
14.2300	28421
14.2400	27607
14.2500	26667
14.2600	28828
14.2700	27373
14.2800	26943
14.2900	26590
14.3000	28100
14.3100	27198
14.3200	28146
14.3300	28481
14.3400	26988
14.3500	29012
14.3600	28394
14.3700	29191
14.3800	26694
14.3900	27135
14.4000	27584
14.4100	28523
14.4200	26702
14.4300	26425
14.4400	29222
14.4500	27272
14.4600	27251
14.4700	26694
14.4800	28184
14.4900	26029
14.5000	27403
14.5100	28539
14.5200	28041
14.5300	27598
14.5400	26377
14.5500	28994
14.5600	27005
14.5700	26629
14.5800	29212
14.5900	27668
14.6000	26718
14.6100	28903
14.6200	28838
14.6300	29461
14.6400	29497
14.6500	28402
14.6600	28494
14.6700	29652
14.6800	29073
14.6900	27848
14.7000	28277
14.7100	26846
14.7200	30166
14.7300	27287
14.7400	28610
14.7500	29389
14.7600	28841
14.7700	27661
14.7800	27921
14.7900	30657
14.8000	28451
14.8100	27611
14.8200	28641
14.8300	30673
14.8400	27755
14.8500	26865
14.8600	29494
14.8700	29182
14.8800	28179
14.8900	27471
14.9000	29348
14.9100	26694
14.9200	27212
14.9300	28437
14.9400	29542
14.9500	29354
14.9600	27605
14.9700	27650
14.9800	28913
14.9900	28008
15.0000	26970
15.0100	28083
15.0200	30625
15.0300	26748
15.0400	26924
15.0500	29299
15.0600	27627
15.0700	27648
15.0800	27475
15.0900	28714
15.1000	26964
15.1100	28418
15.1200	27719
15.1300	28274
15.1400	27692
15.1500	26650
15.1600	26890
15.1700	28518
15.1800	27267
15.1900	27881
15.2000	27543
15.2100	28277
15.2200	28892
15.2300	26923
15.2400	28722
15.2500	27652
15.2600	28146
15.2700	26965
15.2800	26113
15.2900	27463
15.3000	28832
15.3100	27483
15.3200	27960
15.3300	27920
15.3400	27816
15.3500	27877
15.3600	27384
15.3700	28421
15.3800	26653
15.3900	27756
15.4000	30042
15.4100	29283
15.4200	27985
15.4300	27740
15.4400	28513
15.4500	26422
15.4600	27002
15.4700	26740
15.4800	28247
15.4900	27115
15.5000	28497
15.5100	27649
15.5200	26542
15.5300	26418
15.5400	29123
15.5500	28037
15.5600	28031
15.5700	27827
15.5800	27939
15.5900	28822
15.6000	28489
15.6100	28603
15.6200	28264
15.6300	28865
15.6400	28315
15.6500	29138
15.6600	27836
15.6700	28225
15.6800	28110
15.6900	28409
15.7000	28776
15.7100	27594
15.7200	28546
15.7300	26830
15.7400	28615
15.7500	27686
15.7600	29272
15.7700	26598
15.7800	29599
15.7900	27189
15.8000	27205
15.8100	28059
15.8200	28399
15.8300	28119
15.8400	27011
15.8500	28505
15.8600	28738
15.8700	27615
15.8800	27908
15.8900	28234
15.9000	28321
15.9100	28553
15.9200	29193
15.9300	28315
15.9400	28880
15.9500	27329
15.9600	28424
15.9700	28238
15.9800	27247
15.9900	29167
16.0000	27314
16.0100	26428
16.0200	27494
16.0300	27788
16.0400	27405
16.0500	28574
16.0600	28484
16.0700	25811
16.0800	27346
16.0900	27413
16.1000	27826
16.1100	28475
16.1200	28304
16.1300	27834
16.1400	26196
16.1500	27900
16.1600	28873
16.1700	27959
16.1800	27666
16.1900	28317
16.2000	26674
16.2100	27712
16.2200	28442
16.2300	26024
16.2400	28029
16.2500	29115
16.2600	29117
16.2700	27900
16.2800	28367
16.2900	27843
16.3000	27950
16.3100	27908
16.3200	28713
16.3300	27263
16.3400	27593
16.3500	28369
16.3600	27532
16.3700	28861
16.3800	27901
16.3900	27164
16.4000	27915
16.4100	27030
16.4200	28055
16.4300	27732
16.4400	27525
16.4500	26459
16.4600	29125
16.4700	27583
16.4800	27665
16.4900	29108
16.5000	26655
16.5100	25974
16.5200	26372
16.5300	29648
16.5400	29737
16.5500	28800
16.5600	28479
16.5700	27438
16.5800	27296
16.5900	28381
16.6000	28077
16.6100	28636
16.6200	28211
16.6300	29365
16.6400	26741
16.6500	26508
16.6600	28872
16.6700	28694
16.6800	28965
16.6900	27969
16.7000	27833
16.7100	28057
16.7200	28933
16.7300	27072
16.7400	29104
16.7500	26984
16.7600	28108
16.7700	29813
16.7800	29222
16.7900	28518
16.8000	26889
16.8100	29127
16.8200	27554
16.8300	28224
16.8400	27229
16.8500	28836
16.8600	27269
16.8700	27055
16.8800	29129
16.8900	26255
16.9000	29677
16.9100	27514
16.9200	27441
16.9300	26399
16.9400	27051
16.9500	27535
16.9600	26610
16.9700	26581
16.9800	28755
16.9900	28166
17.0000	28834
17.0100	28591
17.0200	27351
17.0300	27076
17.0400	28454
17.0500	28660
17.0600	28428
17.0700	28873
17.0800	27188
17.0900	26039
17.1000	28056
17.1100	29515
17.1200	25996
17.1300	26287
17.1400	27888
17.1500	26637
17.1600	27596
17.1700	28170
17.1800	27335
17.1900	28333
17.2000	27923
17.2100	28316
17.2200	28742
17.2300	29602
17.2400	27651
17.2500	28003
17.2600	28469
17.2700	29039
17.2800	28965
17.2900	28119
17.3000	28250
17.3100	27797
17.3200	28227
17.3300	26196
17.3400	26653
17.3500	28930
17.3600	27656
17.3700	26080
17.3800	27301
17.3900	30019
17.4000	26822
17.4100	26614
17.4200	27294
17.4300	30133
17.4400	26124
17.4500	26160
17.4600	27389
17.4700	27794
17.4800	28004
17.4900	26426
17.5000	29960
17.5100	27388
17.5200	27362
17.5300	27109
17.5400	29096
17.5500	29560
17.5600	26088
17.5700	26448
17.5800	29340
17.5900	28218
17.6000	28653
17.6100	28516
17.6200	30182
17.6300	26825
17.6400	29212
17.6500	28168
17.6600	28802
17.6700	26220
17.6800	28517
17.6900	28055
17.7000	27558
17.7100	26415
17.7200	27996
17.7300	27873
17.7400	27090
17.7500	28711
17.7600	28136
17.7700	27966
17.7800	28455
17.7900	27097
17.8000	28956
17.8100	28749
17.8200	28971
17.8300	27028
17.8400	28987
17.8500	28012
17.8600	27472
17.8700	26770
17.8800	27221
17.8900	27749
17.9000	26336
17.9100	28256
17.9200	26096
17.9300	26655
17.9400	27788
17.9500	29184
17.9600	28960
17.9700	27288
17.9800	27910
17.9900	27432
18.0000	28089
18.0100	29506
18.0200	28580
18.0300	27377
18.0400	27461
18.0500	28722
18.0600	28514
18.0700	29423
18.0800	28101
18.0900	27580
18.1000	27015
18.1100	27628
18.1200	27473
18.1300	29181
18.1400	28492
18.1500	28919
18.1600	26723
18.1700	28797
18.1800	26974
18.1900	28767
18.2000	27362
18.2100	27556
18.2200	28168
18.2300	27105
18.2400	28500
18.2500	26774
18.2600	28630
18.2700	28454
18.2800	27626
18.2900	28512
18.3000	28328
18.3100	29569
18.3200	26905
18.3300	28905
18.3400	28932
18.3500	26917
18.3600	28691
18.3700	28843
18.3800	28402
18.3900	26587
18.4000	27928
18.4100	28292
18.4200	29426
18.4300	27558
18.4400	27432
18.4500	26454
18.4600	28682
18.4700	27648
18.4800	29620
18.4900	27969
18.5000	27519
18.5100	26267
18.5200	28114
18.5300	29207
18.5400	26444
18.5500	26305
18.5600	28192
18.5700	28474
18.5800	27778
18.5900	28452
18.6000	29002
18.6100	28085
18.6200	28664
18.6300	29657
18.6400	27682
18.6500	27199
18.6600	27276
18.6700	28743
18.6800	28875
18.6900	27915
18.7000	29400
18.7100	28531
18.7200	29275
18.7300	26494
18.7400	29005
18.7500	28402
18.7600	26531
18.7700	29503
18.7800	28300
18.7900	28081
18.8000	26891
18.8100	29032
18.8200	29168
18.8300	27959
18.8400	28778
18.8500	29658
18.8600	29369
18.8700	28085
18.8800	28791
18.8900	28684
18.9000	27671
18.9100	27984
18.9200	27537
18.9300	26761
18.9400	26775
18.9500	26191
18.9600	28883
18.9700	29269
18.9800	26775
18.9900	27864
19.0000	28803
19.0100	30284
19.0200	27022
19.0300	27896
19.0400	28172
19.0500	29453
19.0600	28290
19.0700	26807
19.0800	28788
19.0900	29225
19.1000	28800
19.1100	26437
19.1200	30019
19.1300	29276
19.1400	26924
19.1500	27253
19.1600	26624
19.1700	28663
19.1800	26848
19.1900	30148
19.2000	27312
19.2100	29490
19.2200	26900
19.2300	27984
19.2400	28959
19.2500	29303
19.2600	27546
19.2700	27619
19.2800	28531
19.2900	27426
19.3000	29700
19.3100	29576
19.3200	29263
19.3300	26228
19.3400	28888
19.3500	29065
19.3600	26083
19.3700	27533
19.3800	27563
19.3900	27906
19.4000	26569
19.4100	26946
19.4200	27901
19.4300	26759
19.4400	26568
19.4500	28928
19.4600	27973
19.4700	26747
19.4800	27506
19.4900	26459
19.5000	29192
19.5100	29468
19.5200	26409
19.5300	25878
19.5400	26575
19.5500	29143
19.5600	27022
19.5700	27904
19.5800	27148
19.5900	26459
19.6000	27801
19.6100	29391
19.6200	27086
19.6300	27123
19.6400	27850
19.6500	29400
19.6600	26164
19.6700	26500
19.6800	29714
19.6900	28437
19.7000	27530
19.7100	29027
19.7200	28789
19.7300	27907
19.7400	29034
19.7500	29725
19.7600	26998
19.7700	28512
19.7800	28277
19.7900	28406
19.8000	26646
19.8100	27716
19.8200	29957
19.8300	27885
19.8400	26877
19.8500	26681
19.8600	29066
19.8700	26613
19.8800	26881
19.8900	27218
19.9000	28306
19.9100	29507
19.9200	29105
19.9300	28929
19.9400	27716
19.9500	28449
19.9600	28248
19.9700	28110
19.9800	27310
19.9900	29132
