0.0000	8775
0.0100	8844
0.0200	8910
0.0300	8601
0.0400	8764
0.0500	8811
0.0600	8468
0.0700	9098
0.0800	8477
0.0900	8652
0.1000	8731
0.1100	8987
0.1200	8379
0.1300	8882
0.1400	8669
0.1500	8756
0.1600	8747
0.1700	8446
0.1800	8645
0.1900	9037
0.2000	8875
0.2100	8428
0.2200	8654
0.2300	8640
0.2400	8460
0.2500	8968
0.2600	8304
0.2700	8758
0.2800	8929
0.2900	9169
0.3000	8445
0.3100	8727
0.3200	8503
0.3300	8681
0.3400	8989
0.3500	8543
0.3600	8707
0.3700	8943
0.3800	8858
0.3900	8712
0.4000	8635
0.4100	8673
0.4200	8408
0.4300	9039
0.4400	8541
0.4500	8872
0.4600	8959
0.4700	8902
0.4800	8425
0.4900	8789
0.5000	8450
0.5100	8408
0.5200	8840
0.5300	8615
0.5400	8883
0.5500	8921
0.5600	8748
0.5700	8660
0.5800	8753
0.5900	8601
0.6000	8300
0.6100	9051
0.6200	8369
0.6300	8828
0.6400	9095
0.6500	8923
0.6600	8612
0.6700	8726
0.6800	8379
0.6900	8563
0.7000	8997
0.7100	8482
0.7200	8791
0.7300	9030
0.7400	8934
0.7500	8630
0.7600	8582
0.7700	8623
0.7800	8739
0.7900	9108
0.8000	8415
0.8100	8880
0.8200	8811
0.8300	8933
0.8400	8666
0.8500	8706
0.8600	8413
0.8700	8478
0.8800	8872
0.8900	8512
0.9000	8872
0.9100	8964
0.9200	8839
0.9300	8655
0.9400	8551
0.9500	8756
0.9600	8594
0.9700	9060
0.9800	8380
0.9900	9088
1.0000	8761
1.0100	8936
1.0200	8567
1.0300	8775
1.0400	8498
1.0500	8787
1.0600	8881
1.0700	8476
1.0800	8929
1.0900	9105
1.1000	8858
1.1100	8754
1.1200	8620
1.1300	8537
1.1400	8600
1.1500	8973
1.1600	8491
1.1700	9085
1.1800	8813
1.1900	9020
1.2000	8659
1.2100	8626
1.2200	8517
1.2300	8836
1.2400	8907
1.2500	8326
1.2600	8996
1.2700	8880
1.2800	8724
1.2900	8785
1.3000	8477
1.3100	8457
1.3200	8510
1.3300	9120
1.3400	8327
1.3500	9082
1.3600	8873
1.3700	8756
1.3800	8708
1.3900	8670
1.4000	8412
1.4100	8592
1.4200	8891
1.4300	8510
1.4400	9123
1.4500	8760
1.4600	8637
1.4700	8885
1.4800	8571
1.4900	8639
1.5000	8632
1.5100	9118
1.5200	8357
1.5300	9007
1.5400	8861
1.5500	8642
1.5600	8760
1.5700	8528
1.5800	8697
1.5900	8751
1.6000	8826
1.6100	8544
1.6200	9036
1.6300	8893
1.6400	8735
1.6500	8772
1.6600	8258
1.6700	8663
1.6800	8743
1.6900	9031
1.7000	8442
1.7100	9042
1.7200	8793
1.7300	8833
1.7400	8886
1.7500	8416
1.7600	8733
1.7700	8824
1.7800	8972
1.7900	8565
1.8000	8925
1.8100	8751
1.8200	8622
1.8300	8909
1.8400	8456
1.8500	8516
1.8600	8553
1.8700	8892
1.8800	8552
1.8900	9026
1.9000	8643
1.9100	8679
1.9200	8891
1.9300	8697
1.9400	8623
1.9500	8807
1.9600	8926
1.9700	8382
1.9800	8973
1.9900	8785
2.0000	8656
2.0100	8759
2.0200	8396
2.0300	8677
2.0400	8869
2.0500	9098
2.0600	8332
2.0700	8868
2.0800	8612
2.0900	8631
2.1000	9030
2.1100	8458
2.1200	8600
2.1300	8896
2.1400	9032
2.1500	8342
2.1600	8844
2.1700	8701
2.1800	8501
2.1900	8990
2.2000	8356
2.2100	8715
2.2200	8529
2.2300	8993
2.2400	8351
2.2500	8997
2.2600	8577
2.2700	8647
2.2800	8840
2.2900	8503
2.3000	8533
2.3100	8842
2.3200	8823
2.3300	8510
2.3400	8727
2.3500	8779
2.3600	8666
2.3700	8893
2.3800	8434
2.3900	8710
2.4000	8830
2.4100	9063
2.4200	8401
2.4300	8959
2.4400	8680
2.4500	8573
2.4600	8880
2.4700	8361
2.4800	8723
2.4900	8958
2.5000	8854
2.5100	8375
2.5200	8656
2.5300	8636
2.5400	8514
2.5500	8905
2.5600	8389
2.5700	8817
2.5800	8894
2.5900	9043
2.6000	8577
2.6100	8740
2.6200	8610
2.6300	8568
2.6400	9033
2.6500	8520
2.6600	8672
2.6700	8746
2.6800	8990
2.6900	8575
2.7000	8726
2.7100	8653
2.7200	8442
2.7300	9071
2.7400	8387
2.7500	8757
2.7600	8798
2.7700	8837
2.7800	8665
2.7900	8864
2.8000	8450
2.8100	8452
2.8200	8837
2.8300	8548
2.8400	8676
2.8500	9055
2.8600	8785
2.8700	8682
2.8800	8703
2.8900	8781
2.9000	8297
2.9100	9060
2.9200	8351
2.9300	8907
2.9400	9002
2.9500	8959
2.9600	8420
2.9700	8723
2.9800	8642
2.9900	8618
3.0000	8817
3.0100	8319
3.0200	8854
3.0300	9038
3.0400	8888
3.0500	8631
3.0600	8584
3.0700	8462
3.0800	8520
3.0900	9006
3.1000	8404
3.1100	8972
3.1200	8893
3.1300	8899
3.1400	8565
3.1500	8867
3.1600	8516
3.1700	8522
3.1800	8827
3.1900	8380
3.2000	8816
3.2100	9012
3.2200	8851
3.2300	8514
3.2400	8665
3.2500	8540
3.2600	8574
3.2700	9010
3.2800	8494
3.2900	8848
3.3000	8813
3.3100	8957
3.3200	8459
3.3300	8601
3.3400	8516
3.3500	8559
3.3600	8983
3.3700	8436
3.3800	8854
3.3900	9060
3.4000	8616
3.4100	8658
3.4200	8442
3.4300	8477
3.4400	8543
3.4500	9099
3.4600	8363
3.4700	9055
3.4800	8930
3.4900	9126
3.5000	8559
3.5100	8504
3.5200	8508
3.5300	8698
3.5400	9129
3.5500	8351
3.5600	8985
3.5700	8995
3.5800	8845
3.5900	8773
3.6000	8555
3.6100	8490
3.6200	8643
3.6300	9312
3.6400	8506
3.6500	8908
3.6600	8733
3.6700	8705
3.6800	8703
3.6900	8577
3.7000	8408
3.7100	8610
3.7200	8875
3.7300	8456
3.7400	8957
3.7500	8896
3.7600	8609
3.7700	8812
3.7800	8554
3.7900	8492
3.8000	8603
3.8100	9033
3.8200	8440
3.8300	9057
3.8400	8790
3.8500	8859
3.8600	8718
3.8700	8535
3.8800	8493
3.8900	8641
3.9000	8810
3.9100	8496
3.9200	8887
3.9300	8902
3.9400	8733
3.9500	8914
3.9600	8285
3.9700	8509
3.9800	8659
3.9900	8906
4.0000	8314
4.0100	8917
4.0200	8757
4.0300	8702
4.0400	8740
4.0500	8459
4.0600	8428
4.0700	8698
4.0800	8990
4.0900	8511
4.1000	8784
4.1100	8939
4.1200	8667
4.1300	8894
4.1400	8363
4.1500	8561
4.1600	8635
4.1700	9075
4.1800	8503
4.1900	8889
4.2000	8651
4.2100	8751
4.2200	8686
4.2300	8423
4.2400	8672
4.2500	8680
4.2600	8916
4.2700	8498
4.2800	8750
4.2900	8840
4.3000	8630
4.3100	8885
4.3200	8330
4.3300	8699
4.3400	8706
4.3500	8851
4.3600	8400
4.3700	8735
4.3800	8816
4.3900	8583
4.4000	8936
4.4100	8414
4.4200	8561
4.4300	8700
4.4400	8899
4.4500	8263
4.4600	8807
4.4700	8552
4.4800	8733
4.4900	8969
4.5000	8275
4.5100	8655
4.5200	8815
4.5300	9066
4.5400	8391
4.5500	8766
4.5600	8629
4.5700	8542
4.5800	8821
4.5900	8599
4.6000	8514
4.6100	8706
4.6200	8806
4.6300	8503
4.6400	8855
4.6500	8552
4.6600	8498
4.6700	8933
4.6800	8301
4.6900	8745
4.7000	8700
4.7100	8930
4.7200	8408
4.7300	8780
4.7400	8633
4.7500	8492
4.7600	8918
4.7700	8424
4.7800	8646
4.7900	9043
4.8000	8817
4.8100	8439
4.8200	8653
4.8300	8716
4.8400	8290
4.8500	8903
4.8600	8325
4.8700	8904
4.8800	8960
4.8900	9132
4.9000	8401
4.9100	8799
4.9200	8495
4.9300	8610
4.9400	8821
4.9500	8391
4.9600	8547
4.9700	8878
4.9800	9023
4.9900	8517
5.0000	8744
5.0100	8523
5.0200	8299
5.0300	9075
5.0400	8377
5.0500	8622
5.0600	8774
5.0700	8888
5.0800	8377
5.0900	8600
5.1000	8422
5.1100	8530
5.1200	8869
5.1300	8483
5.1400	8691
5.1500	8818
5.1600	8833
5.1700	8528
5.1800	8859
5.1900	8700
5.2000	8399
5.2100	8855
5.2200	8281
5.2300	8791
5.2400	8898
5.2500	8950
5.2600	8340
5.2700	8647
5.2800	8406
5.2900	8473
5.3000	8906
5.3100	8468
5.3200	8647
5.3300	9098
5.3400	8841
5.3500	8583
5.3600	8527
5.3700	8477
5.3800	8211
5.3900	9079
5.4000	8352
5.4100	8799
5.4200	8749
5.4300	9063
5.4400	8521
5.4500	8621
5.4600	8495
5.4700	8484
5.4800	8991
5.4900	8622
5.5000	8825
5.5100	8944
5.5200	8865
5.5300	8656
5.5400	8660
5.5500	8432
5.5600	8430
5.5700	8919
5.5800	8529
5.5900	9066
5.6000	8743
5.6100	8869
5.6200	8584
5.6300	8698
5.6400	8464
5.6500	8476
5.6600	8920
5.6700	8450
5.6800	8997
5.6900	9081
5.7000	8795
5.7100	8717
5.7200	8450
5.7300	8363
5.7400	8547
5.7500	9217
5.7600	8168
5.7700	8889
5.7800	8816
5.7900	8962
5.8000	8677
5.8100	8590
5.8200	8448
5.8300	8660
5.8400	8952
5.8500	8410
5.8600	8824
5.8700	9002
5.8800	8801
5.8900	8689
5.9000	8321
5.9100	8412
5.9200	8515
5.9300	9095
5.9400	8497
5.9500	8877
5.9600	8949
5.9700	8804
5.9800	8653
5.9900	8424
6.0000	8326
6.0100	8524
6.0200	8949
6.0300	8449
6.0400	8872
6.0500	8886
6.0600	8626
6.0700	8681
6.0800	8548
6.0900	8577
6.1000	8549
6.1100	8873
6.1200	8407
6.1300	9049
6.1400	8804
6.1500	8722
6.1600	8637
6.1700	8481
6.1800	8466
6.1900	8695
6.2000	8891
6.2100	8559
6.2200	8773
6.2300	8936
6.2400	8704
6.2500	8748
6.2600	8581
6.2700	8510
6.2800	8722
6.2900	8941
6.3000	8322
6.3100	8966
6.3200	8785
6.3300	8734
6.3400	8722
6.3500	8467
6.3600	8316
6.3700	8707
6.3800	9035
6.3900	8429
6.4000	8692
6.4100	8696
6.4200	8637
6.4300	8636
6.4400	8280
6.4500	8607
6.4600	8447
6.4700	8896
6.4800	8438
6.4900	8951
6.5000	8651
6.5100	8673
6.5200	8640
6.5300	8492
6.5400	8542
6.5500	8584
6.5600	9037
6.5700	8317
6.5800	8962
6.5900	8732
6.6000	8623
6.6100	8901
6.6200	8324
6.6300	8588
6.6400	8691
6.6500	8937
6.6600	8253
6.6700	8887
6.6800	8595
6.6900	8506
6.7000	8627
6.7100	8416
6.7200	8467
6.7300	8725
6.7400	8935
6.7500	8493
6.7600	8751
6.7700	8425
6.7800	8708
6.7900	8852
6.8000	8286
6.8100	8591
6.8200	8709
6.8300	9061
6.8400	8514
6.8500	8767
6.8600	8491
6.8700	8563
6.8800	8836
6.8900	8605
6.9000	8640
6.9100	8752
6.9200	8822
6.9300	8460
6.9400	8756
6.9500	8709
6.9600	8497
6.9700	8941
6.9800	8331
6.9900	8737
7.0000	8684
7.0100	9054
7.0200	8326
7.0300	8821
7.0400	8767
7.0500	8605
7.0600	8631
7.0700	8321
7.0800	8601
7.0900	8973
7.1000	8982
7.1100	8520
7.1200	8647
7.1300	8890
7.1400	8683
7.1500	8940
7.1600	8378
7.1700	8764
7.1800	8885
7.1900	9092
7.2000	8398
7.2100	8699
7.2200	8539
7.2300	8554
7.2400	8788
7.2500	8488
7.2600	8651
7.2700	8846
7.2800	8906
7.2900	8623
7.3000	8718
7.3100	8738
7.3200	8471
7.3300	9005
7.3400	8384
7.3500	8818
7.3600	8660
7.3700	8868
7.3800	8418
7.3900	8881
7.4000	8547
7.4100	8423
7.4200	8967
7.4300	8519
7.4400	8625
7.4500	8820
7.4600	8741
7.4700	8403
7.4800	8571
7.4900	8776
7.5000	8578
7.5100	8813
7.5200	8211
7.5300	8881
7.5400	8912
7.5500	9093
7.5600	8344
7.5700	8700
7.5800	8556
7.5900	8577
7.6000	8784
7.6100	8443
7.6200	8649
7.6300	9008
7.6400	8937
7.6500	8626
7.6600	8567
7.6700	8475
7.6800	8507
7.6900	9062
7.7000	8500
7.7100	8859
7.7200	8712
7.7300	8908
7.7400	8492
7.7500	8563
7.7600	8586
7.7700	8434
7.7800	8808
7.7900	8718
7.8000	8848
7.8100	8896
7.8200	8854
7.8300	8445
7.8400	8676
7.8500	8524
7.8600	8436
7.8700	8966
7.8800	8350
7.8900	8791
7.9000	8709
7.9100	8750
7.9200	8493
7.9300	8666
7.9400	8480
7.9500	8405
7.9600	8991
7.9700	8418
7.9800	8640
7.9900	9034
8.0000	8745
8.0100	8545
8.0200	8415
8.0300	8436
8.0400	8460
8.0500	9045
8.0600	8482
8.0700	8902
8.0800	8978
8.0900	8762
8.1000	8727
8.1100	8540
8.1200	8513
8.1300	8633
8.1400	8866
8.1500	8567
8.1600	8781
8.1700	8743
8.1800	8833
8.1900	8842
8.2000	8348
8.2100	8380
8.2200	8381
8.2300	9049
8.2400	8343
8.2500	8805
8.2600	8828
8.2700	8862
8.2800	8666
8.2900	8735
8.3000	8483
8.3100	8594
8.3200	8754
8.3300	8603
8.3400	8945
8.3500	8882
8.3600	8701
8.3700	8717
8.3800	8444
8.3900	8606
8.4000	8549
8.4100	9015
8.4200	8284
8.4300	8957
8.4400	8933
8.4500	8850
8.4600	8704
8.4700	8556
8.4800	8601
8.4900	8787
8.5000	8911
8.5100	8491
8.5200	8738
8.5300	8918
8.5400	8584
8.5500	8578
8.5600	8363
8.5700	8444
8.5800	8641
8.5900	9053
8.6000	8485
8.6100	8904
8.6200	8661
8.6300	8960
8.6400	8888
8.6500	8542
8.6600	8471
8.6700	8669
8.6800	8836
8.6900	8308
8.7000	8972
8.7100	8668
8.7200	8596
8.7300	9024
8.7400	8474
8.7500	8468
8.7600	8378
8.7700	8819
8.7800	8446
8.7900	8965
8.8000	8811
8.8100	8692
8.8200	8667
8.8300	8436
8.8400	8535
8.8500	8627
8.8600	8865
8.8700	8451
8.8800	8968
8.8900	8819
8.9000	8600
8.9100	8832
8.9200	8428
8.9300	8756
8.9400	8605
8.9500	9021
8.9600	8430
8.9700	8888
8.9800	8809
8.9900	8878
9.0000	8639
9.0100	8404
9.0200	8457
9.0300	8865
9.0400	8884
9.0500	8558
9.0600	8660
9.0700	8892
9.0800	8860
9.0900	8911
9.1000	8305
9.1100	8527
9.1200	8593
9.1300	8902
9.1400	8360
9.1500	8868
9.1600	8614
9.1700	8579
9.1800	8818
9.1900	8496
9.2000	8661
9.2100	8737
9.2200	8782
9.2300	8402
9.2400	8802
9.2500	8870
9.2600	8553
9.2700	8843
9.2800	8476
9.2900	8696
9.3000	8684
9.3100	8961
9.3200	8181
9.3300	8860
9.3400	8635
9.3500	8700
9.3600	8921
9.3700	8361
9.3800	8561
9.3900	8718
9.4000	8891
9.4100	8339
9.4200	8574
9.4300	8832
9.4400	8536
9.4500	8984
9.4600	8307
9.4700	8806
9.4800	8716
9.4900	8992
9.5000	8382
9.5100	8738
9.5200	8741
9.5300	8741
9.5400	9114
9.5500	8363
9.5600	8619
9.5700	8886
9.5800	8977
9.5900	8579
9.6000	8776
9.6100	8793
9.6200	8500
9.6300	9033
9.6400	8430
9.6500	8802
9.6600	8579
9.6700	8939
9.6800	8509
9.6900	8831
9.7000	8612
9.7100	8495
9.7200	8817
9.7300	8672
9.7400	8708
9.7500	8719
9.7600	8901
9.7700	8554
9.7800	8647
9.7900	8875
9.8000	8261
9.8100	8994
9.8200	8243
9.8300	8917
9.8400	8795
9.8500	9038
9.8600	8422
9.8700	8683
9.8800	8616
9.8900	8452
9.9000	8893
9.9100	8458
9.9200	8697
9.9300	8994
9.9400	8899
9.9500	8607
9.9600	8607
9.9700	8561
9.9800	8571
9.9900	9061
10.0000	8338
10.0100	8793
10.0200	8852
10.0300	9176
10.0400	8694
10.0500	8665
10.0600	8439
10.0700	8510
10.0800	8860
10.0900	8590
10.1000	8759
10.1100	8806
10.1200	8864
10.1300	8694
10.1400	8755
10.1500	8778
10.1600	8440
10.1700	9006
10.1800	8379
10.1900	8800
10.2000	8954
10.2100	8910
10.2200	8375
10.2300	8724
10.2400	8573
10.2500	8499
10.2600	8952
10.2700	8603
10.2800	8846
10.2900	9181
10.3000	8900
10.3100	8653
10.3200	8548
10.3300	8540
10.3400	8493
10.3500	8996
10.3600	8364
10.3700	8896
10.3800	9001
10.3900	8955
10.4000	8526
10.4100	8642
10.4200	8388
10.4300	8645
10.4400	8879
10.4500	8447
10.4600	8865
10.4700	8965
10.4800	8623
10.4900	8814
10.5000	8669
10.5100	8444
10.5200	8273
10.5300	9145
10.5400	8266
10.5500	8840
10.5600	8989
10.5700	8836
10.5800	8581
10.5900	8714
10.6000	8391
10.6100	8495
10.6200	8972
10.6300	8536
10.6400	8790
10.6500	8935
10.6600	8739
10.6700	8637
10.6800	8481
10.6900	8566
10.7000	8428
10.7100	9050
10.7200	8297
10.7300	9019
10.7400	8971
10.7500	8955
10.7600	8514
10.7700	8566
10.7800	8562
10.7900	8662
10.8000	8942
10.8100	8543
10.8200	8788
10.8300	8891
10.8400	8795
10.8500	8846
10.8600	8376
10.8700	8488
10.8800	8605
10.8900	8931
10.9000	8483
10.9100	8962
10.9200	8899
10.9300	8813
10.9400	8759
10.9500	8498
10.9600	8635
10.9700	8657
10.9800	9014
10.9900	8609
11.0000	8831
11.0100	8844
11.0200	8626
11.0300	8884
11.0400	8505
11.0500	8347
11.0600	8608
11.0700	8874
11.0800	8370
11.0900	9087
11.1000	8844
11.1100	8682
11.1200	8666
11.1300	8627
11.1400	8408
11.1500	8698
11.1600	8941
11.1700	8384
11.1800	8943
11.1900	8772
11.2000	8713
11.2100	8747
11.2200	8408
11.2300	8666
11.2400	8666
11.2500	9053
11.2600	8349
11.2700	9109
11.2800	8813
11.2900	8785
11.3000	8643
11.3100	8556
11.3200	8585
11.3300	8795
11.3400	8876
11.3500	8467
11.3600	8777
11.3700	8619
11.3800	8769
11.3900	8815
11.4000	8442
11.4100	8628
11.4200	8514
11.4300	9039
11.4400	8613
11.4500	9017
11.4600	8643
11.4700	8847
11.4800	8779
11.4900	8380
11.5000	8616
11.5100	8694
11.5200	8985
11.5300	8501
11.5400	8764
11.5500	8605
11.5600	8622
11.5700	8913
11.5800	8333
11.5900	8814
11.6000	8786
11.6100	9026
11.6200	8413
11.6300	9088
11.6400	8794
11.6500	8589
11.6600	8777
11.6700	8361
11.6800	8709
11.6900	8814
11.7000	8962
11.7100	8468
11.7200	8735
11.7300	8754
11.7400	8588
11.7500	8930
11.7600	8164
11.7700	8606
11.7800	8738
11.7900	9082
11.8000	8419
11.8100	8853
11.8200	8675
11.8300	8691
11.8400	8862
11.8500	8470
11.8600	8694
11.8700	8961
11.8800	8971
11.8900	8547
11.9000	8614
11.9100	8746
11.9200	8559
11.9300	9069
11.9400	8450
11.9500	8675
11.9600	8796
11.9700	8933
11.9800	8540
11.9900	8803
12.0000	8677
12.0100	8595
12.0200	8843
12.0300	8428
12.0400	8630
12.0500	8920
12.0600	8947
12.0700	8613
12.0800	8792
12.0900	8785
12.1000	8351
12.1100	8947
12.1200	8261
12.1300	8850
12.1400	8918
12.1500	9109
12.1600	8384
12.1700	8956
12.1800	8532
12.1900	8570
12.2000	8722
12.2100	8404
12.2200	8831
12.2300	8922
12.2400	8986
12.2500	8492
12.2600	8688
12.2700	8662
12.2800	8594
12.2900	8984
12.3000	8421
12.3100	8729
12.3200	8744
12.3300	9036
12.3400	8570
12.3500	8696
12.3600	8494
12.3700	8537
12.3800	9108
12.3900	8492
12.4000	8682
12.4100	9036
12.4200	8825
12.4300	8554
12.4400	8732
12.4500	8607
12.4600	8376
12.4700	9008
12.4800	8456
12.4900	9034
12.5000	8909
12.5100	8796
12.5200	8594
12.5300	8716
12.5400	8584
12.5500	8359
12.5600	8899
12.5700	8466
12.5800	8812
12.5900	9090
12.6000	9027
12.6100	8640
12.6200	8586
12.6300	8579
12.6400	8652
12.6500	9118
12.6600	8343
12.6700	8920
12.6800	8873
12.6900	9090
12.7000	8348
12.7100	8649
12.7200	8523
12.7300	8502
12.7400	9106
12.7500	8469
12.7600	8714
12.7700	8970
12.7800	8846
12.7900	8741
12.8000	8686
12.8100	8596
12.8200	8445
12.8300	9143
12.8400	8315
12.8500	8895
12.8600	8876
12.8700	8935
12.8800	8742
12.8900	8917
12.9000	8319
12.9100	8603
12.9200	9023
12.9300	8581
12.9400	9104
12.9500	9009
12.9600	8809
12.9700	8730
12.9800	8591
12.9900	8727
13.0000	8599
13.0100	8989
13.0200	8346
13.0300	8997
13.0400	8824
13.0500	8766
13.0600	8668
13.0700	8595
13.0800	8476
13.0900	8673
13.1000	8966
13.1100	8565
13.1200	8879
13.1300	8969
13.1400	8693
13.1500	8788
13.1600	8460
13.1700	8418
13.1800	8581
13.1900	9168
13.2000	8362
13.2100	8980
13.2200	8791
13.2300	8785
13.2400	8774
13.2500	8671
13.2600	8405
13.2700	8610
13.2800	8971
13.2900	8584
13.3000	8779
13.3100	8812
13.3200	8734
13.3300	8821
13.3400	8588
13.3500	8390
13.3600	8553
13.3700	9036
13.3800	8313
13.3900	9043
13.4000	8956
13.4100	8745
13.4200	8773
13.4300	8558
13.4400	8647
13.4500	8566
13.4600	8935
13.4700	8406
13.4800	8848
13.4900	8861
13.5000	8658
13.5100	8817
13.5200	8531
13.5300	8730
13.5400	8691
13.5500	8917
13.5600	8269
13.5700	8826
13.5800	8878
13.5900	8856
13.6000	8749
13.6100	8401
13.6200	8420
13.6300	8772
13.6400	9061
13.6500	8481
13.6600	8794
13.6700	8801
13.6800	8739
13.6900	8999
13.7000	8394
13.7100	8601
13.7200	8762
13.7300	9075
13.7400	8494
13.7500	8826
13.7600	8864
13.7700	8769
13.7800	8803
13.7900	8460
13.8000	8672
13.8100	8680
13.8200	8834
13.8300	8670
13.8400	8854
13.8500	8875
13.8600	8500
13.8700	8958
13.8800	8319
13.8900	8734
13.9000	8750
13.9100	8947
13.9200	8455
13.9300	9009
13.9400	8680
13.9500	8683
13.9600	8689
13.9700	8346
13.9800	8530
13.9900	8888
14.0000	9026
14.0100	8464
14.0200	8781
14.0300	8884
14.0400	8779
14.0500	8754
14.0600	8217
14.0700	8619
14.0800	8813
14.0900	9066
14.1000	8483
14.1100	8913
14.1200	8801
14.1300	8627
14.1400	8927
14.1500	8421
14.1600	8633
14.1700	8711
14.1800	9045
14.1900	8665
14.2000	8902
14.2100	8596
14.2200	8563
14.2300	8927
14.2400	8278
14.2500	8797
14.2600	8841
14.2700	8883
14.2800	8413
14.2900	8825
14.3000	8714
14.3100	8573
14.3200	9082
14.3300	8632
14.3400	8683
14.3500	8843
14.3600	8815
14.3700	8404
14.3800	8823
14.3900	8869
14.4000	8510
14.4100	9004
14.4200	8372
14.4300	8649
14.4400	8738
14.4500	8759
14.4600	8445
14.4700	8573
14.4800	8660
14.4900	8454
14.5000	8952
14.5100	8456
14.5200	8823
14.5300	8840
14.5400	9031
14.5500	8516
14.5600	8840
14.5700	8608
14.5800	8655
14.5900	9056
14.6000	8448
14.6100	8779
14.6200	8922
14.6300	9113
14.6400	8417
14.6500	8655
14.6600	8383
14.6700	8512
14.6800	9018
14.6900	8502
14.7000	8686
14.7100	8902
14.7200	8900
14.7300	8648
14.7400	8727
14.7500	8571
14.7600	8417
14.7700	9045
14.7800	8455
14.7900	8830
14.8000	8808
14.8100	8909
14.8200	8590
14.8300	8721
14.8400	8666
14.8500	8466
14.8600	8926
14.8700	8284
14.8800	8821
14.8900	9119
14.9000	8920
14.9100	8591
14.9200	8635
14.9300	8651
14.9400	8496
14.9500	9116
14.9600	8507
14.9700	8941
14.9800	9016
14.9900	8994
15.0000	8497
15.0100	8626
15.0200	8659
15.0300	8540
15.0400	8933
15.0500	8418
15.0600	8680
15.0700	8894
15.0800	8890
15.0900	8747
15.1000	8551
15.1100	8552
15.1200	8387
15.1300	9109
15.1400	8471
15.1500	8815
15.1600	8815
15.1700	8961
15.1800	8718
15.1900	8665
15.2000	8462
15.2100	8475
15.2200	8820
15.2300	8570
15.2400	8940
15.2500	9043
15.2600	8748
15.2700	8510
15.2800	8570
15.2900	8509
15.3000	8662
15.3100	8750
15.3200	8436
15.3300	8966
15.3400	8886
15.3500	8769
15.3600	8626
15.3700	8528
15.3800	8552
15.3900	8604
15.4000	8961
15.4100	8564
15.4200	8935
15.4300	9048
15.4400	8817
15.4500	8769
15.4600	8476
15.4700	8359
15.4800	8679
15.4900	9059
15.5000	8492
15.5100	8865
15.5200	8866
15.5300	9001
15.5400	8801
15.5500	8599
15.5600	8465
15.5700	8541
15.5800	9135
15.5900	8563
15.6000	8946
15.6100	8848
15.6200	8856
15.6300	8745
15.6400	8637
15.6500	8324
15.6600	8527
15.6700	8946
15.6800	8285
15.6900	9028
15.7000	8805
15.7100	8913
15.7200	8721
15.7300	8590
15.7400	8352
15.7500	8557
15.7600	8852
15.7700	8309
15.7800	9036
15.7900	9028
15.8000	8717
15.8100	8756
15.8200	8368
15.8300	8500
15.8400	8664
15.8500	9083
15.8600	8367
15.8700	8911
15.8800	8844
15.8900	8824
15.9000	8595
15.9100	8346
15.9200	8578
15.9300	8722
15.9400	9055
15.9500	8354
15.9600	8962
15.9700	8865
15.9800	8743
15.9900	8948
16.0000	8442
16.0100	8459
16.0200	8677
16.0300	9055
16.0400	8505
16.0500	8847
16.0600	8744
16.0700	8610
16.0800	9026
16.0900	8585
16.1000	8520
16.1100	8759
16.1200	8811
16.1300	8634
16.1400	8843
16.1500	8880
16.1600	8597
16.1700	8914
16.1800	8490
16.1900	8653
16.2000	8809
16.2100	8936
16.2200	8333
16.2300	8983
16.2400	8701
16.2500	8566
16.2600	8842
16.2700	8221
16.2800	8663
16.2900	8801
16.3000	8916
16.3100	8273
16.3200	8799
16.3300	8706
16.3400	8559
16.3500	8815
16.3600	8506
16.3700	8539
16.3800	8858
16.3900	9039
16.4000	8236
16.4100	9086
16.4200	8605
16.4300	8664
16.4400	9079
16.4500	8497
16.4600	8675
16.4700	8664
16.4800	9145
16.4900	8628
16.5000	8841
16.5100	8917
16.5200	8548
16.5300	9041
16.5400	8550
16.5500	8887
16.5600	8757
16.5700	8859
16.5800	8393
16.5900	8820
16.6000	8642
16.6100	8485
16.6200	8843
16.6300	8443
16.6400	8605
16.6500	8858
16.6600	8915
16.6700	8464
16.6800	8888
16.6900	8868
16.7000	8528
16.7100	8959
16.7200	8166
16.7300	8816
16.7400	8950
16.7500	8960
16.7600	8541
16.7700	8695
16.7800	8685
16.7900	8682
16.8000	8888
16.8100	8294
16.8200	8623
16.8300	9015
16.8400	8969
16.8500	8393
16.8600	8649
16.8700	8505
16.8800	8618
16.8900	8885
16.9000	8414
16.9100	8628
16.9200	8832
16.9300	8984
16.9400	8524
16.9500	8749
16.9600	8631
16.9700	8362
16.9800	9078
16.9900	8624
17.0000	8646
17.0100	8873
17.0200	8845
17.0300	8496
17.0400	8781
17.0500	8694
17.0600	8449
17.0700	9023
17.0800	8496
17.0900	8891
17.1000	8898
17.1100	8997
17.1200	8416
17.1300	8874
17.1400	8674
17.1500	8646
17.1600	9025
17.1700	8518
17.1800	8816
17.1900	9036
17.2000	8851
17.2100	8453
17.2200	8807
17.2300	8586
17.2400	8407
17.2500	8987
17.2600	8271
17.2700	8776
17.2800	8955
17.2900	9027
17.3000	8480
17.3100	8714
17.3200	8566
17.3300	8654
17.3400	9088
17.3500	8396
17.3600	8780
17.3700	8865
17.3800	8997
17.3900	8544
17.4000	8533
17.4100	8521
17.4200	8284
17.4300	9068
17.4400	8510
17.4500	8687
17.4600	8948
17.4700	8721
17.4800	8771
17.4900	8704
17.5000	8669
17.5100	8435
17.5200	8949
17.5300	8376
17.5400	8831
17.5500	8944
17.5600	8870
17.5700	8610
17.5800	8577
17.5900	8593
17.6000	8540
17.6100	8725
17.6200	8281
17.6300	8854
17.6400	8954
17.6500	8752
17.6600	8507
17.6700	8539
17.6800	8492
17.6900	8650
17.7000	8970
17.7100	8296
17.7200	8776
17.7300	8881
17.7400	8916
17.7500	8656
17.7600	8509
17.7700	8465
17.7800	8572
17.7900	9129
17.8000	8472
17.8100	9023
17.8200	8796
17.8300	8790
17.8400	8818
17.8500	8558
17.8600	8402
17.8700	8625
17.8800	9019
17.8900	8497
17.9000	8802
17.9100	8935
17.9200	8754
17.9300	8666
17.9400	8551
17.9500	8443
17.9600	8644
17.9700	9005
17.9800	8408
17.9900	8933
18.0000	8799
18.0100	8694
18.0200	8575
18.0300	8674
18.0400	8545
18.0500	8786
18.0600	8934
18.0700	8340
18.0800	8946
18.0900	8791
18.1000	8732
18.1100	8793
18.1200	8559
18.1300	8677
18.1400	8690
18.1500	8794
18.1600	8224
18.1700	8825
18.1800	8889
18.1900	8746
18.2000	8787
18.2100	8345
18.2200	8540
18.2300	8738
18.2400	8908
18.2500	8270
18.2600	8873
18.2700	8742
18.2800	8826
18.2900	8950
18.3000	8432
18.3100	8381
18.3200	8576
18.3300	9203
18.3400	8664
18.3500	8889
18.3600	8703
18.3700	8685
18.3800	8892
18.3900	8580
18.4000	8533
18.4100	8577
18.4200	8798
18.4300	8461
18.4400	8960
18.4500	8899
18.4600	8616
18.4700	8753
18.4800	8658
18.4900	8533
18.5000	8703
18.5100	8952
18.5200	8466
18.5300	8980
18.5400	8860
18.5500	8793
18.5600	8624
18.5700	8367
18.5800	8608
18.5900	8704
18.6000	8894
18.6100	8162
18.6200	8897
18.6300	8736
18.6400	8657
18.6500	8839
18.6600	8557
18.6700	8579
18.6800	8822
18.6900	9074
18.7000	8540
18.7100	8905
18.7200	8622
18.7300	8646
18.7400	8917
18.7500	8487
18.7600	8536
18.7700	8823
18.7800	9128
18.7900	8584
18.8000	8808
18.8100	8668
18.8200	8629
18.8300	9012
18.8400	8644
18.8500	8569
18.8600	8774
18.8700	8985
18.8800	8476
18.8900	8841
18.9000	8619
18.9100	8431
18.9200	8807
18.9300	8453
18.9400	8791
18.9500	8656
18.9600	8952
18.9700	8444
18.9800	8783
18.9900	8791
19.0000	8551
19.0100	8799
19.0200	8411
19.0300	8773
19.0400	8701
19.0500	8959
19.0600	8355
19.0700	8864
19.0800	8681
19.0900	8626
19.1000	8952
19.1100	8351
19.1200	8620
19.1300	8851
19.1400	9159
19.1500	8487
19.1600	8701
19.1700	8636
19.1800	8501
19.1900	8971
19.2000	8441
19.2100	8661
19.2200	8809
19.2300	9129
19.2400	8620
19.2500	8776
19.2600	8686
19.2700	8372
19.2800	9026
19.2900	8374
19.3000	8749
19.3100	8892
19.3200	8996
19.3300	8669
19.3400	8676
19.3500	8644
19.3600	8448
19.3700	8876
19.3800	8648
19.3900	8794
19.4000	8862
19.4100	8805
19.4200	8507
19.4300	8592
19.4400	8708
19.4500	8457
19.4600	8784
19.4700	8398
19.4800	8927
19.4900	8923
19.5000	8799
19.5100	8539
19.5200	8656
19.5300	8527
19.5400	8420
19.5500	8990
19.5600	8309
19.5700	8692
19.5800	9164
19.5900	9004
19.6000	8567
19.6100	8468
19.6200	8672
19.6300	8505
19.6400	9007
19.6500	8348
19.6600	8886
19.6700	9017
19.6800	8940
19.6900	8563
19.7000	8712
19.7100	8505
19.7200	8550
19.7300	8844
19.7400	8471
19.7500	8837
19.7600	8914
19.7700	8957
19.7800	8557
19.7900	8740
19.8000	8553
19.8100	8392
19.8200	8940
19.8300	8471
19.8400	9048
19.8500	8860
19.8600	8885
19.8700	8599
19.8800	8741
19.8900	8536
19.9000	8472
19.9100	8971
19.9200	8564
19.9300	8806
19.9400	9058
19.9500	8863
19.9600	8651
19.9700	8633
19.9800	8508
19.9900	8541
