0.0000	8804
0.0100	8937
0.0200	8520
0.0300	8594
0.0400	8538
0.0500	8528
0.0600	9058
0.0700	8343
0.0800	8858
0.0900	9064
0.1000	8927
0.1100	8586
0.1200	8767
0.1300	8659
0.1400	8606
0.1500	9126
0.1600	8374
0.1700	8846
0.1800	8845
0.1900	9008
0.2000	8577
0.2100	8735
0.2200	8429
0.2300	8448
0.2400	9060
0.2500	8427
0.2600	8894
0.2700	9032
0.2800	8779
0.2900	8754
0.3000	8511
0.3100	8653
0.3200	8457
0.3300	9030
0.3400	8335
0.3500	8929
0.3600	8942
0.3700	8868
0.3800	8510
0.3900	8649
0.4000	8430
0.4100	8467
0.4200	9075
0.4300	8518
0.4400	8910
0.4500	9101
0.4600	8921
0.4700	8650
0.4800	8595
0.4900	8538
0.5000	8447
0.5100	9086
0.5200	8444
0.5300	9051
0.5400	8919
0.5500	8916
0.5600	8658
0.5700	8719
0.5800	8525
0.5900	8487
0.6000	9069
0.6100	8585
0.6200	8823
0.6300	9218
0.6400	8837
0.6500	8636
0.6600	8731
0.6700	8616
0.6800	8495
0.6900	9059
0.7000	8490
0.7100	8946
0.7200	8876
0.7300	8872
0.7400	8663
0.7500	8795
0.7600	8358
0.7700	8559
0.7800	9041
0.7900	8492
0.8000	8948
0.8100	8960
0.8200	8810
0.8300	8621
0.8400	8559
0.8500	8374
0.8600	8632
0.8700	9002
0.8800	8463
0.8900	9112
0.9000	8840
0.9100	8851
0.9200	8664
0.9300	8549
0.9400	8367
0.9500	8961
0.9600	8890
0.9700	8436
0.9800	8975
0.9900	8909
1.0000	8649
1.0100	8810
1.0200	8343
1.0300	8558
1.0400	8485
1.0500	8866
1.0600	8338
1.0700	9021
1.0800	8964
1.0900	8806
1.1000	8760
1.1100	8495
1.1200	8394
1.1300	8771
1.1400	8901
1.1500	8392
1.1600	8951
1.1700	8851
1.1800	8814
1.1900	8852
1.2000	8540
1.2100	8610
1.2200	8593
1.2300	8994
1.2400	8282
1.2500	9008
1.2600	8939
1.2700	8784
1.2800	8797
1.2900	8481
1.3000	8353
1.3100	8670
1.3200	8855
1.3300	8600
1.3400	8926
1.3500	8883
1.3600	8644
1.3700	8795
1.3800	8496
1.3900	8632
1.4000	8692
1.4100	9036
1.4200	8471
1.4300	8894
1.4400	8914
1.4500	8781
1.4600	8824
1.4700	8402
1.4800	8452
1.4900	8942
1.5000	8916
1.5100	8587
1.5200	8795
1.5300	8915
1.5400	8606
1.5500	8939
1.5600	8320
1.5700	8646
1.5800	8615
1.5900	8942
1.6000	8473
1.6100	8869
1.6200	8621
1.6300	8762
1.6400	8829
1.6500	8588
1.6600	8525
1.6700	8764
1.6800	8843
1.6900	8415
1.7000	8775
1.7100	8712
1.7200	8541
1.7300	9082
1.7400	8515
1.7500	8530
1.7600	8709
1.7700	9099
1.7800	8446
1.7900	8885
1.8000	8910
1.8100	8759
1.8200	8820
1.8300	8676
1.8400	8749
1.8500	8697
1.8600	8853
1.8700	8612
1.8800	8828
1.8900	8758
1.9000	8560
1.9100	8991
1.9200	8255
1.9300	8817
1.9400	8665
1.9500	9050
1.9600	8352
1.9700	8846
1.9800	8575
1.9900	8719
2.0000	8834
2.0100	8535
2.0200	8609
2.0300	8900
2.0400	8867
2.0500	8639
2.0600	8646
2.0700	8799
2.0800	8632
2.0900	9001
2.1000	8226
2.1100	8533
2.1200	8772
2.1300	8997
2.1400	8470
2.1500	8811
2.1600	8481
2.1700	8645
2.1800	8946
2.1900	8465
2.2000	8689
2.2100	8729
2.2200	8837
2.2300	8584
2.2400	8829
2.2500	8770
2.2600	8623
2.2700	8978
2.2800	8345
2.2900	8830
2.3000	8910
2.3100	8923
2.3200	8561
2.3300	8925
2.3400	8578
2.3500	8626
2.3600	8930
2.3700	8347
2.3800	8728
2.3900	8850
2.4000	8808
2.4100	8647
2.4200	8693
2.4300	8571
2.4400	8372
2.4500	9109
2.4600	8431
2.4700	8867
2.4800	8779
2.4900	8977
2.5000	8386
2.5100	8731
2.5200	8533
2.5300	8514
2.5400	9024
2.5500	8431
2.5600	8744
2.5700	9130
2.5800	9048
2.5900	8458
2.6000	8685
2.6100	8738
2.6200	8388
2.6300	9001
2.6400	8359
2.6500	9038
2.6600	8879
2.6700	8893
2.6800	8521
2.6900	8759
2.7000	8525
2.7100	8406
2.7200	8999
2.7300	8452
2.7400	8937
2.7500	9013
2.7600	8770
2.7700	8671
2.7800	8603
2.7900	8568
2.8000	8452
2.8100	8958
2.8200	8268
2.8300	8977
2.8400	8893
2.8500	8777
2.8600	8438
2.8700	8689
2.8800	8485
2.8900	8575
2.9000	8824
2.9100	8628
2.9200	8871
2.9300	9050
2.9400	8818
2.9500	8744
2.9600	8541
2.9700	8517
2.9800	8450
2.9900	9074
3.0000	8255
3.0100	8753
3.0200	9009
3.0300	9112
3.0400	8615
3.0500	8591
3.0600	8313
3.0700	8389
3.0800	8921
3.0900	8455
3.1000	8928
3.1100	8897
3.1200	8705
3.1300	8728
3.1400	8442
3.1500	8643
3.1600	8473
3.1700	8920
3.1800	8456
3.1900	8908
3.2000	8827
3.2100	8754
3.2200	8653
3.2300	8593
3.2400	8363
3.2500	8634
3.2600	9031
3.2700	8566
3.2800	9107
3.2900	8959
3.3000	8760
3.3100	8644
3.3200	8533
3.3300	8357
3.3400	8609
3.3500	8965
3.3600	8470
3.3700	8992
3.3800	9044
3.3900	8890
3.4000	8640
3.4100	8500
3.4200	8431
3.4300	8648
3.4400	9016
3.4500	8573
3.4600	8838
3.4700	8806
3.4800	8815
3.4900	8884
3.5000	8333
3.5100	8541
3.5200	8604
3.5300	8922
3.5400	8195
3.5500	9067
3.5600	8849
3.5700	8854
3.5800	8598
3.5900	8541
3.6000	8338
3.6100	8682
3.6200	8938
3.6300	8315
3.6400	8957
3.6500	8949
3.6600	8677
3.6700	8825
3.6800	8373
3.6900	8619
3.7000	8603
3.7100	8997
3.7200	8426
3.7300	8955
3.7400	8760
3.7500	8782
3.7600	8709
3.7700	8597
3.7800	8474
3.7900	8816
3.8000	8840
3.8100	8504
3.8200	8788
3.8300	8728
3.8400	8561
3.8500	8785
3.8600	8257
3.8700	8690
3.8800	8588
3.8900	9124
3.9000	8329
3.9100	9031
3.9200	8804
3.9300	8766
3.9400	8620
3.9500	8423
3.9600	8537
3.9700	8823
3.9800	8910
3.9900	8431
4.0000	8808
4.0100	8869
4.0200	8537
4.0300	8816
4.0400	8312
4.0500	8711
4.0600	8703
4.0700	9082
4.0800	8378
4.0900	9048
4.1000	8502
4.1100	8644
4.1200	8765
4.1300	8495
4.1400	8525
4.1500	8915
4.1600	8949
4.1700	8431
4.1800	8718
4.1900	8828
4.2000	8621
4.2100	9079
4.2200	8296
4.2300	8624
4.2400	8619
4.2500	9096
4.2600	8464
4.2700	8772
4.2800	8641
4.2900	8672
4.3000	8888
4.3100	8288
4.3200	8591
4.3300	8723
4.3400	9050
4.3500	8586
4.3600	8898
4.3700	8634
4.3800	8427
4.3900	8816
4.4000	8350
4.4100	8818
4.4200	8657
4.4300	8960
4.4400	8399
4.4500	8833
4.4600	8607
4.4700	8752
4.4800	8950
4.4900	8391
4.5000	8775
4.5100	8890
4.5200	9017
4.5300	8457
4.5400	8600
4.5500	8833
4.5600	8464
4.5700	9120
4.5800	8497
4.5900	8734
4.6000	8912
4.6100	8975
4.6200	8347
4.6300	8841
4.6400	8627
4.6500	8597
4.6600	9009
4.6700	8460
4.6800	8768
4.6900	8904
4.7000	8959
4.7100	8590
4.7200	8668
4.7300	8696
4.7400	8445
4.7500	9076
4.7600	8521
4.7700	8861
4.7800	8954
4.7900	9072
4.8000	8409
4.8100	8900
4.8200	8559
4.8300	8652
4.8400	9099
4.8500	8533
4.8600	8841
4.8700	8822
4.8800	8981
4.8900	8542
4.9000	8700
4.9100	8638
4.9200	8327
4.9300	9088
4.9400	8441
4.9500	8762
4.9600	8937
4.9700	8832
4.9800	8458
4.9900	8719
5.0000	8443
5.0100	8479
5.0200	8844
5.0300	8621
5.0400	8724
5.0500	9016
5.0600	8697
5.0700	8575
5.0800	8600
5.0900	8631
5.1000	8387
5.1100	9191
5.1200	8379
5.1300	8942
5.1400	8922
5.1500	9147
5.1600	8710
5.1700	8699
5.1800	8383
5.1900	8547
5.2000	8868
5.2100	8472
5.2200	8931
5.2300	8958
5.2400	8921
5.2500	8649
5.2600	8553
5.2700	8527
5.2800	8491
5.2900	9108
5.3000	8425
5.3100	9051
5.3200	8946
5.3300	8933
5.3400	8467
5.3500	8664
5.3600	8518
5.3700	8725
5.3800	9027
5.3900	8569
5.4000	8689
5.4100	9066
5.4200	8815
5.4300	8649
5.4400	8488
5.4500	8599
5.4600	8440
5.4700	9090
5.4800	8410
5.4900	9029
5.5000	9058
5.5100	8945
5.5200	8606
5.5300	8574
5.5400	8443
5.5500	8651
5.5600	8975
5.5700	8332
5.5800	8832
5.5900	8909
5.6000	8727
5.6100	8730
5.6200	8504
5.6300	8629
5.6400	8435
5.6500	9132
5.6600	8381
5.6700	8977
5.6800	8891
5.6900	8897
5.7000	8805
5.7100	8626
5.7200	8592
5.7300	8628
5.7400	8893
5.7500	8540
5.7600	9089
5.7700	8951
5.7800	8747
5.7900	8876
5.8000	8403
5.8100	8562
5.8200	8720
5.8300	9091
5.8400	8400
5.8500	9143
5.8600	8840
5.8700	8911
5.8800	8815
5.8900	8538
5.9000	8408
5.9100	8738
5.9200	8867
5.9300	8510
5.9400	8816
5.9500	8880
5.9600	8595
5.9700	9006
5.9800	8438
5.9900	8707
6.0000	8597
6.0100	9117
6.0200	8486
6.0300	9027
6.0400	8863
6.0500	8820
6.0600	8616
6.0700	8436
6.0800	8494
6.0900	8773
6.1000	8839
6.1100	8584
6.1200	8907
6.1300	8801
6.1400	8756
6.1500	8861
6.1600	8441
6.1700	8626
6.1800	8660
6.1900	9022
6.2000	8379
6.2100	9018
6.2200	8771
6.2300	8726
6.2400	8708
6.2500	8488
6.2600	8608
6.2700	8771
6.2800	8955
6.2900	8576
6.3000	8828
6.3100	8793
6.3200	8498
6.3300	8940
6.3400	8394
6.3500	8737
6.3600	8824
6.3700	8973
6.3800	8548
6.3900	8987
6.4000	8873
6.4100	8636
6.4200	8839
6.4300	8488
6.4400	8485
6.4500	8749
6.4600	8950
6.4700	8499
6.4800	8871
6.4900	8715
6.5000	8572
6.5100	8830
6.5200	8211
6.5300	8726
6.5400	8737
6.5500	9212
6.5600	8329
6.5700	8873
6.5800	8726
6.5900	8665
6.6000	8673
6.6100	8429
6.6200	8545
6.6300	8857
6.6400	8921
6.6500	8554
6.6600	8772
6.6700	8979
6.6800	8493
6.6900	8936
6.7000	8207
6.7100	8651
6.7200	8784
6.7300	8878
6.7400	8447
6.7500	8814
6.7600	8655
6.7700	8670
6.7800	8916
6.7900	8524
6.8000	8635
6.8100	8946
6.8200	8811
6.8300	8370
6.8400	8886
6.8500	8746
6.8600	8375
6.8700	8938
6.8800	8401
6.8900	8795
6.9000	8827
6.9100	9047
6.9200	8345
6.9300	8826
6.9400	8614
6.9500	8614
6.9600	8853
6.9700	8723
6.9800	8617
6.9900	9077
7.0000	9034
7.0100	8746
7.0200	8701
7.0300	8817
7.0400	8526
7.0500	9029
7.0600	8379
7.0700	8718
7.0800	8879
7.0900	9033
7.1000	8422
7.1100	8763
7.1200	8552
7.1300	8637
7.1400	9013
7.1500	8548
7.1600	8740
7.1700	9105
7.1800	9047
7.1900	8730
7.2000	8477
7.2100	8763
7.2200	8509
7.2300	9218
7.2400	8329
7.2500	8868
7.2600	8861
7.2700	9061
7.2800	8450
7.2900	8732
7.3000	8497
7.3100	8567
7.3200	8829
7.3300	8641
7.3400	8749
7.3500	8930
7.3600	9070
7.3700	8640
7.3800	8581
7.3900	8736
7.4000	8413
7.4100	9082
7.4200	8378
7.4300	8946
7.4400	8812
7.4500	9070
7.4600	8607
7.4700	8669
7.4800	8625
7.4900	8548
7.5000	8964
7.5100	8523
7.5200	8860
7.5300	9097
7.5400	8849
7.5500	8699
7.5600	8523
7.5700	8670
7.5800	8471
7.5900	9172
7.6000	8381
7.6100	8786
7.6200	8830
7.6300	8983
7.6400	8499
7.6500	8777
7.6600	8505
7.6700	8660
7.6800	8963
7.6900	8511
7.7000	8976
7.7100	9051
7.7200	8915
7.7300	8551
7.7400	8587
7.7500	8523
7.7600	8562
7.7700	9056
7.7800	8323
7.7900	9109
7.8000	8861
7.8100	8822
7.8200	8764
7.8300	8734
7.8400	8603
7.8500	8437
7.8600	8955
7.8700	8649
7.8800	8801
7.8900	9054
7.9000	8754
7.9100	8773
7.9200	8571
7.9300	8572
7.9400	8656
7.9500	8959
7.9600	8354
7.9700	8978
7.9800	8938
7.9900	9029
8.0000	8746
8.0100	8517
8.0200	8395
8.0300	8614
8.0400	8924
8.0500	8536
8.0600	8967
8.0700	8881
8.0800	8846
8.0900	8861
8.1000	8567
8.1100	8555
8.1200	8469
8.1300	9089
8.1400	8419
8.1500	9115
8.1600	8911
8.1700	8906
8.1800	8843
8.1900	8607
8.2000	8349
8.2100	8842
8.2200	9000
8.2300	8601
8.2400	8969
8.2500	8953
8.2600	8708
8.2700	8911
8.2800	8414
8.2900	8628
8.3000	8580
8.3100	9038
8.3200	8455
8.3300	9018
8.3400	8989
8.3500	8795
8.3600	8513
8.3700	8564
8.3800	8586
8.3900	8731
8.4000	8991
8.4100	8562
8.4200	8802
8.4300	9038
8.4400	8698
8.4500	8911
8.4600	8486
8.4700	8623
8.4800	8585
8.4900	9239
8.5000	8413
8.5100	8993
8.5200	8928
8.5300	8772
8.5400	8896
8.5500	8561
8.5600	8580
8.5700	8816
8.5800	8910
8.5900	8546
8.6000	8895
8.6100	8794
8.6200	8626
8.6300	9002
8.6400	8391
8.6500	8591
8.6600	8804
8.6700	9057
8.6800	8403
8.6900	8976
8.7000	8701
8.7100	8677
8.7200	8674
8.7300	8531
8.7400	8596
8.7500	8645
8.7600	8949
8.7700	8607
8.7800	8639
8.7900	8963
8.8000	8559
8.8100	9105
8.8200	8406
8.8300	8878
8.8400	8697
8.8500	9125
8.8600	8470
8.8700	9013
8.8800	8882
8.8900	8742
8.9000	8917
8.9100	8508
8.9200	8574
8.9300	8806
8.9400	8866
8.9500	8606
8.9600	8871
8.9700	8730
8.9800	8747
8.9900	8916
9.0000	8351
9.0100	8597
9.0200	8731
9.0300	9006
9.0400	8366
9.0500	8956
9.0600	8735
9.0700	8863
9.0800	8978
9.0900	8602
9.1000	8766
9.1100	8874
9.1200	8816
9.1300	8473
9.1400	8803
9.1500	8791
9.1600	8560
9.1700	9049
9.1800	8408
9.1900	8640
9.2000	8837
9.2100	9140
9.2200	8525
9.2300	8823
9.2400	8590
9.2500	8579
9.2600	9014
9.2700	8572
9.2800	8656
9.2900	8944
9.3000	8838
9.3100	8463
9.3200	8895
9.3300	8681
9.3400	8685
9.3500	8989
9.3600	8486
9.3700	8688
9.3800	8661
9.3900	9231
9.4000	8478
9.4100	8812
9.4200	8493
9.4300	8618
9.4400	9001
9.4500	8476
9.4600	8734
9.4700	8892
9.4800	8950
9.4900	8574
9.5000	8798
9.5100	8794
9.5200	8586
9.5300	9147
9.5400	8495
9.5500	8836
9.5600	8786
9.5700	9060
9.5800	8576
9.5900	8714
9.6000	8725
9.6100	8588
9.6200	9023
9.6300	8501
9.6400	8793
9.6500	9092
9.6600	8939
9.6700	8500
9.6800	8727
9.6900	8591
9.7000	8448
9.7100	9090
9.7200	8387
9.7300	8856
9.7400	8831
9.7500	9037
9.7600	8639
9.7700	8757
9.7800	8610
9.7900	8417
9.8000	8984
9.8100	8490
9.8200	8704
9.8300	9088
9.8400	8933
9.8500	8640
9.8600	8492
9.8700	8576
9.8800	8540
9.8900	8974
9.9000	8471
9.9100	8952
9.9200	8956
9.9300	8935
9.9400	8624
9.9500	8738
9.9600	8467
9.9700	8661
9.9800	8990
9.9900	8512
10.0000	8901
10.0100	9040
10.0200	8951
10.0300	8835
10.0400	8590
10.0500	8547
10.0600	8503
10.0700	9132
10.0800	8462
10.0900	8940
10.1000	9009
10.1100	8881
10.1200	8542
10.1300	8716
10.1400	8360
10.1500	8542
10.1600	9138
10.1700	8517
10.1800	8967
10.1900	9058
10.2000	8844
10.2100	8816
10.2200	8796
10.2300	8542
10.2400	8290
10.2500	9184
10.2600	8444
10.2700	8801
10.2800	8855
10.2900	8938
10.3000	8580
10.3100	8546
10.3200	8588
10.3300	8755
10.3400	8848
10.3500	8593
10.3600	9028
10.3700	9044
10.3800	8890
10.3900	8722
10.4000	8416
10.4100	8443
10.4200	8356
10.4300	8913
10.4400	8330
10.4500	8997
10.4600	8723
10.4700	8860
10.4800	8756
10.4900	8688
10.5000	8378
10.5100	8779
10.5200	8979
10.5300	8524
10.5400	8962
10.5500	9018
10.5600	8668
10.5700	8835
10.5800	8488
10.5900	8475
10.6000	8579
10.6100	9069
10.6200	8522
10.6300	8970
10.6400	8827
10.6500	8977
10.6600	8613
10.6700	8470
10.6800	8272
10.6900	8554
10.7000	8922
10.7100	8543
10.7200	8742
10.7300	8956
10.7400	8746
10.7500	8866
10.7600	8397
10.7700	8608
10.7800	8712
10.7900	9137
10.8000	8508
10.8100	8960
10.8200	8825
10.8300	8640
10.8400	8738
10.8500	8688
10.8600	8598
10.8700	8703
10.8800	8893
10.8900	8475
10.9000	8843
10.9100	8748
10.9200	8699
10.9300	8892
10.9400	8407
10.9500	8660
10.9600	8548
10.9700	9104
10.9800	8175
10.9900	9028
11.0000	8755
11.0100	8839
11.0200	8656
11.0300	8509
11.0400	8470
11.0500	8759
11.0600	8919
11.0700	8395
11.0800	8751
11.0900	8907
11.1000	8611
11.1100	8855
11.1200	8509
11.1300	8830
11.1400	8798
11.1500	9039
11.1600	8440
11.1700	8971
11.1800	8745
11.1900	8770
11.2000	8953
11.2100	8408
11.2200	8847
11.2300	8934
11.2400	8920
11.2500	8347
11.2600	8775
11.2700	8855
11.2800	8482
11.2900	8869
11.3000	8377
11.3100	8732
11.3200	8534
11.3300	9003
11.3400	8426
11.3500	8934
11.3600	8639
11.3700	8838
11.3800	8864
11.3900	8520
11.4000	8651
11.4100	9031
11.4200	8890
11.4300	8472
11.4400	8876
11.4500	8708
11.4600	8669
11.4700	8938
11.4800	8512
11.4900	8704
11.5000	8626
11.5100	9014
11.5200	8345
11.5300	8784
11.5400	8763
11.5500	8508
11.5600	8784
11.5700	8502
11.5800	8747
11.5900	8793
11.6000	8915
11.6100	8478
11.6200	8712
11.6300	8781
11.6400	8522
11.6500	8995
11.6600	8390
11.6700	8800
11.6800	8669
11.6900	9033
11.7000	8461
11.7100	8801
11.7200	8775
11.7300	8623
11.7400	8919
11.7500	8630
11.7600	8741
11.7700	8803
11.7800	8911
11.7900	8490
11.8000	8738
11.8100	8733
11.8200	8447
11.8300	9109
11.8400	8333
11.8500	8970
11.8600	8924
11.8700	8979
11.8800	8329
11.8900	8887
11.9000	8719
11.9100	8519
11.9200	8854
11.9300	8653
11.9400	8867
11.9500	8902
11.9600	8957
11.9700	8654
11.9800	8714
11.9900	8750
12.0000	8446
12.0100	9070
12.0200	8425
12.0300	8957
12.0400	9010
12.0500	8933
12.0600	8506
12.0700	8796
12.0800	8527
12.0900	8647
12.1000	9049
12.1100	8471
12.1200	8850
12.1300	8962
12.1400	8781
12.1500	8537
12.1600	8643
12.1700	8605
12.1800	8355
12.1900	9069
12.2000	8357
12.2100	8910
12.2200	8849
12.2300	9044
12.2400	8418
12.2500	8672
12.2600	8584
12.2700	8505
12.2800	9028
12.2900	8487
12.3000	8848
12.3100	9016
12.3200	8866
12.3300	8718
12.3400	8727
12.3500	8507
12.3600	8518
12.3700	9144
12.3800	8577
12.3900	9101
12.4000	8846
12.4100	9007
12.4200	8457
12.4300	8791
12.4400	8493
12.4500	8632
12.4600	9086
12.4700	8474
12.4800	8852
12.4900	9125
12.5000	8852
12.5100	8769
12.5200	8527
12.5300	8508
12.5400	8605
12.5500	9061
12.5600	8536
12.5700	8969
12.5800	9148
12.5900	8872
12.6000	8720
12.6100	8791
12.6200	8531
12.6300	8699
12.6400	8901
12.6500	8342
12.6600	8934
12.6700	8996
12.6800	8767
12.6900	8692
12.7000	8440
12.7100	8561
12.7200	8502
12.7300	8999
12.7400	8455
12.7500	8879
12.7600	8899
12.7700	8688
12.7800	8629
12.7900	8569
12.8000	8450
12.8100	8676
12.8200	8908
12.8300	8492
12.8400	9057
12.8500	8975
12.8600	8766
12.8700	8795
12.8800	8595
12.8900	8622
12.9000	8619
12.9100	9002
12.9200	8356
12.9300	9044
12.9400	8810
12.9500	8902
12.9600	8607
12.9700	8596
12.9800	8466
12.9900	8786
13.0000	8954
13.0100	8461
13.0200	9029
13.0300	9004
13.0400	8735
13.0500	8839
13.0600	8482
13.0700	8674
13.0800	8598
13.0900	9073
13.1000	8429
13.1100	8978
13.1200	8798
13.1300	8780
13.1400	8647
13.1500	8495
13.1600	8337
13.1700	8685
13.1800	8950
13.1900	8610
13.2000	8814
13.2100	8881
13.2200	8808
13.2300	8918
13.2400	8271
13.2500	8658
13.2600	8737
13.2700	8868
13.2800	8477
13.2900	9030
13.3000	8750
13.3100	8753
13.3200	8506
13.3300	8611
13.3400	8437
13.3500	8859
13.3600	9013
13.3700	8536
13.3800	8917
13.3900	8860
13.4000	8726
13.4100	8925
13.4200	8484
13.4300	8590
13.4400	8704
13.4500	9090
13.4600	8386
13.4700	8930
13.4800	8780
13.4900	8707
13.5000	8788
13.5100	8466
13.5200	8648
13.5300	8838
13.5400	9021
13.5500	8457
13.5600	8907
13.5700	8899
13.5800	8711
13.5900	9003
13.6000	8578
13.6100	8737
13.6200	8616
13.6300	8987
13.6400	8554
13.6500	9020
13.6600	8781
13.6700	8687
13.6800	8883
13.6900	8541
13.7000	8577
13.7100	8777
13.7200	9048
13.7300	8602
13.7400	8864
13.7500	8965
13.7600	8556
13.7700	9019
13.7800	8315
13.7900	8683
13.8000	8745
13.8100	8914
13.8200	8466
13.8300	8775
13.8400	8733
13.8500	8608
13.8600	8901
13.8700	8541
13.8800	8524
13.8900	8983
13.9000	9002
13.9100	8536
13.9200	8807
13.9300	8860
13.9400	8639
13.9500	8813
13.9600	8381
13.9700	8811
13.9800	8841
13.9900	9012
14.0000	8356
14.0100	8962
14.0200	8737
14.0300	8669
14.0400	9155
14.0500	8297
14.0600	8737
14.0700	8758
14.0800	8993
14.0900	8503
14.1000	8777
14.1100	8709
14.1200	8414
14.1300	9102
14.1400	8223
14.1500	8778
14.1600	8805
14.1700	9058
14.1800	8447
14.1900	8793
14.2000	8631
14.2100	8649
14.2200	8978
14.2300	8414
14.2400	8922
14.2500	8981
14.2600	9066
14.2700	8454
14.2800	8882
14.2900	8750
14.3000	8472
14.3100	8997
14.3200	8446
14.3300	8716
14.3400	8973
14.3500	9047
14.3600	8553
14.3700	8711
14.3800	8637
14.3900	8538
14.4000	8919
14.4100	8374
14.4200	8670
14.4300	9095
14.4400	9019
14.4500	8594
14.4600	8754
14.4700	8686
14.4800	8450
14.4900	9122
14.5000	8412
14.5100	8819
14.5200	8976
14.5300	8998
14.5400	8634
14.5500	8756
14.5600	8484
14.5700	8430
14.5800	9026
14.5900	8464
14.6000	8883
14.6100	9002
14.6200	8946
14.6300	8626
14.6400	8658
14.6500	8665
14.6600	8620
14.6700	9080
14.6800	8508
14.6900	8980
14.7000	9012
14.7100	8928
14.7200	8595
14.7300	8698
14.7400	8555
14.7500	8669
14.7600	8967
14.7700	8369
14.7800	8935
14.7900	9103
14.8000	8983
14.8100	8751
14.8200	8634
14.8300	8706
14.8400	8484
14.8500	9095
14.8600	8435
14.8700	9009
14.8800	8874
14.8900	8983
14.9000	8676
14.9100	8609
14.9200	8442
14.9300	8546
14.9400	8811
14.9500	8525
14.9600	8956
14.9700	9145
14.9800	8846
14.9900	8555
15.0000	8638
15.0100	8542
15.0200	8580
15.0300	8976
15.0400	8307
15.0500	8875
15.0600	8980
15.0700	8886
15.0800	8564
15.0900	8707
15.1000	8495
15.1100	8619
15.1200	8838
15.1300	8461
15.1400	8983
15.1500	8878
15.1600	8810
15.1700	8781
15.1800	8490
15.1900	8574
15.2000	8655
15.2100	8916
15.2200	8418
15.2300	9181
15.2400	8792
15.2500	8851
15.2600	8641
15.2700	8534
15.2800	8423
15.2900	8581
15.3000	8989
15.3100	8469
15.3200	9109
15.3300	8944
15.3400	8864
15.3500	8781
15.3600	8490
15.3700	8426
15.3800	8641
15.3900	9044
15.4000	8501
15.4100	9097
15.4200	8976
15.4300	8817
15.4400	8770
15.4500	8532
15.4600	8567
15.4700	8789
15.4800	9054
15.4900	8445
15.5000	8997
15.5100	8853
15.5200	8812
15.5300	8783
15.5400	8518
15.5500	8537
15.5600	8867
15.5700	9078
15.5800	8390
15.5900	9146
15.6000	8887
15.6100	8795
15.6200	8614
15.6300	8657
15.6400	8610
15.6500	8778
15.6600	9018
15.6700	8551
15.6800	8981
15.6900	8939
15.7000	8632
15.7100	8818
15.7200	8579
15.7300	8606
15.7400	8794
15.7500	9135
15.7600	8436
15.7700	8962
15.7800	8831
15.7900	8697
15.8000	8727
15.8100	8565
15.8200	8487
15.8300	8784
15.8400	8835
15.8500	8549
15.8600	8853
15.8700	8865
15.8800	8525
15.8900	8796
15.9000	8493
15.9100	8612
15.9200	8760
15.9300	8964
15.9400	8334
15.9500	8894
15.9600	8812
15.9700	8643
15.9800	8881
15.9900	8579
16.0000	8494
16.0100	8773
16.0200	8994
16.0300	8592
16.0400	8810
16.0500	8807
16.0600	8639
16.0700	8878
16.0800	8476
16.0900	8684
16.1000	8765
16.1100	9023
16.1200	8233
16.1300	8880
16.1400	8757
16.1500	8765
16.1600	8986
16.1700	8554
16.1800	8624
16.1900	8970
16.2000	8949
16.2100	8616
16.2200	8745
16.2300	8899
16.2400	8463
16.2500	9048
16.2600	8462
16.2700	8754
16.2800	8678
16.2900	8848
16.3000	8387
16.3100	8900
16.3200	8635
16.3300	8526
16.3400	8888
16.3500	8519
16.3600	8735
16.3700	8882
16.3800	9031
16.3900	8467
16.4000	8700
16.4100	8742
16.4200	8506
16.4300	9040
16.4400	8396
16.4500	8752
16.4600	8654
16.4700	8938
16.4800	8300
16.4900	8798
16.5000	8653
16.5100	8714
16.5200	8977
16.5300	8337
16.5400	8738
16.5500	8959
16.5600	8969
16.5700	8524
16.5800	8702
16.5900	8672
16.6000	8658
16.6100	9100
16.6200	8557
16.6300	8805
16.6400	8920
16.6500	9001
16.6600	8455
16.6700	8729
16.6800	8717
16.6900	8708
16.7000	8981
16.7100	8533
16.7200	8669
16.7300	9137
16.7400	8870
16.7500	8538
16.7600	8722
16.7700	8588
16.7800	8476
16.7900	8971
16.8000	8557
16.8100	8782
16.8200	8810
16.8300	8866
16.8400	8611
16.8500	8827
16.8600	8495
16.8700	8470
16.8800	8987
16.8900	8511
16.9000	8677
16.9100	9104
16.9200	8896
16.9300	8522
16.9400	8625
16.9500	8651
16.9600	8557
16.9700	9134
16.9800	8397
16.9900	8844
17.0000	8937
17.0100	8870
17.0200	8553
17.0300	8650
17.0400	8520
17.0500	8733
17.0600	8937
17.0700	8543
17.0800	8733
17.0900	8919
17.1000	8934
17.1100	8760
17.1200	8687
17.1300	8582
17.1400	8330
17.1500	9217
17.1600	8385
17.1700	8734
17.1800	8874
17.1900	8991
17.2000	8683
17.2100	8722
17.2200	8573
17.2300	8511
17.2400	9037
17.2500	8446
17.2600	8928
17.2700	8926
17.2800	8889
17.2900	8519
17.3000	8544
17.3100	8716
17.3200	8396
17.3300	9067
17.3400	8360
17.3500	8831
17.3600	8871
17.3700	8952
17.3800	8596
17.3900	8670
17.4000	8426
17.4100	8678
17.4200	9115
17.4300	8391
17.4400	8867
17.4500	9048
17.4600	8781
17.4700	8645
17.4800	8586
17.4900	8656
17.5000	8501
17.5100	9037
17.5200	8344
17.5300	8881
17.5400	8946
17.5500	8901
17.5600	8597
17.5700	8697
17.5800	8323
17.5900	8691
17.6000	8985
17.6100	8496
17.6200	8896
17.6300	8880
17.6400	8798
17.6500	8855
17.6600	8517
17.6700	8596
17.6800	8512
17.6900	8954
17.7000	8341
17.7100	8908
17.7200	8842
17.7300	8792
17.7400	8631
17.7500	8556
17.7600	8520
17.7700	8697
17.7800	8949
17.7900	8471
17.8000	8929
17.8100	8914
17.8200	8738
17.8300	8731
17.8400	8569
17.8500	8633
17.8600	8533
17.8700	9181
17.8800	8329
17.8900	8939
17.9000	8943
17.9100	8814
17.9200	8864
17.9300	8522
17.9400	8515
17.9500	8614
17.9600	9000
17.9700	8356
17.9800	8892
17.9900	8814
18.0000	8895
18.0100	8964
18.0200	8429
18.0300	8589
18.0400	8623
18.0500	8982
18.0600	8391
18.0700	9124
18.0800	8761
18.0900	8698
18.1000	8697
18.1100	8443
18.1200	8635
18.1300	8683
18.1400	8897
18.1500	8584
18.1600	8845
18.1700	8871
18.1800	8723
18.1900	8821
18.2000	8469
18.2100	8493
18.2200	8679
18.2300	9007
18.2400	8351
18.2500	9014
18.2600	8696
18.2700	8700
18.2800	8727
18.2900	8477
18.3000	8459
18.3100	8793
18.3200	8848
18.3300	8575
18.3400	8842
18.3500	8685
18.3600	8583
18.3700	8870
18.3800	8347
18.3900	8514
18.4000	8776
18.4100	9021
18.4200	8293
18.4300	8935
18.4400	8923
18.4500	8682
18.4600	8859
18.4700	8533
18.4800	8770
18.4900	8832
18.5000	8782
18.5100	8486
18.5200	8684
18.5300	8655
18.5400	8582
18.5500	8947
18.5600	8439
18.5700	8652
18.5800	8701
18.5900	8906
18.6000	8405
18.6100	8848
18.6200	8876
18.6300	8693
18.6400	8859
18.6500	8432
18.6600	8591
18.6700	8958
18.6800	8837
18.6900	8535
18.7000	8731
18.7100	8568
18.7200	8497
18.7300	9020
18.7400	8312
18.7500	8806
18.7600	8751
18.7700	8950
18.7800	8383
18.7900	8861
18.8000	8606
18.8100	8541
18.8200	8796
18.8300	8543
18.8400	8598
18.8500	8868
18.8600	8963
18.8700	8506
18.8800	8626
18.8900	8669
18.9000	8397
18.9100	9156
18.9200	8307
18.9300	8727
18.9400	8831
18.9500	8948
18.9600	8539
18.9700	8855
18.9800	8705
18.9900	8589
19.0000	8996
19.0100	8465
19.0200	8765
19.0300	8872
19.0400	8871
19.0500	8456
19.0600	8844
19.0700	8644
19.0800	8536
19.0900	9062
19.1000	8228
19.1100	8826
19.1200	8933
19.1300	9131
19.1400	8529
19.1500	8793
19.1600	8492
19.1700	8423
19.1800	8889
19.1900	8598
19.2000	8880
19.2100	9015
19.2200	8855
19.2300	8600
19.2400	8594
19.2500	8661
19.2600	8609
19.2700	9035
19.2800	8415
19.2900	8825
19.3000	8896
19.3100	8947
19.3200	8576
19.3300	8654
19.3400	8605
19.3500	8492
19.3600	8989
19.3700	8470
19.3800	8791
19.3900	9065
19.4000	8960
19.4100	8770
19.4200	8673
19.4300	8638
19.4400	8516
19.4500	9132
19.4600	8349
19.4700	8739
19.4800	8959
19.4900	9022
19.5000	8614
19.5100	8760
19.5200	8507
19.5300	8512
19.5400	8790
19.5500	8478
19.5600	8755
19.5700	9005
19.5800	8813
19.5900	8627
19.6000	8625
19.6100	8562
19.6200	8497
19.6300	9060
19.6400	8310
19.6500	8851
19.6600	9029
19.6700	8840
19.6800	8522
19.6900	8604
19.7000	8679
19.7100	8629
19.7200	8887
19.7300	8361
19.7400	8951
19.7500	9205
19.7600	8868
19.7700	8705
19.7800	8386
19.7900	8659
19.8000	8501
19.8100	9191
19.8200	8369
19.8300	8851
19.8400	8854
19.8500	8751
19.8600	8675
19.8700	8711
19.8800	8354
19.8900	8703
19.9000	8824
19.9100	8362
19.9200	8828
19.9300	8945
19.9400	8680
19.9500	8849
19.9600	8626
19.9700	8410
19.9800	8611
19.9900	8892
