0.0000	8810
0.0100	8459
0.0200	8452
0.0300	8739
0.0400	8923
0.0500	8403
0.0600	8967
0.0700	8919
0.0800	8750
0.0900	9014
0.1000	8143
0.1100	8461
0.1200	8572
0.1300	8982
0.1400	8434
0.1500	8967
0.1600	8991
0.1700	8735
0.1800	8797
0.1900	8531
0.2000	8659
0.2100	8733
0.2200	8943
0.2300	8404
0.2400	8872
0.2500	8686
0.2600	8414
0.2700	8882
0.2800	8348
0.2900	8712
0.3000	8713
0.3100	8884
0.3200	8418
0.3300	8868
0.3400	8683
0.3500	8676
0.3600	8931
0.3700	8369
0.3800	8725
0.3900	8854
0.4000	8823
0.4100	8278
0.4200	8813
0.4300	8664
0.4400	8581
0.4500	9035
0.4600	8390
0.4700	8640
0.4800	8797
0.4900	8968
0.5000	8469
0.5100	8714
0.5200	8592
0.5300	8716
0.5400	8848
0.5500	8547
0.5600	8660
0.5700	8738
0.5800	9019
0.5900	8417
0.6000	8827
0.6100	8654
0.6200	8546
0.6300	8950
0.6400	8317
0.6500	8767
0.6600	8735
0.6700	8941
0.6800	8437
0.6900	8931
0.7000	8572
0.7100	8493
0.7200	9005
0.7300	8548
0.7400	8695
0.7500	8911
0.7600	9061
0.7700	8497
0.7800	8889
0.7900	8741
0.8000	8444
0.8100	8912
0.8200	8409
0.8300	8740
0.8400	8820
0.8500	9068
0.8600	8575
0.8700	8792
0.8800	8551
0.8900	8578
0.9000	8900
0.9100	8398
0.9200	8869
0.9300	8820
0.9400	8999
0.9500	8560
0.9600	8662
0.9700	8708
0.9800	8534
0.9900	9017
1.0000	8356
1.0100	8777
1.0200	8781
1.0300	8910
1.0400	8488
1.0500	8736
1.0600	8678
1.0700	8464
1.0800	8866
1.0900	8451
1.1000	8649
1.1100	8857
1.1200	8906
1.1300	8459
1.1400	8746
1.1500	8745
1.1600	8499
1.1700	9095
1.1800	8157
1.1900	8753
1.2000	8853
1.2100	8890
1.2200	8513
1.2300	8639
1.2400	8549
1.2500	8620
1.2600	9026
1.2700	8532
1.2800	8805
1.2900	8888
1.3000	8777
1.3100	8533
1.3200	8544
1.3300	8673
1.3400	8493
1.3500	8967
1.3600	8524
1.3700	8981
1.3800	9110
1.3900	9016
1.4000	8595
1.4100	8616
1.4200	8436
1.4300	8629
1.4400	8889
1.4500	8457
1.4600	8917
1.4700	9001
1.4800	8893
1.4900	8609
1.5000	8724
1.5100	8554
1.5200	8414
1.5300	9010
1.5400	8289
1.5500	8930
1.5600	8921
1.5700	9165
1.5800	8714
1.5900	8686
1.6000	8411
1.6100	8481
1.6200	8908
1.6300	8406
1.6400	8858
1.6500	8872
1.6600	8839
1.6700	8628
1.6800	8527
1.6900	8583
1.7000	8423
1.7100	9100
1.7200	8379
1.7300	8982
1.7400	8941
1.7500	8931
1.7600	8618
1.7700	8696
1.7800	8400
1.7900	8638
1.8000	8811
1.8100	8350
1.8200	8779
1.8300	8845
1.8400	8766
1.8500	8850
1.8600	8483
1.8700	8576
1.8800	8592
1.8900	9017
1.9000	8347
1.9100	8888
1.9200	8915
1.9300	8898
1.9400	8601
1.9500	8663
1.9600	8483
1.9700	8546
1.9800	9045
1.9900	8421
2.0000	8849
2.0100	8897
2.0200	8615
2.0300	8751
2.0400	8450
2.0500	8427
2.0600	8577
2.0700	9017
2.0800	8418
2.0900	8895
2.1000	8652
2.1100	8645
2.1200	8643
2.1300	8526
2.1400	8429
2.1500	8590
2.1600	8986
2.1700	8336
2.1800	8918
2.1900	8859
2.2000	8773
2.2100	8642
2.2200	8409
2.2300	8578
2.2400	8610
2.2500	8926
2.2600	8514
2.2700	9000
2.2800	8714
2.2900	8775
2.3000	8775
2.3100	8525
2.3200	8612
2.3300	8607
2.3400	8712
2.3500	8456
2.3600	8875
2.3700	8893
2.3800	8930
2.3900	8854
2.4000	8301
2.4100	8598
2.4200	8644
2.4300	9145
2.4400	8516
2.4500	8818
2.4600	8888
2.4700	8823
2.4800	8786
2.4900	8540
2.5000	8541
2.5100	8685
2.5200	9122
2.5300	8459
2.5400	8918
2.5500	8766
2.5600	8731
2.5700	8899
2.5800	8473
2.5900	8513
2.6000	8576
2.6100	9012
2.6200	8488
2.6300	8914
2.6400	8687
2.6500	8671
2.6600	8992
2.6700	8407
2.6800	8659
2.6900	8807
2.7000	8788
2.7100	8545
2.7200	8795
2.7300	8932
2.7400	8723
2.7500	8898
2.7600	8435
2.7700	8751
2.7800	8611
2.7900	9021
2.8000	8379
2.8100	8894
2.8200	8677
2.8300	8696
2.8400	8884
2.8500	8515
2.8600	8621
2.8700	8925
2.8800	9048
2.8900	8473
2.9000	8679
2.9100	8630
2.9200	8570
2.9300	8971
2.9400	8346
2.9500	8715
2.9600	8682
2.9700	8857
2.9800	8587
2.9900	8771
3.0000	8714
3.0100	8606
3.0200	8896
3.0300	8474
3.0400	8597
3.0500	8915
3.0600	8988
3.0700	8476
3.0800	8828
3.0900	8867
3.1000	8491
3.1100	8932
3.1200	8349
3.1300	8728
3.1400	8902
3.1500	9053
3.1600	8522
3.1700	8890
3.1800	8642
3.1900	8501
3.2000	8821
3.2100	8471
3.2200	8708
3.2300	8942
3.2400	8939
3.2500	8429
3.2600	8713
3.2700	8624
3.2800	8637
3.2900	8942
3.3000	8249
3.3100	8777
3.3200	8813
3.3300	9047
3.3400	8541
3.3500	8585
3.3600	8595
3.3700	8506
3.3800	8883
3.3900	8648
3.4000	8619
3.4100	9065
3.4200	9221
3.4300	8592
3.4400	8878
3.4500	8737
3.4600	8414
3.4700	9046
3.4800	8348
3.4900	8943
3.5000	8934
3.5100	8975
3.5200	8447
3.5300	8857
3.5400	8593
3.5500	8533
3.5600	9014
3.5700	8403
3.5800	8847
3.5900	9102
3.6000	9016
3.6100	8675
3.6200	8826
3.6300	8594
3.6400	8373
3.6500	8879
3.6600	8635
3.6700	8859
3.6800	8812
3.6900	9087
3.7000	8351
3.7100	8591
3.7200	8603
3.7300	8573
3.7400	8939
3.7500	8356
3.7600	8864
3.7700	9157
3.7800	8873
3.7900	8766
3.8000	8524
3.8100	8597
3.8200	8402
3.8300	9007
3.8400	8525
3.8500	8943
3.8600	8953
3.8700	9076
3.8800	8589
3.8900	8627
3.9000	8494
3.9100	8467
3.9200	9028
3.9300	8411
3.9400	8808
3.9500	8915
3.9600	8757
3.9700	8689
3.9800	8597
3.9900	8594
4.0000	8524
4.0100	8844
4.0200	8388
4.0300	8954
4.0400	8865
4.0500	8893
4.0600	8724
4.0700	8611
4.0800	8413
4.0900	8763
4.1000	8926
4.1100	8336
4.1200	8907
4.1300	8990
4.1400	8847
4.1500	8841
4.1600	8521
4.1700	8466
4.1800	8587
4.1900	9042
4.2000	8217
4.2100	8821
4.2200	8980
4.2300	8851
4.2400	8586
4.2500	8592
4.2600	8540
4.2700	8697
4.2800	9035
4.2900	8512
4.3000	8730
4.3100	8899
4.3200	8789
4.3300	8795
4.3400	8465
4.3500	8416
4.3600	8694
4.3700	8981
4.3800	8473
4.3900	8979
4.4000	8657
4.4100	8802
4.4200	8586
4.4300	8654
4.4400	8555
4.4500	8784
4.4600	9105
4.4700	8521
4.4800	8955
4.4900	8892
4.5000	8659
4.5100	8631
4.5200	8350
4.5300	8554
4.5400	8648
4.5500	9025
4.5600	8355
4.5700	9046
4.5800	8781
4.5900	8847
4.6000	8657
4.6100	8527
4.6200	8451
4.6300	8648
4.6400	8980
4.6500	8445
4.6600	9053
4.6700	8864
4.6800	8674
4.6900	8773
4.7000	8399
4.7100	8606
4.7200	8400
4.7300	9098
4.7400	8505
4.7500	8920
4.7600	8849
4.7700	8794
4.7800	8774
4.7900	8548
4.8000	8532
4.8100	8686
4.8200	8884
4.8300	8544
4.8400	8909
4.8500	8763
4.8600	8674
4.8700	8980
4.8800	8381
4.8900	8660
4.9000	8639
4.9100	8903
4.9200	8346
4.9300	8930
4.9400	8736
4.9500	8689
4.9600	8705
4.9700	8416
4.9800	8490
4.9900	8711
5.0000	8941
5.0100	8413
5.0200	8825
5.0300	8769
5.0400	8506
5.0500	8877
5.0600	8295
5.0700	8729
5.0800	8639
5.0900	9059
5.1000	8270
5.1100	8793
5.1200	8676
5.1300	8771
5.1400	8898
5.1500	8488
5.1600	8617
5.1700	9027
5.1800	8933
5.1900	8447
5.2000	8863
5.2100	8756
5.2200	8594
5.2300	8863
5.2400	8449
5.2500	8584
5.2600	8721
5.2700	9097
5.2800	8567
5.2900	8852
5.3000	8544
5.3100	8576
5.3200	8989
5.3300	8573
5.3400	8567
5.3500	8850
5.3600	8839
5.3700	8543
5.3800	8798
5.3900	8738
5.4000	8348
5.4100	8788
5.4200	8454
5.4300	8732
5.4400	8743
5.4500	8991
5.4600	8418
5.4700	8913
5.4800	8518
5.4900	8631
5.5000	8961
5.5100	8410
5.5200	8763
5.5300	8799
5.5400	8841
5.5500	8372
5.5600	8556
5.5700	8617
5.5800	8591
5.5900	9036
5.6000	8381
5.6100	8889
5.6200	8873
5.6300	9229
5.6400	8427
5.6500	8698
5.6600	8552
5.6700	8564
5.6800	8943
5.6900	8442
5.7000	8697
5.7100	8765
5.7200	8893
5.7300	8517
5.7400	8826
5.7500	8805
5.7600	8532
5.7700	8925
5.7800	8312
5.7900	8921
5.8000	8795
5.8100	9144
5.8200	8489
5.8300	8658
5.8400	8672
5.8500	8565
5.8600	8942
5.8700	8487
5.8800	8714
5.8900	8858
5.9000	8854
5.9100	8469
5.9200	8518
5.9300	8612
5.9400	8463
5.9500	9062
5.9600	8524
5.9700	8997
5.9800	9005
5.9900	9157
6.0000	8416
6.0100	8772
6.0200	8487
6.0300	8440
6.0400	8916
6.0500	8557
6.0600	8938
6.0700	8868
6.0800	9004
6.0900	8608
6.1000	8635
6.1100	8595
6.1200	8325
6.1300	9007
6.1400	8401
6.1500	9001
6.1600	8952
6.1700	9110
6.1800	8490
6.1900	8755
6.2000	8508
6.2100	8371
6.2200	8883
6.2300	8509
6.2400	8798
6.2500	9059
6.2600	8900
6.2700	8624
6.2800	8634
6.2900	8733
6.3000	8486
6.3100	8917
6.3200	8478
6.3300	8888
6.3400	8816
6.3500	8822
6.3600	8695
6.3700	8716
6.3800	8501
6.3900	8478
6.4000	8798
6.4100	8481
6.4200	8835
6.4300	9013
6.4400	8784
6.4500	8764
6.4600	8448
6.4700	8641
6.4800	8422
6.4900	9096
6.5000	8326
6.5100	8904
6.5200	8821
6.5300	8906
6.5400	8653
6.5500	8712
6.5600	8517
6.5700	8593
6.5800	8980
6.5900	8487
6.6000	8843
6.6100	8869
6.6200	8916
6.6300	8700
6.6400	8517
6.6500	8670
6.6600	8665
6.6700	9182
6.6800	8375
6.6900	9127
6.7000	8940
6.7100	8915
6.7200	8764
6.7300	8399
6.7400	8326
6.7500	8617
6.7600	9048
6.7700	8526
6.7800	8915
6.7900	9016
6.8000	8716
6.8100	8814
6.8200	8478
6.8300	8574
6.8400	8544
6.8500	9103
6.8600	8322
6.8700	9106
6.8800	8902
6.8900	8811
6.9000	8782
6.9100	8598
6.9200	8518
6.9300	8603
6.9400	8916
6.9500	8489
6.9600	8860
6.9700	9035
6.9800	8734
6.9900	8701
7.0000	8427
7.0100	8587
7.0200	8703
7.0300	9065
7.0400	8444
7.0500	9234
7.0600	8933
7.0700	8783
7.0800	8771
7.0900	8411
7.1000	8432
7.1100	8694
7.1200	9008
7.1300	8569
7.1400	8754
7.1500	9026
7.1600	8475
7.1700	8869
7.1800	8405
7.1900	8732
7.2000	8563
7.2100	8974
7.2200	8318
7.2300	8927
7.2400	8826
7.2500	8691
7.2600	8765
7.2700	8463
7.2800	8774
7.2900	8702
7.3000	8886
7.3100	8462
7.3200	8733
7.3300	8726
7.3400	8642
7.3500	8884
7.3600	8461
7.3700	8702
7.3800	8649
7.3900	9068
7.4000	8404
7.4100	9016
7.4200	8611
7.4300	8731
7.4400	8964
7.4500	8492
7.4600	8773
7.4700	8840
7.4800	9002
7.4900	8551
7.5000	8656
7.5100	8751
7.5200	8603
7.5300	8986
7.5400	8341
7.5500	8657
7.5600	8800
7.5700	9091
7.5800	8360
7.5900	8931
7.6000	8578
7.6100	8515
7.6200	8639
7.6300	8330
7.6400	8464
7.6500	9001
7.6600	8980
7.6700	8576
7.6800	8796
7.6900	8908
7.7000	8533
7.7100	8984
7.7200	8335
7.7300	8672
7.7400	8773
7.7500	9205
7.7600	8477
7.7700	9034
7.7800	8679
7.7900	8715
7.8000	8832
7.8100	8373
7.8200	8552
7.8300	8901
7.8400	8844
7.8500	8546
7.8600	8789
7.8700	8723
7.8800	8643
7.8900	9089
7.9000	8254
7.9100	8680
7.9200	8737
7.9300	9088
7.9400	8426
7.9500	9090
7.9600	8501
7.9700	8682
7.9800	9017
7.9900	8599
8.0000	8673
8.0100	8851
8.0200	8886
8.0300	8453
8.0400	8690
8.0500	8834
8.0600	8482
8.0700	9112
8.0800	8478
8.0900	8857
8.1000	8826
8.1100	9017
8.1200	8280
8.1300	8787
8.1400	8430
8.1500	8631
8.1600	9061
8.1700	8523
8.1800	8757
8.1900	8873
8.2000	8881
8.2100	8443
8.2200	8666
8.2300	8457
8.2400	8460
8.2500	9084
8.2600	8508
8.2700	8865
8.2800	8959
8.2900	8949
8.3000	8559
8.3100	8859
8.3200	8511
8.3300	8470
8.3400	8883
8.3500	8566
8.3600	8847
8.3700	8886
8.3800	8900
8.3900	8761
8.4000	8579
8.4100	8730
8.4200	8411
8.4300	9197
8.4400	8381
8.4500	8794
8.4600	8952
8.4700	9058
8.4800	8546
8.4900	8783
8.5000	8450
8.5100	8538
8.5200	8815
8.5300	8454
8.5400	8890
8.5500	9075
8.5600	8881
8.5700	8764
8.5800	8597
8.5900	8582
8.6000	8465
8.6100	9071
8.6200	8422
8.6300	8898
8.6400	8787
8.6500	8863
8.6600	8745
8.6700	8752
8.6800	8543
8.6900	8633
8.7000	9113
8.7100	8482
8.7200	8748
8.7300	8899
8.7400	8698
8.7500	8739
8.7600	8623
8.7700	8669
8.7800	8493
8.7900	9090
8.8000	8330
8.8100	8737
8.8200	8746
8.8300	8916
8.8400	8601
8.8500	8746
8.8600	8501
8.8700	8604
8.8800	8824
8.8900	8558
8.9000	8800
8.9100	8895
8.9200	8710
8.9300	8663
8.9400	8338
8.9500	8407
8.9600	8659
8.9700	9066
8.9800	8414
8.9900	8996
9.0000	8827
9.0100	8905
9.0200	8568
9.0300	8553
9.0400	8419
9.0500	8652
9.0600	8956
9.0700	8578
9.0800	8958
9.0900	8974
9.1000	8717
9.1100	8669
9.1200	8415
9.1300	8503
9.1400	8519
9.1500	9105
9.1600	8349
9.1700	9112
9.1800	8832
9.1900	8954
9.2000	8736
9.2100	8549
9.2200	8316
9.2300	8574
9.2400	8794
9.2500	8541
9.2600	8891
9.2700	9002
9.2800	8722
9.2900	8826
9.3000	8449
9.3100	8583
9.3200	8295
9.3300	9069
9.3400	8498
9.3500	8982
9.3600	8894
9.3700	9019
9.3800	8836
9.3900	8534
9.4000	8392
9.4100	8691
9.4200	8965
9.4300	8552
9.4400	8825
9.4500	8943
9.4600	8796
9.4700	8895
9.4800	8478
9.4900	8603
9.5000	8536
9.5100	8923
9.5200	8367
9.5300	8920
9.5400	8752
9.5500	8680
9.5600	8681
9.5700	8699
9.5800	8616
9.5900	8791
9.6000	8883
9.6100	8481
9.6200	9031
9.6300	8973
9.6400	8623
9.6500	8888
9.6600	8467
9.6700	8717
9.6800	8796
9.6900	9121
9.7000	8441
9.7100	8992
9.7200	8645
9.7300	8742
9.7400	8790
9.7500	8586
9.7600	8540
9.7700	8862
9.7800	8979
9.7900	8543
9.8000	8865
9.8100	8685
9.8200	8476
9.8300	8914
9.8400	8342
9.8500	8668
9.8600	8826
9.8700	9050
9.8800	8465
9.8900	8872
9.9000	8598
9.9100	8495
9.9200	8780
9.9300	8381
9.9400	8738
9.9500	8891
9.9600	8812
9.9700	8728
9.9800	8929
9.9900	8813
10.0000	8722
10.0100	8950
10.0200	8319
10.0300	8737
10.0400	8652
10.0500	8982
10.0600	8387
10.0700	9030
10.0800	8576
10.0900	8585
10.1000	8916
10.1100	8437
10.1200	8589
10.1300	8779
10.1400	8911
10.1500	8520
10.1600	8918
10.1700	8703
10.1800	8739
10.1900	9131
10.2000	8422
10.2100	8672
10.2200	8724
10.2300	8915
10.2400	8459
10.2500	8985
10.2600	8784
10.2700	8651
10.2800	9031
10.2900	8523
10.3000	8768
10.3100	8789
10.3200	8857
10.3300	8581
10.3400	8690
10.3500	8837
10.3600	8628
10.3700	9106
10.3800	8536
10.3900	8738
10.4000	8851
10.4100	8880
10.4200	8313
10.4300	8755
10.4400	8692
10.4500	8609
10.4600	8986
10.4700	8500
10.4800	8701
10.4900	8986
10.5000	8907
10.5100	8512
10.5200	8687
10.5300	8733
10.5400	8411
10.5500	9011
10.5600	8522
10.5700	8896
10.5800	8857
10.5900	9109
10.6000	8586
10.6100	8571
10.6200	8591
10.6300	8524
10.6400	8933
10.6500	8496
10.6600	8792
10.6700	8978
10.6800	8999
10.6900	8609
10.7000	8652
10.7100	8625
10.7200	8391
10.7300	8953
10.7400	8420
10.7500	8936
10.7600	8948
10.7700	9016
10.7800	8641
10.7900	8866
10.8000	8488
10.8100	8465
10.8200	8981
10.8300	8491
10.8400	8853
10.8500	9000
10.8600	8867
10.8700	8637
10.8800	8720
10.8900	8695
10.9000	8546
10.9100	9077
10.9200	8396
10.9300	8857
10.9400	8804
10.9500	8985
10.9600	8697
10.9700	8719
10.9800	8597
10.9900	8623
11.0000	9011
11.0100	8284
11.0200	8860
11.0300	8954
11.0400	8924
11.0500	8634
11.0600	8657
11.0700	8633
11.0800	8496
11.0900	9064
11.1000	8378
11.1100	8854
11.1200	8826
11.1300	8947
11.1400	8615
11.1500	8701
11.1600	8510
11.1700	8445
11.1800	9057
11.1900	8405
11.2000	8802
11.2100	9013
11.2200	8802
11.2300	8688
11.2400	8748
11.2500	8454
11.2600	8393
11.2700	9198
11.2800	8340
11.2900	8899
11.3000	8899
11.3100	8791
11.3200	8620
11.3300	8590
11.3400	8461
11.3500	8719
11.3600	9071
11.3700	8543
11.3800	8798
11.3900	8901
11.4000	8812
11.4100	8567
11.4200	8526
11.4300	8526
11.4400	8656
11.4500	8935
11.4600	8498
11.4700	9114
11.4800	9020
11.4900	8743
11.5000	8722
11.5100	8656
11.5200	8577
11.5300	8708
11.5400	9051
11.5500	8657
11.5600	9017
11.5700	8862
11.5800	8654
11.5900	8747
11.6000	8551
11.6100	8521
11.6200	8607
11.6300	9156
11.6400	8393
11.6500	9025
11.6600	8854
11.6700	8768
11.6800	8685
11.6900	8678
11.7000	8420
11.7100	8674
11.7200	8870
11.7300	8568
11.7400	8932
11.7500	9023
11.7600	8512
11.7700	8884
11.7800	8509
11.7900	8640
11.8000	8531
11.8100	9141
11.8200	8348
11.8300	9210
11.8400	8815
11.8500	8668
11.8600	8876
11.8700	8493
11.8800	8541
11.8900	8729
11.9000	8952
11.9100	8354
11.9200	8920
11.9300	8844
11.9400	8705
11.9500	8850
11.9600	8530
11.9700	8702
11.9800	8662
11.9900	8955
12.0000	8373
12.0100	8948
12.0200	8827
12.0300	8854
12.0400	8799
12.0500	8346
12.0600	8735
12.0700	8692
12.0800	9084
12.0900	8570
12.1000	8910
12.1100	8835
12.1200	8634
12.1300	8830
12.1400	8574
12.1500	8631
12.1600	8874
12.1700	8986
12.1800	8665
12.1900	9059
12.2000	8688
12.2100	8579
12.2200	8752
12.2300	8517
12.2400	8651
12.2500	8954
12.2600	9073
12.2700	8588
12.2800	8893
12.2900	8729
12.3000	8700
12.3100	8751
12.3200	8296
12.3300	8626
12.3400	8696
12.3500	9008
12.3600	8507
12.3700	8869
12.3800	8683
12.3900	8612
12.4000	8936
12.4100	8536
12.4200	8583
12.4300	8830
12.4400	9062
12.4500	8581
12.4600	8974
12.4700	8755
12.4800	8556
12.4900	9105
12.5000	8362
12.5100	8786
12.5200	8714
12.5300	8916
12.5400	8331
12.5500	8792
12.5600	8769
12.5700	8726
12.5800	9071
12.5900	8483
12.6000	8712
12.6100	8662
12.6200	9011
12.6300	8436
12.6400	8721
12.6500	8774
12.6600	8531
12.6700	9017
12.6800	8482
12.6900	8797
12.7000	8687
12.7100	9095
12.7200	8401
12.7300	8771
12.7400	8671
12.7500	8680
12.7600	8902
12.7700	8512
12.7800	8796
12.7900	8930
12.8000	8919
12.8100	8556
12.8200	8819
12.8300	8585
12.8400	8608
12.8500	9004
12.8600	8382
12.8700	8966
12.8800	8883
12.8900	9057
12.9000	8454
12.9100	8833
12.9200	8626
12.9300	8422
12.9400	8869
12.9500	8549
12.9600	8910
12.9700	8909
12.9800	8999
12.9900	8708
13.0000	8728
13.0100	8576
13.0200	8655
13.0300	9020
13.0400	8408
13.0500	8879
13.0600	8929
13.0700	8977
13.0800	8754
13.0900	8821
13.1000	8514
13.1100	8376
13.1200	8853
13.1300	8330
13.1400	8772
13.1500	9031
13.1600	9142
13.1700	8575
13.1800	8671
13.1900	8637
13.2000	8714
13.2100	9079
13.2200	8477
13.2300	8826
13.2400	9016
13.2500	9042
13.2600	8534
13.2700	8739
13.2800	8516
13.2900	8577
13.3000	8954
13.3100	8508
13.3200	8823
13.3300	8935
13.3400	8778
13.3500	8673
13.3600	8771
13.3700	8609
13.3800	8477
13.3900	9001
13.4000	8289
13.4100	8954
13.4200	8947
13.4300	8911
13.4400	8523
13.4500	8754
13.4600	8510
13.4700	8681
13.4800	8961
13.4900	8368
13.5000	8796
13.5100	9084
13.5200	8800
13.5300	8713
13.5400	8592
13.5500	8529
13.5600	8613
13.5700	8951
13.5800	8441
13.5900	8849
13.6000	8964
13.6100	8894
13.6200	8544
13.6300	8557
13.6400	8504
13.6500	8555
13.6600	8783
13.6700	8549
13.6800	8829
13.6900	8981
13.7000	8812
13.7100	8780
13.7200	8549
13.7300	8467
13.7400	8428
13.7500	8925
13.7600	8541
13.7700	9018
13.7800	8989
13.7900	8964
13.8000	8748
13.8100	8599
13.8200	8489
13.8300	8511
13.8400	8946
13.8500	8458
13.8600	8881
13.8700	8980
13.8800	8721
13.8900	8742
13.9000	8379
13.9100	8442
13.9200	8601
13.9300	9060
13.9400	8454
13.9500	9123
13.9600	8823
13.9700	8861
13.9800	8649
13.9900	8592
14.0000	8512
14.0100	8670
14.0200	8821
14.0300	8593
14.0400	8942
14.0500	8934
14.0600	8935
14.0700	8793
14.0800	8463
14.0900	8445
14.1000	8574
14.1100	8864
14.1200	8409
14.1300	8819
14.1400	8633
14.1500	8810
14.1600	8869
14.1700	8554
14.1800	8659
14.1900	8709
14.2000	9002
14.2100	8460
14.2200	8979
14.2300	8717
14.2400	8860
14.2500	8817
14.2600	8446
14.2700	8712
14.2800	8653
14.2900	9033
14.3000	8296
14.3100	8836
14.3200	8842
14.3300	8730
14.3400	8749
14.3500	8626
14.3600	8594
14.3700	8719
14.3800	8967
14.3900	8593
14.4000	8985
14.4100	8673
14.4200	8522
14.4300	8933
14.4400	8314
14.4500	8690
14.4600	8724
14.4700	9077
14.4800	8504
14.4900	8906
14.5000	8649
14.5100	8676
14.5200	8856
14.5300	8297
14.5400	8515
14.5500	8809
14.5600	8932
14.5700	8544
14.5800	8851
14.5900	8661
14.6000	8464
14.6100	8857
14.6200	8356
14.6300	8751
14.6400	8758
14.6500	9054
14.6600	8514
14.6700	8895
14.6800	8814
14.6900	8737
14.7000	9015
14.7100	8524
14.7200	8555
14.7300	8692
14.7400	8852
14.7500	8553
14.7600	8816
14.7700	8828
14.7800	8639
14.7900	9019
14.8000	8459
14.8100	8567
14.8200	8682
14.8300	9010
14.8400	8418
14.8500	8841
14.8600	8892
14.8700	8588
14.8800	8869
14.8900	8465
14.9000	8600
14.9100	8892
14.9200	9035
14.9300	8536
14.9400	8604
14.9500	8733
14.9600	8652
14.9700	8869
14.9800	8313
14.9900	8807
15.0000	8863
15.0100	8977
15.0200	8382
15.0300	8718
15.0400	8681
15.0500	8683
15.0600	9055
15.0700	8422
15.0800	8732
15.0900	8850
15.1000	8905
15.1100	8423
15.1200	8584
15.1300	8638
15.1400	8602
15.1500	9004
15.1600	8574
15.1700	8756
15.1800	8927
15.1900	9149
15.2000	8251
15.2100	8671
15.2200	8510
15.2300	8462
15.2400	8933
15.2500	8420
15.2600	8850
15.2700	8949
15.2800	9009
15.2900	8463
15.3000	8840
15.3100	8524
15.3200	8484
15.3300	8885
15.3400	8323
15.3500	8859
15.3600	8840
15.3700	9027
15.3800	8668
15.3900	8697
15.4000	8726
15.4100	8458
15.4200	8915
15.4300	8468
15.4400	8825
15.4500	8846
15.4600	9044
15.4700	8557
15.4800	8687
15.4900	8594
15.5000	8484
15.5100	8808
15.5200	8309
15.5300	8715
15.5400	8823
15.5500	9022
15.5600	8551
15.5700	8734
15.5800	8817
15.5900	8631
15.6000	8976
15.6100	8395
15.6200	8794
15.6300	8870
15.6400	8845
15.6500	8522
15.6600	8674
15.6700	8579
15.6800	8543
15.6900	9167
15.7000	8443
15.7100	8761
15.7200	8793
15.7300	8960
15.7400	8583
15.7500	8710
15.7600	8563
15.7700	8510
15.7800	9138
15.7900	8336
15.8000	8852
15.8100	9067
15.8200	8698
15.8300	8552
15.8400	8667
15.8500	8569
15.8600	8458
15.8700	9184
15.8800	8417
15.8900	9040
15.9000	8814
15.9100	8809
15.9200	8587
15.9300	8370
15.9400	8555
15.9500	8584
15.9600	8859
15.9700	8449
15.9800	8832
15.9900	9106
16.0000	8686
16.0100	8579
16.0200	8694
16.0300	8601
16.0400	8403
16.0500	8974
16.0600	8362
16.0700	8897
16.0800	9071
16.0900	8908
16.1000	8787
16.1100	8553
16.1200	8543
16.1300	8225
16.1400	8835
16.1500	8408
16.1600	8856
16.1700	9120
16.1800	8865
16.1900	8712
16.2000	8440
16.2100	8439
16.2200	8634
16.2300	8976
16.2400	8387
16.2500	8875
16.2600	8876
16.2700	8872
16.2800	8817
16.2900	8629
16.3000	8394
16.3100	8514
16.3200	8894
16.3300	8293
16.3400	8867
16.3500	8864
16.3600	8873
16.3700	8847
16.3800	8428
16.3900	8579
16.4000	8491
16.4100	8816
16.4200	8402
16.4300	8905
16.4400	8765
16.4500	8901
16.4600	8765
16.4700	8477
16.4800	8508
16.4900	8771
16.5000	9097
16.5100	8400
16.5200	8877
16.5300	8849
16.5400	8840
16.5500	8598
16.5600	8633
16.5700	8499
16.5800	8741
16.5900	8961
16.6000	8318
16.6100	9013
16.6200	8880
16.6300	8787
16.6400	8669
16.6500	8473
16.6600	8536
16.6700	8707
16.6800	9049
16.6900	8518
16.7000	8781
16.7100	8827
16.7200	8579
16.7300	8701
16.7400	8354
16.7500	8424
16.7600	8758
16.7700	9025
16.7800	8481
16.7900	8894
16.8000	8679
16.8100	8627
16.8200	8677
16.8300	8299
16.8400	8540
16.8500	8752
16.8600	8992
16.8700	8542
16.8800	8908
16.8900	8717
16.9000	8863
16.9100	8676
16.9200	8450
16.9300	8592
16.9400	8536
16.9500	8948
16.9600	8400
16.9700	8754
16.9800	8785
16.9900	8722
17.0000	8836
17.0100	8450
17.0200	8555
17.0300	8655
17.0400	8924
17.0500	8602
17.0600	8778
17.0700	8856
17.0800	8672
17.0900	9013
17.1000	8351
17.1100	8536
17.1200	8796
17.1300	8764
17.1400	8534
17.1500	8684
17.1600	8888
17.1700	8657
17.1800	8923
17.1900	8426
17.2000	8539
17.2100	8704
17.2200	8822
17.2300	8411
17.2400	8714
17.2500	8844
17.2600	8569
17.2700	8964
17.2800	8447
17.2900	8734
17.3000	8686
17.3100	8924
17.3200	8526
17.3300	8647
17.3400	8535
17.3500	8589
17.3600	9106
17.3700	8486
17.3800	8796
17.3900	8750
17.4000	8759
17.4100	8427
17.4200	8860
17.4300	8685
17.4400	8635
17.4500	8896
17.4600	8535
17.4700	8694
17.4800	8958
17.4900	9127
17.5000	8605
17.5100	8473
17.5200	8484
17.5300	8429
17.5400	8797
17.5500	8560
17.5600	8890
17.5700	9024
17.5800	8877
17.5900	8497
17.6000	8849
17.6100	8503
17.6200	8428
17.6300	8787
17.6400	8289
17.6500	8854
17.6600	8941
17.6700	9076
17.6800	8572
17.6900	8730
17.7000	8519
17.7100	8409
17.7200	8825
17.7300	8419
17.7400	8656
17.7500	8869
17.7600	8979
17.7700	8594
17.7800	8752
17.7900	8597
17.8000	8481
17.8100	8868
17.8200	8434
17.8300	8780
17.8400	8880
17.8500	8851
17.8600	8671
17.8700	8736
17.8800	8560
17.8900	8472
17.9000	9059
17.9100	8257
17.9200	8885
17.9300	8751
17.9400	8990
17.9500	8487
17.9600	8791
17.9700	8629
17.9800	8476
17.9900	9027
18.0000	8325
18.0100	8736
18.0200	8895
18.0300	8947
18.0400	8470
18.0500	8626
18.0600	8658
18.0700	8441
18.0800	8983
18.0900	8385
18.1000	8804
18.1100	8832
18.1200	8845
18.1300	8602
18.1400	8763
18.1500	8615
18.1600	8571
18.1700	8907
18.1800	8307
18.1900	8803
18.2000	8986
18.2100	8989
18.2200	8659
18.2300	8619
18.2400	8548
18.2500	8476
18.2600	8962
18.2700	8420
18.2800	8779
18.2900	8942
18.3000	8860
18.3100	8533
18.3200	8524
18.3300	8428
18.3400	8492
18.3500	8954
18.3600	8460
18.3700	8753
18.3800	9053
18.3900	8921
18.4000	8595
18.4100	8445
18.4200	8614
18.4300	8452
18.4400	9027
18.4500	8413
18.4600	8898
18.4700	8942
18.4800	8886
18.4900	8661
18.5000	8647
18.5100	8339
18.5200	8575
18.5300	8893
18.5400	8431
18.5500	8849
18.5600	8955
18.5700	8728
18.5800	8847
18.5900	8634
18.6000	8408
18.6100	8455
18.6200	8888
18.6300	8454
18.6400	8835
18.6500	8868
18.6600	8802
18.6700	8677
18.6800	8740
18.6900	8503
18.7000	8657
18.7100	8893
18.7200	8508
18.7300	8796
18.7400	8910
18.7500	8742
18.7600	8780
18.7700	8590
18.7800	8467
18.7900	8572
18.8000	8909
18.8100	8452
18.8200	9070
18.8300	8822
18.8400	8690
18.8500	8760
18.8600	8665
18.8700	8409
18.8800	8721
18.8900	8879
18.9000	8568
18.9100	8997
18.9200	9044
18.9300	8621
18.9400	8694
18.9500	8696
18.9600	8574
18.9700	8642
18.9800	9027
18.9900	8362
19.0000	8928
19.0100	8779
19.0200	8641
19.0300	8861
19.0400	8615
19.0500	8589
19.0600	8815
19.0700	8976
19.0800	8562
19.0900	8895
19.1000	8761
19.1100	8469
19.1200	8700
19.1300	8342
19.1400	8569
19.1500	8634
19.1600	9157
19.1700	8397
19.1800	8960
19.1900	8829
19.2000	8667
19.2100	8663
19.2200	8484
19.2300	8580
19.2400	8588
19.2500	9105
19.2600	8463
19.2700	8906
19.2800	9029
19.2900	8578
19.3000	8915
19.3100	8252
19.3200	8560
19.3300	8699
19.3400	8865
19.3500	8387
19.3600	8816
19.3700	8660
19.3800	8539
19.3900	9017
19.4000	8508
19.4100	8474
19.4200	8661
19.4300	8984
19.4400	8527
19.4500	8970
19.4600	8997
19.4700	8639
19.4800	8932
19.4900	8354
19.5000	8722
19.5100	8654
19.5200	8934
19.5300	8461
19.5400	8783
19.5500	8707
19.5600	8743
19.5700	8858
19.5800	8598
19.5900	8677
19.6000	8800
19.6100	8915
19.6200	8407
19.6300	8875
19.6400	8737
19.6500	8533
19.6600	8983
19.6700	8458
19.6800	8605
19.6900	8803
19.7000	8869
19.7100	8394
19.7200	8929
19.7300	8653
19.7400	8632
19.7500	8904
19.7600	8315
19.7700	8781
19.7800	8904
19.7900	8986
19.8000	8472
19.8100	8786
19.8200	8484
19.8300	8516
19.8400	8821
19.8500	8317
19.8600	8823
19.8700	8729
19.8800	9095
19.8900	8421
19.9000	8902
19.9100	8567
19.9200	8456
19.9300	8832
19.9400	8309
19.9500	8743
19.9600	8864
19.9700	8985
19.9800	8379
19.9900	8860
