0.0000	8802
0.0050	8520
0.0100	9001
0.0150	8695
0.0200	8372
0.0250	8499
0.0300	8709
0.0350	9037
0.0400	8647
0.0450	8421
0.0500	8536
0.0550	9090
0.0600	8812
0.0650	8921
0.0700	8486
0.0750	8739
0.0800	8653
0.0850	8747
0.0900	8805
0.0950	8616
0.1000	8882
0.1050	8397
0.1100	8455
0.1150	8539
0.1200	8782
0.1250	9034
0.1300	8683
0.1350	8359
0.1400	8670
0.1450	9019
0.1500	9058
0.1550	9037
0.1600	8402
0.1650	8826
0.1700	8726
0.1750	8802
0.1800	8860
0.1850	8592
0.1900	9003
0.1950	8508
0.2000	8430
0.2050	8572
0.2100	8755
0.2150	9129
0.2200	8478
0.2250	8423
0.2300	8386
0.2350	8965
0.2400	8864
0.2450	8887
0.2500	8415
0.2550	8808
0.2600	8665
0.2650	8858
0.2700	8894
0.2750	8446
0.2800	8971
0.2850	8424
0.2900	8358
0.2950	8832
0.3000	8719
0.3050	8962
0.3100	8567
0.3150	8493
0.3200	8563
0.3250	8927
0.3300	8782
0.3350	9076
0.3400	8382
0.3450	8636
0.3500	8746
0.3550	8708
0.3600	8840
0.3650	8491
0.3700	9006
0.3750	8609
0.3800	8388
0.3850	8428
0.3900	8691
0.3950	8920
0.4000	8397
0.4050	8527
0.4100	8431
0.4150	8994
0.4200	9134
0.4250	8978
0.4300	8379
0.4350	8807
0.4400	8858
0.4450	8702
0.4500	9062
0.4550	8725
0.4600	8983
0.4650	8450
0.4700	8449
0.4750	8842
0.4800	8746
0.4850	9070
0.4900	8568
0.4950	8610
0.5000	8568
0.5050	8896
0.5100	8980
0.5150	9068
0.5200	8501
0.5250	8795
0.5300	8640
0.5350	8808
0.5400	8817
0.5450	8408
0.5500	8993
0.5550	8489
0.5600	8522
0.5650	8847
0.5700	8840
0.5750	9105
0.5800	8579
0.5850	8316
0.5900	8302
0.5950	9058
0.6000	8955
0.6050	8835
0.6100	8330
0.6150	8932
0.6200	8688
0.6250	8771
0.6300	8810
0.6350	8520
0.6400	8929
0.6450	8539
0.6500	8500
0.6550	8664
0.6600	8540
0.6650	8845
0.6700	8572
0.6750	8612
0.6800	8427
0.6850	8888
0.6900	8907
0.6950	8843
0.7000	8346
0.7050	8697
0.7100	8657
0.7150	8909
0.7200	8992
0.7250	8625
0.7300	8811
0.7350	8598
0.7400	8582
0.7450	8708
0.7500	8578
0.7550	9104
0.7600	8595
0.7650	8422
0.7700	8285
0.7750	8866
0.7800	8824
0.7850	8753
0.7900	8262
0.7950	8790
0.8000	8773
0.8050	8913
0.8100	8762
0.8150	8488
0.8200	8995
0.8250	8661
0.8300	8412
0.8350	8836
0.8400	8637
0.8450	8935
0.8500	8445
0.8550	8476
0.8600	8478
0.8650	8809
0.8700	8904
0.8750	8781
0.8800	8451
0.8850	8581
0.8900	8831
0.8950	8988
0.9000	8888
0.9050	8386
0.9100	8761
0.9150	8766
0.9200	8522
0.9250	8812
0.9300	8636
0.9350	9065
0.9400	8481
0.9450	8593
0.9500	8309
0.9550	8854
0.9600	8905
0.9650	8639
0.9700	8314
0.9750	8584
0.9800	8792
0.9850	8989
0.9900	8887
0.9950	8499
1.0000	8822
1.0050	8719
1.0100	8650
1.0150	8959
1.0200	8796
1.0250	8823
1.0300	8417
1.0350	8593
1.0400	8556
1.0450	8769
1.0500	8778
1.0550	8748
1.0600	8371
1.0650	8666
1.0700	8668
1.0750	8951
1.0800	8925
1.0850	8449
1.0900	8737
1.0950	8724
1.1000	8655
1.1050	8737
1.1100	8691
1.1150	9029
1.1200	8434
1.1250	8405
1.1300	8527
1.1350	8882
1.1400	8974
1.1450	8731
1.1500	8428
1.1550	8655
1.1600	8887
1.1650	8898
1.1700	8907
1.1750	8481
1.1800	8929
1.1850	8561
1.1900	8655
1.1950	8928
1.2000	8400
1.2050	8906
1.2100	8382
1.2150	8524
1.2200	8625
1.2250	8791
1.2300	8868
1.2350	8821
1.2400	8440
1.2450	8724
1.2500	8932
1.2550	9054
1.2600	9062
1.2650	8420
1.2700	8657
1.2750	8866
1.2800	8676
1.2850	8892
1.2900	8493
1.2950	8917
1.3000	8473
1.3050	8467
1.3100	8562
1.3150	8825
1.3200	8916
1.3250	8806
1.3300	8398
1.3350	8631
1.3400	8666
1.3450	8952
1.3500	8966
1.3550	8545
1.3600	8703
1.3650	8572
1.3700	8687
1.3750	8867
1.3800	8599
1.3850	9041
1.3900	8460
1.3950	8621
1.4000	8593
1.4050	8819
1.4100	8995
1.4150	8763
1.4200	8524
1.4250	8531
1.4300	8996
1.4350	8869
1.4400	8818
1.4450	8278
1.4500	8723
1.4550	8752
1.4600	8646
1.4650	8826
1.4700	8562
1.4750	8901
1.4800	8413
1.4850	8603
1.4900	8676
1.4950	8950
1.5000	8723
1.5050	8677
1.5100	8261
1.5150	8499
1.5200	8945
1.5250	8965
1.5300	8875
1.5350	8381
1.5400	8821
1.5450	8744
1.5500	8643
1.5550	8994
1.5600	8377
1.5650	8943
1.5700	8381
1.5750	8571
1.5800	8524
1.5850	8679
1.5900	8811
1.5950	8665
1.6000	8419
1.6050	8431
1.6100	8932
1.6150	8892
1.6200	8978
1.6250	8539
1.6300	8617
1.6350	8830
1.6400	8877
1.6450	9033
1.6500	8527
1.6550	8981
1.6600	8605
1.6650	8535
1.6700	8735
1.6750	8816
1.6800	8883
1.6850	8581
1.6900	8303
1.6950	8598
1.7000	8892
1.7050	8945
1.7100	8902
1.7150	8507
1.7200	8716
1.7250	8752
1.7300	8711
1.7350	9070
1.7400	8473
1.7450	8889
1.7500	8418
1.7550	8658
1.7600	8636
1.7650	8823
1.7700	8866
1.7750	8756
1.7800	8336
1.7850	8426
1.7900	8866
1.7950	9086
1.8000	8887
1.8050	8462
1.8100	8631
1.8150	8976
1.8200	8747
1.8250	8858
1.8300	8418
1.8350	8871
1.8400	8580
1.8450	8608
1.8500	8702
1.8550	8819
1.8600	9064
1.8650	8717
1.8700	8394
1.8750	8581
1.8800	8982
1.8850	8916
1.8900	8650
1.8950	8422
1.9000	8628
1.9050	8737
1.9100	8762
1.9150	9062
1.9200	8480
1.9250	8896
1.9300	8475
1.9350	8622
1.9400	8903
1.9450	8632
1.9500	8992
1.9550	8740
1.9600	8422
1.9650	8527
1.9700	8839
1.9750	8962
1.9800	8768
1.9850	8408
1.9900	8737
1.9950	8904
2.0000	8837
2.0050	8966
2.0100	8452
2.0150	8987
2.0200	8584
2.0250	8653
2.0300	8737
2.0350	8761
2.0400	9150
2.0450	8461
2.0500	8496
2.0550	8552
2.0600	8833
2.0650	9038
2.0700	8786
2.0750	8567
2.0800	8587
2.0850	8753
2.0900	8805
2.0950	8919
2.1000	8378
2.1050	8835
2.1100	8416
2.1150	8742
2.1200	8784
2.1250	8549
2.1300	8929
2.1350	8479
2.1400	8535
2.1450	8493
2.1500	8839
2.1550	8956
2.1600	8684
2.1650	8528
2.1700	8612
2.1750	8903
2.1800	8871
2.1850	8920
2.1900	8256
2.1950	8895
2.2000	8506
2.2050	8609
2.2100	8654
2.2150	8615
2.2200	9048
2.2250	8552
2.2300	8324
2.2350	8536
2.2400	9004
2.2450	9001
2.2500	8614
2.2550	8523
2.2600	8735
2.2650	8828
2.2700	8752
2.2750	9059
2.2800	8429
2.2850	9031
2.2900	8663
2.2950	8645
2.3000	8859
2.3050	8545
2.3100	9000
2.3150	8475
2.3200	8550
2.3250	8537
2.3300	8793
2.3350	8947
2.3400	8635
2.3450	8476
2.3500	8566
2.3550	8951
2.3600	8864
2.3650	8941
2.3700	8379
2.3750	8904
2.3800	8466
2.3850	8848
2.3900	8633
2.3950	8703
2.4000	8966
2.4050	8572
2.4100	8396
2.4150	8663
2.4200	8638
2.4250	8943
2.4300	8641
2.4350	8533
2.4400	8579
2.4450	8996
2.4500	8867
2.4550	8967
2.4600	8324
2.4650	8750
2.4700	8703
2.4750	8861
2.4800	8696
2.4850	8611
2.4900	8956
2.4950	8585
2.5000	8372
2.5050	8662
2.5100	8666
2.5150	9070
2.5200	8612
2.5250	8453
2.5300	8553
2.5350	9038
2.5400	8957
2.5450	8967
2.5500	8361
2.5550	8936
2.5600	8626
2.5650	8643
2.5700	8694
2.5750	8625
2.5800	8897
2.5850	8416
2.5900	8309
2.5950	8665
2.6000	8720
2.6050	8915
2.6100	8504
2.6150	8449
2.6200	8373
2.6250	8969
2.6300	8969
2.6350	8982
2.6400	8479
2.6450	8855
2.6500	8636
2.6550	8778
2.6600	8976
2.6650	8508
2.6700	8795
2.6750	8644
2.6800	8474
2.6850	8602
2.6900	8719
2.6950	8968
2.7000	8701
2.7050	8480
2.7100	8469
2.7150	9161
2.7200	9068
2.7250	8822
2.7300	8330
2.7350	8876
2.7400	8737
2.7450	8702
2.7500	8761
2.7550	8544
2.7600	9091
2.7650	8540
2.7700	8466
2.7750	8723
2.7800	8771
2.7850	8892
2.7900	8507
2.7950	8456
2.8000	8466
2.8050	8822
2.8100	8902
2.8150	8661
2.8200	8365
2.8250	8672
2.8300	8679
2.8350	8861
2.8400	8998
2.8450	8489
2.8500	8970
2.8550	8673
2.8600	8511
2.8650	8706
2.8700	8845
2.8750	8925
2.8800	8645
2.8850	8372
2.8900	8404
2.8950	9082
2.9000	8906
2.9050	8808
2.9100	8456
2.9150	8735
2.9200	8740
2.9250	8821
2.9300	8863
2.9350	8580
2.9400	8952
2.9450	8546
2.9500	8570
2.9550	8817
2.9600	8663
2.9650	8961
2.9700	8479
2.9750	8458
2.9800	8494
2.9850	8948
2.9900	8878
2.9950	8811
3.0000	8379
3.0050	8775
3.0100	8712
3.0150	8637
3.0200	8823
3.0250	8364
3.0300	8885
3.0350	8521
3.0400	8478
3.0450	8632
3.0500	8577
3.0550	9075
3.0600	8386
3.0650	8425
3.0700	8463
3.0750	9027
3.0800	9014
3.0850	8688
3.0900	8406
3.0950	8754
3.1000	8827
3.1050	8735
3.1100	8935
3.1150	8630
3.1200	8879
3.1250	8635
3.1300	8583
3.1350	8734
3.1400	8628
3.1450	9042
3.1500	8567
3.1550	8547
3.1600	8574
3.1650	8813
3.1700	8934
3.1750	8632
3.1800	8308
3.1850	8668
3.1900	8731
3.1950	8764
3.2000	8878
3.2050	8309
3.2100	8828
3.2150	8647
3.2200	8636
3.2250	8640
3.2300	8670
3.2350	8987
3.2400	8398
3.2450	8515
3.2500	8591
3.2550	8933
3.2600	9157
3.2650	8895
3.2700	8234
3.2750	8571
3.2800	8667
3.2850	8825
3.2900	8934
3.2950	8459
3.3000	8924
3.3050	8661
3.3100	8575
3.3150	8800
3.3200	8692
3.3250	8942
3.3300	8509
3.3350	8545
3.3400	8496
3.3450	8744
3.3500	8962
3.3550	8902
3.3600	8483
3.3650	8716
3.3700	8720
3.3750	8820
3.3800	8915
3.3850	8351
3.3900	8819
3.3950	8718
3.4000	8603
3.4050	8744
3.4100	8531
3.4150	9052
3.4200	8554
3.4250	8374
3.4300	8446
3.4350	8911
3.4400	8780
3.4450	8642
3.4500	8401
3.4550	8674
3.4600	8968
3.4650	8998
3.4700	8844
3.4750	8429
3.4800	8928
3.4850	8650
3.4900	8610
3.4950	8917
3.5000	8605
3.5050	8958
3.5100	8437
3.5150	8543
3.5200	8573
3.5250	8675
3.5300	9073
3.5350	8742
3.5400	8435
3.5450	8667
3.5500	8776
3.5550	8995
3.5600	8962
3.5650	8554
3.5700	8889
3.5750	8697
3.5800	8658
3.5850	8760
3.5900	8495
3.5950	9142
3.6000	8378
3.6050	8623
3.6100	8488
3.6150	8839
3.6200	8955
3.6250	8735
3.6300	8353
3.6350	8673
3.6400	8898
3.6450	8976
3.6500	8844
3.6550	8457
3.6600	8734
3.6650	8777
3.6700	8659
3.6750	8836
3.6800	8521
3.6850	9119
3.6900	8234
3.6950	8717
3.7000	8590
3.7050	8840
3.7100	8864
3.7150	8738
3.7200	8502
3.7250	8683
3.7300	8915
3.7350	8956
3.7400	8994
3.7450	8427
3.7500	8690
3.7550	8652
3.7600	8819
3.7650	9009
3.7700	8505
3.7750	9081
3.7800	8583
3.7850	8421
3.7900	8451
3.7950	8847
3.8000	8992
3.8050	8712
3.8100	8291
3.8150	8583
3.8200	8812
3.8250	8873
3.8300	8873
3.8350	8553
3.8400	8740
3.8450	8731
3.8500	8746
3.8550	8780
3.8600	8483
3.8650	9122
3.8700	8323
3.8750	8697
3.8800	8794
3.8850	8663
3.8900	9011
3.8950	8653
3.9000	8540
3.9050	8494
3.9100	8808
3.9150	9070
3.9200	8784
3.9250	8377
3.9300	8666
3.9350	8801
3.9400	8806
3.9450	8837
3.9500	8398
3.9550	8958
3.9600	8621
3.9650	8466
3.9700	8657
3.9750	8807
3.9800	8892
3.9850	8614
3.9900	8280
3.9950	8595
4.0000	8879
4.0050	9074
4.0100	8794
4.0150	8467
4.0200	8534
4.0250	8897
4.0300	8802
4.0350	8993
4.0400	8443
4.0450	9124
4.0500	8541
4.0550	8552
4.0600	8699
4.0650	8587
4.0700	8851
4.0750	8616
4.0800	8437
4.0850	8642
4.0900	8854
4.0950	8938
4.1000	8702
4.1050	8483
4.1100	8664
4.1150	8848
4.1200	8712
4.1250	8897
4.1300	8362
4.1350	8964
4.1400	8641
4.1450	8536
4.1500	8540
4.1550	8617
4.1600	8974
4.1650	8618
4.1700	8400
4.1750	8488
4.1800	8768
4.1850	8839
4.1900	8737
4.1950	8535
4.2000	8686
4.2050	8795
4.2100	8725
4.2150	8986
4.2200	8463
4.2250	8808
4.2300	8498
4.2350	8369
4.2400	8668
4.2450	8737
4.2500	8914
4.2550	8565
4.2600	8480
4.2650	8516
4.2700	8739
4.2750	9110
4.2800	8798
4.2850	8444
4.2900	8660
4.2950	8789
4.3000	8931
4.3050	8836
4.3100	8273
4.3150	8913
4.3200	8611
4.3250	8639
4.3300	8671
4.3350	8804
4.3400	8953
4.3450	8540
4.3500	8465
4.3550	8500
4.3600	9014
4.3650	9028
4.3700	8721
4.3750	8505
4.3800	8572
4.3850	8805
4.3900	8702
4.3950	8927
4.4000	8370
4.4050	8783
4.4100	8602
4.4150	8672
4.4200	8520
4.4250	8658
4.4300	8848
4.4350	8540
4.4400	8303
4.4450	8585
4.4500	8842
4.4550	9105
4.4600	8687
4.4650	8418
4.4700	8543
4.4750	8882
4.4800	8859
4.4850	8934
4.4900	8374
4.4950	9050
4.5000	8745
4.5050	8561
4.5100	8639
4.5150	8701
4.5200	8970
4.5250	8615
4.5300	8350
4.5350	8448
4.5400	8819
4.5450	9141
4.5500	8721
4.5550	8503
4.5600	8653
4.5650	8843
4.5700	8938
4.5750	9077
4.5800	8456
4.5850	8780
4.5900	8667
4.5950	8618
4.6000	8782
4.6050	8540
4.6100	8965
4.6150	8649
4.6200	8500
4.6250	8432
4.6300	8817
4.6350	8988
4.6400	8762
4.6450	8510
4.6500	8506
4.6550	8990
4.6600	8687
4.6650	9072
4.6700	8371
4.6750	8875
4.6800	8814
4.6850	8652
4.6900	8742
4.6950	8680
4.7000	8963
4.7050	8515
4.7100	8263
4.7150	8658
4.7200	8747
4.7250	8947
4.7300	8735
4.7350	8448
4.7400	8534
4.7450	8850
4.7500	8791
4.7550	9031
4.7600	8575
4.7650	8785
4.7700	8718
4.7750	8646
4.7800	8721
4.7850	8609
4.7900	8849
4.7950	8629
4.8000	8431
4.8050	8485
4.8100	8782
4.8150	9072
4.8200	8711
4.8250	8508
4.8300	8561
4.8350	9049
4.8400	8825
4.8450	8786
4.8500	8334
4.8550	9012
4.8600	8679
4.8650	8714
4.8700	8772
4.8750	8463
4.8800	8951
4.8850	8487
4.8900	8331
4.8950	8699
4.9000	8885
4.9050	9024
4.9100	8640
4.9150	8400
4.9200	8558
4.9250	9021
4.9300	8881
4.9350	8968
4.9400	8287
4.9450	8696
4.9500	8553
4.9550	8822
4.9600	8798
4.9650	8478
4.9700	8745
4.9750	8494
4.9800	8359
4.9850	8505
4.9900	8823
4.9950	9054
5.0000	8665
5.0050	8459
5.0100	8286
5.0150	9024
5.0200	8883
5.0250	8803
5.0300	8443
5.0350	8794
5.0400	8672
5.0450	8808
5.0500	8846
5.0550	8553
5.0600	8940
5.0650	8348
5.0700	8384
5.0750	8538
5.0800	8859
5.0850	9062
5.0900	8543
5.0950	8496
5.1000	8461
5.1050	8849
5.1100	9032
5.1150	8822
5.1200	8400
5.1250	8706
5.1300	8560
5.1350	8768
5.1400	8769
5.1450	8488
5.1500	8863
5.1550	8367
5.1600	8437
5.1650	8583
5.1700	8694
5.1750	9015
5.1800	8530
5.1850	8316
5.1900	8502
5.1950	8966
5.2000	8937
5.2050	8929
5.2100	8405
5.2150	8874
5.2200	8628
5.2250	8844
5.2300	8808
5.2350	8514
5.2400	8840
5.2450	8623
5.2500	8417
5.2550	8608
5.2600	8680
5.2650	8986
5.2700	8620
5.2750	8553
5.2800	8369
5.2850	9025
5.2900	8917
5.2950	8957
5.3000	8580
5.3050	8637
5.3100	8701
5.3150	9096
5.3200	8922
5.3250	8374
5.3300	8961
5.3350	8718
5.3400	8486
5.3450	8687
5.3500	8721
5.3550	8854
5.3600	8586
5.3650	8494
5.3700	8377
5.3750	9118
5.3800	9027
5.3850	8794
5.3900	8304
5.3950	8748
5.4000	8766
5.4050	8790
5.4100	8960
5.4150	8497
5.4200	9039
5.4250	8567
5.4300	8734
5.4350	8699
5.4400	8800
5.4450	8873
5.4500	8431
5.4550	8390
5.4600	8480
5.4650	8843
5.4700	8799
5.4750	9013
5.4800	8528
5.4850	8685
5.4900	8698
5.4950	8843
5.5000	8837
5.5050	8479
5.5100	8870
5.5150	8777
5.5200	8498
5.5250	8692
5.5300	8561
5.5350	9194
5.5400	8567
5.5450	8236
5.5500	8373
5.5550	8888
5.5600	8971
5.5650	8783
5.5700	8450
5.5750	8738
5.5800	8775
5.5850	8883
5.5900	8842
5.5950	8560
5.6000	8973
5.6050	8678
5.6100	8607
5.6150	8843
5.6200	8656
5.6250	8808
5.6300	8446
5.6350	8602
5.6400	8448
5.6450	8821
5.6500	8876
5.6550	8801
5.6600	8459
5.6650	8722
5.6700	8588
5.6750	9043
5.6800	8917
5.6850	8360
5.6900	8893
5.6950	8609
5.7000	8682
5.7050	8606
5.7100	8596
5.7150	9115
5.7200	8512
5.7250	8365
5.7300	8381
5.7350	8942
5.7400	8955
5.7450	8711
5.7500	8411
5.7550	8687
5.7600	8893
5.7650	8873
5.7700	8820
5.7750	8413
5.7800	8869
5.7850	8445
5.7900	8581
5.7950	8783
5.8000	8657
5.8050	8864
5.8100	8446
5.8150	8468
5.8200	8504
5.8250	8773
5.8300	8958
5.8350	8838
5.8400	8359
5.8450	8582
5.8500	8837
5.8550	8861
5.8600	8955
5.8650	8446
5.8700	8773
5.8750	8751
5.8800	8591
5.8850	8872
5.8900	8496
5.8950	8949
5.9000	8623
5.9050	8411
5.9100	8474
5.9150	8993
5.9200	8959
5.9250	8700
5.9300	8345
5.9350	8635
5.9400	8813
5.9450	8926
5.9500	8903
5.9550	8543
5.9600	8836
5.9650	8816
5.9700	8586
5.9750	8909
5.9800	8540
5.9850	9083
5.9900	8200
5.9950	8439
6.0000	8507
6.0050	8963
6.0100	8990
6.0150	8626
6.0200	8450
6.0250	8666
6.0300	8736
6.0350	8912
6.0400	8916
6.0450	8536
6.0500	8696
6.0550	8683
6.0600	8626
6.0650	8913
6.0700	8467
6.0750	8932
6.0800	8362
6.0850	8408
6.0900	8412
6.0950	8875
6.1000	9005
6.1050	8788
6.1100	8499
6.1150	8509
6.1200	8856
6.1250	8942
6.1300	8863
6.1350	8437
6.1400	8765
6.1450	8766
6.1500	8592
6.1550	8900
6.1600	8475
6.1650	8937
6.1700	8491
6.1750	8615
6.1800	8655
6.1850	8611
6.1900	8723
6.1950	8772
6.2000	8376
6.2050	8498
6.2100	8759
6.2150	9086
6.2200	8797
6.2250	8512
6.2300	8787
6.2350	8705
6.2400	8749
6.2450	8925
6.2500	8390
6.2550	9131
6.2600	8428
6.2650	8494
6.2700	8516
6.2750	8818
6.2800	8958
6.2850	8578
6.2900	8408
6.2950	8548
6.3000	8951
6.3050	8946
6.3100	8715
6.3150	8547
6.3200	8757
6.3250	8674
6.3300	8623
6.3350	8960
6.3400	8611
6.3450	8865
6.3500	8314
6.3550	8570
6.3600	8640
6.3650	8867
6.3700	8806
6.3750	8732
6.3800	8457
6.3850	8361
6.3900	8890
6.3950	9086
6.4000	8845
6.4050	8346
6.4100	8829
6.4150	8785
6.4200	8729
6.4250	8839
6.4300	8326
6.4350	9054
6.4400	8468
6.4450	8517
6.4500	8625
6.4550	8878
6.4600	8957
6.4650	8534
6.4700	8330
6.4750	8671
6.4800	9089
6.4850	9107
6.4900	8770
6.4950	8500
6.5000	8748
6.5050	8763
6.5100	8641
6.5150	9115
6.5200	8598
6.5250	8925
6.5300	8625
6.5350	8649
6.5400	8714
6.5450	8659
6.5500	8780
6.5550	8573
6.5600	8504
6.5650	8428
6.5700	8720
6.5750	9119
6.5800	8653
6.5850	8417
6.5900	8508
6.5950	8788
6.6000	8628
6.6050	8925
6.6100	8429
6.6150	8841
6.6200	8407
6.6250	8607
6.6300	8484
6.6350	8836
6.6400	8918
6.6450	8563
6.6500	8341
6.6550	8463
6.6600	8875
6.6650	8973
6.6700	8751
6.6750	8526
6.6800	8382
6.6850	8802
6.6900	8651
6.6950	8939
6.7000	8318
6.7050	9024
6.7100	8525
6.7150	8616
6.7200	8651
6.7250	8563
6.7300	8851
6.7350	8652
6.7400	8444
6.7450	8559
6.7500	8843
6.7550	9095
6.7600	8734
6.7650	8339
6.7700	8465
6.7750	8889
6.7800	8769
6.7850	8863
6.7900	8340
6.7950	8939
6.8000	8561
6.8050	8684
6.8100	8582
6.8150	8575
6.8200	8899
6.8250	8465
6.8300	8347
6.8350	8568
6.8400	8892
6.8450	8983
6.8500	8589
6.8550	8441
6.8600	8534
6.8650	8860
6.8700	8835
6.8750	8903
6.8800	8573
6.8850	8875
6.8900	8579
6.8950	8696
6.9000	8699
6.9050	8475
6.9100	8857
6.9150	8625
6.9200	8539
6.9250	8550
6.9300	8769
6.9350	8927
6.9400	8675
6.9450	8455
6.9500	8787
6.9550	8944
6.9600	8890
6.9650	9103
6.9700	8361
6.9750	8859
6.9800	8531
6.9850	8556
6.9900	8578
6.9950	8623
7.0000	9067
7.0050	8527
7.0100	8303
7.0150	8404
7.0200	8720
7.0250	8818
7.0300	8743
7.0350	8483
7.0400	8689
7.0450	8930
7.0500	8950
7.0550	9081
7.0600	8431
7.0650	9037
7.0700	8760
7.0750	8784
7.0800	8662
7.0850	8616
7.0900	8864
7.0950	8465
7.1000	8463
7.1050	8536
7.1100	8761
7.1150	8911
7.1200	8691
7.1250	8421
7.1300	8498
7.1350	8842
7.1400	8866
7.1450	8979
7.1500	8223
7.1550	8813
7.1600	8691
7.1650	8714
7.1700	8816
7.1750	8474
7.1800	8982
7.1850	8388
7.1900	8219
7.1950	8704
7.2000	8784
7.2050	8845
7.2100	8475
7.2150	8493
7.2200	8578
7.2250	8836
7.2300	8875
7.2350	9030
7.2400	8343
7.2450	8809
7.2500	8686
7.2550	8719
7.2600	8869
7.2650	8563
7.2700	9062
7.2750	8560
7.2800	8392
7.2850	8525
7.2900	8769
7.2950	9027
7.3000	8723
7.3050	8433
7.3100	8470
7.3150	8955
7.3200	9016
7.3250	8750
7.3300	8586
7.3350	8836
7.3400	8654
7.3450	8664
7.3500	8719
7.3550	8626
7.3600	8959
7.3650	8345
7.3700	8258
7.3750	8719
7.3800	8721
7.3850	9081
7.3900	8406
7.3950	8421
7.4000	8422
7.4050	8688
7.4100	8734
7.4150	8979
7.4200	8408
7.4250	8916
7.4300	8583
7.4350	8818
7.4400	8825
7.4450	8602
7.4500	8927
7.4550	8617
7.4600	8438
7.4650	8637
7.4700	8696
7.4750	9050
7.4800	8703
7.4850	8324
7.4900	8427
7.4950	9175
7.5000	9068
7.5050	8788
7.5100	8347
7.5150	8840
7.5200	8780
7.5250	8669
7.5300	8664
7.5350	8553
7.5400	9002
7.5450	8596
7.5500	8431
7.5550	8619
7.5600	8610
7.5650	8825
7.5700	8463
7.5750	8498
7.5800	8571
7.5850	8804
7.5900	8841
7.5950	8884
7.6000	8450
7.6050	8667
7.6100	8653
7.6150	8913
7.6200	8869
7.6250	8537
7.6300	8916
7.6350	8581
7.6400	8507
7.6450	8621
7.6500	8654
7.6550	9048
7.6600	8634
7.6650	8465
7.6700	8352
7.6750	9123
7.6800	8915
7.6850	8865
7.6900	8362
7.6950	8813
7.7000	8734
7.7050	8656
7.7100	8802
7.7150	8586
7.7200	8843
7.7250	8570
7.7300	8432
7.7350	8718
7.7400	8746
7.7450	9062
7.7500	8423
7.7550	8487
7.7600	8506
7.7650	8820
7.7700	8832
7.7750	8888
7.7800	8412
7.7850	8728
7.7900	8737
7.7950	8912
7.8000	8770
7.8050	8392
7.8100	8877
7.8150	8526
7.8200	8625
7.8250	8747
7.8300	8691
7.8350	8952
7.8400	8465
7.8450	8220
7.8500	8346
7.8550	9026
7.8600	9007
7.8650	8769
7.8700	8289
7.8750	8847
7.8800	8822
7.8850	8907
7.8900	8817
7.8950	8454
7.9000	8913
7.9050	8543
7.9100	8414
7.9150	8698
7.9200	8611
7.9250	9174
7.9300	8336
7.9350	8399
7.9400	8398
7.9450	8754
7.9500	8843
7.9550	8784
7.9600	8466
7.9650	8639
7.9700	8691
7.9750	9031
7.9800	8832
7.9850	8372
7.9900	8831
7.9950	8600
8.0000	8360
8.0050	8644
8.0100	8622
8.0150	9084
8.0200	8449
8.0250	8360
8.0300	8404
8.0350	9090
8.0400	8893
8.0450	8829
8.0500	8409
8.0550	8629
8.0600	8827
8.0650	8881
8.0700	8913
8.0750	8474
8.0800	8762
8.0850	8594
8.0900	8446
8.0950	8673
8.1000	8734
8.1050	8999
8.1100	8333
8.1150	8490
8.1200	8441
8.1250	8867
8.1300	8958
8.1350	8833
8.1400	8329
8.1450	8727
8.1500	8702
8.1550	8947
8.1600	9004
8.1650	8413
8.1700	8844
8.1750	8665
8.1800	8597
8.1850	8763
8.1900	8519
8.1950	8988
8.2000	8594
8.2050	8534
8.2100	8556
8.2150	8901
8.2200	9043
8.2250	8697
8.2300	8277
8.2350	8677
8.2400	8815
8.2450	8749
8.2500	8820
8.2550	8333
8.2600	8801
8.2650	8729
8.2700	8372
8.2750	8903
8.2800	8588
8.2850	8935
8.2900	8517
8.2950	8658
8.3000	8468
8.3050	8750
8.3100	8929
8.3150	8782
8.3200	8290
8.3250	8640
8.3300	8872
8.3350	9023
8.3400	8860
8.3450	8566
8.3500	8750
8.3550	8709
8.3600	8654
8.3650	8717
8.3700	8455
8.3750	8934
8.3800	8588
8.3850	8529
8.3900	8430
8.3950	8781
8.4000	8988
8.4050	8741
8.4100	8205
8.4150	8688
8.4200	8975
8.4250	8878
8.4300	8830
8.4350	8395
8.4400	8730
8.4450	8631
8.4500	8575
8.4550	8812
8.4600	8376
8.4650	8853
8.4700	8262
8.4750	8484
8.4800	8584
8.4850	8620
8.4900	9033
8.4950	8741
8.5000	8387
8.5050	8600
8.5100	8752
8.5150	8931
8.5200	8712
8.5250	8428
8.5300	8619
8.5350	8543
8.5400	8766
8.5450	8836
8.5500	8401
8.5550	9170
8.5600	8429
8.5650	8333
8.5700	8537
8.5750	8840
8.5800	8978
8.5850	8576
8.5900	8323
8.5950	8725
8.6000	9001
8.6050	8952
8.6100	8783
8.6150	8398
8.6200	8686
8.6250	8568
8.6300	8651
8.6350	8865
8.6400	8484
8.6450	9031
8.6500	8393
8.6550	8549
8.6600	8495
8.6650	8730
8.6700	8885
8.6750	8618
8.6800	8453
8.6850	8536
8.6900	8787
8.6950	9109
8.7000	9040
8.7050	8520
8.7100	8727
8.7150	8863
8.7200	8701
8.7250	8795
8.7300	8397
8.7350	9125
8.7400	8440
8.7450	8510
8.7500	8555
8.7550	8800
8.7600	8790
8.7650	8514
8.7700	8292
8.7750	8608
8.7800	9053
8.7850	8963
8.7900	8753
8.7950	8477
8.8000	8922
8.8050	8744
8.8100	8769
8.8150	9013
8.8200	8577
8.8250	9000
8.8300	8281
8.8350	8572
8.8400	8575
8.8450	8597
8.8500	8949
8.8550	8760
8.8600	8563
8.8650	8519
8.8700	8919
8.8750	8969
8.8800	8814
8.8850	8442
8.8900	8785
8.8950	8814
8.9000	8698
8.9050	8960
8.9100	8355
8.9150	8821
8.9200	8552
8.9250	8699
8.9300	8579
8.9350	8683
8.9400	8997
8.9450	8650
8.9500	8372
8.9550	8413
8.9600	8917
8.9650	9064
8.9700	8755
8.9750	8455
8.9800	8686
8.9850	8856
8.9900	8670
8.9950	9031
9.0000	8519
9.0050	9117
9.0100	8563
9.0150	8568
9.0200	8697
9.0250	8764
9.0300	8736
9.0350	8647
9.0400	8461
9.0450	8563
9.0500	8820
9.0550	8996
9.0600	8927
9.0650	8324
9.0700	8526
9.0750	8862
9.0800	8835
9.0850	8926
9.0900	8389
9.0950	8979
9.1000	8730
9.1050	8626
9.1100	8559
9.1150	8542
9.1200	8978
9.1250	8539
9.1300	8332
9.1350	8634
9.1400	9038
9.1450	8921
9.1500	8834
9.1550	8494
9.1600	8697
9.1650	8953
9.1700	8749
9.1750	8964
9.1800	8417
9.1850	8823
9.1900	8378
9.1950	8572
9.2000	8738
9.2050	8696
9.2100	9042
9.2150	8598
9.2200	8373
9.2250	8521
9.2300	8931
9.2350	9121
9.2400	8527
9.2450	8573
9.2500	8579
9.2550	8772
9.2600	8906
9.2650	9028
9.2700	8402
9.2750	8845
9.2800	8605
9.2850	8626
9.2900	8588
9.2950	8687
9.3000	9100
9.3050	8536
9.3100	8448
9.3150	8466
9.3200	8868
9.3250	8900
9.3300	8715
9.3350	8582
9.3400	8582
9.3450	8872
9.3500	8904
9.3550	9024
9.3600	8428
9.3650	8847
9.3700	8466
9.3750	8521
9.3800	8779
9.3850	8587
9.3900	8837
9.3950	8668
9.4000	8407
9.4050	8550
9.4100	8846
9.4150	8827
9.4200	8696
9.4250	8439
9.4300	8525
9.4350	8821
9.4400	8870
9.4450	8991
9.4500	8267
9.4550	8790
9.4600	8596
9.4650	8734
9.4700	8789
9.4750	8668
9.4800	8835
9.4850	8471
9.4900	8240
9.4950	8640
9.5000	8755
9.5050	8931
9.5100	8668
9.5150	8518
9.5200	8620
9.5250	8823
9.5300	8822
9.5350	9059
9.5400	8395
9.5450	8795
9.5500	8517
9.5550	8789
9.5600	8682
9.5650	8691
9.5700	8949
9.5750	8455
9.5800	8390
9.5850	8629
9.5900	8731
9.5950	9075
9.6000	8713
9.6050	8402
9.6100	8424
9.6150	8960
9.6200	8976
9.6250	8949
9.6300	8354
9.6350	8986
9.6400	8723
9.6450	8634
9.6500	8675
9.6550	8632
9.6600	8895
9.6650	8363
9.6700	8394
9.6750	8649
9.6800	8887
9.6850	8934
9.6900	8631
9.6950	8715
9.7000	8636
9.7050	8895
9.7100	8997
9.7150	8983
9.7200	8452
9.7250	8936
9.7300	8730
9.7350	8743
9.7400	8939
9.7450	8501
9.7500	8852
9.7550	8497
9.7600	8488
9.7650	8607
9.7700	8653
9.7750	9033
9.7800	8769
9.7850	8537
9.7900	8488
9.7950	8949
9.8000	8900
9.8050	8814
9.8100	8322
9.8150	8743
9.8200	8871
9.8250	8950
9.8300	8916
9.8350	8533
9.8400	9094
9.8450	8615
9.8500	8384
9.8550	8625
9.8600	8667
9.8650	8895
9.8700	8681
9.8750	8474
9.8800	8548
9.8850	8888
9.8900	8829
9.8950	9090
9.9000	8434
9.9050	8744
9.9100	8570
9.9150	8719
9.9200	8663
9.9250	8408
9.9300	8713
9.9350	8399
9.9400	8582
9.9450	8622
9.9500	8511
9.9550	8937
9.9600	8575
9.9650	8511
9.9700	8537
9.9750	9120
9.9800	9031
9.9850	8693
9.9900	8327
9.9950	8822
10.0000	8818
10.0050	8769
10.0100	8685
10.0150	8491
10.0200	8944
10.0250	8552
10.0300	8525
10.0350	8608
10.0400	8649
10.0450	8886
10.0500	8561
10.0550	8521
10.0600	8466
10.0650	8919
10.0700	8831
10.0750	8879
10.0800	8481
10.0850	8712
10.0900	8686
10.0950	8849
10.1000	8807
10.1050	8608
10.1100	8837
10.1150	8642
10.1200	8514
10.1250	8730
10.1300	8576
10.1350	8995
10.1400	8736
10.1450	8484
10.1500	8310
10.1550	9001
10.1600	9104
10.1650	8923
10.1700	8209
10.1750	8569
10.1800	8821
10.1850	8739
10.1900	8823
10.1950	8459
10.2000	8990
10.2050	8545
10.2100	8520
10.2150	8715
10.2200	8582
10.2250	8933
10.2300	8480
10.2350	8548
10.2400	8436
10.2450	8959
10.2500	8835
10.2550	8750
10.2600	8492
10.2650	8724
10.2700	8693
10.2750	8758
10.2800	9008
10.2850	8636
10.2900	8802
10.2950	8669
10.3000	8613
10.3050	8851
10.3100	8500
10.3150	9021
10.3200	8612
10.3250	8299
10.3300	8493
10.3350	8897
10.3400	9107
10.3450	8834
10.3500	8387
10.3550	8718
10.3600	8668
10.3650	8962
10.3700	8841
10.3750	8517
10.3800	9047
10.3850	8706
10.3900	8382
10.3950	8758
10.4000	8650
10.4050	9039
10.4100	8634
10.4150	8485
10.4200	8555
10.4250	8805
10.4300	8987
10.4350	8790
10.4400	8413
10.4450	8761
10.4500	8905
10.4550	8886
10.4600	8891
10.4650	8509
10.4700	8806
10.4750	8663
10.4800	8580
10.4850	8747
10.4900	8645
10.4950	8994
10.5000	8636
10.5050	8402
10.5100	8405
10.5150	8770
10.5200	8776
10.5250	8755
10.5300	8188
10.5350	8537
10.5400	8909
10.5450	8828
10.5500	8896
10.5550	8462
10.5600	8835
10.5650	8563
10.5700	8586
10.5750	8800
10.5800	8612
10.5850	9140
10.5900	8426
10.5950	8492
10.6000	8530
10.6050	8764
10.6100	8959
10.6150	8844
10.6200	8384
10.6250	8710
10.6300	8845
10.6350	8821
10.6400	8982
10.6450	8402
10.6500	8838
10.6550	8685
10.6600	8507
10.6650	8744
10.6700	8398
10.6750	9157
10.6800	8653
10.6850	8388
10.6900	8553
10.6950	8932
10.7000	9079
10.7050	8791
10.7100	8382
10.7150	8725
10.7200	9018
10.7250	8969
10.7300	8906
10.7350	8525
10.7400	8867
10.7450	8647
10.7500	8642
10.7550	8908
10.7600	8555
10.7650	8951
10.7700	8350
10.7750	8581
10.7800	8665
10.7850	8679
10.7900	8983
10.7950	8724
10.8000	8443
10.8050	8682
10.8100	8722
10.8150	8889
10.8200	8982
10.8250	8330
10.8300	8714
10.8350	8590
10.8400	8600
10.8450	8847
10.8500	8396
10.8550	9142
10.8600	8479
10.8650	8449
10.8700	8482
10.8750	8908
10.8800	8989
10.8850	8575
10.8900	8286
10.8950	8533
10.9000	8874
10.9050	8881
10.9100	8906
10.9150	8404
10.9200	8720
10.9250	8585
10.9300	8585
10.9350	8789
10.9400	8383
10.9450	8826
10.9500	8520
10.9550	8522
10.9600	8498
10.9650	8889
10.9700	8818
10.9750	8755
10.9800	8381
10.9850	8666
10.9900	8952
10.9950	9066
11.0000	8798
11.0050	8350
11.0100	8736
11.0150	8757
11.0200	8605
11.0250	8820
11.0300	8600
11.0350	8991
11.0400	8543
11.0450	8453
11.0500	8541
11.0550	8788
11.0600	9025
11.0650	8602
11.0700	8220
11.0750	8645
11.0800	8923
11.0850	9019
11.0900	8828
11.0950	8545
11.1000	8630
11.1050	8829
11.1100	8737
11.1150	8889
11.1200	8489
11.1250	8975
11.1300	8448
11.1350	8517
11.1400	8568
11.1450	8842
11.1500	8889
11.1550	8783
11.1600	8470
11.1650	8493
11.1700	8855
11.1750	9120
11.1800	8909
11.1850	8468
11.1900	8613
11.1950	8717
11.2000	8730
11.2050	8879
11.2100	8487
11.2150	8925
11.2200	8634
11.2250	8397
11.2300	8597
11.2350	8812
11.2400	8910
11.2450	8718
11.2500	8323
11.2550	8503
11.2600	9114
11.2650	8950
11.2700	8717
11.2750	8597
11.2800	8706
11.2850	8793
11.2900	8677
11.2950	8924
11.3000	8512
11.3050	8922
11.3100	8492
11.3150	8621
11.3200	8603
11.3250	8601
11.3300	8941
11.3350	8807
11.3400	8558
11.3450	8479
11.3500	8873
11.3550	8977
11.3600	8844
11.3650	8379
11.3700	8562
11.3750	8922
11.3800	8852
11.3850	8918
11.3900	8451
11.3950	9072
11.4000	8579
11.4050	8538
11.4100	8633
11.4150	8717
11.4200	9024
11.4250	8530
11.4300	8269
11.4350	8564
11.4400	8798
11.4450	8957
11.4500	8723
11.4550	8443
11.4600	8702
11.4650	9013
11.4700	8859
11.4750	9043
11.4800	8384
11.4850	8933
11.4900	8541
11.4950	8497
11.5000	8707
11.5050	8560
11.5100	8927
11.5150	8585
11.5200	8438
11.5250	8338
11.5300	8835
11.5350	8978
11.5400	8555
11.5450	8428
11.5500	8570
11.5550	8919
11.5600	8813
11.5650	8902
11.5700	8326
11.5750	8904
11.5800	8458
11.5850	8530
11.5900	8642
11.5950	8720
11.6000	9117
11.6050	8407
11.6100	8402
11.6150	8514
11.6200	8961
11.6250	9017
11.6300	8679
11.6350	8490
11.6400	8654
11.6450	8745
11.6500	8757
11.6550	8944
11.6600	8311
11.6650	9133
11.6700	8499
11.6750	8640
11.6800	8805
11.6850	8756
11.6900	8814
11.6950	8489
11.7000	8384
11.7050	8643
11.7100	8745
11.7150	9055
11.7200	8720
11.7250	8426
11.7300	8494
11.7350	8859
11.7400	8900
11.7450	8903
11.7500	8253
11.7550	8880
11.7600	8564
11.7650	8532
11.7700	8646
11.7750	8748
11.7800	9147
11.7850	8416
11.7900	8454
11.7950	8489
11.8000	8875
11.8050	9100
11.8100	8647
11.8150	8481
11.8200	8715
11.8250	8891
11.8300	8610
11.8350	8988
11.8400	8437
11.8450	9089
11.8500	8532
11.8550	8730
11.8600	8676
11.8650	8581
11.8700	9009
11.8750	8463
11.8800	8405
11.8850	8544
11.8900	8727
11.8950	9022
11.9000	8667
11.9050	8493
11.9100	8365
11.9150	8936
11.9200	8939
11.9250	8827
11.9300	8371
11.9350	8919
11.9400	8655
11.9450	8581
11.9500	8609
11.9550	8651
11.9600	8873
11.9650	8541
11.9700	8350
11.9750	8603
11.9800	8812
11.9850	9005
11.9900	8527
11.9950	8516
12.0000	8511
12.0050	8965
12.0100	8792
12.0150	8849
12.0200	8448
12.0250	8912
12.0300	8745
12.0350	8772
12.0400	8923
12.0450	8495
12.0500	8986
12.0550	8412
12.0600	8563
12.0650	8505
12.0700	8527
12.0750	9159
12.0800	8871
12.0850	8451
12.0900	8426
12.0950	9150
12.1000	8999
12.1050	9007
12.1100	8367
12.1150	8897
12.1200	8715
12.1250	8725
12.1300	8853
12.1350	8526
12.1400	8947
12.1450	8461
12.1500	8271
12.1550	8753
12.1600	8734
12.1650	9064
12.1700	8606
12.1750	8431
12.1800	8600
12.1850	8843
12.1900	8873
12.1950	9004
12.2000	8441
12.2050	8750
12.2100	8619
12.2150	8726
12.2200	8840
12.2250	8610
12.2300	8925
12.2350	8462
12.2400	8421
12.2450	8642
12.2500	8758
12.2550	9057
12.2600	8633
12.2650	8421
12.2700	8526
12.2750	8994
12.2800	8975
12.2850	8956
12.2900	8312
12.2950	9126
12.3000	8653
12.3050	8734
12.3100	8722
12.3150	8642
12.3200	9112
12.3250	8364
12.3300	8427
12.3350	8731
12.3400	8753
12.3450	8958
12.3500	8634
12.3550	8598
12.3600	8539
12.3650	8935
12.3700	8884
12.3750	8843
12.3800	8444
12.3850	8839
12.3900	8667
12.3950	8865
12.4000	8911
12.4050	8430
12.4100	8935
12.4150	8488
12.4200	8464
12.4250	8791
12.4300	8683
12.4350	8918
12.4400	8689
12.4450	8264
12.4500	8514
12.4550	9097
12.4600	8915
12.4650	8929
12.4700	8370
12.4750	8704
12.4800	8627
12.4850	8677
12.4900	8761
12.4950	8392
12.5000	8883
12.5050	8630
12.5100	8489
12.5150	8751
12.5200	8613
12.5250	9031
12.5300	8361
12.5350	8443
12.5400	8430
12.5450	8995
12.5500	8941
12.5550	8778
12.5600	8464
12.5650	8674
12.5700	8670
12.5750	8853
12.5800	8901
12.5850	8446
12.5900	8826
12.5950	8512
12.6000	8489
12.6050	8649
12.6100	8567
12.6150	9097
12.6200	8477
12.6250	8437
12.6300	8443
12.6350	8912
12.6400	8948
12.6450	8792
12.6500	8358
12.6550	8660
12.6600	8829
12.6650	8694
12.6700	8915
12.6750	8532
12.6800	8909
12.6850	8604
12.6900	8427
12.6950	8924
12.7000	8684
12.7050	8821
12.7100	8531
12.7150	8413
12.7200	8455
12.7250	8930
12.7300	8788
12.7350	8799
12.7400	8420
12.7450	8663
12.7500	8698
12.7550	8987
12.7600	8975
12.7650	8430
12.7700	8881
12.7750	8580
12.7800	8575
12.7850	8676
12.7900	8566
12.7950	8991
12.8000	8652
12.8050	8591
12.8100	8417
12.8150	8884
12.8200	9067
12.8250	8712
12.8300	8451
12.8350	8759
12.8400	8671
12.8450	9036
12.8500	8889
12.8550	8386
12.8600	8838
12.8650	8631
12.8700	8650
12.8750	8757
12.8800	8680
12.8850	8959
12.8900	8470
12.8950	8414
12.9000	8472
12.9050	8861
12.9100	8866
12.9150	8870
12.9200	8563
12.9250	8545
12.9300	8606
12.9350	8839
12.9400	8894
12.9450	8445
12.9500	8665
12.9550	8604
12.9600	8468
12.9650	8796
12.9700	8512
12.9750	9108
12.9800	8466
12.9850	8529
12.9900	8355
12.9950	8949
13.0000	9039
13.0050	8770
13.0100	8408
13.0150	8607
13.0200	8855
13.0250	8766
13.0300	8982
13.0350	8524
13.0400	8914
13.0450	8557
13.0500	8502
13.0550	8682
13.0600	8640
13.0650	8913
13.0700	8437
13.0750	8727
13.0800	8522
13.0850	8963
13.0900	8937
13.0950	8769
13.1000	8440
13.1050	8600
13.1100	8758
13.1150	8956
13.1200	9004
13.1250	8332
13.1300	8832
13.1350	8700
13.1400	8679
13.1450	8920
13.1500	8457
13.1550	9037
13.1600	8560
13.1650	8551
13.1700	8353
13.1750	8862
13.1800	8834
13.1850	8574
13.1900	8338
13.1950	8566
13.2000	8816
13.2050	8943
13.2100	8865
13.2150	8586
13.2200	8889
13.2250	8563
13.2300	8557
13.2350	8830
13.2400	8663
13.2450	8974
13.2500	8410
13.2550	8539
13.2600	8544
13.2650	8763
13.2700	8820
13.2750	8663
13.2800	8399
13.2850	8625
13.2900	8713
13.2950	8999
13.3000	8838
13.3050	8406
13.3100	8657
13.3150	8873
13.3200	8571
13.3250	8966
13.3300	8493
13.3350	8961
13.3400	8392
13.3450	8478
13.3500	8599
13.3550	8901
13.3600	8916
13.3650	8689
13.3700	8492
13.3750	8572
13.3800	8927
13.3850	8992
13.3900	8882
13.3950	8416
13.4000	8861
13.4050	8737
13.4100	8700
13.4150	9001
13.4200	8458
13.4250	8844
13.4300	8424
13.4350	8499
13.4400	8560
13.4450	8843
13.4500	8847
13.4550	8733
13.4600	8528
13.4650	8517
13.4700	8864
13.4750	9156
13.4800	8721
13.4850	8402
13.4900	8673
13.4950	8748
13.5000	8837
13.5050	8694
13.5100	8419
13.5150	9039
13.5200	8452
13.5250	8483
13.5300	8444
13.5350	8819
13.5400	8917
13.5450	8599
13.5500	8368
13.5550	8474
13.5600	8978
13.5650	9011
13.5700	8689
13.5750	8484
13.5800	8671
13.5850	8652
13.5900	8679
13.5950	8844
13.6000	8506
13.6050	9003
13.6100	8430
13.6150	8522
13.6200	8741
13.6250	8738
13.6300	8882
13.6350	8574
13.6400	8511
13.6450	8409
13.6500	8901
13.6550	9000
13.6600	8927
13.6650	8576
13.6700	8676
13.6750	8760
13.6800	8735
13.6850	8930
13.6900	8422
13.6950	9023
13.7000	8523
13.7050	8664
13.7100	8670
13.7150	8801
13.7200	8851
13.7250	8660
13.7300	8390
13.7350	8694
13.7400	8859
13.7450	9080
13.7500	8724
13.7550	8419
13.7600	8623
13.7650	8806
13.7700	8712
13.7750	9048
13.7800	8423
13.7850	8905
13.7900	8538
13.7950	8611
13.8000	8630
13.8050	8644
13.8100	8751
13.8150	8511
13.8200	8428
13.8250	8494
13.8300	8807
13.8350	8965
13.8400	8624
13.8450	8408
13.8500	8683
13.8550	8793
13.8600	8868
13.8650	8823
13.8700	8303
13.8750	8962
13.8800	8696
13.8850	8614
13.8900	8638
13.8950	8741
13.9000	8990
13.9050	8677
13.9100	8436
13.9150	8542
13.9200	8965
13.9250	8890
13.9300	8767
13.9350	8548
13.9400	8647
13.9450	8885
13.9500	8869
13.9550	8867
13.9600	8479
13.9650	8951
13.9700	8564
13.9750	8803
13.9800	8691
13.9850	8832
13.9900	8741
13.9950	8502
14.0000	8537
14.0050	8525
14.0100	8770
14.0150	8987
14.0200	8877
14.0250	8581
14.0300	8627
14.0350	8884
14.0400	8935
14.0450	8948
14.0500	8310
14.0550	8984
14.0600	8479
14.0650	8522
14.0700	8602
14.0750	8686
14.0800	8924
14.0850	8478
14.0900	8443
14.0950	8420
14.1000	8868
14.1050	9129
14.1100	8572
14.1150	8527
14.1200	8726
14.1250	8696
14.1300	8786
14.1350	9144
14.1400	8380
14.1450	8865
14.1500	8555
14.1550	8710
14.1600	8827
14.1650	8565
14.1700	8844
14.1750	8513
14.1800	8313
14.1850	8470
14.1900	8768
14.1950	9069
14.2000	8781
14.2050	8386
14.2100	8542
14.2150	8920
14.2200	8941
14.2250	8979
14.2300	8244
14.2350	8946
14.2400	8565
14.2450	8519
14.2500	8675
14.2550	8671
14.2600	9073
14.2650	8633
14.2700	8334
14.2750	8480
14.2800	8907
14.2850	8874
14.2900	8561
14.2950	8580
14.3000	8510
14.3050	8774
14.3100	8923
14.3150	8999
14.3200	8356
14.3250	8702
14.3300	8610
14.3350	8654
14.3400	8812
14.3450	8597
14.3500	8933
14.3550	8496
14.3600	8424
14.3650	8512
14.3700	8875
14.3750	8900
14.3800	8695
14.3850	8429
14.3900	8440
14.3950	8801
14.4000	8945
14.4050	8854
14.4100	8454
14.4150	8850
14.4200	8694
14.4250	8704
14.4300	8671
14.4350	8844
14.4400	9016
14.4450	8548
14.4500	8280
14.4550	8637
14.4600	8783
14.4650	9020
14.4700	8608
14.4750	8524
14.4800	8493
14.4850	8983
14.4900	8938
14.4950	8939
14.5000	8386
14.5050	8641
14.5100	8552
14.5150	8813
14.5200	8749
14.5250	8463
14.5300	8858
14.5350	8559
14.5400	8361
14.5450	8683
14.5500	8787
14.5550	8942
14.5600	8801
14.5650	8525
14.5700	8282
14.5750	8900
14.5800	8992
14.5850	8922
14.5900	8403
14.5950	8728
14.6000	8826
14.6050	8637
14.6100	8829
14.6150	8668
14.6200	8991
14.6250	8439
14.6300	8316
14.6350	8522
14.6400	8879
14.6450	9052
14.6500	8555
14.6550	8579
14.6600	8554
14.6650	8878
14.6700	8930
14.6750	8932
14.6800	8452
14.6850	8637
14.6900	8704
14.6950	8823
14.7000	8935
14.7050	8439
14.7100	8902
14.7150	8654
14.7200	8513
14.7250	8618
14.7300	8523
14.7350	9049
14.7400	8660
14.7450	8376
14.7500	8371
14.7550	9056
14.7600	8946
14.7650	8938
14.7700	8446
14.7750	8805
14.7800	8877
14.7850	8886
14.7900	8746
14.7950	8608
14.8000	9016
14.8050	8478
14.8100	8572
14.8150	8584
14.8200	8852
14.8250	9040
14.8300	8550
14.8350	8576
14.8400	8563
14.8450	9115
14.8500	8809
14.8550	8834
14.8600	8367
14.8650	8850
14.8700	8674
14.8750	8790
14.8800	8902
14.8850	8414
14.8900	9047
14.8950	8641
14.9000	8659
14.9050	8718
14.9100	8681
14.9150	8941
14.9200	8502
14.9250	8534
14.9300	8406
14.9350	9079
14.9400	9028
14.9450	9027
14.9500	8393
14.9550	8738
14.9600	8709
14.9650	8950
14.9700	8867
14.9750	8537
14.9800	9012
14.9850	8620
14.9900	8439
14.9950	8698
15.0000	8732
15.0050	9096
15.0100	8518
15.0150	8580
15.0200	8540
15.0250	8978
15.0300	9130
15.0350	8909
15.0400	8376
15.0450	8619
15.0500	8716
15.0550	8743
15.0600	8925
15.0650	8353
15.0700	8779
15.0750	8628
15.0800	8584
15.0850	8650
15.0900	8493
15.0950	8981
15.1000	8544
15.1050	8477
15.1100	8454
15.1150	8994
15.1200	9143
15.1250	8936
15.1300	8431
15.1350	8795
15.1400	8837
15.1450	8964
15.1500	8824
15.1550	8570
15.1600	8883
15.1650	8658
15.1700	8635
15.1750	8695
15.1800	8700
15.1850	9028
15.1900	8390
15.1950	8531
15.2000	8535
15.2050	8938
15.2100	8847
15.2150	8826
15.2200	8399
15.2250	8687
15.2300	8759
15.2350	8705
15.2400	8998
15.2450	8599
15.2500	8904
15.2550	8746
15.2600	8554
15.2650	8866
15.2700	8485
15.2750	9036
15.2800	8454
15.2850	8550
15.2900	8282
15.2950	8898
15.3000	9049
15.3050	8781
15.3100	8429
15.3150	8714
15.3200	9034
15.3250	8796
15.3300	8878
15.3350	8528
15.3400	8926
15.3450	8785
15.3500	8588
15.3550	8764
15.3600	8670
15.3650	8856
15.3700	8501
15.3750	8530
15.3800	8644
15.3850	8958
15.3900	8949
15.3950	8751
15.4000	8435
15.4050	8686
15.4100	8782
15.4150	8908
15.4200	8945
15.4250	8526
15.4300	8845
15.4350	8738
15.4400	8538
15.4450	8854
15.4500	8396
15.4550	9056
15.4600	8580
15.4650	8414
15.4700	8339
15.4750	8886
15.4800	9054
15.4850	8628
15.4900	8419
15.4950	8824
15.5000	8981
15.5050	8870
15.5100	8776
15.5150	8469
15.5200	8845
15.5250	8664
15.5300	8671
15.5350	8895
15.5400	8653
15.5450	8824
15.5500	8367
15.5550	8409
15.5600	8624
15.5650	8946
15.5700	8874
15.5750	8905
15.5800	8371
15.5850	8604
15.5900	8813
15.5950	8981
15.6000	9036
15.6050	8358
15.6100	8696
15.6150	8743
15.6200	8616
15.6250	8744
15.6300	8595
15.6350	8927
15.6400	8475
15.6450	8293
15.6500	8438
15.6550	8732
15.6600	9019
15.6650	8632
15.6700	8355
15.6750	8677
15.6800	8971
15.6850	8920
15.6900	8827
15.6950	8524
15.7000	8840
15.7050	8670
15.7100	8611
15.7150	8896
15.7200	8396
15.7250	8893
15.7300	8410
15.7350	8474
15.7400	8562
15.7450	8741
15.7500	8736
15.7550	8686
15.7600	8494
15.7650	8499
15.7700	8808
15.7750	9073
15.7800	8866
15.7850	8497
15.7900	8682
15.7950	8672
15.8000	8781
15.8050	8810
15.8100	8451
15.8150	9006
15.8200	8450
15.8250	8441
15.8300	8509
15.8350	8776
15.8400	9016
15.8450	8626
15.8500	8470
15.8550	8550
15.8600	9027
15.8650	8985
15.8700	8709
15.8750	8380
15.8800	8882
15.8850	8789
15.8900	8750
15.8950	8842
15.9000	8570
15.9050	8999
15.9100	8363
15.9150	8423
15.9200	8476
15.9250	8844
15.9300	8964
15.9350	8681
15.9400	8388
15.9450	8654
15.9500	8853
15.9550	8969
15.9600	8929
15.9650	8531
15.9700	8581
15.9750	8658
15.9800	8830
15.9850	8980
15.9900	8611
15.9950	9028
16.0000	8592
16.0050	8510
16.0100	8480
16.0150	8763
16.0200	8870
16.0250	8864
16.0300	8325
16.0350	8710
16.0400	8997
16.0450	9010
16.0500	8743
16.0550	8459
16.0600	8625
16.0650	8873
16.0700	8695
16.0750	9013
16.0800	8568
16.0850	9011
16.0900	8503
16.0950	8529
16.1000	8613
16.1050	8625
16.1100	8780
16.1150	8546
16.1200	8562
16.1250	8566
16.1300	8713
16.1350	9034
16.1400	8733
16.1450	8502
16.1500	8655
16.1550	8876
16.1600	8891
16.1650	8955
16.1700	8319
16.1750	8768
16.1800	8595
16.1850	8592
16.1900	8546
16.1950	8718
16.2000	9032
16.2050	8664
16.2100	8213
16.2150	8451
16.2200	8797
16.2250	9130
16.2300	8698
16.2350	8489
16.2400	8687
16.2450	8886
16.2500	8698
16.2550	8930
16.2600	8440
16.2650	8975
16.2700	8428
16.2750	8565
16.2800	8660
16.2850	8590
16.2900	8853
16.2950	8540
16.3000	8405
16.3050	8520
16.3100	8955
16.3150	8964
16.3200	9014
16.3250	8393
16.3300	8596
16.3350	9024
16.3400	8969
16.3450	9009
16.3500	8408
16.3550	8949
16.3600	8593
16.3650	8717
16.3700	8497
16.3750	8791
16.3800	8964
16.3850	8684
16.3900	8406
16.3950	8503
16.4000	8975
16.4050	8939
16.4100	8699
16.4150	8570
16.4200	8503
16.4250	8825
16.4300	8734
16.4350	8997
16.4400	8501
16.4450	9028
16.4500	8541
16.4550	8715
16.4600	8747
16.4650	8655
16.4700	8795
16.4750	8432
16.4800	8674
16.4850	8448
16.4900	8836
16.4950	9081
16.5000	8849
16.5050	8387
16.5100	8536
16.5150	8847
16.5200	8925
16.5250	8920
16.5300	8363
16.5350	8858
16.5400	8696
16.5450	8509
16.5500	8639
16.5550	8651
16.5600	9017
16.5650	8571
16.5700	8342
16.5750	8531
16.5800	8875
16.5850	8956
16.5900	8664
16.5950	8576
16.6000	8651
16.6050	8990
16.6100	8685
16.6150	8990
16.6200	8421
16.6250	8855
16.6300	8680
16.6350	8722
16.6400	8681
16.6450	8704
16.6500	8874
16.6550	8532
16.6600	8430
16.6650	8636
16.6700	8835
16.6750	9041
16.6800	8878
16.6850	8414
16.6900	8433
16.6950	8950
16.7000	8890
16.7050	8937
16.7100	8441
16.7150	8920
16.7200	8520
16.7250	8727
16.7300	8750
16.7350	8587
16.7400	9029
16.7450	8458
16.7500	8361
16.7550	8640
16.7600	8620
16.7650	9048
16.7700	8561
16.7750	8581
16.7800	8628
16.7850	8881
16.7900	8985
16.7950	8860
16.8000	8545
16.8050	8815
16.8100	8570
16.8150	8857
16.8200	8721
16.8250	8468
16.8300	8875
16.8350	8521
16.8400	8502
16.8450	8648
16.8500	8754
16.8550	9048
16.8600	8718
16.8650	8507
16.8700	8332
16.8750	8962
16.8800	8850
16.8850	9000
16.8900	8477
16.8950	8756
16.9000	8757
16.9050	8736
16.9100	8839
16.9150	8471
16.9200	9035
16.9250	8489
16.9300	8405
16.9350	8560
16.9400	8817
16.9450	9061
16.9500	8388
16.9550	8483
16.9600	8489
16.9650	8960
16.9700	8953
16.9750	9056
16.9800	8487
16.9850	8807
16.9900	8487
16.9950	8988
17.0000	8942
17.0050	8580
17.0100	8909
17.0150	8616
17.0200	8380
17.0250	8605
17.0300	8648
17.0350	8999
17.0400	8729
17.0450	8563
17.0500	8446
17.0550	9135
17.0600	8771
17.0650	8919
17.0700	8432
17.0750	8841
17.0800	8812
17.0850	8833
17.0900	8701
17.0950	8500
17.1000	9085
17.1050	8661
17.1100	8567
17.1150	8804
17.1200	8820
17.1250	9054
17.1300	8489
17.1350	8497
17.1400	8488
17.1450	8930
17.1500	8970
17.1550	8999
17.1600	8556
17.1650	8750
17.1700	8530
17.1750	8794
17.1800	8931
17.1850	8516
17.1900	8995
17.1950	8487
17.2000	8474
17.2050	8594
17.2100	8787
17.2150	8960
17.2200	8625
17.2250	8440
17.2300	8428
17.2350	8940
17.2400	9028
17.2450	8954
17.2500	8253
17.2550	8833
17.2600	8786
17.2650	8891
17.2700	8798
17.2750	8525
17.2800	9075
17.2850	8687
17.2900	8379
17.2950	8614
17.3000	8677
17.3050	8893
17.3100	8668
17.3150	8479
17.3200	8527
17.3250	8893
17.3300	8940
17.3350	8903
17.3400	8400
17.3450	8773
17.3500	8712
17.3550	8870
17.3600	8893
17.3650	8520
17.3700	8870
17.3750	8601
17.3800	8505
17.3850	8848
17.3900	8608
17.3950	9007
17.4000	8626
17.4050	8494
17.4100	8316
17.4150	8905
17.4200	8840
17.4250	8751
17.4300	8358
17.4350	8631
17.4400	8770
17.4450	8743
17.4500	8790
17.4550	8464
17.4600	9035
17.4650	8607
17.4700	8486
17.4750	8801
17.4800	8629
17.4850	9029
17.4900	8478
17.4950	8429
17.5000	8478
17.5050	8824
17.5100	9023
17.5150	8919
17.5200	8423
17.5250	8643
17.5300	8792
17.5350	8830
17.5400	8900
17.5450	8491
17.5500	8768
17.5550	8651
17.5600	8714
17.5650	8667
17.5700	8495
17.5750	9038
17.5800	8634
17.5850	8416
17.5900	8354
17.5950	8887
17.6000	9010
17.6050	8827
17.6100	8335
17.6150	8667
17.6200	8762
17.6250	8592
17.6300	8909
17.6350	8471
17.6400	8985
17.6450	8690
17.6500	8523
17.6550	8638
17.6600	8724
17.6650	8967
17.6700	8359
17.6750	8464
17.6800	8509
17.6850	8978
17.6900	8790
17.6950	8735
17.7000	8495
17.7050	8668
17.7100	8667
17.7150	8862
17.7200	9026
17.7250	8493
17.7300	8833
17.7350	8707
17.7400	8611
17.7450	8756
17.7500	8490
17.7550	8995
17.7600	8397
17.7650	8404
17.7700	8416
17.7750	8972
17.7800	9140
17.7850	8779
17.7900	8468
17.7950	8553
17.8000	8880
17.8050	8872
17.8100	8877
17.8150	8636
17.8200	8885
17.8250	8747
17.8300	8624
17.8350	8714
17.8400	8636
17.8450	9009
17.8500	8420
17.8550	8441
17.8600	8571
17.8650	8893
17.8700	8799
17.8750	8681
17.8800	8362
17.8850	8611
17.8900	8744
17.8950	8793
17.9000	8934
17.9050	8403
17.9100	8804
17.9150	8641
17.9200	8551
17.9250	8824
17.9300	8486
17.9350	9063
17.9400	8523
17.9450	8462
17.9500	8558
17.9550	8771
17.9600	8849
17.9650	8678
17.9700	8250
17.9750	8652
17.9800	8857
17.9850	9065
17.9900	8829
17.9950	8415
18.0000	8710
18.0050	8573
18.0100	8660
18.0150	8882
18.0200	8525
18.0250	9053
18.0300	8304
18.0350	8426
18.0400	8534
18.0450	8667
18.0500	8967
18.0550	8633
18.0600	8465
18.0650	8507
18.0700	8791
18.0750	8867
18.0800	9059
18.0850	8361
18.0900	8671
18.0950	8798
18.1000	8701
18.1050	8859
18.1100	8506
18.1150	9018
18.1200	8465
18.1250	8460
18.1300	8711
18.1350	8800
18.1400	9050
18.1450	8799
18.1500	8368
18.1550	8707
18.1600	9036
18.1650	9045
18.1700	8768
18.1750	8469
18.1800	8833
18.1850	8622
18.1900	8701
18.1950	8740
18.2000	8570
18.2050	9038
18.2100	8319
18.2150	8449
18.2200	8590
18.2250	8832
18.2300	8847
18.2350	8518
18.2400	8372
18.2450	8583
18.2500	8848
18.2550	9054
18.2600	8781
18.2650	8351
18.2700	8795
18.2750	8686
18.2800	8764
18.2850	8843
18.2900	8373
18.2950	8926
18.3000	8493
18.3050	8499
18.3100	8435
18.3150	8752
18.3200	8931
18.3250	8761
18.3300	8306
18.3350	8402
18.3400	8886
18.3450	8888
18.3500	8801
18.3550	8413
18.3600	8830
18.3650	8669
18.3700	8597
18.3750	8812
18.3800	8536
18.3850	8948
18.3900	8406
18.3950	8556
18.4000	8458
18.4050	8749
18.4100	8859
18.4150	8656
18.4200	8421
18.4250	8508
18.4300	8900
18.4350	9016
18.4400	8904
18.4450	8491
18.4500	8672
18.4550	8772
18.4600	8913
18.4650	8955
18.4700	8233
18.4750	8940
18.4800	8395
18.4850	8521
18.4900	8688
18.4950	8688
18.5000	8813
18.5050	8660
18.5100	8393
18.5150	8494
18.5200	9041
18.5250	8995
18.5300	8736
18.5350	8416
18.5400	8751
18.5450	8755
18.5500	8512
18.5550	8861
18.5600	8473
18.5650	8942
18.5700	8431
18.5750	8549
18.5800	8586
18.5850	8755
18.5900	8739
18.5950	8632
18.6000	8268
18.6050	8460
18.6100	8706
18.6150	9085
18.6200	8741
18.6250	8525
18.6300	8633
18.6350	8927
18.6400	8917
18.6450	8947
18.6500	8365
18.6550	9059
18.6600	8630
18.6650	8776
18.6700	8641
18.6750	8720
18.6800	8883
18.6850	8548
18.6900	8351
18.6950	8595
18.7000	8829
18.7050	9021
18.7100	8648
18.7150	8388
18.7200	8629
18.7250	8803
18.7300	8779
18.7350	8913
18.7400	8457
18.7450	8963
18.7500	8510
18.7550	8617
18.7600	8829
18.7650	8786
18.7700	8870
18.7750	8586
18.7800	8326
18.7850	8649
18.7900	8755
18.7950	8933
18.8000	8713
18.8050	8476
18.8100	8509
18.8150	8708
18.8200	8764
18.8250	8887
18.8300	8341
18.8350	8957
18.8400	8635
18.8450	8480
18.8500	8638
18.8550	8715
18.8600	8958
18.8650	8535
18.8700	8458
18.8750	8539
18.8800	8885
18.8850	9100
18.8900	8552
18.8950	8572
18.9000	8690
18.9050	9001
18.9100	8811
18.9150	9023
18.9200	8506
18.9250	8866
18.9300	8502
18.9350	8677
18.9400	8789
18.9450	8621
18.9500	8854
18.9550	8513
18.9600	8508
18.9650	8532
18.9700	8813
18.9750	8975
18.9800	8702
18.9850	8495
18.9900	8613
18.9950	8828
19.0000	9026
19.0050	8959
19.0100	8321
19.0150	8851
19.0200	8702
19.0250	8699
19.0300	8757
19.0350	8643
19.0400	8987
19.0450	8513
19.0500	8487
19.0550	8468
19.0600	8869
19.0650	9009
19.0700	8600
19.0750	8458
19.0800	8642
19.0850	8825
19.0900	8897
19.0950	8962
19.1000	8368
19.1050	8902
19.1100	8556
19.1150	8640
19.1200	8836
19.1250	8604
19.1300	8914
19.1350	8450
19.1400	8245
19.1450	8570
19.1500	8727
19.1550	9062
19.1600	8788
19.1650	8245
19.1700	8485
19.1750	8847
19.1800	8929
19.1850	8947
19.1900	8369
19.1950	8764
19.2000	8719
19.2050	8622
19.2100	8777
19.2150	8460
19.2200	9073
19.2250	8484
19.2300	8353
19.2350	8738
19.2400	8788
19.2450	8890
19.2500	8599
19.2550	8502
19.2600	8718
19.2650	9047
19.2700	8669
19.2750	8901
19.2800	8447
19.2850	8821
19.2900	8739
19.2950	8654
19.3000	8793
19.3050	8542
19.3100	8945
19.3150	8576
19.3200	8478
19.3250	8610
19.3300	8576
19.3350	9026
19.3400	8579
19.3450	8495
19.3500	8534
19.3550	8988
19.3600	9027
19.3650	8902
19.3700	8245
19.3750	8826
19.3800	8768
19.3850	8716
19.3900	8675
19.3950	8508
19.4000	9100
19.4050	8433
19.4100	8427
19.4150	8710
19.4200	8823
19.4250	8812
19.4300	8601
19.4350	8368
19.4400	8552
19.4450	9009
19.4500	8954
19.4550	8951
19.4600	8481
19.4650	8792
19.4700	8571
19.4750	8743
19.4800	8904
19.4850	8377
19.4900	9046
19.4950	8604
19.5000	8558
19.5050	8610
19.5100	8631
19.5150	9000
19.5200	8605
19.5250	8414
19.5300	8419
19.5350	9084
19.5400	9092
19.5450	8792
19.5500	8328
19.5550	8988
19.5600	8723
19.5650	8857
19.5700	8858
19.5750	8482
19.5800	8895
19.5850	8348
19.5900	8483
19.5950	8580
19.6000	8685
19.6050	9082
19.6100	8460
19.6150	8413
19.6200	8564
19.6250	9080
19.6300	8776
19.6350	8821
19.6400	8446
19.6450	8559
19.6500	8598
19.6550	8774
19.6600	8821
19.6650	8548
19.6700	8863
19.6750	8686
19.6800	8553
19.6850	8692
19.6900	8757
19.6950	8979
19.7000	8631
19.7050	8375
19.7100	8296
19.7150	9088
19.7200	9124
19.7250	8882
19.7300	8318
19.7350	8828
19.7400	8945
19.7450	8833
19.7500	8865
19.7550	8479
19.7600	9106
19.7650	8497
19.7700	8584
19.7750	8715
19.7800	8839
19.7850	8828
19.7900	8396
19.7950	8425
19.8000	8663
19.8050	8915
19.8100	8823
19.8150	8742
19.8200	8351
19.8250	8703
19.8300	8753
19.8350	8942
19.8400	8871
19.8450	8585
19.8500	8813
19.8550	8730
19.8600	8653
19.8650	8643
19.8700	8493
19.8750	9031
19.8800	8521
19.8850	8232
19.8900	8490
19.8950	8881
19.9000	8961
19.9050	8856
19.9100	8257
19.9150	8735
19.9200	8690
19.9250	8949
19.9300	8833
19.9350	8501
19.9400	8859
19.9450	8610
19.9500	8455
19.9550	8709
19.9600	8719
19.9650	9041
19.9700	8459
19.9750	8395
19.9800	8318
19.9850	8921
19.9900	8827
19.9950	8754
