0.0000	8928
0.0050	8831
0.0100	9091
0.0150	8540
0.0200	8795
0.0250	8561
0.0300	8742
0.0350	8707
0.0400	8472
0.0450	8832
0.0500	8574
0.0550	8425
0.0600	8339
0.0650	8660
0.0700	9075
0.0750	8742
0.0800	8372
0.0850	8530
0.0900	8947
0.0950	9060
0.1000	8994
0.1050	8399
0.1100	9028
0.1150	8737
0.1200	8556
0.1250	8734
0.1300	8703
0.1350	8956
0.1400	8479
0.1450	8331
0.1500	8778
0.1550	8912
0.1600	8884
0.1650	8685
0.1700	8563
0.1750	8723
0.1800	8858
0.1850	8795
0.1900	9079
0.1950	8431
0.2000	8860
0.2050	8647
0.2100	8842
0.2150	8867
0.2200	8430
0.2250	8813
0.2300	8378
0.2350	8427
0.2400	8468
0.2450	8884
0.2500	9062
0.2550	8817
0.2600	8280
0.2650	8601
0.2700	9016
0.2750	8947
0.2800	8853
0.2850	8266
0.2900	8796
0.2950	8874
0.3000	8609
0.3050	8722
0.3100	8683
0.3150	8967
0.3200	8473
0.3250	8539
0.3300	8805
0.3350	8883
0.3400	8908
0.3450	8539
0.3500	8428
0.3550	8506
0.3600	8875
0.3650	8943
0.3700	9000
0.3750	8424
0.3800	8747
0.3850	8678
0.3900	8701
0.3950	8922
0.4000	8421
0.4050	9004
0.4100	8484
0.4150	8525
0.4200	8598
0.4250	8815
0.4300	9068
0.4350	8627
0.4400	8375
0.4450	8405
0.4500	8903
0.4550	9151
0.4600	8810
0.4650	8290
0.4700	8870
0.4750	8933
0.4800	8709
0.4850	8899
0.4900	8542
0.4950	9030
0.5000	8426
0.5050	8474
0.5100	8826
0.5150	8718
0.5200	8745
0.5250	8594
0.5300	8508
0.5350	8640
0.5400	8846
0.5450	9079
0.5500	9020
0.5550	8492
0.5600	8756
0.5650	8763
0.5700	8900
0.5750	9140
0.5800	8505
0.5850	8865
0.5900	8471
0.5950	8661
0.6000	8547
0.6050	8667
0.6100	9089
0.6150	8522
0.6200	8384
0.6250	8439
0.6300	9087
0.6350	9092
0.6400	8865
0.6450	8617
0.6500	8949
0.6550	8929
0.6600	8626
0.6650	8837
0.6700	8541
0.6750	8934
0.6800	8522
0.6850	8455
0.6900	8759
0.6950	8540
0.7000	9049
0.7050	8475
0.7100	8549
0.7150	8370
0.7200	8643
0.7250	8880
0.7300	8780
0.7350	8383
0.7400	8747
0.7450	8760
0.7500	8878
0.7550	9042
0.7600	8478
0.7650	8808
0.7700	8586
0.7750	8467
0.7800	8600
0.7850	8467
0.7900	9099
0.7950	8563
0.8000	8424
0.8050	8442
0.8100	8951
0.8150	8938
0.8200	8710
0.8250	8434
0.8300	8878
0.8350	8829
0.8400	8655
0.8450	8886
0.8500	8531
0.8550	9027
0.8600	8464
0.8650	8634
0.8700	8872
0.8750	8650
0.8800	8947
0.8850	8484
0.8900	8371
0.8950	8553
0.9000	8768
0.9050	8939
0.9100	8804
0.9150	8647
0.9200	8645
0.9250	8778
0.9300	8867
0.9350	9075
0.9400	8506
0.9450	8814
0.9500	8803
0.9550	8693
0.9600	8679
0.9650	8532
0.9700	9057
0.9750	8621
0.9800	8381
0.9850	8563
0.9900	8889
0.9950	9156
1.0000	8530
1.0050	8514
1.0100	8687
1.0150	9029
1.0200	8681
1.0250	8946
1.0300	8613
1.0350	8924
1.0400	8371
1.0450	8665
1.0500	8709
1.0550	8610
1.0600	8912
1.0650	8521
1.0700	8488
1.0750	8582
1.0800	8889
1.0850	9009
1.0900	8844
1.0950	8346
1.1000	8557
1.1050	8995
1.1100	9269
1.1150	9056
1.1200	8295
1.1250	8995
1.1300	8692
1.1350	8693
1.1400	8633
1.1450	8667
1.1500	9083
1.1550	8503
1.1600	8472
1.1650	8483
1.1700	8915
1.1750	9015
1.1800	8627
1.1850	8540
1.1900	8595
1.1950	9045
1.2000	8773
1.2050	8978
1.2100	8459
1.2150	9094
1.2200	8555
1.2250	8616
1.2300	8919
1.2350	8547
1.2400	8931
1.2450	8457
1.2500	8553
1.2550	8680
1.2600	8801
1.2650	8883
1.2700	8666
1.2750	8461
1.2800	8603
1.2850	8912
1.2900	9044
1.2950	9048
1.3000	8259
1.3050	8762
1.3100	8855
1.3150	8800
1.3200	8759
1.3250	8326
1.3300	9067
1.3350	8547
1.3400	8371
1.3450	8620
1.3500	8848
1.3550	9095
1.3600	8617
1.3650	8402
1.3700	8671
1.3750	9147
1.3800	8868
1.3850	8960
1.3900	8550
1.3950	8774
1.4000	8526
1.4050	8620
1.4100	8864
1.4150	8630
1.4200	8885
1.4250	8471
1.4300	8665
1.4350	8767
1.4400	8675
1.4450	9037
1.4500	8650
1.4550	8373
1.4600	8394
1.4650	8873
1.4700	8928
1.4750	8871
1.4800	8424
1.4850	8791
1.4900	8805
1.4950	8746
1.5000	8680
1.5050	8542
1.5100	9131
1.5150	8376
1.5200	8477
1.5250	8534
1.5300	8844
1.5350	9216
1.5400	8572
1.5450	8576
1.5500	8482
1.5550	8954
1.5600	8988
1.5650	8873
1.5700	8476
1.5750	8811
1.5800	8551
1.5850	8571
1.5900	8950
1.5950	8405
1.6000	8847
1.6050	8458
1.6100	8641
1.6150	8704
1.6200	8751
1.6250	8900
1.6300	8612
1.6350	8447
1.6400	8415
1.6450	8943
1.6500	9018
1.6550	8670
1.6600	8338
1.6650	8825
1.6700	8801
1.6750	8932
1.6800	8806
1.6850	8463
1.6900	8968
1.6950	8614
1.7000	8602
1.7050	8592
1.7100	8880
1.7150	9178
1.7200	8501
1.7250	8340
1.7300	8463
1.7350	8975
1.7400	8998
1.7450	8867
1.7500	8573
1.7550	8814
1.7600	8697
1.7650	8758
1.7700	8955
1.7750	8615
1.7800	8839
1.7850	8496
1.7900	8670
1.7950	8760
1.8000	8394
1.8050	8837
1.8100	8692
1.8150	8419
1.8200	8473
1.8250	8916
1.8300	8974
1.8350	8996
1.8400	8375
1.8450	8817
1.8500	8875
1.8550	8863
1.8600	8797
1.8650	8561
1.8700	9021
1.8750	8590
1.8800	8419
1.8850	8895
1.8900	8775
1.8950	8966
1.9000	8493
1.9050	8422
1.9100	8589
1.9150	9042
1.9200	8864
1.9250	8685
1.9300	8529
1.9350	8735
1.9400	8615
1.9450	8751
1.9500	9036
1.9550	8616
1.9600	8979
1.9650	8451
1.9700	8640
1.9750	8811
1.9800	8684
1.9850	8892
1.9900	8528
1.9950	8453
2.0000	8348
2.0050	8930
2.0100	9145
2.0150	8808
2.0200	8379
2.0250	8728
2.0300	8850
2.0350	8837
2.0400	8911
2.0450	8434
2.0500	9086
2.0550	8661
2.0600	8575
2.0650	8746
2.0700	8554
2.0750	9020
2.0800	8553
2.0850	8391
2.0900	8573
2.0950	8903
2.1000	8821
2.1050	8816
2.1100	8585
2.1150	8599
2.1200	8827
2.1250	8768
2.1300	9072
2.1350	8390
2.1400	8729
2.1450	8508
2.1500	8694
2.1550	8846
2.1600	8409
2.1650	8838
2.1700	8641
2.1750	8517
2.1800	8512
2.1850	8862
2.1900	9119
2.1950	8915
2.2000	8321
2.2050	8602
2.2100	8786
2.2150	8807
2.2200	8983
2.2250	8467
2.2300	8984
2.2350	8808
2.2400	8572
2.2450	8825
2.2500	8664
2.2550	9064
2.2600	8603
2.2650	8435
2.2700	8606
2.2750	8864
2.2800	8819
2.2850	8794
2.2900	8566
2.2950	8684
2.3000	8821
2.3050	8917
2.3100	9083
2.3150	8508
2.3200	8930
2.3250	8510
2.3300	8557
2.3350	8863
2.3400	8514
2.3450	8903
2.3500	8609
2.3550	8416
2.3600	8561
2.3650	8660
2.3700	9033
2.3750	8715
2.3800	8331
2.3850	8473
2.3900	8889
2.3950	9176
2.4000	8883
2.4050	8416
2.4100	8875
2.4150	8770
2.4200	8484
2.4250	8752
2.4300	8550
2.4350	9071
2.4400	8408
2.4450	8468
2.4500	8670
2.4550	8892
2.4600	8888
2.4650	8778
2.4700	8459
2.4750	8682
2.4800	8799
2.4850	9038
2.4900	9041
2.4950	8558
2.5000	8682
2.5050	8712
2.5100	8750
2.5150	8798
2.5200	8475
2.5250	8801
2.5300	8459
2.5350	8554
2.5400	8412
2.5450	8738
2.5500	9118
2.5550	8640
2.5600	8413
2.5650	8474
2.5700	9099
2.5750	8856
2.5800	8907
2.5850	8410
2.5900	8854
2.5950	8727
2.6000	8703
2.6050	8769
2.6100	8726
2.6150	8948
2.6200	8287
2.6250	8550
2.6300	8604
2.6350	8803
2.6400	8955
2.6450	8734
2.6500	8531
2.6550	8663
2.6600	8900
2.6650	8802
2.6700	8860
2.6750	8451
2.6800	8765
2.6850	8416
2.6900	8819
2.6950	8837
2.7000	8411
2.7050	8890
2.7100	8572
2.7150	8573
2.7200	8715
2.7250	8615
2.7300	9078
2.7350	8659
2.7400	8359
2.7450	8518
2.7500	8953
2.7550	8964
2.7600	8831
2.7650	8452
2.7700	8703
2.7750	8785
2.7800	8828
2.7850	8862
2.7900	8524
2.7950	8996
2.8000	8509
2.8050	8516
2.8100	8799
2.8150	8728
2.8200	8834
2.8250	8600
2.8300	8501
2.8350	8687
2.8400	8864
2.8450	8941
2.8500	8970
2.8550	8457
2.8600	8595
2.8650	8742
2.8700	8839
2.8750	8922
2.8800	8565
2.8850	8836
2.8900	8682
2.8950	8650
2.9000	8608
2.9050	8690
2.9100	9048
2.9150	8785
2.9200	8262
2.9250	8397
2.9300	8942
2.9350	9046
2.9400	8828
2.9450	8344
2.9500	8707
2.9550	8776
2.9600	8531
2.9650	8977
2.9700	8416
2.9750	8981
2.9800	8523
2.9850	8421
2.9900	8805
2.9950	8790
3.0000	8967
3.0050	8539
3.0100	8515
3.0150	8507
3.0200	8794
3.0250	8857
3.0300	8767
3.0350	8483
3.0400	8570
3.0450	8859
3.0500	8774
3.0550	8953
3.0600	8339
3.0650	9022
3.0700	8445
3.0750	8666
3.0800	8495
3.0850	8811
3.0900	8845
3.0950	8605
3.1000	8501
3.1050	8501
3.1100	8879
3.1150	8945
3.1200	8826
3.1250	8511
3.1300	8756
3.1350	8859
3.1400	8698
3.1450	8747
3.1500	8472
3.1550	8920
3.1600	8311
3.1650	8546
3.1700	8867
3.1750	8742
3.1800	8819
3.1850	8669
3.1900	8641
3.1950	8606
3.2000	8831
3.2050	8908
3.2100	8942
3.2150	8434
3.2200	8592
3.2250	8897
3.2300	8797
3.2350	8941
3.2400	8301
3.2450	8782
3.2500	8658
3.2550	8521
3.2600	8739
3.2650	8671
3.2700	8912
3.2750	8560
3.2800	8261
3.2850	8495
3.2900	8936
3.2950	9004
3.3000	8699
3.3050	8316
3.3100	8604
3.3150	8728
3.3200	8966
3.3250	8976
3.3300	8422
3.3350	9015
3.3400	8606
3.3450	8582
3.3500	8856
3.3550	8735
3.3600	8957
3.3650	8643
3.3700	8599
3.3750	8563
3.3800	8678
3.3850	8918
3.3900	8876
3.3950	8620
3.4000	8625
3.4050	9036
3.4100	8884
3.4150	9009
3.4200	8339
3.4250	9025
3.4300	8685
3.4350	8708
3.4400	8745
3.4450	8614
3.4500	9047
3.4550	8660
3.4600	8325
3.4650	8461
3.4700	8968
3.4750	9114
3.4800	8659
3.4850	8370
3.4900	8670
3.4950	8925
3.5000	8702
3.5050	8820
3.5100	8442
3.5150	8957
3.5200	8561
3.5250	8591
3.5300	8811
3.5350	8680
3.5400	8961
3.5450	8524
3.5500	8463
3.5550	8641
3.5600	8599
3.5650	8871
3.5700	8736
3.5750	8565
3.5800	8512
3.5850	9062
3.5900	8979
3.5950	9085
3.6000	8418
3.6050	8717
3.6100	8616
3.6150	8656
3.6200	8723
3.6250	8555
3.6300	9089
3.6350	8425
3.6400	8195
3.6450	8646
3.6500	8852
3.6550	9068
3.6600	8568
3.6650	8404
3.6700	8489
3.6750	8982
3.6800	8971
3.6850	8936
3.6900	8411
3.6950	8807
3.7000	8528
3.7050	8586
3.7100	8945
3.7150	8739
3.7200	8905
3.7250	8389
3.7300	8410
3.7350	8847
3.7400	8766
3.7450	9022
3.7500	8771
3.7550	8459
3.7600	8491
3.7650	8922
3.7700	9017
3.7750	8986
3.7800	8422
3.7850	8554
3.7900	8738
3.7950	8762
3.8000	8791
3.8050	8544
3.8100	8877
3.8150	8547
3.8200	8362
3.8250	8764
3.8300	8918
3.8350	8968
3.8400	8619
3.8450	8414
3.8500	8486
3.8550	8973
3.8600	8884
3.8650	8785
3.8700	8507
3.8750	8868
3.8800	8682
3.8850	8640
3.8900	9002
3.8950	8594
3.9000	8996
3.9050	8466
3.9100	8678
3.9150	8728
3.9200	8589
3.9250	8963
3.9300	8627
3.9350	8465
3.9400	8515
3.9450	8839
3.9500	9119
3.9550	9022
3.9600	8264
3.9650	8748
3.9700	8752
3.9750	8761
3.9800	8882
3.9850	8485
3.9900	8992
3.9950	8476
4.0000	8347
4.0050	8585
4.0100	8953
4.0150	8956
4.0200	8577
4.0250	8434
4.0300	8647
4.0350	8941
4.0400	8911
4.0450	8765
4.0500	8395
4.0550	8831
4.0600	8796
4.0650	8764
4.0700	8879
4.0750	8483
4.0800	8877
4.0850	8569
4.0900	8656
4.0950	8717
4.1000	8761
4.1050	8808
4.1100	8541
4.1150	8629
4.1200	8425
4.1250	8937
4.1300	9088
4.1350	8820
4.1400	8391
4.1450	8880
4.1500	8937
4.1550	8667
4.1600	8855
4.1650	8354
4.1700	9128
4.1750	8558
4.1800	8501
4.1850	8653
4.1900	8668
4.1950	9017
4.2000	8522
4.2050	8419
4.2100	8485
4.2150	8994
4.2200	9045
4.2250	8786
4.2300	8499
4.2350	8844
4.2400	8799
4.2450	8690
4.2500	9037
4.2550	8469
4.2600	8848
4.2650	8692
4.2700	8679
4.2750	8633
4.2800	8647
4.2850	8976
4.2900	8654
4.2950	8437
4.3000	8448
4.3050	8764
4.3100	9102
4.3150	8810
4.3200	8187
4.3250	8707
4.3300	8723
4.3350	8934
4.3400	8702
4.3450	8401
4.3500	8894
4.3550	8479
4.3600	8427
4.3650	8760
4.3700	8748
4.3750	8945
4.3800	8546
4.3850	8499
4.3900	8576
4.3950	8985
4.4000	8995
4.4050	8621
4.4100	8372
4.4150	8612
4.4200	8674
4.4250	8778
4.4300	8976
4.4350	8459
4.4400	8811
4.4450	8632
4.4500	8579
4.4550	8643
4.4600	8395
4.4650	8997
4.4700	8626
4.4750	8532
4.4800	8463
4.4850	8840
4.4900	8947
4.4950	8892
4.5000	8263
4.5050	8533
4.5100	8873
4.5150	9016
4.5200	8978
4.5250	8489
4.5300	8961
4.5350	8758
4.5400	8575
4.5450	8804
4.5500	8562
4.5550	8939
4.5600	8497
4.5650	8476
4.5700	8636
4.5750	9060
4.5800	8900
4.5850	8674
4.5900	8671
4.5950	8596
4.6000	8801
4.6050	8821
4.6100	9128
4.6150	8546
4.6200	8753
4.6250	8578
4.6300	8602
4.6350	8790
4.6400	8310
4.6450	8960
4.6500	8700
4.6550	8481
4.6600	8357
4.6650	8901
4.6700	9075
4.6750	8840
4.6800	8345
4.6850	8602
4.6900	8895
4.6950	9078
4.7000	8893
4.7050	8314
4.7100	8758
4.7150	8781
4.7200	8737
4.7250	8670
4.7300	8734
4.7350	9027
4.7400	8294
4.7450	8415
4.7500	8616
4.7550	8875
4.7600	8903
4.7650	8556
4.7700	8474
4.7750	8630
4.7800	8854
4.7850	8944
4.7900	9025
4.7950	8403
4.8000	8824
4.8050	8668
4.8100	8742
4.8150	8896
4.8200	8356
4.8250	8824
4.8300	8481
4.8350	8520
4.8400	8389
4.8450	8742
4.8500	8984
4.8550	8716
4.8600	8269
4.8650	8580
4.8700	8848
4.8750	8967
4.8800	8876
4.8850	8483
4.8900	8694
4.8950	8727
4.9000	8462
4.9050	8913
4.9100	8575
4.9150	9150
4.9200	8324
4.9250	8412
4.9300	8702
4.9350	8801
4.9400	8814
4.9450	8620
4.9500	8358
4.9550	8730
4.9600	9007
4.9650	8936
4.9700	9071
4.9750	8532
4.9800	8805
4.9850	8626
4.9900	8704
4.9950	8954
5.0000	8437
5.0050	8899
5.0100	8635
5.0150	8600
5.0200	8540
5.0250	8758
5.0300	9062
5.0350	8798
5.0400	8361
5.0450	8459
5.0500	8926
5.0550	9017
5.0600	8924
5.0650	8284
5.0700	8821
5.0750	8819
5.0800	8592
5.0850	8766
5.0900	8521
5.0950	9184
5.1000	8570
5.1050	8454
5.1100	8665
5.1150	8669
5.1200	8920
5.1250	8749
5.1300	8435
5.1350	8533
5.1400	9067
5.1450	9049
5.1500	8796
5.1550	8445
5.1600	8677
5.1650	8653
5.1700	8701
5.1750	8903
5.1800	8436
5.1850	8796
5.1900	8604
5.1950	8555
5.2000	8508
5.2050	8744
5.2100	9083
5.2150	8702
5.2200	8469
5.2250	8562
5.2300	8874
5.2350	8975
5.2400	8762
5.2450	8413
5.2500	8821
5.2550	9030
5.2600	8798
5.2650	8737
5.2700	8474
5.2750	8968
5.2800	8502
5.2850	8543
5.2900	8575
5.2950	8852
5.3000	8959
5.3050	8690
5.3100	8500
5.3150	8572
5.3200	8872
5.3250	8912
5.3300	9012
5.3350	8375
5.3400	8717
5.3450	8845
5.3500	8852
5.3550	8961
5.3600	8366
5.3650	8985
5.3700	8561
5.3750	8591
5.3800	8622
5.3850	8548
5.3900	8959
5.3950	8679
5.4000	8335
5.4050	8410
5.4100	9008
5.4150	8955
5.4200	8914
5.4250	8473
5.4300	8665
5.4350	8810
5.4400	8700
5.4450	8730
5.4500	8585
5.4550	9020
5.4600	8457
5.4650	8484
5.4700	8523
5.4750	8856
5.4800	9008
5.4850	8551
5.4900	8306
5.4950	8471
5.5000	8938
5.5050	9006
5.5100	8812
5.5150	8411
5.5200	8490
5.5250	8718
5.5300	8930
5.5350	9090
5.5400	8465
5.5450	8934
5.5500	8593
5.5550	8537
5.5600	8618
5.5650	8588
5.5700	9051
5.5750	8652
5.5800	8327
5.5850	8462
5.5900	8948
5.5950	8994
5.6000	8772
5.6050	8487
5.6100	8659
5.6150	8896
5.6200	8735
5.6250	8786
5.6300	8466
5.6350	9015
5.6400	8376
5.6450	8567
5.6500	8761
5.6550	8800
5.6600	8711
5.6650	8564
5.6700	8383
5.6750	8529
5.6800	8964
5.6850	8972
5.6900	8804
5.6950	8427
5.7000	8612
5.7050	8777
5.7100	8855
5.7150	9113
5.7200	8284
5.7250	8923
5.7300	8547
5.7350	8548
5.7400	8642
5.7450	8557
5.7500	9007
5.7550	8339
5.7600	8350
5.7650	8483
5.7700	8838
5.7750	9022
5.7800	8635
5.7850	8370
5.7900	8612
5.7950	9016
5.8000	8975
5.8050	8840
5.8100	8486
5.8150	8892
5.8200	8518
5.8250	8677
5.8300	8789
5.8350	8796
5.8400	8898
5.8450	8469
5.8500	8388
5.8550	8642
5.8600	8773
5.8650	8836
5.8700	8717
5.8750	8486
5.8800	8601
5.8850	8767
5.8900	8836
5.8950	9107
5.9000	8365
5.9050	8841
5.9100	8643
5.9150	8769
5.9200	8790
5.9250	8418
5.9300	8943
5.9350	8498
5.9400	8272
5.9450	8506
5.9500	8818
5.9550	9047
5.9600	8631
5.9650	8477
5.9700	8515
5.9750	9067
5.9800	8787
5.9850	8867
5.9900	8351
5.9950	9013
6.0000	8643
6.0050	8611
6.0100	8800
6.0150	8639
6.0200	8953
6.0250	8331
6.0300	8362
6.0350	8682
6.0400	8737
6.0450	8873
6.0500	8744
6.0550	8369
6.0600	8514
6.0650	8717
6.0700	9027
6.0750	8938
6.0800	8426
6.0850	8923
6.0900	8820
6.0950	8892
6.1000	8827
6.1050	8605
6.1100	8961
6.1150	8496
6.1200	8342
6.1250	8421
6.1300	8765
6.1350	9054
6.1400	8586
6.1450	8407
6.1500	8491
6.1550	9071
6.1600	8921
6.1650	8918
6.1700	8526
6.1750	8910
6.1800	8615
6.1850	8786
6.1900	8839
6.1950	8601
6.2000	8960
6.2050	8472
6.2100	8478
6.2150	8600
6.2200	8739
6.2250	9014
6.2300	8604
6.2350	8533
6.2400	8433
6.2450	8974
6.2500	8815
6.2550	9181
6.2600	8434
6.2650	8777
6.2700	8639
6.2750	8771
6.2800	8710
6.2850	8521
6.2900	8904
6.2950	8443
6.3000	8464
6.3050	8539
6.3100	8691
6.3150	9146
6.3200	8496
6.3250	8395
6.3300	8610
6.3350	8974
6.3400	8884
6.3450	8934
6.3500	8477
6.3550	8842
6.3600	8637
6.3650	8734
6.3700	8848
6.3750	8682
6.3800	8868
6.3850	8374
6.3900	8458
6.3950	8584
6.4000	8650
6.4050	8890
6.4100	8563
6.4150	8452
6.4200	8475
6.4250	9040
6.4300	8965
6.4350	9007
6.4400	8336
6.4450	8703
6.4500	8862
6.4550	8724
6.4600	8866
6.4650	8405
6.4700	8996
6.4750	8602
6.4800	8334
6.4850	8660
6.4900	8769
6.4950	8871
6.5000	8554
6.5050	8443
6.5100	8613
6.5150	8962
6.5200	8871
6.5250	8728
6.5300	8484
6.5350	8864
6.5400	8638
6.5450	8583
6.5500	8987
6.5550	8535
6.5600	8867
6.5650	8487
6.5700	8654
6.5750	8741
6.5800	8574
6.5850	8849
6.5900	8767
6.5950	8469
6.6000	8277
6.6050	8884
6.6100	8985
6.6150	8933
6.6200	8230
6.6250	8732
6.6300	8827
6.6350	8772
6.6400	8871
6.6450	8524
6.6500	8960
6.6550	8592
6.6600	8455
6.6650	8644
6.6700	8791
6.6750	9207
6.6800	8314
6.6850	8471
6.6900	8437
6.6950	8990
6.7000	8865
6.7050	8762
6.7100	8611
6.7150	8701
6.7200	8719
6.7250	8864
6.7300	9006
6.7350	8383
6.7400	9027
6.7450	8651
6.7500	8555
6.7550	8665
6.7600	8651
6.7650	8842
6.7700	8615
6.7750	8456
6.7800	8489
6.7850	8858
6.7900	9045
6.7950	8915
6.8000	8395
6.8050	8778
6.8100	8894
6.8150	8815
6.8200	8902
6.8250	8387
6.8300	8963
6.8350	8752
6.8400	8590
6.8450	8724
6.8500	8654
6.8550	9019
6.8600	8397
6.8650	8411
6.8700	8383
6.8750	9049
6.8800	8838
6.8850	8709
6.8900	8278
6.8950	8600
6.9000	8761
6.9050	8849
6.9100	8955
6.9150	8333
6.9200	8814
6.9250	8652
6.9300	8573
6.9350	8642
6.9400	8662
6.9450	8894
6.9500	8398
6.9550	8517
6.9600	8382
6.9650	8919
6.9700	9004
6.9750	8946
6.9800	8410
6.9850	8521
6.9900	8846
6.9950	8981
7.0000	8885
7.0050	8536
7.0100	8957
7.0150	8733
7.0200	8607
7.0250	8791
7.0300	8596
7.0350	9133
7.0400	8512
7.0450	8335
7.0500	8622
7.0550	8925
7.0600	9077
7.0650	8823
7.0700	8373
7.0750	8609
7.0800	8869
7.0850	8899
7.0900	8874
7.0950	8429
7.1000	8780
7.1050	8672
7.1100	8684
7.1150	8723
7.1200	8558
7.1250	9013
7.1300	8441
7.1350	8454
7.1400	8418
7.1450	8860
7.1500	9005
7.1550	8763
7.1600	8476
7.1650	8614
7.1700	8879
7.1750	9045
7.1800	8959
7.1850	8321
7.1900	8781
7.1950	8929
7.2000	8717
7.2050	8793
7.2100	8571
7.2150	8979
7.2200	8395
7.2250	8302
7.2300	8529
7.2350	8841
7.2400	8986
7.2450	8648
7.2500	8622
7.2550	8672
7.2600	8819
7.2650	9027
7.2700	8912
7.2750	8439
7.2800	8808
7.2850	8714
7.2900	8698
7.2950	8807
7.3000	8509
7.3050	9036
7.3100	8444
7.3150	8662
7.3200	8453
7.3250	8781
7.3300	9053
7.3350	8711
7.3400	8495
7.3450	8404
7.3500	8907
7.3550	9068
7.3600	8749
7.3650	8277
7.3700	8681
7.3750	8546
7.3800	8569
7.3850	8841
7.3900	8641
7.3950	9089
7.4000	8443
7.4050	8468
7.4100	8566
7.4150	8673
7.4200	9121
7.4250	8590
7.4300	8484
7.4350	8581
7.4400	8880
7.4450	8892
7.4500	8819
7.4550	8595
7.4600	8719
7.4650	8627
7.4700	8783
7.4750	8893
7.4800	8478
7.4850	8956
7.4900	8495
7.4950	8406
7.5000	8642
7.5050	8694
7.5100	9032
7.5150	8645
7.5200	8268
7.5250	8597
7.5300	8964
7.5350	8973
7.5400	8852
7.5450	8350
7.5500	8660
7.5550	8643
7.5600	8712
7.5650	8891
7.5700	8494
7.5750	9227
7.5800	8561
7.5850	8390
7.5900	8626
7.5950	8929
7.6000	8846
7.6050	8590
7.6100	8553
7.6150	8641
7.6200	8910
7.6250	9086
7.6300	8882
7.6350	8599
7.6400	8629
7.6450	8736
7.6500	8781
7.6550	8896
7.6600	8462
7.6650	8998
7.6700	8610
7.6750	8669
7.6800	8606
7.6850	8756
7.6900	9071
7.6950	8805
7.7000	8427
7.7050	8536
7.7100	9015
7.7150	9043
7.7200	8841
7.7250	8293
7.7300	8822
7.7350	8903
7.7400	8795
7.7450	8858
7.7500	8511
7.7550	9023
7.7600	8539
7.7650	8422
7.7700	8657
7.7750	8675
7.7800	8844
7.7850	8619
7.7900	8338
7.7950	8522
7.8000	9102
7.8050	9047
7.8100	8881
7.8150	8489
7.8200	8609
7.8250	8814
7.8300	8811
7.8350	9057
7.8400	8382
7.8450	8895
7.8500	8584
7.8550	8605
7.8600	8723
7.8650	8568
7.8700	9036
7.8750	8610
7.8800	8399
7.8850	8461
7.8900	8961
7.8950	9023
7.9000	8816
7.9050	8488
7.9100	8732
7.9150	8758
7.9200	8839
7.9250	9058
7.9300	8394
7.9350	9137
7.9400	8492
7.9450	8688
7.9500	8829
7.9550	8647
7.9600	9026
7.9650	8392
7.9700	8433
7.9750	8681
7.9800	8809
7.9850	8956
7.9900	8788
7.9950	8548
8.0000	8574
8.0050	8792
8.0100	8752
8.0150	8968
8.0200	8542
8.0250	8956
8.0300	8688
8.0350	8748
8.0400	8596
8.0450	8643
8.0500	9005
8.0550	8526
8.0600	8333
8.0650	8435
8.0700	8924
8.0750	9012
8.0800	8783
8.0850	8422
8.0900	8796
8.0950	8867
8.1000	8742
8.1050	8811
8.1100	8611
8.1150	8842
8.1200	8491
8.1250	8560
8.1300	8881
8.1350	8704
8.1400	8971
8.1450	8492
8.1500	8470
8.1550	8396
8.1600	8747
8.1650	9042
8.1700	8800
8.1750	8498
8.1800	8424
8.1850	8834
8.1900	8839
8.1950	9042
8.2000	8438
8.2050	8989
8.2100	8603
8.2150	8810
8.2200	8740
8.2250	8574
8.2300	9137
8.2350	8666
8.2400	8337
8.2450	8559
8.2500	8847
8.2550	9012
8.2600	8594
8.2650	8388
8.2700	8593
8.2750	8966
8.2800	8886
8.2850	9037
8.2900	8465
8.2950	8975
8.3000	8633
8.3050	8667
8.3100	8852
8.3150	8707
8.3200	8900
8.3250	8286
8.3300	8355
8.3350	8520
8.3400	8873
8.3450	9038
8.3500	8781
8.3550	8591
8.3600	8483
8.3650	8942
8.3700	8943
8.3750	8933
8.3800	8310
8.3850	8698
8.3900	8778
8.3950	8668
8.4000	8825
8.4050	8513
8.4100	8944
8.4150	8600
8.4200	8400
8.4250	8440
8.4300	8767
8.4350	9104
8.4400	8850
8.4450	8343
8.4500	8599
8.4550	9015
8.4600	8939
8.4650	8914
8.4700	8385
8.4750	8893
8.4800	8655
8.4850	8638
8.4900	8805
8.4950	8512
8.5000	8977
8.5050	8429
8.5100	8506
8.5150	8541
8.5200	8780
8.5250	8868
8.5300	8702
8.5350	8530
8.5400	8376
8.5450	8828
8.5500	8878
8.5550	8901
8.5600	8450
8.5650	8800
8.5700	8662
8.5750	8763
8.5800	8710
8.5850	8516
8.5900	9035
8.5950	8641
8.6000	8422
8.6050	8615
8.6100	8868
8.6150	9205
8.6200	8618
8.6250	8489
8.6300	8577
8.6350	9100
8.6400	8955
8.6450	8883
8.6500	8443
8.6550	8741
8.6600	8710
8.6650	8734
8.6700	8851
8.6750	8605
8.6800	8898
8.6850	8607
8.6900	8589
8.6950	8808
8.7000	8848
8.7050	8986
8.7100	8666
8.7150	8556
8.7200	8538
8.7250	8977
8.7300	9065
8.7350	9055
8.7400	8463
8.7450	8612
8.7500	8863
8.7550	8794
8.7600	8749
8.7650	8579
8.7700	8918
8.7750	8556
8.7800	8458
8.7850	8716
8.7900	8827
8.7950	9035
8.8000	8503
8.8050	8502
8.8100	8277
8.8150	9045
8.8200	8734
8.8250	8768
8.8300	8422
8.8350	8692
8.8400	8598
8.8450	8818
8.8500	8834
8.8550	8584
8.8600	8987
8.8650	8535
8.8700	8714
8.8750	8762
8.8800	8738
8.8850	8939
8.8900	8602
8.8950	8395
8.9000	8406
8.9050	8887
8.9100	8974
8.9150	8931
8.9200	8315
8.9250	8676
8.9300	8678
8.9350	8799
8.9400	8868
8.9450	8435
8.9500	8839
8.9550	8583
8.9600	8417
8.9650	8700
8.9700	8823
8.9750	9034
8.9800	8512
8.9850	8348
8.9900	8636
8.9950	8959
9.0000	8799
9.0050	8735
9.0100	8437
9.0150	8805
9.0200	8943
9.0250	8603
9.0300	8875
9.0350	8504
9.0400	9028
9.0450	8633
9.0500	8542
9.0550	8846
9.0600	8492
9.0650	8847
9.0700	8594
9.0750	8401
9.0800	8428
9.0850	8871
9.0900	8918
9.0950	8839
9.1000	8509
9.1050	8719
9.1100	8825
9.1150	8853
9.1200	8864
9.1250	8468
9.1300	8880
9.1350	8648
9.1400	8594
9.1450	8620
9.1500	8536
9.1550	9198
9.1600	8490
9.1650	8447
9.1700	8426
9.1750	8775
9.1800	8907
9.1850	8848
9.1900	8322
9.1950	8521
9.2000	8692
9.2050	8879
9.2100	8826
9.2150	8476
9.2200	8786
9.2250	8503
9.2300	8569
9.2350	8586
9.2400	8675
9.2450	8821
9.2500	8373
9.2550	8488
9.2600	8491
9.2650	8927
9.2700	8864
9.2750	8827
9.2800	8533
9.2850	8575
9.2900	8885
9.2950	8996
9.3000	8913
9.3050	8317
9.3100	8718
9.3150	8662
9.3200	8705
9.3250	8780
9.3300	8618
9.3350	9199
9.3400	8479
9.3450	8323
9.3500	8542
9.3550	9067
9.3600	8918
9.3650	8760
9.3700	8437
9.3750	8746
9.3800	8691
9.3850	8748
9.3900	8922
9.3950	8453
9.4000	9000
9.4050	8651
9.4100	8638
9.4150	8803
9.4200	8614
9.4250	8983
9.4300	8528
9.4350	8586
9.4400	8394
9.4450	8797
9.4500	8958
9.4550	8866
9.4600	8390
9.4650	8625
9.4700	8963
9.4750	8841
9.4800	8969
9.4850	8358
9.4900	8839
9.4950	8775
9.5000	8687
9.5050	8706
9.5100	8486
9.5150	9168
9.5200	8341
9.5250	8360
9.5300	8506
9.5350	8920
9.5400	8830
9.5450	8665
9.5500	8561
9.5550	8659
9.5600	8800
9.5650	8804
9.5700	8780
9.5750	8501
9.5800	8760
9.5850	8662
9.5900	8897
9.5950	8771
9.6000	8336
9.6050	8956
9.6100	8555
9.6150	8599
9.6200	8686
9.6250	8790
9.6300	8922
9.6350	8740
9.6400	8320
9.6450	8531
9.6500	8871
9.6550	9030
9.6600	8837
9.6650	8386
9.6700	8834
9.6750	8728
9.6800	8607
9.6850	8869
9.6900	8495
9.6950	9007
9.7000	8497
9.7050	8535
9.7100	8298
9.7150	8782
9.7200	8932
9.7250	8796
9.7300	8456
9.7350	8611
9.7400	8945
9.7450	8989
9.7500	8919
9.7550	8606
9.7600	8715
9.7650	8552
9.7700	8694
9.7750	8921
9.7800	8530
9.7850	8922
9.7900	8506
9.7950	8565
9.8000	8500
9.8050	8819
9.8100	8881
9.8150	8680
9.8200	8340
9.8250	8419
9.8300	9000
9.8350	8990
9.8400	8885
9.8450	8429
9.8500	8528
9.8550	8684
9.8600	8696
9.8650	8849
9.8700	8441
9.8750	9032
9.8800	8371
9.8850	8300
9.8900	8584
9.8950	8785
9.9000	8904
9.9050	8592
9.9100	8430
9.9150	8518
9.9200	9005
9.9250	8873
9.9300	8919
9.9350	8459
9.9400	8583
9.9450	8623
9.9500	8925
9.9550	8860
9.9600	8342
9.9650	8952
9.9700	8410
9.9750	8636
9.9800	8568
9.9850	8681
9.9900	8917
9.9950	8587
10.0000	8396
10.0050	8398
10.0100	8863
10.0150	9072
10.0200	8771
10.0250	8221
10.0300	8825
10.0350	8643
10.0400	8634
10.0450	8999
10.0500	8551
10.0550	9249
10.0600	8355
10.0650	8408
10.0700	8681
10.0750	8834
10.0800	9048
10.0850	8627
10.0900	8300
10.0950	8432
10.1000	8806
10.1050	8844
10.1100	8793
10.1150	8468
10.1200	8848
10.1250	8771
10.1300	8827
10.1350	8971
10.1400	8565
10.1450	8884
10.1500	8547
10.1550	8692
10.1600	8489
10.1650	8643
10.1700	9121
10.1750	8636
10.1800	8260
10.1850	8371
10.1900	8927
10.1950	9141
10.2000	8820
10.2050	8447
10.2100	8783
10.2150	9007
10.2200	8568
10.2250	8762
10.2300	8314
10.2350	8989
10.2400	8515
10.2450	8452
10.2500	8585
10.2550	8766
10.2600	8877
10.2650	8604
10.2700	8417
10.2750	8484
10.2800	8754
10.2850	8977
10.2900	8961
10.2950	8348
10.3000	8618
10.3050	8775
10.3100	8875
10.3150	9045
10.3200	8373
10.3250	8860
10.3300	8579
10.3350	8661
10.3400	8695
10.3450	8626
10.3500	8793
10.3550	8703
10.3600	8401
10.3650	8418
10.3700	8950
10.3750	9002
10.3800	8629
10.3850	8438
10.3900	8606
10.3950	8999
10.4000	8764
10.4050	8914
10.4100	8467
10.4150	8981
10.4200	8650
10.4250	8610
10.4300	8652
10.4350	8772
10.4400	8886
10.4450	8422
10.4500	8367
10.4550	8602
10.4600	8677
10.4650	8718
10.4700	8979
10.4750	8602
10.4800	8713
10.4850	8899
10.4900	8972
10.4950	8905
10.5000	8323
10.5050	8935
10.5100	8573
10.5150	8620
10.5200	8645
10.5250	8593
10.5300	8959
10.5350	8395
10.5400	8382
10.5450	8560
10.5500	8999
10.5550	9051
10.5600	8717
10.5650	8279
10.5700	8452
10.5750	8856
10.5800	8942
10.5850	8845
10.5900	8416
10.5950	8893
10.6000	8523
10.6050	8671
10.6100	8684
10.6150	8477
10.6200	8900
10.6250	8384
10.6300	8503
10.6350	8659
10.6400	8913
10.6450	8821
10.6500	8711
10.6550	8593
10.6600	8629
10.6650	8797
10.6700	8840
10.6750	8853
10.6800	8494
10.6850	8819
10.6900	8579
10.6950	8782
10.7000	8722
10.7050	8636
10.7100	9066
10.7150	8561
10.7200	8479
10.7250	8464
10.7300	8820
10.7350	9009
10.7400	8757
10.7450	8251
10.7500	8549
10.7550	8829
10.7600	8786
10.7650	8831
10.7700	8402
10.7750	8889
10.7800	8589
10.7850	8548
10.7900	8783
10.7950	8770
10.8000	9037
10.8050	8412
10.8100	8432
10.8150	8625
10.8200	8814
10.8250	8818
10.8300	8639
10.8350	8521
10.8400	8596
10.8450	8776
10.8500	8832
10.8550	8913
10.8600	8349
10.8650	8719
10.8700	8521
10.8750	8710
10.8800	8846
10.8850	8357
10.8900	9059
10.8950	8461
10.9000	8384
10.9050	8516
10.9100	8698
10.9150	8974
10.9200	8673
10.9250	8365
10.9300	8479
10.9350	8987
10.9400	8851
10.9450	8846
10.9500	8434
10.9550	8952
10.9600	8711
10.9650	8517
10.9700	8783
10.9750	8602
10.9800	9012
10.9850	8326
10.9900	8555
10.9950	8649
11.0000	8753
11.0050	8955
11.0100	8706
11.0150	8539
11.0200	8515
11.0250	8811
11.0300	8991
11.0350	8992
11.0400	8402
11.0450	8830
11.0500	8749
11.0550	8831
11.0600	8613
11.0650	8443
11.0700	8883
11.0750	8574
11.0800	8381
11.0850	8340
11.0900	8721
11.0950	9028
11.1000	8645
11.1050	8219
11.1100	8481
11.1150	8901
11.1200	9002
11.1250	8941
11.1300	8309
11.1350	8756
11.1400	8670
11.1450	8731
11.1500	8708
11.1550	8498
11.1600	9033
11.1650	8392
11.1700	8536
11.1750	8804
11.1800	8821
11.1850	8854
11.1900	8587
11.1950	8435
11.2000	8595
11.2050	8899
11.2100	9150
11.2150	8917
11.2200	8519
11.2250	8796
11.2300	8706
11.2350	8879
11.2400	8792
11.2450	8295
11.2500	9004
11.2550	8531
11.2600	8485
11.2650	8608
11.2700	8813
11.2750	8984
11.2800	8483
11.2850	8275
11.2900	8576
11.2950	9087
11.3000	8868
11.3050	8581
11.3100	8539
11.3150	8890
11.3200	8691
11.3250	8768
11.3300	8934
11.3350	8527
11.3400	8900
11.3450	8400
11.3500	8465
11.3550	8710
11.3600	8594
11.3650	8877
11.3700	8416
11.3750	8450
11.3800	8328
11.3850	8864
11.3900	8926
11.3950	8780
11.4000	8504
11.4050	8585
11.4100	8783
11.4150	8893
11.4200	8946
11.4250	8290
11.4300	8696
11.4350	8592
11.4400	8547
11.4450	8738
11.4500	8713
11.4550	9102
11.4600	8496
11.4650	8435
11.4700	8422
11.4750	8892
11.4800	8967
11.4850	8846
11.4900	8424
11.4950	8654
11.5000	8701
11.5050	8689
11.5100	8852
11.5150	8568
11.5200	8966
11.5250	8571
11.5300	8622
11.5350	8778
11.5400	8713
11.5450	8935
11.5500	8506
11.5550	8615
11.5600	8486
11.5650	8798
11.5700	9039
11.5750	8747
11.5800	8398
11.5850	8400
11.5900	8829
11.5950	8844
11.6000	8944
11.6050	8384
11.6100	8959
11.6150	8732
11.6200	8528
11.6250	8732
11.6300	8726
11.6350	9051
11.6400	8501
11.6450	8392
11.6500	8457
11.6550	8795
11.6600	9006
11.6650	8550
11.6700	8322
11.6750	8649
11.6800	8694
11.6850	8821
11.6900	8915
11.6950	8504
11.7000	8865
11.7050	8466
11.7100	8566
11.7150	8856
11.7200	8505
11.7250	8923
11.7300	8390
11.7350	8505
11.7400	8550
11.7450	8924
11.7500	8905
11.7550	9026
11.7600	8501
11.7650	8440
11.7700	8887
11.7750	8904
11.7800	8836
11.7850	8442
11.7900	8871
11.7950	8705
11.8000	8516
11.8050	8530
11.8100	8519
11.8150	9000
11.8200	8424
11.8250	8631
11.8300	8527
11.8350	8999
11.8400	9119
11.8450	8702
11.8500	8321
11.8550	8583
11.8600	8814
11.8650	8802
11.8700	8862
11.8750	8494
11.8800	8982
11.8850	8617
11.8900	8779
11.8950	8746
11.9000	8633
11.9050	8727
11.9100	8384
11.9150	8607
11.9200	8617
11.9250	8705
11.9300	8854
11.9350	8642
11.9400	8297
11.9450	8512
11.9500	8926
11.9550	8938
11.9600	9015
11.9650	8390
11.9700	8914
11.9750	8679
11.9800	8497
11.9850	8841
11.9900	8522
11.9950	8891
12.0000	8374
12.0050	8357
12.0100	8696
12.0150	8943
12.0200	8991
12.0250	8691
12.0300	8543
12.0350	8630
12.0400	8810
12.0450	8846
12.0500	8861
12.0550	8595
12.0600	8827
12.0650	8610
12.0700	8650
12.0750	8941
12.0800	8491
12.0850	8964
12.0900	8468
12.0950	8316
12.1000	8631
12.1050	8797
12.1100	8953
12.1150	8627
12.1200	8356
12.1250	8546
12.1300	8933
12.1350	9048
12.1400	8943
12.1450	8458
12.1500	8726
12.1550	8737
12.1600	8636
12.1650	8709
12.1700	8425
12.1750	9040
12.1800	8521
12.1850	8199
12.1900	8614
12.1950	8778
12.2000	8957
12.2050	8591
12.2100	8416
12.2150	8513
12.2200	9104
12.2250	9066
12.2300	8676
12.2350	8479
12.2400	8937
12.2450	8661
12.2500	8902
12.2550	8996
12.2600	8544
12.2650	8982
12.2700	8597
12.2750	8504
12.2800	8596
12.2850	8716
12.2900	9024
12.2950	8639
12.3000	8305
12.3050	8448
12.3100	8987
12.3150	8974
12.3200	8926
12.3250	8348
12.3300	8675
12.3350	8837
12.3400	8837
12.3450	9051
12.3500	8484
12.3550	9046
12.3600	8498
12.3650	8495
12.3700	8746
12.3750	8745
12.3800	9109
12.3850	8454
12.3900	8508
12.3950	8584
12.4000	8958
12.4050	8915
12.4100	8838
12.4150	8522
12.4200	8658
12.4250	8629
12.4300	8649
12.4350	8720
12.4400	8493
12.4450	9069
12.4500	8507
12.4550	8635
12.4600	8514
12.4650	8828
12.4700	8933
12.4750	8632
12.4800	8385
12.4850	8279
12.4900	9099
12.4950	8828
12.5000	8828
12.5050	8327
12.5100	8727
12.5150	8819
12.5200	8832
12.5250	8766
12.5300	8439
12.5350	8907
12.5400	8487
12.5450	8443
12.5500	8560
12.5550	8648
12.5600	8941
12.5650	8419
12.5700	8386
12.5750	8484
12.5800	8871
12.5850	8888
12.5900	8801
12.5950	8518
12.6000	8709
12.6050	8630
12.6100	8826
12.6150	9000
12.6200	8302
12.6250	8826
12.6300	8539
12.6350	8682
12.6400	8603
12.6450	8491
12.6500	8918
12.6550	8688
12.6600	8430
12.6650	8360
12.6700	8914
12.6750	9090
12.6800	8692
12.6850	8304
12.6900	8533
12.6950	9028
12.7000	8834
12.7050	8772
12.7100	8664
12.7150	8918
12.7200	8531
12.7250	8482
12.7300	8743
12.7350	8723
12.7400	8924
12.7450	8453
12.7500	8422
12.7550	8526
12.7600	8792
12.7650	8898
12.7700	8723
12.7750	8490
12.7800	8703
12.7850	8823
12.7900	8901
12.7950	8982
12.8000	8517
12.8050	8783
12.8100	8781
12.8150	8582
12.8200	8776
12.8250	8580
12.8300	8994
12.8350	8595
12.8400	8448
12.8450	8390
12.8500	8847
12.8550	9038
12.8600	8735
12.8650	8489
12.8700	8710
12.8750	8848
12.8800	8832
12.8850	8967
12.8900	8370
12.8950	8896
12.9000	8532
12.9050	8489
12.9100	8727
12.9150	8646
12.9200	8842
12.9250	8510
12.9300	8349
12.9350	8428
12.9400	8813
12.9450	8833
12.9500	8577
12.9550	8580
12.9600	8455
12.9650	8783
12.9700	8919
12.9750	9039
12.9800	8362
12.9850	8838
12.9900	8676
12.9950	8701
13.0000	8676
13.0050	8558
13.0100	8866
13.0150	8454
13.0200	8510
13.0250	8446
13.0300	8848
13.0350	8903
13.0400	8676
13.0450	8408
13.0500	8504
13.0550	8842
13.0600	8897
13.0650	8810
13.0700	8300
13.0750	8896
13.0800	8722
13.0850	8647
13.0900	8655
13.0950	8713
13.1000	9004
13.1050	8507
13.1100	8309
13.1150	8668
13.1200	8878
13.1250	8912
13.1300	8665
13.1350	8353
13.1400	8656
13.1450	8943
13.1500	8977
13.1550	8981
13.1600	8478
13.1650	8842
13.1700	8594
13.1750	8806
13.1800	8721
13.1850	8522
13.1900	8878
13.1950	8393
13.2000	8399
13.2050	8539
13.2100	8782
13.2150	9056
13.2200	8775
13.2250	8366
13.2300	8597
13.2350	8936
13.2400	9042
13.2450	9011
13.2500	8384
13.2550	8790
13.2600	8800
13.2650	8703
13.2700	8898
13.2750	8552
13.2800	8942
13.2850	8283
13.2900	8443
13.2950	8687
13.3000	8747
13.3050	8935
13.3100	8707
13.3150	8397
13.3200	8579
13.3250	8803
13.3300	8757
13.3350	9055
13.3400	8565
13.3450	8750
13.3500	8733
13.3550	8769
13.3600	8813
13.3650	8441
13.3700	8923
13.3750	8576
13.3800	8477
13.3850	8507
13.3900	8737
13.3950	9039
13.4000	8662
13.4050	8396
13.4100	8615
13.4150	8821
13.4200	8913
13.4250	8847
13.4300	8293
13.4350	8968
13.4400	8785
13.4450	8652
13.4500	8960
13.4550	8530
13.4600	8969
13.4650	8573
13.4700	8521
13.4750	8583
13.4800	8784
13.4850	8980
13.4900	8690
13.4950	8371
13.5000	8515
13.5050	8968
13.5100	9026
13.5150	8978
13.5200	8423
13.5250	8581
13.5300	8696
13.5350	8989
13.5400	8785
13.5450	8489
13.5500	8977
13.5550	8557
13.5600	8474
13.5650	8599
13.5700	8702
13.5750	8927
13.5800	8497
13.5850	8269
13.5900	8540
13.5950	8925
13.6000	8888
13.6050	8781
13.6100	8368
13.6150	8673
13.6200	8816
13.6250	8723
13.6300	9039
13.6350	8511
13.6400	8976
13.6450	8453
13.6500	8601
13.6550	8661
13.6600	8669
13.6650	9070
13.6700	8531
13.6750	8396
13.6800	8488
13.6850	8937
13.6900	8970
13.6950	8910
13.7000	8424
13.7050	8718
13.7100	8649
13.7150	8854
13.7200	8975
13.7250	8602
13.7300	8990
13.7350	8600
13.7400	8478
13.7450	8625
13.7500	8633
13.7550	8835
13.7600	8549
13.7650	8486
13.7700	8350
13.7750	9074
13.7800	9038
13.7850	8763
13.7900	8405
13.7950	8720
13.8000	8750
13.8050	8768
13.8100	8906
13.8150	8687
13.8200	9023
13.8250	8581
13.8300	8675
13.8350	8635
13.8400	8623
13.8450	9152
13.8500	8644
13.8550	8371
13.8600	8552
13.8650	8964
13.8700	8879
13.8750	8775
13.8800	8569
13.8850	8717
13.8900	8862
13.8950	9016
13.9000	9068
13.9050	8254
13.9100	8897
13.9150	8701
13.9200	8694
13.9250	8750
13.9300	8643
13.9350	9036
13.9400	8433
13.9450	8348
13.9500	8502
13.9550	8807
13.9600	9003
13.9650	8769
13.9700	8454
13.9750	8721
13.9800	8913
13.9850	8891
13.9900	8916
13.9950	8649
14.0000	8856
14.0050	8550
14.0100	8618
14.0150	8763
14.0200	8671
14.0250	8860
14.0300	8469
14.0350	8494
14.0400	8526
14.0450	8954
14.0500	8880
14.0550	8694
14.0600	8451
14.0650	8386
14.0700	8803
14.0750	8951
14.0800	8939
14.0850	8453
14.0900	8769
14.0950	8617
14.1000	8604
14.1050	8623
14.1100	8777
14.1150	8946
14.1200	8600
14.1250	8400
14.1300	8533
14.1350	8815
14.1400	8906
14.1450	8735
14.1500	8458
14.1550	8545
14.1600	9068
14.1650	8742
14.1700	8822
14.1750	8440
14.1800	8899
14.1850	8789
14.1900	8527
14.1950	8700
14.2000	8414
14.2050	8893
14.2100	8508
14.2150	8458
14.2200	8488
14.2250	8733
14.2300	8905
14.2350	8788
14.2400	8443
14.2450	8499
14.2500	8830
14.2550	8998
14.2600	9029
14.2650	8483
14.2700	8845
14.2750	8774
14.2800	8606
14.2850	8709
14.2900	8557
14.2950	9073
14.3000	8538
14.3050	8546
14.3100	8668
14.3150	8777
14.3200	9067
14.3250	8582
14.3300	8367
14.3350	8659
14.3400	8980
14.3450	8832
14.3500	8819
14.3550	8554
14.3600	8920
14.3650	8547
14.3700	8806
14.3750	8882
14.3800	8538
14.3850	8966
14.3900	8534
14.3950	8431
14.4000	8568
14.4050	8606
14.4100	9058
14.4150	8690
14.4200	8430
14.4250	8478
14.4300	8815
14.4350	8827
14.4400	8912
14.4450	8502
14.4500	8737
14.4550	8835
14.4600	8569
14.4650	8644
14.4700	8340
14.4750	9060
14.4800	8467
14.4850	8322
14.4900	8680
14.4950	8889
14.5000	8998
14.5050	8576
14.5100	8385
14.5150	8645
14.5200	8896
14.5250	8996
14.5300	8911
14.5350	8290
14.5400	8975
14.5450	8647
14.5500	8684
14.5550	8743
14.5600	8604
14.5650	8906
14.5700	8292
14.5750	8469
14.5800	8588
14.5850	8721
14.5900	8997
14.5950	8622
14.6000	8461
14.6050	8521
14.6100	8819
14.6150	9037
14.6200	8928
14.6250	8557
14.6300	8688
14.6350	8757
14.6400	8683
14.6450	8787
14.6500	8590
14.6550	8942
14.6600	8627
14.6650	8505
14.6700	8526
14.6750	8726
14.6800	9072
14.6850	8571
14.6900	8420
14.6950	8628
14.7000	8875
14.7050	8952
14.7100	8853
14.7150	8294
14.7200	8690
14.7250	8594
14.7300	8705
14.7350	9044
14.7400	8441
14.7450	9026
14.7500	8402
14.7550	8577
14.7600	8532
14.7650	8685
14.7700	9015
14.7750	8697
14.7800	8424
14.7850	8508
14.7900	8919
14.7950	9067
14.8000	8850
14.8050	8314
14.8100	8648
14.8150	8865
14.8200	8696
14.8250	8849
14.8300	8459
14.8350	8947
14.8400	8496
14.8450	8502
14.8500	8668
14.8550	8793
14.8600	8815
14.8650	8646
14.8700	8429
14.8750	8630
14.8800	9121
14.8850	9117
14.8900	8856
14.8950	8319
14.9000	8663
14.9050	8696
14.9100	8753
14.9150	8975
14.9200	8558
14.9250	8852
14.9300	8391
14.9350	8520
14.9400	8679
14.9450	8645
14.9500	9011
14.9550	8720
14.9600	8431
14.9650	8475
14.9700	8897
14.9750	9043
14.9800	8830
14.9850	8507
14.9900	8467
14.9950	8842
15.0000	8883
15.0050	8931
15.0100	8403
15.0150	9030
15.0200	8539
15.0250	8565
15.0300	8656
15.0350	8641
15.0400	8929
15.0450	8609
15.0500	8423
15.0550	8402
15.0600	8909
15.0650	8988
15.0700	8934
15.0750	8613
15.0800	8477
15.0850	8725
15.0900	8830
15.0950	8887
15.1000	8487
15.1050	8911
15.1100	8540
15.1150	8468
15.1200	8709
15.1250	8627
15.1300	8993
15.1350	8593
15.1400	8530
15.1450	8564
15.1500	8932
15.1550	9002
15.1600	8769
15.1650	8599
15.1700	8731
15.1750	8908
15.1800	8885
15.1850	9013
15.1900	8370
15.1950	8926
15.2000	8572
15.2050	8585
15.2100	8694
15.2150	8627
15.2200	9094
15.2250	8604
15.2300	8450
15.2350	8473
15.2400	8851
15.2450	8954
15.2500	8712
15.2550	8457
15.2600	8624
15.2650	8784
15.2700	8940
15.2750	8890
15.2800	8304
15.2850	8788
15.2900	8582
15.2950	8754
15.3000	8758
15.3050	8712
15.3100	8855
15.3150	8474
15.3200	8438
15.3250	8501
15.3300	8744
15.3350	9026
15.3400	8818
15.3450	8508
15.3500	8677
15.3550	8886
15.3600	8694
15.3650	8928
15.3700	8528
15.3750	8895
15.3800	8746
15.3850	8555
15.3900	8784
15.3950	8686
15.4000	9007
15.4050	8559
15.4100	8370
15.4150	8695
15.4200	8850
15.4250	8974
15.4300	8704
15.4350	8507
15.4400	8699
15.4450	8934
15.4500	8792
15.4550	8928
15.4600	8412
15.4650	8784
15.4700	8672
15.4750	8755
15.4800	8802
15.4850	8657
15.4900	8950
15.4950	8475
15.5000	8371
15.5050	8568
15.5100	8680
15.5150	9139
15.5200	8758
15.5250	8411
15.5300	8511
15.5350	9031
15.5400	8870
15.5450	9038
15.5500	8486
15.5550	8859
15.5600	8541
15.5650	8710
15.5700	8687
15.5750	8737
15.5800	8891
15.5850	8473
15.5900	8315
15.5950	8696
15.6000	8778
15.6050	8934
15.6100	8622
15.6150	8362
15.6200	8677
15.6250	8933
15.6300	9048
15.6350	8929
15.6400	8527
15.6450	8667
15.6500	8771
15.6550	8811
15.6600	8877
15.6650	8541
15.6700	8976
15.6750	8618
15.6800	8454
15.6850	8549
15.6900	8766
15.6950	8993
15.7000	8595
15.7050	8507
15.7100	8573
15.7150	9196
15.7200	8955
15.7250	8976
15.7300	8392
15.7350	8837
15.7400	8766
15.7450	8776
15.7500	8817
15.7550	8562
15.7600	8998
15.7650	8461
15.7700	8397
15.7750	8745
15.7800	8675
15.7850	8979
15.7900	8678
15.7950	8660
15.8000	8414
15.8050	8998
15.8100	8989
15.8150	8962
15.8200	8491
15.8250	8819
15.8300	8735
15.8350	8721
15.8400	8956
15.8450	8534
15.8500	8914
15.8550	8643
15.8600	8556
15.8650	8604
15.8700	8652
15.8750	8942
15.8800	8631
15.8850	8375
15.8900	8568
15.8950	8876
15.9000	9174
15.9050	8758
15.9100	8530
15.9150	8783
15.9200	8751
15.9250	8798
15.9300	8949
15.9350	8496
15.9400	8891
15.9450	8472
15.9500	8450
15.9550	8741
15.9600	8851
15.9650	8872
15.9700	8570
15.9750	8498
15.9800	8504
15.9850	8806
15.9900	8814
15.9950	8940
16.0000	8490
16.0050	8820
16.0100	8680
16.0150	8611
16.0200	8801
16.0250	8573
16.0300	8928
16.0350	8672
16.0400	8494
16.0450	8505
16.0500	8777
16.0550	8928
16.0600	8646
16.0650	8366
16.0700	8416
16.0750	9044
16.0800	9020
16.0850	8695
16.0900	8359
16.0950	8804
16.1000	8730
16.1050	8752
16.1100	8888
16.1150	8543
16.1200	8954
16.1250	8576
16.1300	8401
16.1350	8666
16.1400	8724
16.1450	8931
16.1500	8552
16.1550	8477
16.1600	8498
16.1650	8900
16.1700	8967
16.1750	8798
16.1800	8378
16.1850	8666
16.1900	8742
16.1950	8952
16.2000	8861
16.2050	8522
16.2100	9088
16.2150	8521
16.2200	8540
16.2250	8785
16.2300	8636
16.2350	9005
16.2400	8594
16.2450	8384
16.2500	8573
16.2550	9006
16.2600	8952
16.2650	8724
16.2700	8480
16.2750	8694
16.2800	8985
16.2850	8901
16.2900	8996
16.2950	8484
16.3000	8912
16.3050	8576
16.3100	8657
16.3150	8842
16.3200	8623
16.3250	9089
16.3300	8470
16.3350	8453
16.3400	8600
16.3450	8852
16.3500	8937
16.3550	8830
16.3600	8428
16.3650	8498
16.3700	8884
16.3750	8766
16.3800	9027
16.3850	8309
16.3900	9020
16.3950	8667
16.4000	8547
16.4050	8541
16.4100	8591
16.4150	9078
16.4200	8523
16.4250	8365
16.4300	8515
16.4350	8788
16.4400	8960
16.4450	8815
16.4500	8301
16.4550	8681
16.4600	8930
16.4650	8793
16.4700	9039
16.4750	8440
16.4800	8835
16.4850	8693
16.4900	8446
16.4950	8808
16.5000	8620
16.5050	9075
16.5100	8530
16.5150	8506
16.5200	8620
16.5250	8904
16.5300	9030
16.5350	8644
16.5400	8360
16.5450	8607
16.5500	8887
16.5550	8957
16.5600	8949
16.5650	8400
16.5700	8756
16.5750	8662
16.5800	8555
16.5850	8968
16.5900	8504
16.5950	9160
16.6000	8507
16.6050	8407
16.6100	8506
16.6150	8873
16.6200	9033
16.6250	8708
16.6300	8449
16.6350	8584
16.6400	8957
16.6450	9000
16.6500	9026
16.6550	8301
16.6600	9000
16.6650	8595
16.6700	8653
16.6750	8690
16.6800	8756
16.6850	8974
16.6900	8326
16.6950	8448
16.7000	8619
16.7050	8884
16.7100	9026
16.7150	8713
16.7200	8379
16.7250	8581
16.7300	8814
16.7350	9048
16.7400	8924
16.7450	8515
16.7500	8813
16.7550	8861
16.7600	8610
16.7650	8795
16.7700	8605
16.7750	8990
16.7800	8452
16.7850	8570
16.7900	8610
16.7950	8914
16.8000	8970
16.8050	8630
16.8100	8371
16.8150	8704
16.8200	9008
16.8250	8898
16.8300	8808
16.8350	8430
16.8400	8827
16.8450	8620
16.8500	8688
16.8550	8861
16.8600	8503
16.8650	9049
16.8700	8450
16.8750	8320
16.8800	8674
16.8850	8882
16.8900	8861
16.8950	8573
16.9000	8548
16.9050	8641
16.9100	8897
16.9150	8879
16.9200	8794
16.9250	8540
16.9300	8891
16.9350	8676
16.9400	8713
16.9450	9008
16.9500	8403
16.9550	9142
16.9600	8553
16.9650	8535
16.9700	8454
16.9750	8864
16.9800	9180
16.9850	8575
16.9900	8374
16.9950	8562
17.0000	9102
17.0050	9003
17.0100	8895
17.0150	8309
17.0200	8815
17.0250	8670
17.0300	8765
17.0350	8920
17.0400	8595
17.0450	8999
17.0500	8455
17.0550	8502
17.0600	8645
17.0650	8757
17.0700	8887
17.0750	8651
17.0800	8579
17.0850	8520
17.0900	8957
17.0950	9051
17.1000	8945
17.1050	8420
17.1100	8690
17.1150	8701
17.1200	8797
17.1250	8968
17.1300	8357
17.1350	8945
17.1400	8538
17.1450	8443
17.1500	8532
17.1550	8713
17.1600	9057
17.1650	8621
17.1700	8372
17.1750	8557
17.1800	8961
17.1850	8938
17.1900	8759
17.1950	8407
17.2000	8784
17.2050	8741
17.2100	8751
17.2150	8917
17.2200	8479
17.2250	8829
17.2300	8407
17.2350	8444
17.2400	8481
17.2450	8677
17.2500	8801
17.2550	8682
17.2600	8448
17.2650	8526
17.2700	8831
17.2750	9073
17.2800	8769
17.2850	8367
17.2900	8793
17.2950	8877
17.3000	8785
17.3050	8847
17.3100	8501
17.3150	9147
17.3200	8602
17.3250	8572
17.3300	8798
17.3350	8706
17.3400	8999
17.3450	8622
17.3500	8505
17.3550	8356
17.3600	8883
17.3650	9100
17.3700	8942
17.3750	8471
17.3800	8674
17.3850	8868
17.3900	8809
17.3950	8946
17.4000	8472
17.4050	8896
17.4100	8504
17.4150	8588
17.4200	8761
17.4250	8649
17.4300	9135
17.4350	8596
17.4400	8406
17.4450	8429
17.4500	8814
17.4550	8873
17.4600	8906
17.4650	8381
17.4700	8759
17.4750	9002
17.4800	8816
17.4850	8866
17.4900	8469
17.4950	8987
17.5000	8503
17.5050	8462
17.5100	8663
17.5150	8735
17.5200	8865
17.5250	8519
17.5300	8458
17.5350	8421
17.5400	8982
17.5450	8990
17.5500	8626
17.5550	8439
17.5600	8748
17.5650	8866
17.5700	8865
17.5750	9135
17.5800	8698
17.5850	8818
17.5900	8588
17.5950	8575
17.6000	8653
17.6050	8651
17.6100	9054
17.6150	8423
17.6200	8515
17.6250	8485
17.6300	8754
17.6350	9005
17.6400	8685
17.6450	8390
17.6500	8557
17.6550	8951
17.6600	9011
17.6650	8900
17.6700	8474
17.6750	8847
17.6800	8662
17.6850	8573
17.6900	8600
17.6950	8536
17.7000	9084
17.7050	8464
17.7100	8365
17.7150	8495
17.7200	8987
17.7250	9024
17.7300	8703
17.7350	8498
17.7400	8517
17.7450	8908
17.7500	8842
17.7550	8985
17.7600	8425
17.7650	8885
17.7700	8563
17.7750	8739
17.7800	8687
17.7850	8512
17.7900	8900
17.7950	8403
17.8000	8485
17.8050	8401
17.8100	8799
17.8150	9147
17.8200	8807
17.8250	8418
17.8300	8454
17.8350	8865
17.8400	8923
17.8450	9030
17.8500	8303
17.8550	9137
17.8600	8520
17.8650	8680
17.8700	8864
17.8750	8583
17.8800	8784
17.8850	8408
17.8900	8477
17.8950	8448
17.9000	8914
17.9050	9107
17.9100	8642
17.9150	8452
17.9200	8579
17.9250	8825
17.9300	8984
17.9350	9047
17.9400	8496
17.9450	8960
17.9500	8590
17.9550	8526
17.9600	8921
17.9650	8600
17.9700	8933
17.9750	8516
17.9800	8456
17.9850	8673
17.9900	8676
17.9950	9008
18.0000	8691
18.0050	8398
18.0100	8591
18.0150	9034
18.0200	9023
18.0250	8948
18.0300	8325
18.0350	8785
18.0400	8760
18.0450	8694
18.0500	8697
18.0550	8548
18.0600	8905
18.0650	8439
18.0700	8376
18.0750	8638
18.0800	8835
18.0850	8917
18.0900	8791
18.0950	8370
18.1000	8598
18.1050	8994
18.1100	8964
18.1150	8978
18.1200	8384
18.1250	8834
18.1300	8661
18.1350	8714
18.1400	8869
18.1450	8524
18.1500	9080
18.1550	8558
18.1600	8374
18.1650	8636
18.1700	8593
18.1750	9032
18.1800	8620
18.1850	8483
18.1900	8680
18.1950	8914
18.2000	8765
18.2050	8975
18.2100	8307
18.2150	8714
18.2200	8663
18.2250	8872
18.2300	8945
18.2350	8482
18.2400	8801
18.2450	8502
18.2500	8489
18.2550	8782
18.2600	8676
18.2650	9044
18.2700	8591
18.2750	8353
18.2800	8390
18.2850	8985
18.2900	8927
18.2950	8778
18.3000	8368
18.3050	8755
18.3100	8718
18.3150	8689
18.3200	8787
18.3250	8380
18.3300	8950
18.3350	8512
18.3400	8491
18.3450	8679
18.3500	8676
18.3550	9154
18.3600	8569
18.3650	8434
18.3700	8375
18.3750	9019
18.3800	8966
18.3850	8644
18.3900	8367
18.3950	8600
18.4000	8689
18.4050	8703
18.4100	8861
18.4150	8389
18.4200	8999
18.4250	8751
18.4300	8593
18.4350	8692
18.4400	8745
18.4450	8960
18.4500	8582
18.4550	8487
18.4600	8412
18.4650	8837
18.4700	8968
18.4750	8715
18.4800	8345
18.4850	8685
18.4900	8726
18.4950	8864
18.5000	8927
18.5050	8542
18.5100	9031
18.5150	8542
18.5200	8569
18.5250	8674
18.5300	8763
18.5350	9201
18.5400	8587
18.5450	8330
18.5500	8422
18.5550	9118
18.5600	8932
18.5650	8758
18.5700	8350
18.5750	8649
18.5800	8839
18.5850	8811
18.5900	8934
18.5950	8526
18.6000	8866
18.6050	8584
18.6100	8665
18.6150	8587
18.6200	8549
18.6250	9042
18.6300	8672
18.6350	8479
18.6400	8472
18.6450	9021
18.6500	8932
18.6550	8669
18.6600	8331
18.6650	8667
18.6700	8868
18.6750	8706
18.6800	9023
18.6850	8378
18.6900	8880
18.6950	8586
18.7000	8541
18.7050	8742
18.7100	8761
18.7150	9043
18.7200	8587
18.7250	8549
18.7300	8596
18.7350	8797
18.7400	8933
18.7450	8862
18.7500	8501
18.7550	8815
18.7600	8777
18.7650	8786
18.7700	8889
18.7750	8375
18.7800	8835
18.7850	8445
18.7900	8581
18.7950	8712
18.8000	8520
18.8050	8904
18.8100	8600
18.8150	8464
18.8200	8513
18.8250	8882
18.8300	8960
18.8350	8803
18.8400	8527
18.8450	8602
18.8500	8769
18.8550	9030
18.8600	8997
18.8650	8430
18.8700	8801
18.8750	8668
18.8800	8585
18.8850	8793
18.8900	8504
18.8950	9011
18.9000	8462
18.9050	8464
18.9100	8618
18.9150	8767
18.9200	8887
18.9250	8725
18.9300	8469
18.9350	8674
18.9400	8831
18.9450	8801
18.9500	9015
18.9550	8346
18.9600	8827
18.9650	8849
18.9700	8662
18.9750	8679
18.9800	8675
18.9850	8951
18.9900	8591
18.9950	8615
19.0000	8533
19.0050	8958
19.0100	8877
19.0150	8674
19.0200	8357
19.0250	8560
19.0300	8911
19.0350	8893
19.0400	9098
19.0450	8595
19.0500	8798
19.0550	8618
19.0600	8510
19.0650	8691
19.0700	8522
19.0750	8957
19.0800	8522
19.0850	8527
19.0900	8599
19.0950	8711
19.1000	8883
19.1050	8742
19.1100	8396
19.1150	8636
19.1200	8992
19.1250	8942
19.1300	8956
19.1350	8348
19.1400	8583
19.1450	8796
19.1500	8659
19.1550	8925
19.1600	8538
19.1650	8892
19.1700	8468
19.1750	8531
19.1800	8626
19.1850	8683
19.1900	8899
19.1950	8837
19.2000	8498
19.2050	8646
19.2100	8863
19.2150	8904
19.2200	9087
19.2250	8377
19.2300	8717
19.2350	8676
19.2400	8781
19.2450	8786
19.2500	8573
19.2550	9145
19.2600	8544
19.2650	8400
19.2700	8519
19.2750	8773
19.2800	8975
19.2850	8895
19.2900	8443
19.2950	8643
19.3000	8863
19.3050	9020
19.3100	8920
19.3150	8502
19.3200	8674
19.3250	8730
19.3300	8656
19.3350	8884
19.3400	8388
19.3450	9008
19.3500	8310
19.3550	8483
19.3600	8717
19.3650	8758
19.3700	9041
19.3750	8657
19.3800	8390
19.3850	8493
19.3900	8840
19.3950	9078
19.4000	8972
19.4050	8569
19.4100	8668
19.4150	8802
19.4200	8584
19.4250	8926
19.4300	8458
19.4350	8953
19.4400	8455
19.4450	8591
19.4500	8626
19.4550	8875
19.4600	8993
19.4650	8596
19.4700	8302
19.4750	8435
19.4800	8959
19.4850	8925
19.4900	8883
19.4950	8448
19.5000	8611
19.5050	8796
19.5100	8742
19.5150	8804
19.5200	8413
19.5250	8997
19.5300	8606
19.5350	8491
19.5400	8700
19.5450	8843
19.5500	8910
19.5550	8549
19.5600	8528
19.5650	8581
19.5700	8825
19.5750	9044
19.5800	8689
19.5850	8361
19.5900	8808
19.5950	8745
19.6000	8802
19.6050	8868
19.6100	8355
19.6150	8993
19.6200	8514
19.6250	8539
19.6300	8648
19.6350	8573
19.6400	8941
19.6450	8595
19.6500	8325
19.6550	8591
19.6600	8934
19.6650	8920
19.6700	8782
19.6750	8530
19.6800	8690
19.6850	8931
19.6900	8847
19.6950	8926
19.7000	8331
19.7050	9014
19.7100	8525
19.7150	8642
19.7200	8588
19.7250	8704
19.7300	8962
19.7350	8710
19.7400	8561
19.7450	8521
19.7500	8966
19.7550	9100
19.7600	8686
19.7650	8499
19.7700	8717
19.7750	8791
19.7800	8883
19.7850	8989
19.7900	8491
19.7950	8958
19.8000	8667
19.8050	8532
19.8100	8612
19.8150	8684
19.8200	9135
19.8250	8515
19.8300	8349
19.8350	8459
19.8400	9042
19.8450	8878
19.8500	8845
19.8550	8293
19.8600	8681
19.8650	8824
19.8700	8738
19.8750	8968
19.8800	8322
19.8850	8991
19.8900	8515
19.8950	8535
19.9000	8741
19.9050	8716
19.9100	8953
19.9150	8619
19.9200	8500
19.9250	8580
19.9300	8919
19.9350	9071
19.9400	8782
19.9450	8304
19.9500	8573
19.9550	8868
19.9600	8879
19.9650	8996
19.9700	8530
19.9750	8888
19.9800	8600
19.9850	8613
19.9900	8758
19.9950	8606
