0.0000	8509
0.0040	8510
0.0080	8521
0.0120	8316
0.0160	8620
0.0200	8283
0.0240	8828
0.0280	8520
0.0320	8916
0.0360	8266
0.0400	8926
0.0440	8491
0.0480	8750
0.0520	8543
0.0560	8761
0.0600	8599
0.0640	8753
0.0680	8807
0.0720	8562
0.0760	8821
0.0800	8552
0.0840	8995
0.0880	8485
0.0920	8860
0.0960	8618
0.1000	9115
0.1040	8721
0.1080	8830
0.1120	8692
0.1160	8737
0.1200	8998
0.1240	9033
0.1280	8939
0.1320	8804
0.1360	8791
0.1400	8871
0.1440	8735
0.1480	8810
0.1520	8555
0.1560	8579
0.1600	8717
0.1640	8491
0.1680	8479
0.1720	8371
0.1760	8468
0.1800	8701
0.1840	8330
0.1880	8715
0.1920	8413
0.1960	8834
0.2000	8419
0.2040	8730
0.2080	8388
0.2120	8814
0.2160	8411
0.2200	8843
0.2240	8509
0.2280	8749
0.2320	8658
0.2360	8721
0.2400	8736
0.2440	8610
0.2480	8755
0.2520	8597
0.2560	8934
0.2600	8637
0.2640	9170
0.2680	8653
0.2720	8995
0.2760	8785
0.2800	9059
0.2840	8783
0.2880	8979
0.2920	8915
0.2960	8957
0.3000	8831
0.3040	8916
0.3080	8806
0.3120	8689
0.3160	8828
0.3200	8575
0.3240	8684
0.3280	8609
0.3320	8472
0.3360	8633
0.3400	8392
0.3440	8512
0.3480	8304
0.3520	8578
0.3560	8517
0.3600	8750
0.3640	8574
0.3680	8635
0.3720	8432
0.3760	8715
0.3800	8472
0.3840	8950
0.3880	8489
0.3920	8961
0.3960	8455
0.4000	8861
0.4040	8668
0.4080	8764
0.4120	8688
0.4160	8540
0.4200	8589
0.4240	8631
0.4280	8752
0.4320	8541
0.4360	8899
0.4400	8483
0.4440	8963
0.4480	8690
0.4520	8914
0.4560	8703
0.4600	8987
0.4640	8910
0.4680	8877
0.4720	8882
0.4760	8989
0.4800	9105
0.4840	8939
0.4880	8901
0.4920	8822
0.4960	8713
0.5000	8668
0.5040	8614
0.5080	8554
0.5120	8527
0.5160	8290
0.5200	8397
0.5240	8529
0.5280	8273
0.5320	8443
0.5360	8392
0.5400	8690
0.5440	8423
0.5480	8610
0.5520	8487
0.5560	8894
0.5600	8567
0.5640	8867
0.5680	8558
0.5720	8913
0.5760	8428
0.5800	9000
0.5840	8626
0.5880	8589
0.5920	8661
0.5960	8685
0.6000	8705
0.6040	8551
0.6080	8712
0.6120	8232
0.6160	8941
0.6200	8508
0.6240	9095
0.6280	8741
0.6320	8829
0.6360	8729
0.6400	8823
0.6440	8804
0.6480	8982
0.6520	9024
0.6560	8981
0.6600	9015
0.6640	8998
0.6680	8886
0.6720	8691
0.6760	8707
0.6800	8854
0.6840	8787
0.6880	8528
0.6920	8576
0.6960	8621
0.7000	8435
0.7040	8518
0.7080	8470
0.7120	8440
0.7160	8431
0.7200	8814
0.7240	8395
0.7280	8740
0.7320	8276
0.7360	8877
0.7400	8424
0.7440	9002
0.7480	8335
0.7520	8945
0.7560	8547
0.7600	8881
0.7640	8686
0.7680	8716
0.7720	8755
0.7760	8590
0.7800	8878
0.7840	8615
0.7880	8872
0.7920	8507
0.7960	8854
0.8000	8573
0.8040	8896
0.8080	8758
0.8120	8972
0.8160	8727
0.8200	8973
0.8240	8940
0.8280	8891
0.8320	8759
0.8360	8881
0.8400	8874
0.8440	8825
0.8480	8580
0.8520	8778
0.8560	8694
0.8600	8664
0.8640	8671
0.8680	8649
0.8720	8437
0.8760	8524
0.8800	8531
0.8840	8666
0.8880	8507
0.8920	8548
0.8960	8426
0.9000	8802
0.9040	8502
0.9080	8808
0.9120	8360
0.9160	8873
0.9200	8441
0.9240	8960
0.9280	8358
0.9320	8795
0.9360	8577
0.9400	8703
0.9440	8597
0.9480	8706
0.9520	8779
0.9560	8638
0.9600	8920
0.9640	8654
0.9680	9132
0.9720	8513
0.9760	8955
0.9800	8641
0.9840	9126
0.9880	8998
0.9920	9026
0.9960	8899
1.0000	9004
1.0040	9022
1.0080	8926
1.0120	8782
1.0160	8996
1.0200	8860
1.0240	8908
1.0280	8748
1.0320	8663
1.0360	8610
1.0400	8711
1.0440	8636
1.0480	8392
1.0520	8464
1.0560	8514
1.0600	8618
1.0640	8723
1.0680	8508
1.0720	8688
1.0760	8550
1.0800	8850
1.0840	8495
1.0880	8922
1.0920	8511
1.0960	9092
1.1000	8502
1.1040	8978
1.1080	8338
1.1120	8632
1.1160	8610
1.1200	8693
1.1240	8739
1.1280	8708
1.1320	8751
1.1360	8470
1.1400	9025
1.1440	8482
1.1480	8849
1.1520	8462
1.1560	8885
1.1600	8642
1.1640	9050
1.1680	8842
1.1720	8951
1.1760	8905
1.1800	9197
1.1840	8992
1.1880	8902
1.1920	8858
1.1960	8886
1.2000	8738
1.2040	8683
1.2080	8703
1.2120	8426
1.2160	8533
1.2200	8562
1.2240	8358
1.2280	8315
1.2320	8287
1.2360	8361
1.2400	8371
1.2440	8609
1.2480	8401
1.2520	8687
1.2560	8389
1.2600	8797
1.2640	8481
1.2680	8933
1.2720	8307
1.2760	8829
1.2800	8431
1.2840	9023
1.2880	8730
1.2920	8860
1.2960	8652
1.3000	8671
1.3040	8756
1.3080	8656
1.3120	8600
1.3160	8520
1.3200	8880
1.3240	8575
1.3280	8877
1.3320	8469
1.3360	8919
1.3400	8767
1.3440	8953
1.3480	8643
1.3520	8695
1.3560	8970
1.3600	8997
1.3640	8913
1.3680	8979
1.3720	8849
1.3760	8775
1.3800	8702
1.3840	8779
1.3880	8757
1.3920	8721
1.3960	8613
1.4000	8467
1.4040	8563
1.4080	8424
1.4120	8359
1.4160	8404
1.4200	8470
1.4240	8664
1.4280	8410
1.4320	8659
1.4360	8331
1.4400	8848
1.4440	8371
1.4480	8818
1.4520	8469
1.4560	9054
1.4600	8635
1.4640	8884
1.4680	8664
1.4720	8726
1.4760	8617
1.4800	8684
1.4840	8738
1.4880	8510
1.4920	8818
1.4960	8537
1.5000	8963
1.5040	8386
1.5080	8860
1.5120	8585
1.5160	8975
1.5200	8743
1.5240	8968
1.5280	8835
1.5320	8708
1.5360	8948
1.5400	8861
1.5440	8992
1.5480	8973
1.5520	8807
1.5560	8698
1.5600	8728
1.5640	8750
1.5680	8625
1.5720	8737
1.5760	8512
1.5800	8510
1.5840	8425
1.5880	8449
1.5920	8335
1.5960	8626
1.6000	8468
1.6040	8548
1.6080	8297
1.6120	8608
1.6160	8385
1.6200	8942
1.6240	8495
1.6280	8928
1.6320	8274
1.6360	8796
1.6400	8392
1.6440	8817
1.6480	8530
1.6520	8667
1.6560	8780
1.6600	8710
1.6640	9070
1.6680	8683
1.6720	8565
1.6760	8502
1.6800	9128
1.6840	8685
1.6880	8859
1.6920	8641
1.6960	9161
1.7000	8752
1.7040	9057
1.7080	8651
1.7120	8847
1.7160	8951
1.7200	8873
1.7240	8818
1.7280	8740
1.7320	8810
1.7360	8715
1.7400	8735
1.7440	8672
1.7480	8472
1.7520	8504
1.7560	8560
1.7600	8488
1.7640	8480
1.7680	8551
1.7720	8343
1.7760	8692
1.7800	8576
1.7840	8801
1.7880	8364
1.7920	8618
1.7960	8394
1.8000	8922
1.8040	8367
1.8080	8909
1.8120	8346
1.8160	8783
1.8200	8689
1.8240	8768
1.8280	8576
1.8320	8645
1.8360	8621
1.8400	8544
1.8440	8863
1.8480	8458
1.8520	9056
1.8560	8637
1.8600	9092
1.8640	8566
1.8680	8973
1.8720	8763
1.8760	8944
1.8800	8721
1.8840	8997
1.8880	8849
1.8920	8916
1.8960	8854
1.9000	8917
1.9040	8755
1.9080	8634
1.9120	8572
1.9160	8636
1.9200	8638
1.9240	8637
1.9280	8601
1.9320	8452
1.9360	8336
1.9400	8641
1.9440	8445
1.9480	8335
1.9520	8310
1.9560	8741
1.9600	8435
1.9640	8854
1.9680	8475
1.9720	8872
1.9760	8360
1.9800	8987
1.9840	8537
1.9880	9047
1.9920	8454
1.9960	8868
2.0000	8549
2.0040	8791
2.0080	8621
2.0120	8549
2.0160	8639
2.0200	8553
2.0240	8772
2.0280	8332
2.0320	8956
2.0360	8393
2.0400	9074
2.0440	8627
2.0480	9013
2.0520	8647
2.0560	9004
2.0600	8787
2.0640	9118
2.0680	8933
2.0720	8881
2.0760	8969
2.0800	9002
2.0840	8879
2.0880	8838
2.0920	8766
2.0960	8810
2.1000	8632
2.1040	8736
2.1080	8478
2.1120	8341
2.1160	8412
2.1200	8451
2.1240	8222
2.1280	8610
2.1320	8305
2.1360	8652
2.1400	8432
2.1440	8771
2.1480	8381
2.1520	8881
2.1560	8318
2.1600	8994
2.1640	8596
2.1680	8873
2.1720	8535
2.1760	8878
2.1800	8666
2.1840	8873
2.1880	8628
2.1920	8465
2.1960	8799
2.2000	8456
2.2040	8904
2.2080	8335
2.2120	8904
2.2160	8516
2.2200	9065
2.2240	8542
2.2280	8832
2.2320	8783
2.2360	8884
2.2400	8792
2.2440	8850
2.2480	8887
2.2520	8900
2.2560	8963
2.2600	8866
2.2640	8822
2.2680	8714
2.2720	8518
2.2760	8652
2.2800	8787
2.2840	8492
2.2880	8564
2.2920	8331
2.2960	8444
2.3000	8573
2.3040	8526
2.3080	8588
2.3120	8147
2.3160	8756
2.3200	8420
2.3240	8815
2.3280	8358
2.3320	8751
2.3360	8255
2.3400	9010
2.3440	8455
2.3480	8664
2.3520	8533
2.3560	8662
2.3600	8666
2.3640	8652
2.3680	8775
2.3720	8599
2.3760	8891
2.3800	8658
2.3840	8956
2.3880	8540
2.3920	8969
2.3960	8615
2.4000	8955
2.4040	8742
2.4080	8914
2.4120	8704
2.4160	8948
2.4200	8864
2.4240	8873
2.4280	8864
2.4320	8745
2.4360	8790
2.4400	8856
2.4440	8827
2.4480	8676
2.4520	8598
2.4560	8601
2.4600	8655
2.4640	8608
2.4680	8664
2.4720	8415
2.4760	8460
2.4800	8829
2.4840	8583
2.4880	8855
2.4920	8428
2.4960	8704
2.5000	8257
2.5040	8874
2.5080	8461
2.5120	8780
2.5160	8501
2.5200	8893
2.5240	8408
2.5280	8700
2.5320	8440
2.5360	8661
2.5400	8644
2.5440	8912
2.5480	8831
2.5520	8446
2.5560	8736
2.5600	8585
2.5640	9135
2.5680	8674
2.5720	8868
2.5760	8617
2.5800	9142
2.5840	8662
2.5880	9000
2.5920	8929
2.5960	8866
2.6000	8973
2.6040	9006
2.6080	8849
2.6120	8700
2.6160	8697
2.6200	8797
2.6240	8800
2.6280	8641
2.6320	8402
2.6360	8456
2.6400	8538
2.6440	8413
2.6480	8364
2.6520	8676
2.6560	8516
2.6600	8612
2.6640	8465
2.6680	8642
2.6720	8348
2.6760	8991
2.6800	8428
2.6840	8878
2.6880	8387
2.6920	8904
2.6960	8469
2.7000	8859
2.7040	8483
2.7080	8780
2.7120	8610
2.7160	8456
2.7200	8603
2.7240	8573
2.7280	8775
2.7320	8417
2.7360	8918
2.7400	8520
2.7440	8952
2.7480	8649
2.7520	8898
2.7560	8825
2.7600	9003
2.7640	8749
2.7680	8932
2.7720	8911
2.7760	8938
2.7800	9024
2.7840	9142
2.7880	8930
2.7920	8934
2.7960	8795
2.8000	8757
2.8040	8635
2.8080	8531
2.8120	8446
2.8160	8418
2.8200	8364
2.8240	8237
2.8280	8287
2.8320	8411
2.8360	8350
2.8400	8548
2.8440	8355
2.8480	8590
2.8520	8284
2.8560	8819
2.8600	8448
2.8640	9050
2.8680	8343
2.8720	8966
2.8760	8549
2.8800	8899
2.8840	8720
2.8880	8802
2.8920	8826
2.8960	8604
2.9000	8898
2.9040	8541
2.9080	8716
2.9120	8271
2.9160	8840
2.9200	8407
2.9240	9017
2.9280	8504
2.9320	8870
2.9360	8745
2.9400	9044
2.9440	8893
2.9480	8980
2.9520	8853
2.9560	8862
2.9600	9035
2.9640	9020
2.9680	8851
2.9720	8724
2.9760	8686
2.9800	8831
2.9840	8661
2.9880	8695
2.9920	8490
2.9960	8509
3.0000	8474
3.0040	8615
3.0080	8337
3.0120	8538
3.0160	8222
3.0200	8703
3.0240	8378
3.0280	8699
3.0320	8414
3.0360	8850
3.0400	8442
3.0440	8966
3.0480	8473
3.0520	8911
3.0560	8430
3.0600	8770
3.0640	8628
3.0680	8744
3.0720	8688
3.0760	8565
3.0800	9011
3.0840	8745
3.0880	8948
3.0920	8530
3.0960	8928
3.1000	8547
3.1040	8949
3.1080	8473
3.1120	8920
3.1160	8761
3.1200	8967
3.1240	8693
3.1280	8960
3.1320	8696
3.1360	8914
3.1400	8740
3.1440	8813
3.1480	8588
3.1520	8842
3.1560	8660
3.1600	8791
3.1640	8616
3.1680	8694
3.1720	8461
3.1760	8648
3.1800	8403
3.1840	8530
3.1880	8385
3.1920	8670
3.1960	8519
3.2000	8769
3.2040	8548
3.2080	8620
3.2120	8249
3.2160	8942
3.2200	8403
3.2240	8839
3.2280	8398
3.2320	8813
3.2360	8657
3.2400	8830
3.2440	8666
3.2480	8730
3.2520	8746
3.2560	8604
3.2600	9054
3.2640	8579
3.2680	9039
3.2720	8606
3.2760	9041
3.2800	8678
3.2840	9128
3.2880	8780
3.2920	8927
3.2960	8827
3.3000	8977
3.3040	8875
3.3080	8986
3.3120	8850
3.3160	8921
3.3200	8755
3.3240	8734
3.3280	8709
3.3320	8540
3.3360	8512
3.3400	8612
3.3440	8635
3.3480	8307
3.3520	8283
3.3560	8482
3.3600	8560
3.3640	8662
3.3680	8533
3.3720	8661
3.3760	8408
3.3800	8887
3.3840	8528
3.3880	8934
3.3920	8423
3.3960	9023
3.4000	8439
3.4040	9012
3.4080	8402
3.4120	8706
3.4160	8475
3.4200	8828
3.4240	8722
3.4280	8646
3.4320	8758
3.4360	8424
3.4400	8784
3.4440	8443
3.4480	8839
3.4520	8474
3.4560	8900
3.4600	8741
3.4640	8871
3.4680	8586
3.4720	8815
3.4760	8761
3.4800	8913
3.4840	8969
3.4880	8969
3.4920	8876
3.4960	8940
3.5000	8697
3.5040	8688
3.5080	8642
3.5120	8617
3.5160	8538
3.5200	8397
3.5240	8564
3.5280	8465
3.5320	8251
3.5360	8653
3.5400	8373
3.5440	8587
3.5480	8333
3.5520	8502
3.5560	8370
3.5600	8815
3.5640	8398
3.5680	8825
3.5720	8328
3.5760	8958
3.5800	8440
3.5840	8918
3.5880	8676
3.5920	8782
3.5960	8674
3.6000	8702
3.6040	8645
3.6080	8447
3.6120	8736
3.6160	8401
3.6200	8910
3.6240	8489
3.6280	8781
3.6320	8495
3.6360	8913
3.6400	8642
3.6440	9017
3.6480	8758
3.6520	8877
3.6560	8690
3.6600	8994
3.6640	9054
3.6680	9055
3.6720	8798
3.6760	8956
3.6800	8755
3.6840	8798
3.6880	8754
3.6920	8637
3.6960	8566
3.7000	8537
3.7040	8529
3.7080	8494
3.7120	8277
3.7160	8525
3.7200	8402
3.7240	8614
3.7280	8245
3.7320	8481
3.7360	8397
3.7400	8796
3.7440	8364
3.7480	8834
3.7520	8461
3.7560	8906
3.7600	8450
3.7640	8898
3.7680	8433
3.7720	8575
3.7760	8677
3.7800	8634
3.7840	8853
3.7880	8524
3.7920	8939
3.7960	8448
3.8000	8921
3.8040	8719
3.8080	8956
3.8120	8596
3.8160	8822
3.8200	8809
3.8240	8828
3.8280	8594
3.8320	8928
3.8360	8921
3.8400	8904
3.8440	8982
3.8480	8764
3.8520	8803
3.8560	8711
3.8600	8772
3.8640	8742
3.8680	8674
3.8720	8638
3.8760	8526
3.8800	8581
3.8840	8463
3.8880	8424
3.8920	8292
3.8960	8533
3.9000	8399
3.9040	8688
3.9080	8463
3.9120	8588
3.9160	8381
3.9200	8756
3.9240	8443
3.9280	8880
3.9320	8478
3.9360	8907
3.9400	8622
3.9440	8718
3.9480	8399
3.9520	8633
3.9560	8713
3.9600	8544
3.9640	8845
3.9680	8591
3.9720	8755
3.9760	8485
3.9800	8967
3.9840	8593
3.9880	8989
3.9920	8611
3.9960	9043
4.0000	8788
4.0040	9010
4.0080	8744
4.0120	8876
4.0160	8800
4.0200	8858
4.0240	8770
4.0280	8912
4.0320	8655
4.0360	8666
4.0400	8828
4.0440	8551
4.0480	8576
4.0520	8470
4.0560	8310
4.0600	8508
4.0640	8397
4.0680	8375
4.0720	8365
4.0760	8519
4.0800	8496
4.0840	8873
4.0880	8502
4.0920	8727
4.0960	8541
4.1000	8804
4.1040	8460
4.1080	8812
4.1120	8324
4.1160	8855
4.1200	8458
4.1240	8745
4.1280	8611
4.1320	8358
4.1360	8712
4.1400	8506
4.1440	8882
4.1480	8392
4.1520	8993
4.1560	8481
4.1600	9013
4.1640	8630
4.1680	9018
4.1720	8736
4.1760	9020
4.1800	8886
4.1840	9078
4.1880	8900
4.1920	9063
4.1960	9071
4.2000	8991
4.2040	8908
4.2080	8774
4.2120	8831
4.2160	8665
4.2200	8522
4.2240	8519
4.2280	8595
4.2320	8417
4.2360	8316
4.2400	8250
4.2440	8416
4.2480	8622
4.2520	8305
4.2560	8769
4.2600	8477
4.2640	8770
4.2680	8362
4.2720	8820
4.2760	8370
4.2800	9073
4.2840	8622
4.2880	9045
4.2920	8463
4.2960	8875
4.3000	8493
4.3040	8730
4.3080	8619
4.3120	8524
4.3160	8811
4.3200	8555
4.3240	8911
4.3280	8373
4.3320	8788
4.3360	8498
4.3400	8809
4.3440	8651
4.3480	8967
4.3520	8808
4.3560	8959
4.3600	8765
4.3640	9009
4.3680	8811
4.3720	8907
4.3760	9117
4.3800	8864
4.3840	8871
4.3880	8872
4.3920	8835
4.3960	8644
4.4000	8518
4.4040	8667
4.4080	8499
4.4120	8376
4.4160	8516
4.4200	8399
4.4240	8387
4.4280	8476
4.4320	8256
4.4360	8495
4.4400	8449
4.4440	8801
4.4480	8402
4.4520	8922
4.4560	8515
4.4600	9244
4.4640	8482
4.4680	9010
4.4720	8484
4.4760	8700
4.4800	8457
4.4840	8657
4.4880	8703
4.4920	8542
4.4960	8760
4.5000	8665
4.5040	9039
4.5080	8410
4.5120	8848
4.5160	8498
4.5200	8880
4.5240	8696
4.5280	8883
4.5320	8745
4.5360	8831
4.5400	8812
4.5440	9088
4.5480	8927
4.5520	8924
4.5560	8952
4.5600	8879
4.5640	8870
4.5680	8874
4.5720	8657
4.5760	8681
4.5800	8714
4.5840	8553
4.5880	8698
4.5920	8431
4.5960	8477
4.6000	8543
4.6040	8441
4.6080	8519
4.6120	8247
4.6160	8659
4.6200	8515
4.6240	8790
4.6280	8339
4.6320	8746
4.6360	8463
4.6400	8938
4.6440	8399
4.6480	8701
4.6520	8511
4.6560	8828
4.6600	8481
4.6640	8749
4.6680	8898
4.6720	8637
4.6760	8938
4.6800	8609
4.6840	9033
4.6880	8577
4.6920	8954
4.6960	8633
4.7000	9061
4.7040	8778
4.7080	8969
4.7120	8875
4.7160	8933
4.7200	8932
4.7240	8897
4.7280	8837
4.7320	8822
4.7360	8671
4.7400	8966
4.7440	8816
4.7480	8638
4.7520	8613
4.7560	8564
4.7600	8789
4.7640	8586
4.7680	8464
4.7720	8383
4.7760	8602
4.7800	8608
4.7840	8331
4.7880	8656
4.7920	8490
4.7960	8833
4.8000	8451
4.8040	8898
4.8080	8457
4.8120	8906
4.8160	8510
4.8200	8972
4.8240	8558
4.8280	8789
4.8320	8531
4.8360	8646
4.8400	8704
4.8440	8609
4.8480	8582
4.8520	8647
4.8560	8790
4.8600	8478
4.8640	9089
4.8680	8536
4.8720	8855
4.8760	8569
4.8800	9155
4.8840	8833
4.8880	8984
4.8920	8895
4.8960	8988
4.9000	8931
4.9040	8951
4.9080	8910
4.9120	8797
4.9160	8694
4.9200	8920
4.9240	8849
4.9280	8650
4.9320	8415
4.9360	8536
4.9400	8497
4.9440	8328
4.9480	8456
4.9520	8386
4.9560	8652
4.9600	8585
4.9640	8605
4.9680	8560
4.9720	8381
4.9760	8766
4.9800	8512
4.9840	8829
4.9880	8577
4.9920	8969
4.9960	8409
5.0000	8824
5.0040	8574
5.0080	8712
5.0120	8397
5.0160	8496
5.0200	8751
5.0240	8585
5.0280	8774
5.0320	8509
5.0360	8862
5.0400	8514
5.0440	8942
5.0480	8553
5.0520	8815
5.0560	8720
5.0600	8975
5.0640	8957
5.0680	9067
5.0720	8773
5.0760	8959
5.0800	9054
5.0840	9018
5.0880	8884
5.0920	8908
5.0960	8908
5.1000	8689
5.1040	8615
5.1080	8532
5.1120	8415
5.1160	8599
5.1200	8493
5.1240	8563
5.1280	8475
5.1320	8451
5.1360	8281
5.1400	8617
5.1440	8457
5.1480	8676
5.1520	8270
5.1560	8699
5.1600	8405
5.1640	9013
5.1680	8507
5.1720	8994
5.1760	8357
5.1800	9015
5.1840	8486
5.1880	8935
5.1920	8635
5.1960	8712
5.2000	8656
5.2040	8658
5.2080	8760
5.2120	8314
5.2160	8914
5.2200	8507
5.2240	9039
5.2280	8535
5.2320	8777
5.2360	8564
5.2400	8892
5.2440	8761
5.2480	9046
5.2520	8855
5.2560	8991
5.2600	9126
5.2640	8857
5.2680	8851
5.2720	8775
5.2760	8679
5.2800	8769
5.2840	8769
5.2880	8781
5.2920	8568
5.2960	8579
5.3000	8551
5.3040	8489
5.3080	8357
5.3120	8605
5.3160	8226
5.3200	8633
5.3240	8465
5.3280	8658
5.3320	8326
5.3360	8748
5.3400	8450
5.3440	8874
5.3480	8322
5.3520	8911
5.3560	8563
5.3600	8872
5.3640	8592
5.3680	8655
5.3720	8782
5.3760	8501
5.3800	8915
5.3840	8699
5.3880	8887
5.3920	8367
5.3960	8833
5.4000	8589
5.4040	9032
5.4080	8683
5.4120	8787
5.4160	8710
5.4200	8910
5.4240	8909
5.4280	9027
5.4320	8909
5.4360	8995
5.4400	8830
5.4440	8801
5.4480	8722
5.4520	8753
5.4560	8670
5.4600	8670
5.4640	8730
5.4680	8574
5.4720	8450
5.4760	8381
5.4800	8696
5.4840	8742
5.4880	8430
5.4920	8635
5.4960	8431
5.5000	8694
5.5040	8373
5.5080	8701
5.5120	8260
5.5160	8881
5.5200	8304
5.5240	9012
5.5280	8386
5.5320	8802
5.5360	8367
5.5400	8738
5.5440	8599
5.5480	8621
5.5520	8775
5.5560	8644
5.5600	8816
5.5640	8638
5.5680	9156
5.5720	8434
5.5760	8999
5.5800	8708
5.5840	8969
5.5880	8848
5.5920	8960
5.5960	8824
5.6000	8801
5.6040	9057
5.6080	8954
5.6120	8865
5.6160	8968
5.6200	8872
5.6240	8850
5.6280	8772
5.6320	8581
5.6360	8379
5.6400	8551
5.6440	8470
5.6480	8664
5.6520	8394
5.6560	8480
5.6600	8509
5.6640	8638
5.6680	8274
5.6720	8734
5.6760	8311
5.6800	8703
5.6840	8429
5.6880	8841
5.6920	8417
5.6960	8955
5.7000	8442
5.7040	8836
5.7080	8420
5.7120	8768
5.7160	8572
5.7200	8720
5.7240	8578
5.7280	8652
5.7320	8759
5.7360	8446
5.7400	8921
5.7440	8483
5.7480	9046
5.7520	8462
5.7560	9011
5.7600	8706
5.7640	9110
5.7680	8707
5.7720	9111
5.7760	8913
5.7800	9070
5.7840	8862
5.7880	8818
5.7920	8894
5.7960	8946
5.8000	8676
5.8040	8805
5.8080	8728
5.8120	8621
5.8160	8507
5.8200	8544
5.8240	8557
5.8280	8475
5.8320	8366
5.8360	8466
5.8400	8391
5.8440	8678
5.8480	8341
5.8520	8660
5.8560	8468
5.8600	8798
5.8640	8474
5.8680	8935
5.8720	8359
5.8760	9031
5.8800	8515
5.8840	9026
5.8880	8479
5.8920	8733
5.8960	8626
5.9000	8622
5.9040	8828
5.9080	8502
5.9120	8673
5.9160	8421
5.9200	8949
5.9240	8498
5.9280	8995
5.9320	8472
5.9360	9059
5.9400	8622
5.9440	8865
5.9480	8591
5.9520	8934
5.9560	8861
5.9600	9039
5.9640	8844
5.9680	9028
5.9720	8765
5.9760	8986
5.9800	8915
5.9840	8825
5.9880	8607
5.9920	8631
5.9960	8776
6.0000	8573
6.0040	8530
6.0080	8262
6.0120	8226
6.0160	8421
6.0200	8342
6.0240	8783
6.0280	8282
6.0320	8537
6.0360	8314
6.0400	8911
6.0440	8523
6.0480	8765
6.0520	8489
6.0560	9015
6.0600	8463
6.0640	8879
6.0680	8444
6.0720	8775
6.0760	8701
6.0800	8690
6.0840	8877
6.0880	8568
6.0920	8746
6.0960	8622
6.1000	9040
6.1040	8620
6.1080	9068
6.1120	8560
6.1160	8880
6.1200	8642
6.1240	8958
6.1280	8685
6.1320	8869
6.1360	8794
6.1400	8787
6.1440	9047
6.1480	8941
6.1520	8869
6.1560	8783
6.1600	8940
6.1640	8814
6.1680	8558
6.1720	8639
6.1760	8507
6.1800	8620
6.1840	8495
6.1880	8582
6.1920	8471
6.1960	8612
6.2000	8313
6.2040	8674
6.2080	8322
6.2120	8541
6.2160	8247
6.2200	8802
6.2240	8516
6.2280	8901
6.2320	8268
6.2360	8711
6.2400	8486
6.2440	8964
6.2480	8579
6.2520	8747
6.2560	8601
6.2600	8696
6.2640	8944
6.2680	8634
6.2720	8912
6.2760	8495
6.2800	9030
6.2840	8517
6.2880	8969
6.2920	8650
6.2960	9001
6.3000	8808
6.3040	9204
6.3080	8800
6.3120	8940
6.3160	8756
6.3200	8990
6.3240	8951
6.3280	8752
6.3320	8843
6.3360	8694
6.3400	8518
6.3440	8681
6.3480	8575
6.3520	8544
6.3560	8540
6.3600	8426
6.3640	8611
6.3680	8658
6.3720	8369
6.3760	8649
6.3800	8438
6.3840	8742
6.3880	8487
6.3920	8799
6.3960	8413
6.4000	8997
6.4040	8391
6.4080	8811
6.4120	8425
6.4160	8701
6.4200	8636
6.4240	8934
6.4280	8634
6.4320	8592
6.4360	8797
6.4400	8540
6.4440	8965
6.4480	8484
6.4520	8843
6.4560	8472
6.4600	8888
6.4640	8727
6.4680	8966
6.4720	8721
6.4760	9035
6.4800	8778
6.4840	8920
6.4880	8917
6.4920	8949
6.4960	8920
6.5000	9035
6.5040	8912
6.5080	8729
6.5120	8865
6.5160	8742
6.5200	8604
6.5240	8648
6.5280	8448
6.5320	8505
6.5360	8411
6.5400	8450
6.5440	8403
6.5480	8462
6.5520	8388
6.5560	8524
6.5600	8621
6.5640	8833
6.5680	8442
6.5720	8885
6.5760	8353
6.5800	8929
6.5840	8557
6.5880	8882
6.5920	8478
6.5960	8863
6.6000	8664
6.6040	8894
6.6080	8668
6.6120	8576
6.6160	8740
6.6200	8533
6.6240	8836
6.6280	8366
6.6320	8875
6.6360	8577
6.6400	8790
6.6440	8540
6.6480	9009
6.6520	8618
6.6560	9042
6.6600	8792
6.6640	9163
6.6680	8793
6.6720	8922
6.6760	8832
6.6800	8928
6.6840	9006
6.6880	8853
6.6920	8892
6.6960	8569
6.7000	8727
6.7040	8605
6.7080	8419
6.7120	8502
6.7160	8316
6.7200	8461
6.7240	8378
6.7280	8613
6.7320	8212
6.7360	8627
6.7400	8478
6.7440	8830
6.7480	8308
6.7520	8896
6.7560	8334
6.7600	9007
6.7640	8605
6.7680	8993
6.7720	8455
6.7760	8798
6.7800	8611
6.7840	8834
6.7880	8724
6.7920	8553
6.7960	8845
6.8000	8480
6.8040	8714
6.8080	8376
6.8120	8992
6.8160	8500
6.8200	8903
6.8240	8679
6.8280	8931
6.8320	8683
6.8360	8927
6.8400	8755
6.8440	8982
6.8480	8843
6.8520	9012
6.8560	8921
6.8600	8973
6.8640	8876
6.8680	8755
6.8720	8593
6.8760	8679
6.8800	8589
6.8840	8787
6.8880	8611
6.8920	8783
6.8960	8347
6.9000	8603
6.9040	8556
6.9080	8694
6.9120	8378
6.9160	8670
6.9200	8397
6.9240	8641
6.9280	8443
6.9320	8745
6.9360	8264
6.9400	9092
6.9440	8413
6.9480	8904
6.9520	8475
6.9560	8728
6.9600	8644
6.9640	8662
6.9680	8850
6.9720	8698
6.9760	8875
6.9800	8546
6.9840	8990
6.9880	8531
6.9920	8912
6.9960	8653
7.0000	9084
7.0040	8696
7.0080	8915
7.0120	8689
7.0160	8907
7.0200	8990
7.0240	9041
7.0280	8854
7.0320	8774
7.0360	8907
7.0400	8910
7.0440	8820
7.0480	8725
7.0520	8550
7.0560	8601
7.0600	8483
7.0640	8570
7.0680	8364
7.0720	8611
7.0760	8310
7.0800	8658
7.0840	8618
7.0880	8694
7.0920	8577
7.0960	8810
7.1000	8344
7.1040	8785
7.1080	8485
7.1120	8874
7.1160	8367
7.1200	8868
7.1240	8476
7.1280	8698
7.1320	8457
7.1360	8774
7.1400	8639
7.1440	8640
7.1480	8617
7.1520	8511
7.1560	8753
7.1600	8438
7.1640	8983
7.1680	8611
7.1720	8996
7.1760	8548
7.1800	9051
7.1840	8685
7.1880	9039
7.1920	8806
7.1960	9094
7.2000	8841
7.2040	8912
7.2080	8973
7.2120	8937
7.2160	8847
7.2200	8676
7.2240	8821
7.2280	8572
7.2320	8748
7.2360	8619
7.2400	8483
7.2440	8621
7.2480	8483
7.2520	8372
7.2560	8492
7.2600	8575
7.2640	8479
7.2680	8711
7.2720	8475
7.2760	8740
7.2800	8552
7.2840	8882
7.2880	8493
7.2920	9096
7.2960	8521
7.3000	8886
7.3040	8491
7.3080	8646
7.3120	8456
7.3160	8588
7.3200	8677
7.3240	8645
7.3280	8856
7.3320	8596
7.3360	8864
7.3400	8372
7.3440	8910
7.3480	8479
7.3520	8894
7.3560	8505
7.3600	9033
7.3640	8911
7.3680	9052
7.3720	8820
7.3760	8997
7.3800	8952
7.3840	9092
7.3880	8939
7.3920	9086
7.3960	8751
7.4000	8747
7.4040	8678
7.4080	8698
7.4120	8410
7.4160	8513
7.4200	8503
7.4240	8423
7.4280	8440
7.4320	8310
7.4360	8378
7.4400	8615
7.4440	8509
7.4480	8710
7.4520	8408
7.4560	8776
7.4600	8726
7.4640	9145
7.4680	8681
7.4720	8881
7.4760	8534
7.4800	8926
7.4840	8637
7.4880	8756
7.4920	8606
7.4960	8885
7.5000	8627
7.5040	8571
7.5080	8814
7.5120	8469
7.5160	8922
7.5200	8432
7.5240	9022
7.5280	8482
7.5320	8841
7.5360	8574
7.5400	8963
7.5440	8904
7.5480	8743
7.5520	9064
7.5560	8931
7.5600	9037
7.5640	8922
7.5680	8773
7.5720	8793
7.5760	8776
7.5800	8770
7.5840	8765
7.5880	8582
7.5920	8523
7.5960	8572
7.6000	8501
7.6040	8410
7.6080	8445
7.6120	8315
7.6160	8271
7.6200	8667
7.6240	8443
7.6280	8603
7.6320	8283
7.6360	8859
7.6400	8334
7.6440	8981
7.6480	8309
7.6520	8872
7.6560	8475
7.6600	8865
7.6640	8673
7.6680	8840
7.6720	8595
7.6760	8824
7.6800	8820
7.6840	8625
7.6880	8895
7.6920	8365
7.6960	8847
7.7000	8609
7.7040	9056
7.7080	8614
7.7120	8960
7.7160	8623
7.7200	9010
7.7240	8883
7.7280	9031
7.7320	8750
7.7360	8921
7.7400	8834
7.7440	8884
7.7480	8955
7.7520	8595
7.7560	8837
7.7600	8837
7.7640	8578
7.7680	8554
7.7720	8597
7.7760	8569
7.7800	8485
7.7840	8599
7.7880	8307
7.7920	8654
7.7960	8305
7.8000	8852
7.8040	8487
7.8080	8658
7.8120	8350
7.8160	8817
7.8200	8504
7.8240	8928
7.8280	8416
7.8320	8700
7.8360	8419
7.8400	8685
7.8440	8725
7.8480	8718
7.8520	8630
7.8560	8720
7.8600	8808
7.8640	8629
7.8680	8961
7.8720	8469
7.8760	8841
7.8800	8736
7.8840	9034
7.8880	8786
7.8920	8980
7.8960	8779
7.9000	8937
7.9040	8973
7.9080	8855
7.9120	8887
7.9160	8911
7.9200	8899
7.9240	8802
7.9280	8702
7.9320	8813
7.9360	8554
7.9400	8729
7.9440	8558
7.9480	8512
7.9520	8454
7.9560	8599
7.9600	8432
7.9640	8654
7.9680	8349
7.9720	8742
7.9760	8462
7.9800	8809
7.9840	8532
7.9880	8870
7.9920	8348
7.9960	8950
8.0000	8515
8.0040	8818
8.0080	8453
8.0120	8755
8.0160	8395
8.0200	8786
8.0240	8706
8.0280	8588
8.0320	8765
8.0360	8439
8.0400	8794
8.0440	8407
8.0480	8785
8.0520	8541
8.0560	8949
8.0600	8785
8.0640	9189
8.0680	8826
8.0720	9017
8.0760	8810
8.0800	9092
8.0840	9017
8.0880	8910
8.0920	8979
8.0960	8901
8.1000	8773
8.1040	8773
8.1080	8671
8.1120	8729
8.1160	8719
8.1200	8560
8.1240	8526
8.1280	8538
8.1320	8283
8.1360	8455
8.1400	8368
8.1440	8494
8.1480	8314
8.1520	8473
8.1560	8240
8.1600	8888
8.1640	8454
8.1680	8962
8.1720	8417
8.1760	9019
8.1800	8425
8.1840	8887
8.1880	8558
8.1920	8815
8.1960	8557
8.2000	8578
8.2040	8808
8.2080	8710
8.2120	8726
8.2160	8476
8.2200	8804
8.2240	8435
8.2280	8830
8.2320	8474
8.2360	8816
8.2400	8724
8.2440	9055
8.2480	8701
8.2520	8994
8.2560	8862
8.2600	8962
8.2640	9179
8.2680	9197
8.2720	9096
8.2760	8973
8.2800	8850
8.2840	8885
8.2880	8686
8.2920	8613
8.2960	8699
8.3000	8571
8.3040	8541
8.3080	8629
8.3120	8249
8.3160	8386
8.3200	8455
8.3240	8467
8.3280	8400
8.3320	8682
8.3360	8344
8.3400	8931
8.3440	8315
8.3480	8691
8.3520	8369
8.3560	8980
8.3600	8475
8.3640	8983
8.3680	8640
8.3720	8885
8.3760	8794
8.3800	8736
8.3840	8848
8.3880	8584
8.3920	8854
8.3960	8543
8.4000	8869
8.4040	8470
8.4080	9062
8.4120	8623
8.4160	9037
8.4200	8788
8.4240	9046
8.4280	8820
8.4320	8835
8.4360	8843
8.4400	8931
8.4440	9022
8.4480	9041
8.4520	8852
8.4560	8958
8.4600	8753
8.4640	8831
8.4680	8643
8.4720	8681
8.4760	8651
8.4800	8578
8.4840	8491
8.4880	8447
8.4920	8463
8.4960	8564
8.5000	8363
8.5040	8706
8.5080	8376
8.5120	8667
8.5160	8271
8.5200	8771
8.5240	8361
8.5280	8888
8.5320	8362
8.5360	8919
8.5400	8475
8.5440	8740
8.5480	8415
8.5520	8628
8.5560	8460
8.5600	8789
8.5640	8823
8.5680	8665
8.5720	8806
8.5760	8458
8.5800	9106
8.5840	8700
8.5880	8843
8.5920	8655
8.5960	8990
8.6000	8841
8.6040	9001
8.6080	8628
8.6120	9056
8.6160	8914
8.6200	9013
8.6240	8932
8.6280	8884
8.6320	8761
8.6360	8852
8.6400	8825
8.6440	8706
8.6480	8618
8.6520	8444
8.6560	8536
8.6600	8615
8.6640	8558
8.6680	8548
8.6720	8329
8.6760	8619
8.6800	8282
8.6840	8619
8.6880	8576
8.6920	8649
8.6960	8500
8.7000	8907
8.7040	8515
8.7080	8805
8.7120	8394
8.7160	8796
8.7200	8556
8.7240	8703
8.7280	8566
8.7320	8605
8.7360	8663
8.7400	8592
8.7440	8912
8.7480	8303
8.7520	8903
8.7560	8569
8.7600	9069
8.7640	8749
8.7680	9007
8.7720	8641
8.7760	8993
8.7800	8769
8.7840	9023
8.7880	8926
8.7920	9059
8.7960	8982
8.8000	8938
8.8040	8982
8.8080	8872
8.8120	8674
8.8160	8741
8.8200	8588
8.8240	8585
8.8280	8528
8.8320	8398
8.8360	8471
8.8400	8439
8.8440	8381
8.8480	8398
8.8520	8455
8.8560	8613
8.8600	8633
8.8640	8753
8.8680	8425
8.8720	8854
8.8760	8447
8.8800	8970
8.8840	8465
8.8880	8983
8.8920	8260
8.8960	8690
8.9000	8495
8.9040	8771
8.9080	8466
8.9120	8506
8.9160	8688
8.9200	8544
8.9240	8827
8.9280	8394
8.9320	8780
8.9360	8404
8.9400	8833
8.9440	8574
8.9480	8885
8.9520	8619
8.9560	9030
8.9600	8821
8.9640	8957
8.9680	8867
8.9720	9100
8.9760	8935
8.9800	8933
8.9840	8978
8.9880	8840
8.9920	8772
8.9960	8701
9.0000	8667
9.0040	8604
9.0080	8574
9.0120	8431
9.0160	8473
9.0200	8552
9.0240	8466
9.0280	8374
9.0320	8342
9.0360	8528
9.0400	8532
9.0440	8785
9.0480	8314
9.0520	8800
9.0560	8397
9.0600	8969
9.0640	8554
9.0680	8924
9.0720	8536
9.0760	8861
9.0800	8628
9.0840	8844
9.0880	8769
9.0920	8568
9.0960	8828
9.1000	8557
9.1040	8914
9.1080	8469
9.1120	8902
9.1160	8524
9.1200	8897
9.1240	8568
9.1280	8966
9.1320	8528
9.1360	8888
9.1400	8742
9.1440	9065
9.1480	8919
9.1520	9145
9.1560	9053
9.1600	8948
9.1640	8872
9.1680	8971
9.1720	8660
9.1760	8727
9.1800	8767
9.1840	8737
9.1880	8410
9.1920	8565
9.1960	8580
9.2000	8405
9.2040	8487
9.2080	8411
9.2120	8342
9.2160	8650
9.2200	8404
9.2240	8797
9.2280	8418
9.2320	8679
9.2360	8436
9.2400	8916
9.2440	8442
9.2480	8708
9.2520	8506
9.2560	8966
9.2600	8611
9.2640	8859
9.2680	8734
9.2720	8615
9.2760	8959
9.2800	8586
9.2840	9087
9.2880	8558
9.2920	8968
9.2960	8464
9.3000	9005
9.3040	8509
9.3080	8926
9.3120	8684
9.3160	8764
9.3200	8892
9.3240	8983
9.3280	8979
9.3320	8766
9.3360	8805
9.3400	8710
9.3440	8683
9.3480	8664
9.3520	8724
9.3560	8590
9.3600	8595
9.3640	8626
9.3680	8643
9.3720	8432
9.3760	8394
9.3800	8531
9.3840	8413
9.3880	8773
9.3920	8443
9.3960	8689
9.4000	8411
9.4040	8895
9.4080	8258
9.4120	8778
9.4160	8224
9.4200	8866
9.4240	8585
9.4280	8815
9.4320	8327
9.4360	8732
9.4400	8709
9.4440	8727
9.4480	8705
9.4520	8631
9.4560	8894
9.4600	8563
9.4640	9000
9.4680	8519
9.4720	8830
9.4760	8600
9.4800	9177
9.4840	8806
9.4880	9113
9.4920	9107
9.4960	8747
9.5000	8960
9.5040	9081
9.5080	8927
9.5120	8735
9.5160	8647
9.5200	8744
9.5240	8935
9.5280	8758
9.5320	8487
9.5360	8585
9.5400	8533
9.5440	8555
9.5480	8485
9.5520	8561
9.5560	8438
9.5600	8428
9.5640	8554
9.5680	8789
9.5720	8479
9.5760	8795
9.5800	8454
9.5840	8933
9.5880	8517
9.5920	9026
9.5960	8422
9.6000	9051
9.6040	8607
9.6080	8733
9.6120	8482
9.6160	8688
9.6200	8640
9.6240	8689
9.6280	8765
9.6320	8444
9.6360	8902
9.6400	8613
9.6440	8985
9.6480	8442
9.6520	8992
9.6560	8533
9.6600	9177
9.6640	8760
9.6680	9067
9.6720	8919
9.6760	8894
9.6800	9147
9.6840	9131
9.6880	9064
9.6920	8882
9.6960	8858
9.7000	8727
9.7040	8824
9.7080	8686
9.7120	8482
9.7160	8461
9.7200	8397
9.7240	8580
9.7280	8371
9.7320	8386
9.7360	8211
9.7400	8385
9.7440	8389
9.7480	8505
9.7520	8450
9.7560	8763
9.7600	8550
9.7640	9008
9.7680	8553
9.7720	8956
9.7760	8434
9.7800	8901
9.7840	8562
9.7880	8770
9.7920	8582
9.7960	8693
9.8000	8666
9.8040	8609
9.8080	8730
9.8120	8421
9.8160	8857
9.8200	8389
9.8240	8993
9.8280	8537
9.8320	8869
9.8360	8495
9.8400	8952
9.8440	8726
9.8480	9024
9.8520	8744
9.8560	8878
9.8600	9037
9.8640	9023
9.8680	8974
9.8720	8809
9.8760	8806
9.8800	8795
9.8840	8817
9.8880	8648
9.8920	8520
9.8960	8496
9.9000	8601
9.9040	8392
9.9080	8283
9.9120	8341
9.9160	8238
9.9200	8646
9.9240	8386
9.9280	8863
9.9320	8319
9.9360	8846
9.9400	8507
9.9440	8954
9.9480	8416
9.9520	8982
9.9560	8532
9.9600	8882
9.9640	8565
9.9680	8766
9.9720	8630
9.9760	8571
9.9800	8878
9.9840	8710
9.9880	8997
9.9920	8559
9.9960	9022
10.0000	8377
10.0040	9038
10.0080	8527
10.0120	8933
10.0160	8593
10.0200	8975
10.0240	8775
10.0280	8737
10.0320	8797
10.0360	8839
10.0400	9063
10.0440	8827
10.0480	8745
10.0520	8798
10.0560	8785
10.0600	8799
10.0640	8850
10.0680	8559
10.0720	8459
10.0760	8580
10.0800	8597
10.0840	8694
10.0880	8334
10.0920	8598
10.0960	8199
10.1000	8617
10.1040	8462
10.1080	8726
10.1120	8445
10.1160	8874
10.1200	8402
10.1240	9081
10.1280	8488
10.1320	8936
10.1360	8471
10.1400	8798
10.1440	8372
10.1480	8758
10.1520	8889
10.1560	8676
10.1600	9013
10.1640	8500
10.1680	8954
10.1720	8444
10.1760	9017
10.1800	8608
10.1840	9077
10.1880	8596
10.1920	9037
10.1960	8883
10.2000	8975
10.2040	8899
10.2080	8928
10.2120	8759
10.2160	8790
10.2200	8846
10.2240	8919
10.2280	8769
10.2320	8626
10.2360	8788
10.2400	8672
10.2440	8567
10.2480	8487
10.2520	8524
10.2560	8430
10.2600	8577
10.2640	8657
10.2680	8406
10.2720	8546
10.2760	8445
10.2800	8679
10.2840	8478
10.2880	8769
10.2920	8483
10.2960	8950
10.3000	8288
10.3040	8945
10.3080	8400
10.3120	8913
10.3160	8455
10.3200	8757
10.3240	8671
10.3280	8574
10.3320	8718
10.3360	8605
10.3400	8829
10.3440	8474
10.3480	8976
10.3520	8556
10.3560	8941
10.3600	8671
10.3640	9115
10.3680	8851
10.3720	8833
10.3760	8740
10.3800	9025
10.3840	8829
10.3880	9006
10.3920	8788
10.3960	9032
10.4000	8721
10.4040	8970
10.4080	8743
10.4120	8708
10.4160	8573
10.4200	8655
10.4240	8599
10.4280	8452
10.4320	8549
10.4360	8396
10.4400	8349
10.4440	8593
10.4480	8373
10.4520	8770
10.4560	8421
10.4600	8832
10.4640	8509
10.4680	8944
10.4720	8415
10.4760	8960
10.4800	8357
10.4840	8995
10.4880	8514
10.4920	8880
10.4960	8644
10.5000	8716
10.5040	8752
10.5080	8519
10.5120	8643
10.5160	8496
10.5200	8899
10.5240	8354
10.5280	9004
10.5320	8317
10.5360	8823
10.5400	8545
10.5440	8920
10.5480	8764
10.5520	8960
10.5560	8850
10.5600	8839
10.5640	9124
10.5680	9001
10.5720	9009
10.5760	8816
10.5800	8909
10.5840	8936
10.5880	8805
10.5920	8686
10.5960	8829
10.6000	8551
10.6040	8504
10.6080	8498
10.6120	8432
10.6160	8479
10.6200	8396
10.6240	8472
10.6280	8390
10.6320	8640
10.6360	8398
10.6400	8646
10.6440	8344
10.6480	8808
10.6520	8489
10.6560	8955
10.6600	8556
10.6640	9073
10.6680	8618
10.6720	8680
10.6760	8670
10.6800	8617
10.6840	8723
10.6880	8695
10.6920	8810
10.6960	8507
10.7000	9053
10.7040	8605
10.7080	8781
10.7120	8593
10.7160	8987
10.7200	8670
10.7240	9029
10.7280	8801
10.7320	8886
10.7360	8914
10.7400	8951
10.7440	8801
10.7480	8801
10.7520	8883
10.7560	8783
10.7600	8766
10.7640	8840
10.7680	8705
10.7720	8759
10.7760	8557
10.7800	8687
10.7840	8710
10.7880	8462
10.7920	8382
10.7960	8460
10.8000	8194
10.8040	8545
10.8080	8429
10.8120	8524
10.8160	8538
10.8200	8626
10.8240	8552
10.8280	8723
10.8320	8276
10.8360	8880
10.8400	8351
10.8440	8805
10.8480	8416
10.8520	8870
10.8560	8789
10.8600	8772
10.8640	8740
10.8680	8556
10.8720	8798
10.8760	8498
10.8800	8907
10.8840	8519
10.8880	8995
10.8920	8714
10.8960	8913
10.9000	8703
10.9040	8888
10.9080	8642
10.9120	8904
10.9160	8888
10.9200	9040
10.9240	8937
10.9280	8904
10.9320	8763
10.9360	8712
10.9400	8602
10.9440	8572
10.9480	8692
10.9520	8580
10.9560	8484
10.9600	8583
10.9640	8673
10.9680	8571
10.9720	8476
10.9760	8502
10.9800	8336
10.9840	8785
10.9880	8424
10.9920	8631
10.9960	8327
11.0000	8866
11.0040	8408
11.0080	8811
11.0120	8341
11.0160	8869
11.0200	8467
11.0240	8767
11.0280	8528
11.0320	8676
11.0360	8545
11.0400	8631
11.0440	8672
11.0480	8363
11.0520	8845
11.0560	8452
11.0600	9040
11.0640	8651
11.0680	9058
11.0720	8667
11.0760	8896
11.0800	8621
11.0840	9053
11.0880	8886
11.0920	8957
11.0960	9028
11.1000	9007
11.1040	8869
11.1080	8915
11.1120	8811
11.1160	8682
11.1200	8638
11.1240	8728
11.1280	8504
11.1320	8372
11.1360	8458
11.1400	8556
11.1440	8697
11.1480	8353
11.1520	8532
11.1560	8496
11.1600	8448
11.1640	8606
11.1680	8512
11.1720	8769
11.1760	8424
11.1800	9039
11.1840	8449
11.1880	9021
11.1920	8476
11.1960	8835
11.2000	8453
11.2040	8692
11.2080	8607
11.2120	8733
11.2160	8665
11.2200	8470
11.2240	8818
11.2280	8453
11.2320	8900
11.2360	8468
11.2400	8924
11.2440	8640
11.2480	8861
11.2520	8617
11.2560	8964
11.2600	8871
11.2640	9105
11.2680	8984
11.2720	9035
11.2760	9011
11.2800	9032
11.2840	8918
11.2880	8746
11.2920	8723
11.2960	8836
11.3000	8617
11.3040	8657
11.3080	8590
11.3120	8673
11.3160	8533
11.3200	8469
11.3240	8356
11.3280	8356
11.3320	8358
11.3360	8599
11.3400	8496
11.3440	8786
11.3480	8405
11.3520	8722
11.3560	8472
11.3600	8959
11.3640	8479
11.3680	8973
11.3720	8472
11.3760	8942
11.3800	8624
11.3840	8847
11.3880	8701
11.3920	8793
11.3960	8874
11.4000	8555
11.4040	8870
11.4080	8394
11.4120	8946
11.4160	8501
11.4200	8956
11.4240	8573
11.4280	9046
11.4320	8606
11.4360	8931
11.4400	8822
11.4440	8855
11.4480	8896
11.4520	8868
11.4560	8958
11.4600	9030
11.4640	8888
11.4680	8857
11.4720	8750
11.4760	8699
11.4800	8804
11.4840	8691
11.4880	8502
11.4920	8597
11.4960	8531
11.5000	8523
11.5040	8493
11.5080	8432
11.5120	8346
11.5160	8725
11.5200	8497
11.5240	8710
11.5280	8339
11.5320	8679
11.5360	8426
11.5400	8879
11.5440	8364
11.5480	8807
11.5520	8423
11.5560	8986
11.5600	8528
11.5640	8961
11.5680	8651
11.5720	8709
11.5760	8760
11.5800	8546
11.5840	9108
11.5880	8632
11.5920	9063
11.5960	8625
11.6000	8981
11.6040	8635
11.6080	9102
11.6120	8700
11.6160	8889
11.6200	8930
11.6240	8950
11.6280	8904
11.6320	8808
11.6360	8793
11.6400	8788
11.6440	8717
11.6480	8603
11.6520	8614
11.6560	8512
11.6600	8699
11.6640	8728
11.6680	8610
11.6720	8519
11.6760	8452
11.6800	8563
11.6840	8566
11.6880	8692
11.6920	8551
11.6960	8711
11.7000	8370
11.7040	8778
11.7080	8394
11.7120	8940
11.7160	8378
11.7200	8915
11.7240	8528
11.7280	8913
11.7320	8518
11.7360	8650
11.7400	8602
11.7440	8724
11.7480	8683
11.7520	8569
11.7560	8757
11.7600	8430
11.7640	8964
11.7680	8595
11.7720	8973
11.7760	8594
11.7800	9149
11.7840	8746
11.7880	9107
11.7920	8919
11.7960	8994
11.8000	8818
11.8040	8837
11.8080	8771
11.8120	8830
11.8160	8846
11.8200	8756
11.8240	8782
11.8280	8728
11.8320	8656
11.8360	8564
11.8400	8517
11.8440	8514
11.8480	8437
11.8520	8378
11.8560	8470
11.8600	8571
11.8640	8429
11.8680	8804
11.8720	8327
11.8760	8676
11.8800	8392
11.8840	8943
11.8880	8494
11.8920	8960
11.8960	8460
11.9000	8946
11.9040	8281
11.9080	8726
11.9120	8445
11.9160	8798
11.9200	8708
11.9240	8533
11.9280	8822
11.9320	8306
11.9360	8594
11.9400	8622
11.9440	9039
11.9480	8403
11.9520	8974
11.9560	8663
11.9600	9103
11.9640	8785
11.9680	9082
11.9720	8907
11.9760	9034
11.9800	8863
11.9840	8894
11.9880	8985
11.9920	9033
11.9960	8873
12.0000	8821
12.0040	8896
12.0080	8602
12.0120	8579
12.0160	8483
12.0200	8508
12.0240	8487
12.0280	8506
12.0320	8353
12.0360	8207
12.0400	8523
12.0440	8412
12.0480	8542
12.0520	8374
12.0560	8780
12.0600	8491
12.0640	8806
12.0680	8544
12.0720	9011
12.0760	8423
12.0800	8859
12.0840	8643
12.0880	8926
12.0920	8514
12.0960	8599
12.1000	8681
12.1040	8526
12.1080	8695
12.1120	8361
12.1160	8854
12.1200	8443
12.1240	8922
12.1280	8569
12.1320	8989
12.1360	8551
12.1400	9001
12.1440	8846
12.1480	8862
12.1520	8856
12.1560	8772
12.1600	8930
12.1640	8973
12.1680	8907
12.1720	8836
12.1760	8752
12.1800	8651
12.1840	8758
12.1880	8719
12.1920	8599
12.1960	8542
12.2000	8491
12.2040	8478
12.2080	8405
12.2120	8455
12.2160	8307
12.2200	8616
12.2240	8344
12.2280	8769
12.2320	8375
12.2360	8724
12.2400	8373
12.2440	8878
12.2480	8291
12.2520	8929
12.2560	8328
12.2600	8977
12.2640	8589
12.2680	8833
12.2720	8493
12.2760	8726
12.2800	8698
12.2840	8645
12.2880	8846
12.2920	8504
12.2960	9033
12.3000	8618
12.3040	9032
12.3080	8427
12.3120	8834
12.3160	8657
12.3200	8938
12.3240	8808
12.3280	9078
12.3320	8856
12.3360	8858
12.3400	8817
12.3440	8993
12.3480	8714
12.3520	8806
12.3560	8722
12.3600	8914
12.3640	8951
12.3680	8730
12.3720	8589
12.3760	8651
12.3800	8552
12.3840	8619
12.3880	8467
12.3920	8697
12.3960	8357
12.4000	8599
12.4040	8371
12.4080	8634
12.4120	8365
12.4160	8757
12.4200	8374
12.4240	8831
12.4280	8424
12.4320	8712
12.4360	8346
12.4400	8772
12.4440	8508
12.4480	8624
12.4520	8801
12.4560	8758
12.4600	8811
12.4640	8614
12.4680	8774
12.4720	8546
12.4760	8918
12.4800	8671
12.4840	9111
12.4880	8874
12.4920	8933
12.4960	8781
12.5000	9026
12.5040	8863
12.5080	8864
12.5120	8941
12.5160	8943
12.5200	8829
12.5240	8849
12.5280	8776
12.5320	8536
12.5360	8553
12.5400	8704
12.5440	8653
12.5480	8732
12.5520	8464
12.5560	8461
12.5600	8568
12.5640	8492
12.5680	8544
12.5720	8691
12.5760	8447
12.5800	8675
12.5840	8328
12.5880	8952
12.5920	8284
12.5960	8928
12.6000	8579
12.6040	8979
12.6080	8440
12.6120	8818
12.6160	8406
12.6200	8765
12.6240	8721
12.6280	8597
12.6320	8713
12.6360	8431
12.6400	8778
12.6440	8709
12.6480	8815
12.6520	8428
12.6560	8960
12.6600	8591
12.6640	8882
12.6680	8818
12.6720	8848
12.6760	8890
12.6800	9199
12.6840	9028
12.6880	8767
12.6920	8906
12.6960	9193
12.7000	8966
12.7040	8817
12.7080	8790
12.7120	8665
12.7160	8743
12.7200	8630
12.7240	8603
12.7280	8558
12.7320	8524
12.7360	8350
12.7400	8344
12.7440	8600
12.7480	8475
12.7520	8754
12.7560	8460
12.7600	8698
12.7640	8479
12.7680	8789
12.7720	8432
12.7760	9009
12.7800	8569
12.7840	9019
12.7880	8374
12.7920	8885
12.7960	8610
12.8000	8821
12.8040	8538
12.8080	8572
12.8120	8757
12.8160	8485
12.8200	8863
12.8240	8552
12.8280	8951
12.8320	8436
12.8360	8813
12.8400	8609
12.8440	8949
12.8480	8586
12.8520	9035
12.8560	8791
12.8600	8936
12.8640	9013
12.8680	8972
12.8720	9044
12.8760	8932
12.8800	9001
12.8840	8831
12.8880	8691
12.8920	8686
12.8960	8557
12.9000	8727
12.9040	8610
12.9080	8555
12.9120	8447
12.9160	8493
12.9200	8352
12.9240	8458
12.9280	8273
12.9320	8579
12.9360	8290
12.9400	8736
12.9440	8435
12.9480	8816
12.9520	8342
12.9560	8778
12.9600	8388
12.9640	8925
12.9680	8477
12.9720	8799
12.9760	8472
12.9800	8783
12.9840	8704
12.9880	8884
12.9920	8742
12.9960	8579
13.0000	8941
13.0040	8385
13.0080	9016
13.0120	8424
13.0160	8816
13.0200	8525
13.0240	8883
13.0280	8619
13.0320	8797
13.0360	8706
13.0400	8813
13.0440	9044
13.0480	8833
13.0520	8924
13.0560	8875
13.0600	8825
13.0640	8823
13.0680	8791
13.0720	8613
13.0760	8581
13.0800	8660
13.0840	8515
13.0880	8402
13.0920	8472
13.0960	8515
13.1000	8377
13.1040	8650
13.1080	8503
13.1120	8640
13.1160	8551
13.1200	8695
13.1240	8456
13.1280	8918
13.1320	8423
13.1360	8845
13.1400	8314
13.1440	8742
13.1480	8400
13.1520	8872
13.1560	8758
13.1600	8651
13.1640	8871
13.1680	8643
13.1720	8727
13.1760	8373
13.1800	8883
13.1840	8611
13.1880	9041
13.1920	8484
13.1960	9019
13.2000	8608
13.2040	8764
13.2080	8567
13.2120	8873
13.2160	8769
13.2200	8944
13.2240	8803
13.2280	8775
13.2320	8847
13.2360	8693
13.2400	8712
13.2440	8756
13.2480	8661
13.2520	8646
13.2560	8566
13.2600	8575
13.2640	8497
13.2680	8438
13.2720	8215
13.2760	8451
13.2800	8444
13.2840	8751
13.2880	8545
13.2920	8646
13.2960	8469
13.3000	8788
13.3040	8271
13.3080	8784
13.3120	8457
13.3160	8862
13.3200	8461
13.3240	8911
13.3280	8391
13.3320	8618
13.3360	8567
13.3400	8534
13.3440	8777
13.3480	8457
13.3520	8868
13.3560	8362
13.3600	8931
13.3640	8652
13.3680	9002
13.3720	8571
13.3760	9115
13.3800	8784
13.3840	9147
13.3880	8921
13.3920	8940
13.3960	8796
13.4000	8836
13.4040	8850
13.4080	8961
13.4120	8675
13.4160	8708
13.4200	8644
13.4240	8651
13.4280	8596
13.4320	8399
13.4360	8386
13.4400	8527
13.4440	8397
13.4480	8394
13.4520	8413
13.4560	8452
13.4600	8536
13.4640	8775
13.4680	8483
13.4720	8908
13.4760	8309
13.4800	8901
13.4840	8428
13.4880	9173
13.4920	8332
13.4960	8866
13.5000	8463
13.5040	8813
13.5080	8458
13.5120	8505
13.5160	8729
13.5200	8612
13.5240	8955
13.5280	8495
13.5320	8800
13.5360	8331
13.5400	8979
13.5440	8566
13.5480	8796
13.5520	8674
13.5560	8910
13.5600	8768
13.5640	9090
13.5680	9003
13.5720	8965
13.5760	8836
13.5800	8902
13.5840	8906
13.5880	8889
13.5920	8732
13.5960	8782
13.6000	8748
13.6040	8657
13.6080	8406
13.6120	8411
13.6160	8419
13.6200	8487
13.6240	8369
13.6280	8472
13.6320	8334
13.6360	8532
13.6400	8438
13.6440	8719
13.6480	8248
13.6520	8875
13.6560	8426
13.6600	8967
13.6640	8566
13.6680	8816
13.6720	8455
13.6760	8808
13.6800	8687
13.6840	8793
13.6880	8582
13.6920	8692
13.6960	8596
13.7000	8608
13.7040	8873
13.7080	8393
13.7120	8747
13.7160	8456
13.7200	8944
13.7240	8690
13.7280	8939
13.7320	8724
13.7360	8857
13.7400	8746
13.7440	8945
13.7480	8903
13.7520	8819
13.7560	8953
13.7600	9019
13.7640	8807
13.7680	8832
13.7720	8742
13.7760	8746
13.7800	8756
13.7840	8810
13.7880	8708
13.7920	8531
13.7960	8387
13.8000	8362
13.8040	8424
13.8080	8493
13.8120	8337
13.8160	8543
13.8200	8436
13.8240	8725
13.8280	8410
13.8320	8811
13.8360	8404
13.8400	8812
13.8440	8490
13.8480	8942
13.8520	8474
13.8560	8742
13.8600	8603
13.8640	8768
13.8680	8696
13.8720	8457
13.8760	8621
13.8800	8421
13.8840	8777
13.8880	8583
13.8920	8966
13.8960	8426
13.9000	8932
13.9040	8608
13.9080	8965
13.9120	8626
13.9160	8769
13.9200	8785
13.9240	8933
13.9280	8949
13.9320	8813
13.9360	8822
13.9400	8908
13.9440	8812
13.9480	8621
13.9520	8615
13.9560	8544
13.9600	8707
13.9640	8670
13.9680	8606
13.9720	8543
13.9760	8453
13.9800	8589
13.9840	8502
13.9880	8687
13.9920	8432
13.9960	8633
14.0000	8279
14.0040	8841
14.0080	8343
14.0120	8642
14.0160	8316
14.0200	8942
14.0240	8359
14.0280	8806
14.0320	8375
14.0360	8767
14.0400	8577
14.0440	8760
14.0480	8687
14.0520	8648
14.0560	8848
14.0600	8555
14.0640	9078
14.0680	8447
14.0720	8999
14.0760	8645
14.0800	8902
14.0840	8532
14.0880	9011
14.0920	8752
14.0960	8993
14.1000	8862
14.1040	8973
14.1080	8969
14.1120	9094
14.1160	8914
14.1200	8789
14.1240	8845
14.1280	8588
14.1320	8540
14.1360	8613
14.1400	8574
14.1440	8516
14.1480	8335
14.1520	8355
14.1560	8457
14.1600	8727
14.1640	8460
14.1680	8585
14.1720	8560
14.1760	8763
14.1800	8484
14.1840	9066
14.1880	8482
14.1920	8963
14.1960	8413
14.2000	8886
14.2040	8465
14.2080	8790
14.2120	8643
14.2160	8667
14.2200	8686
14.2240	8643
14.2280	8757
14.2320	8482
14.2360	8723
14.2400	8495
14.2440	9085
14.2480	8432
14.2520	8898
14.2560	8487
14.2600	9038
14.2640	8862
14.2680	8962
14.2720	8836
14.2760	8784
14.2800	8938
14.2840	9088
14.2880	8984
14.2920	8894
14.2960	8907
14.3000	8704
14.3040	8748
14.3080	8627
14.3120	8625
14.3160	8359
14.3200	8572
14.3240	8590
14.3280	8352
14.3320	8483
14.3360	8332
14.3400	8467
14.3440	8363
14.3480	8734
14.3520	8498
14.3560	8824
14.3600	8504
14.3640	8935
14.3680	8525
14.3720	8960
14.3760	8282
14.3800	8882
14.3840	8624
14.3880	8998
14.3920	8563
14.3960	8899
14.4000	8757
14.4040	8578
14.4080	8673
14.4120	8626
14.4160	8799
14.4200	8441
14.4240	8997
14.4280	8637
14.4320	8946
14.4360	8609
14.4400	8925
14.4440	8652
14.4480	8730
14.4520	8818
14.4560	9039
14.4600	9088
14.4640	8979
14.4680	9137
14.4720	8922
14.4760	8746
14.4800	8764
14.4840	8801
14.4880	8774
14.4920	8609
14.4960	8505
14.5000	8512
14.5040	8505
14.5080	8340
14.5120	8246
14.5160	8448
14.5200	8526
14.5240	8306
14.5280	8613
14.5320	8319
14.5360	8783
14.5400	8495
14.5440	8742
14.5480	8395
14.5520	8936
14.5560	8453
14.5600	8967
14.5640	8497
14.5680	8936
14.5720	8693
14.5760	8786
14.5800	8805
14.5840	8626
14.5880	9004
14.5920	8464
14.5960	8887
14.6000	8537
14.6040	9038
14.6080	8637
14.6120	8927
14.6160	8416
14.6200	8933
14.6240	8759
14.6280	8908
14.6320	8770
14.6360	8925
14.6400	9024
14.6440	8844
14.6480	8737
14.6520	8772
14.6560	8792
14.6600	8750
14.6640	8782
14.6680	8701
14.6720	8573
14.6760	8623
14.6800	8620
14.6840	8713
14.6880	8501
14.6920	8474
14.6960	8418
14.7000	8552
14.7040	8402
14.7080	8733
14.7120	8354
14.7160	8602
14.7200	8408
14.7240	9043
14.7280	8186
14.7320	8831
14.7360	8307
14.7400	8745
14.7440	8578
14.7480	8638
14.7520	8645
14.7560	8596
14.7600	8742
14.7640	8686
14.7680	9000
14.7720	8525
14.7760	9057
14.7800	8648
14.7840	8918
14.7880	8675
14.7920	8994
14.7960	8699
14.8000	8940
14.8040	8720
14.8080	8835
14.8120	8799
14.8160	8934
14.8200	8860
14.8240	8890
14.8280	8747
14.8320	8796
14.8360	8675
14.8400	8474
14.8440	8635
14.8480	8497
14.8520	8587
14.8560	8433
14.8600	8381
14.8640	8735
14.8680	8449
14.8720	8489
14.8760	8314
14.8800	8809
14.8840	8457
14.8880	8843
14.8920	8505
14.8960	8923
14.9000	8453
14.9040	9062
14.9080	8488
14.9120	8712
14.9160	8489
14.9200	8693
14.9240	8629
14.9280	8770
14.9320	8485
14.9360	8656
14.9400	8848
14.9440	8586
14.9480	8761
14.9520	8672
14.9560	9034
14.9600	8497
14.9640	9053
14.9680	8763
14.9720	9018
14.9760	8576
14.9800	8995
14.9840	9111
14.9880	9009
14.9920	8907
14.9960	8954
15.0000	8970
15.0040	8834
15.0080	8718
15.0120	8778
15.0160	8524
15.0200	8871
15.0240	8607
15.0280	8560
15.0320	8384
15.0360	8493
15.0400	8243
15.0440	8506
15.0480	8500
15.0520	8642
15.0560	8493
15.0600	8878
15.0640	8311
15.0680	8922
15.0720	8414
15.0760	8949
15.0800	8488
15.0840	9037
15.0880	8405
15.0920	8950
15.0960	8594
15.1000	8592
15.1040	8674
15.1080	8585
15.1120	8641
15.1160	8440
15.1200	8727
15.1240	8579
15.1280	8824
15.1320	8503
15.1360	8869
15.1400	8419
15.1440	9012
15.1480	8647
15.1520	8911
15.1560	8732
15.1600	8990
15.1640	8997
15.1680	8933
15.1720	8825
15.1760	8712
15.1800	8820
15.1840	8802
15.1880	8856
15.1920	8720
15.1960	8759
15.2000	8548
15.2040	8682
15.2080	8432
15.2120	8266
15.2160	8454
15.2200	8411
15.2240	8438
15.2280	8344
15.2320	8714
15.2360	8437
15.2400	8723
15.2440	8315
15.2480	8958
15.2520	8471
15.2560	8939
15.2600	8413
15.2640	8822
15.2680	8639
15.2720	8832
15.2760	8553
15.2800	8735
15.2840	8779
15.2880	8683
15.2920	8782
15.2960	8403
15.3000	8794
15.3040	8500
15.3080	9155
15.3120	8593
15.3160	8877
15.3200	8504
15.3240	8800
15.3280	8728
15.3320	9021
15.3360	8775
15.3400	8908
15.3440	8949
15.3480	8965
15.3520	8949
15.3560	8905
15.3600	8859
15.3640	8833
15.3680	8769
15.3720	8731
15.3760	8624
15.3800	8759
15.3840	8611
15.3880	8690
15.3920	8280
15.3960	8529
15.4000	8368
15.4040	8661
15.4080	8320
15.4120	8621
15.4160	8420
15.4200	8732
15.4240	8484
15.4280	8853
15.4320	8323
15.4360	8974
15.4400	8415
15.4440	8851
15.4480	8465
15.4520	8976
15.4560	8614
15.4600	8696
15.4640	8891
15.4680	8793
15.4720	8797
15.4760	8467
15.4800	8990
15.4840	8565
15.4880	9173
15.4920	8611
15.4960	8895
15.5000	8662
15.5040	9035
15.5080	8829
15.5120	8913
15.5160	8802
15.5200	8881
15.5240	8970
15.5280	8817
15.5320	8639
15.5360	8743
15.5400	8775
15.5440	8648
15.5480	8602
15.5520	8617
15.5560	8611
15.5600	8571
15.5640	8649
15.5680	8504
15.5720	8432
15.5760	8542
15.5800	8489
15.5840	8663
15.5880	8612
15.5920	8529
15.5960	8301
15.6000	8705
15.6040	8342
15.6080	8854
15.6120	8345
15.6160	8823
15.6200	8451
15.6240	8894
15.6280	8530
15.6320	8631
15.6360	8495
15.6400	8570
15.6440	8682
15.6480	8521
15.6520	8841
15.6560	8463
15.6600	9130
15.6640	8515
15.6680	9010
15.6720	8651
15.6760	8847
15.6800	8798
15.6840	9054
15.6880	8892
15.6920	8932
15.6960	8862
15.7000	8966
15.7040	8791
15.7080	8916
15.7120	8805
15.7160	8701
15.7200	8753
15.7240	8748
15.7280	8588
15.7320	8541
15.7360	8547
15.7400	8555
15.7440	8448
15.7480	8456
15.7520	8484
15.7560	8385
15.7600	8542
15.7640	8738
15.7680	8468
15.7720	8631
15.7760	8302
15.7800	8975
15.7840	8578
15.7880	9196
15.7920	8407
15.7960	8800
15.8000	8484
15.8040	8896
15.8080	8653
15.8120	8722
15.8160	8756
15.8200	8664
15.8240	9020
15.8280	8516
15.8320	8877
15.8360	8415
15.8400	8822
15.8440	8517
15.8480	8839
15.8520	8871
15.8560	9082
15.8600	8701
15.8640	9002
15.8680	8814
15.8720	8843
15.8760	8919
15.8800	8960
15.8840	9037
15.8880	8914
15.8920	8757
15.8960	8822
15.9000	8752
15.9040	8541
15.9080	8556
15.9120	8542
15.9160	8399
15.9200	8574
15.9240	8378
15.9280	8594
15.9320	8401
15.9360	8585
15.9400	8350
15.9440	8626
15.9480	8372
15.9520	8800
15.9560	8557
15.9600	8854
15.9640	8562
15.9680	9065
15.9720	8623
15.9760	8808
15.9800	8582
15.9840	8736
15.9880	8761
15.9920	8640
15.9960	8671
16.0000	8610
16.0040	8757
16.0080	8375
16.0120	8798
16.0160	8326
16.0200	8966
16.0240	8467
16.0280	8985
16.0320	8630
16.0360	8736
16.0400	8694
16.0440	9084
16.0480	8878
16.0520	8881
16.0560	9012
16.0600	8950
16.0640	8751
16.0680	8965
16.0720	8655
16.0760	8717
16.0800	8574
16.0840	8605
16.0880	8663
16.0920	8647
16.0960	8450
16.1000	8518
16.1040	8237
16.1080	8538
16.1120	8188
16.1160	8525
16.1200	8403
16.1240	8691
16.1280	8424
16.1320	8699
16.1360	8208
16.1400	8775
16.1440	8484
16.1480	8823
16.1520	8561
16.1560	8964
16.1600	8559
16.1640	8862
16.1680	8770
16.1720	8642
16.1760	8717
16.1800	8524
16.1840	8875
16.1880	8572
16.1920	8936
16.1960	8529
16.2000	8929
16.2040	8566
16.2080	8819
16.2120	8742
16.2160	8980
16.2200	8736
16.2240	9001
16.2280	8753
16.2320	8937
16.2360	8844
16.2400	8843
16.2440	8890
16.2480	8646
16.2520	8664
16.2560	8753
16.2600	8640
16.2640	8633
16.2680	8559
16.2720	8500
16.2760	8588
16.2800	8506
16.2840	8515
16.2880	8679
16.2920	8487
16.2960	8799
16.3000	8414
16.3040	8803
16.3080	8354
16.3120	8784
16.3160	8445
16.3200	9088
16.3240	8423
16.3280	8942
16.3320	8368
16.3360	8587
16.3400	8446
16.3440	8596
16.3480	8661
16.3520	8558
16.3560	8849
16.3600	8604
16.3640	8932
16.3680	8581
16.3720	8891
16.3760	8533
16.3800	8940
16.3840	8751
16.3880	9150
16.3920	8803
16.3960	8995
16.4000	8894
16.4040	8935
16.4080	8957
16.4120	8939
16.4160	8824
16.4200	8886
16.4240	8714
16.4280	8722
16.4320	8684
16.4360	8519
16.4400	8438
16.4440	8665
16.4480	8461
16.4520	8503
16.4560	8451
16.4600	8333
16.4640	8531
16.4680	8691
16.4720	8459
16.4760	8717
16.4800	8592
16.4840	9006
16.4880	8602
16.4920	8905
16.4960	8403
16.5000	8952
16.5040	8427
16.5080	8921
16.5120	8525
16.5160	8782
16.5200	8774
16.5240	8533
16.5280	8637
16.5320	8340
16.5360	8779
16.5400	8441
16.5440	8866
16.5480	8495
16.5520	8981
16.5560	8566
16.5600	8912
16.5640	8829
16.5680	9099
16.5720	8900
16.5760	9065
16.5800	8953
16.5840	9087
16.5880	8955
16.5920	8980
16.5960	8853
16.6000	8772
16.6040	8764
16.6080	8696
16.6120	8640
16.6160	8496
16.6200	8523
16.6240	8612
16.6280	8377
16.6320	8424
16.6360	8264
16.6400	8517
16.6440	8372
16.6480	8703
16.6520	8451
16.6560	8662
16.6600	8292
16.6640	8861
16.6680	8552
16.6720	9046
16.6760	8436
16.6800	8995
16.6840	8669
16.6880	8836
16.6920	8550
16.6960	8730
16.7000	8646
16.7040	8694
16.7080	8902
16.7120	8502
16.7160	8875
16.7200	8395
16.7240	9068
16.7280	8696
16.7320	9024
16.7360	8591
16.7400	9020
16.7440	8667
16.7480	8878
16.7520	8974
16.7560	8938
16.7600	8845
16.7640	9123
16.7680	9059
16.7720	8922
16.7760	8793
16.7800	8898
16.7840	8746
16.7880	8674
16.7920	8481
16.7960	8849
16.8000	8473
16.8040	8741
16.8080	8554
16.8120	8379
16.8160	8393
16.8200	8596
16.8240	8411
16.8280	8730
16.8320	8372
16.8360	8796
16.8400	8340
16.8440	8805
16.8480	8349
16.8520	9022
16.8560	8510
16.8600	8826
16.8640	8409
16.8680	8855
16.8720	8597
16.8760	8746
16.8800	8659
16.8840	8834
16.8880	8896
16.8920	8563
16.8960	8775
16.9000	8542
16.9040	8924
16.9080	8476
16.9120	8960
16.9160	8698
16.9200	8977
16.9240	8856
16.9280	8855
16.9320	8864
16.9360	8865
16.9400	8763
16.9440	8858
16.9480	9025
16.9520	8905
16.9560	8847
16.9600	8696
16.9640	8817
16.9680	8753
16.9720	8473
16.9760	8414
16.9800	8598
16.9840	8574
16.9880	8426
16.9920	8549
16.9960	8469
17.0000	8645
17.0040	8375
17.0080	8779
17.0120	8446
17.0160	8797
17.0200	8301
17.0240	8964
17.0280	8432
17.0320	8943
17.0360	8402
17.0400	8786
17.0440	8516
17.0480	8802
17.0520	8638
17.0560	8783
17.0600	8824
17.0640	8744
17.0680	8798
17.0720	8413
17.0760	8888
17.0800	8399
17.0840	9022
17.0880	8602
17.0920	9054
17.0960	8702
17.1000	8876
17.1040	8541
17.1080	8869
17.1120	8758
17.1160	8907
17.1200	8796
17.1240	8959
17.1280	8795
17.1320	8878
17.1360	8606
17.1400	8645
17.1440	8604
17.1480	8517
17.1520	8557
17.1560	8605
17.1600	8539
17.1640	8410
17.1680	8602
17.1720	8462
17.1760	8614
17.1800	8630
17.1840	8601
17.1880	8899
17.1920	8511
17.1960	8725
17.2000	8412
17.2040	8989
17.2080	8496
17.2120	8860
17.2160	8462
17.2200	8767
17.2240	8559
17.2280	8636
17.2320	8803
17.2360	8519
17.2400	8801
17.2440	8577
17.2480	8918
17.2520	8487
17.2560	8972
17.2600	8599
17.2640	9009
17.2680	8764
17.2720	9077
17.2760	8736
17.2800	8999
17.2840	8864
17.2880	8961
17.2920	8965
17.2960	8924
17.3000	8858
17.3040	8870
17.3080	8794
17.3120	8746
17.3160	8650
17.3200	8650
17.3240	8592
17.3280	8525
17.3320	8544
17.3360	8417
17.3400	8465
17.3440	8489
17.3480	8518
17.3520	8716
17.3560	8260
17.3600	8783
17.3640	8374
17.3680	8813
17.3720	8485
17.3760	8909
17.3800	8456
17.3840	9082
17.3880	8510
17.3920	8969
17.3960	8388
17.4000	8659
17.4040	8501
17.4080	8694
17.4120	8605
17.4160	8616
17.4200	8731
17.4240	8610
17.4280	8784
17.4320	8416
17.4360	8700
17.4400	8527
17.4440	9002
17.4480	8654
17.4520	9026
17.4560	8816
17.4600	8914
17.4640	8958
17.4680	9095
17.4720	8913
17.4760	8868
17.4800	8845
17.4840	8831
17.4880	8899
17.4920	8781
17.4960	8731
17.5000	8655
17.5040	8529
17.5080	8544
17.5120	8396
17.5160	8337
17.5200	8216
17.5240	8552
17.5280	8406
17.5320	8496
17.5360	8327
17.5400	8746
17.5440	8371
17.5480	8871
17.5520	8433
17.5560	8879
17.5600	8430
17.5640	9067
17.5680	8526
17.5720	8810
17.5760	8551
17.5800	8662
17.5840	8826
17.5880	8824
17.5920	8754
17.5960	8628
17.6000	8878
17.6040	8477
17.6080	9055
17.6120	8447
17.6160	8732
17.6200	8678
17.6240	9073
17.6280	8537
17.6320	8950
17.6360	8686
17.6400	8905
17.6440	8895
17.6480	8931
17.6520	8910
17.6560	8868
17.6600	8752
17.6640	8910
17.6680	8944
17.6720	8655
17.6760	8689
17.6800	8639
17.6840	8659
17.6880	8669
17.6920	8476
17.6960	8527
17.7000	8472
17.7040	8660
17.7080	8356
17.7120	8541
17.7160	8429
17.7200	8689
17.7240	8544
17.7280	9000
17.7320	8384
17.7360	8832
17.7400	8354
17.7440	8907
17.7480	8524
17.7520	8800
17.7560	8663
17.7600	8700
17.7640	8882
17.7680	8700
17.7720	8697
17.7760	8483
17.7800	9013
17.7840	8514
17.7880	9046
17.7920	8636
17.7960	8965
17.8000	8703
17.8040	8929
17.8080	8768
17.8120	8897
17.8160	8823
17.8200	8841
17.8240	8817
17.8280	8850
17.8320	8920
17.8360	8898
17.8400	8858
17.8440	8765
17.8480	8689
17.8520	8664
17.8560	8757
17.8600	8542
17.8640	8497
17.8680	8609
17.8720	8364
17.8760	8458
17.8800	8387
17.8840	8703
17.8880	8422
17.8920	8720
17.8960	8531
17.9000	8696
17.9040	8314
17.9080	8873
17.9120	8382
17.9160	8810
17.9200	8493
17.9240	8924
17.9280	8551
17.9320	8574
17.9360	8667
17.9400	8593
17.9440	8788
17.9480	8579
17.9520	8886
17.9560	8543
17.9600	8987
17.9640	8614
17.9680	9094
17.9720	8496
17.9760	8933
17.9800	8686
17.9840	8924
17.9880	8888
17.9920	9020
17.9960	8846
18.0000	8861
18.0040	8941
18.0080	8875
18.0120	8728
18.0160	8809
18.0200	8814
18.0240	8646
18.0280	8702
18.0320	8673
18.0360	8535
18.0400	8580
18.0440	8499
18.0480	8501
18.0520	8503
18.0560	8497
18.0600	8452
18.0640	8877
18.0680	8547
18.0720	8700
18.0760	8353
18.0800	8751
18.0840	8360
18.0880	9058
18.0920	8333
18.0960	8997
18.1000	8640
18.1040	8867
18.1080	8668
18.1120	8737
18.1160	8660
18.1200	8569
18.1240	8790
18.1280	8529
18.1320	8824
18.1360	8263
18.1400	8945
18.1440	8597
18.1480	8977
18.1520	8599
18.1560	9018
18.1600	8812
18.1640	9008
18.1680	8890
18.1720	8988
18.1760	8966
18.1800	9000
18.1840	9222
18.1880	8902
18.1920	8739
18.1960	8727
18.2000	8798
18.2040	8744
18.2080	8827
18.2120	8553
18.2160	8621
18.2200	8389
18.2240	8363
18.2280	8377
18.2320	8439
18.2360	8630
18.2400	8407
18.2440	8609
18.2480	8400
18.2520	8833
18.2560	8432
18.2600	8803
18.2640	8602
18.2680	9062
18.2720	8430
18.2760	8914
18.2800	8583
18.2840	8843
18.2880	8628
18.2920	8734
18.2960	8757
18.3000	8606
18.3040	8706
18.3080	8436
18.3120	8999
18.3160	8423
18.3200	8912
18.3240	8596
18.3280	8944
18.3320	8522
18.3360	8870
18.3400	8638
18.3440	8876
18.3480	8981
18.3520	9063
18.3560	9009
18.3600	9053
18.3640	8884
18.3680	8951
18.3720	8764
18.3760	8692
18.3800	8647
18.3840	8802
18.3880	8815
18.3920	8584
18.3960	8557
18.4000	8593
18.4040	8265
18.4080	8390
18.4120	8294
18.4160	8514
18.4200	8304
18.4240	8693
18.4280	8356
18.4320	8883
18.4360	8290
18.4400	8718
18.4440	8376
18.4480	8929
18.4520	8496
18.4560	8842
18.4600	8632
18.4640	8901
18.4680	8792
18.4720	8765
18.4760	8711
18.4800	8578
18.4840	8871
18.4880	8502
18.4920	9041
18.4960	8415
18.5000	8859
18.5040	8460
18.5080	9130
18.5120	8649
18.5160	9058
18.5200	8695
18.5240	9028
18.5280	8943
18.5320	8870
18.5360	8820
18.5400	8845
18.5440	8821
18.5480	8761
18.5520	8625
18.5560	8749
18.5600	8732
18.5640	8698
18.5680	8665
18.5720	8542
18.5760	8524
18.5800	8484
18.5840	8501
18.5880	8731
18.5920	8380
18.5960	8677
18.6000	8402
18.6040	8886
18.6080	8382
18.6120	8834
18.6160	8359
18.6200	8796
18.6240	8422
18.6280	8933
18.6320	8437
18.6360	8808
18.6400	8385
18.6440	8773
18.6480	8760
18.6520	8574
18.6560	8928
18.6600	8549
18.6640	9114
18.6680	8640
18.6720	9033
18.6760	8699
18.6800	9065
18.6840	8591
18.6880	9059
18.6920	8757
18.6960	8908
18.7000	8625
18.7040	9019
18.7080	8942
18.7120	9098
18.7160	8966
18.7200	8754
18.7240	8913
18.7280	8734
18.7320	8718
18.7360	8619
18.7400	8437
18.7440	8481
18.7480	8579
18.7520	8514
18.7560	8439
18.7600	8491
18.7640	8491
18.7680	8692
18.7720	8399
18.7760	8606
18.7800	8434
18.7840	8886
18.7880	8456
18.7920	8934
18.7960	8325
18.8000	8796
18.8040	8358
18.8080	8940
18.8120	8422
18.8160	8830
18.8200	8563
18.8240	8829
18.8280	8742
18.8320	8468
18.8360	8668
18.8400	8487
18.8440	8599
18.8480	8379
18.8520	9023
18.8560	8592
18.8600	9130
18.8640	8857
18.8680	9079
18.8720	9004
18.8760	8977
18.8800	8852
18.8840	9177
18.8880	9197
18.8920	9010
18.8960	8933
18.9000	8756
18.9040	8842
18.9080	8853
18.9120	8733
18.9160	8622
18.9200	8649
18.9240	8600
18.9280	8404
18.9320	8443
18.9360	8315
18.9400	8506
18.9440	8460
18.9480	8577
18.9520	8473
18.9560	8656
18.9600	8557
18.9640	8848
18.9680	8499
18.9720	8822
18.9760	8513
18.9800	8867
18.9840	8468
18.9880	8788
18.9920	8480
18.9960	8823
19.0000	8568
19.0040	8675
19.0080	8686
19.0120	8572
19.0160	8723
19.0200	8474
19.0240	8974
19.0280	8518
19.0320	8916
19.0360	8547
19.0400	8827
19.0440	8615
19.0480	8943
19.0520	8791
19.0560	8906
19.0600	9036
19.0640	9099
19.0680	8978
19.0720	8997
19.0760	8799
19.0800	8840
19.0840	8773
19.0880	8927
19.0920	8735
19.0960	8707
19.1000	8402
19.1040	8432
19.1080	8432
19.1120	8422
19.1160	8243
19.1200	8513
19.1240	8380
19.1280	8660
19.1320	8322
19.1360	8624
19.1400	8249
19.1440	8931
19.1480	8438
19.1520	8916
19.1560	8435
19.1600	8752
19.1640	8478
19.1680	8905
19.1720	8639
19.1760	8678
19.1800	8720
19.1840	8695
19.1880	8847
19.1920	8521
19.1960	8853
19.2000	8416
19.2040	8906
19.2080	8584
19.2120	8915
19.2160	8472
19.2200	8922
19.2240	8773
19.2280	8907
19.2320	8822
19.2360	8746
19.2400	8772
19.2440	8920
19.2480	9043
19.2520	8872
19.2560	8786
19.2600	8787
19.2640	8877
19.2680	8605
19.2720	8698
19.2760	8632
19.2800	8484
19.2840	8532
19.2880	8564
19.2920	8550
19.2960	8467
19.3000	8474
19.3040	8321
19.3080	8788
19.3120	8437
19.3160	8690
19.3200	8371
19.3240	8900
19.3280	8388
19.3320	8827
19.3360	8257
19.3400	8964
19.3440	8485
19.3480	8845
19.3520	8656
19.3560	8620
19.3600	8832
19.3640	8680
19.3680	9019
19.3720	8501
19.3760	9099
19.3800	8493
19.3840	9078
19.3880	8546
19.3920	9072
19.3960	8793
19.4000	9009
19.4040	8734
19.4080	8909
19.4120	8849
19.4160	8858
19.4200	8917
19.4240	8810
19.4280	9003
19.4320	8731
19.4360	8730
19.4400	8579
19.4440	8785
19.4480	8562
19.4520	8593
19.4560	8545
19.4600	8597
19.4640	8550
19.4680	8584
19.4720	8550
19.4760	8365
19.4800	8694
19.4840	8527
19.4880	8892
19.4920	8431
19.4960	8795
19.5000	8365
19.5040	8967
19.5080	8352
19.5120	8857
19.5160	8458
19.5200	8834
19.5240	8639
19.5280	8774
19.5320	8733
19.5360	8382
19.5400	8623
19.5440	8410
19.5480	8876
19.5520	8527
19.5560	9191
19.5600	8524
19.5640	9053
19.5680	8839
19.5720	8993
19.5760	8721
19.5800	9088
19.5840	8867
19.5880	9223
19.5920	8891
19.5960	8906
19.6000	8878
19.6040	8941
19.6080	8930
19.6120	8584
19.6160	8682
19.6200	8668
19.6240	8700
19.6280	8600
19.6320	8416
19.6360	8344
19.6400	8367
19.6440	8471
19.6480	8362
19.6520	8407
19.6560	8463
19.6600	8784
19.6640	8535
19.6680	8840
19.6720	8543
19.6760	8934
19.6800	8502
19.6840	8999
19.6880	8505
19.6920	8949
19.6960	8504
19.7000	8713
19.7040	8538
19.7080	8749
19.7120	8736
19.7160	8548
19.7200	8527
19.7240	8548
19.7280	8845
19.7320	8420
19.7360	8803
19.7400	8544
19.7440	8825
19.7480	8850
19.7520	8903
19.7560	8876
19.7600	8934
19.7640	8864
19.7680	9092
19.7720	8874
19.7760	8824
19.7800	8930
19.7840	8928
19.7880	8706
19.7920	8701
19.7960	8781
19.8000	8615
19.8040	8597
19.8080	8637
19.8120	8413
19.8160	8456
19.8200	8447
19.8240	8572
19.8280	8504
19.8320	8532
19.8360	8343
19.8400	8689
19.8440	8418
19.8480	8788
19.8520	8467
19.8560	8981
19.8600	8518
19.8640	8919
19.8680	8427
19.8720	8942
19.8760	8544
19.8800	8687
19.8840	8716
19.8880	8748
19.8920	8871
19.8960	8560
19.9000	8804
19.9040	8421
19.9080	8827
19.9120	8439
19.9160	8852
19.9200	8487
19.9240	9038
19.9280	8684
19.9320	8843
19.9360	8757
19.9400	8870
19.9440	8785
19.9480	9058
19.9520	8812
19.9560	8807
19.9600	8804
19.9640	9062
19.9680	8756
19.9720	8756
19.9760	8680
19.9800	8687
19.9840	8791
19.9880	8608
19.9920	8585
19.9960	8403
