0.0000	8734
0.0050	8620
0.0100	8748
0.0150	8868
0.0200	8510
0.0250	9161
0.0300	8686
0.0350	8569
0.0400	8635
0.0450	8908
0.0500	8966
0.0550	8755
0.0600	8544
0.0650	8730
0.0700	8881
0.0750	8736
0.0800	9043
0.0850	8560
0.0900	8948
0.0950	8737
0.1000	8621
0.1050	8942
0.1100	8563
0.1150	9009
0.1200	8427
0.1250	8415
0.1300	8511
0.1350	8891
0.1400	9026
0.1450	8712
0.1500	8577
0.1550	8593
0.1600	8945
0.1650	8975
0.1700	9078
0.1750	8449
0.1800	8847
0.1850	8777
0.1900	8770
0.1950	8691
0.2000	8578
0.2050	8963
0.2100	8624
0.2150	8561
0.2200	8646
0.2250	8826
0.2300	9056
0.2350	8764
0.2400	8441
0.2450	8632
0.2500	9094
0.2550	8858
0.2600	8956
0.2650	8610
0.2700	8954
0.2750	8880
0.2800	8789
0.2850	8857
0.2900	8571
0.2950	9093
0.3000	8552
0.3050	8446
0.3100	8699
0.3150	8840
0.3200	8964
0.3250	8730
0.3300	8568
0.3350	8670
0.3400	8898
0.3450	9081
0.3500	8864
0.3550	8536
0.3600	8907
0.3650	8802
0.3700	8808
0.3750	8908
0.3800	8722
0.3850	9143
0.3900	8535
0.3950	8505
0.4000	8468
0.4050	8740
0.4100	9004
0.4150	8610
0.4200	8374
0.4250	8569
0.4300	9064
0.4350	8941
0.4400	8861
0.4450	8462
0.4500	8788
0.4550	8855
0.4600	8777
0.4650	8791
0.4700	8563
0.4750	8893
0.4800	8550
0.4850	8458
0.4900	8801
0.4950	8696
0.5000	8853
0.5050	8656
0.5100	8547
0.5150	8588
0.5200	9067
0.5250	9087
0.5300	9017
0.5350	8356
0.5400	8714
0.5450	8845
0.5500	8864
0.5550	8772
0.5600	8382
0.5650	9033
0.5700	8615
0.5750	8485
0.5800	8645
0.5850	8835
0.5900	9176
0.5950	8502
0.6000	8345
0.6050	8479
0.6100	8880
0.6150	8984
0.6200	8740
0.6250	8490
0.6300	8834
0.6350	8817
0.6400	8653
0.6450	9024
0.6500	8480
0.6550	8867
0.6600	8453
0.6650	8575
0.6700	8660
0.6750	8559
0.6800	8877
0.6850	8558
0.6900	8430
0.6950	8563
0.7000	9008
0.7050	8984
0.7100	8873
0.7150	8553
0.7200	8741
0.7250	8838
0.7300	8910
0.7350	8853
0.7400	8591
0.7450	9061
0.7500	8637
0.7550	8507
0.7600	8631
0.7650	8773
0.7700	9096
0.7750	8483
0.7800	8463
0.7850	8527
0.7900	9033
0.7950	8900
0.8000	8680
0.8050	8283
0.8100	8561
0.8150	8852
0.8200	8902
0.8250	8887
0.8300	8355
0.8350	8893
0.8400	8500
0.8450	8598
0.8500	8666
0.8550	8572
0.8600	8939
0.8650	8527
0.8700	8490
0.8750	8617
0.8800	8862
0.8850	9000
0.8900	8746
0.8950	8363
0.9000	8724
0.9050	8863
0.9100	8832
0.9150	8891
0.9200	8381
0.9250	9102
0.9300	8709
0.9350	8668
0.9400	8702
0.9450	8828
0.9500	9097
0.9550	8550
0.9600	8457
0.9650	8542
0.9700	8953
0.9750	8905
0.9800	8774
0.9850	8488
0.9900	8550
0.9950	8819
1.0000	8721
1.0050	8857
1.0100	8532
1.0150	8635
1.0200	8597
1.0250	8622
1.0300	8919
1.0350	8566
1.0400	8828
1.0450	8634
1.0500	8741
1.0550	8644
1.0600	8757
1.0650	9054
1.0700	8716
1.0750	8479
1.0800	8504
1.0850	8821
1.0900	9028
1.0950	9009
1.1000	8402
1.1050	8872
1.1100	8654
1.1150	8732
1.1200	8731
1.1250	8545
1.1300	9063
1.1350	8614
1.1400	8397
1.1450	8657
1.1500	8798
1.1550	8881
1.1600	8792
1.1650	8492
1.1700	8675
1.1750	8882
1.1800	8900
1.1850	9061
1.1900	8498
1.1950	8839
1.2000	8574
1.2050	8617
1.2100	8745
1.2150	8594
1.2200	8962
1.2250	8476
1.2300	8609
1.2350	8546
1.2400	8772
1.2450	8896
1.2500	8793
1.2550	8418
1.2600	8549
1.2650	9021
1.2700	8942
1.2750	9042
1.2800	8397
1.2850	8886
1.2900	8598
1.2950	8807
1.3000	8839
1.3050	8718
1.3100	8890
1.3150	8420
1.3200	8458
1.3250	8599
1.3300	8729
1.3350	8967
1.3400	8871
1.3450	8528
1.3500	8613
1.3550	9009
1.3600	8805
1.3650	8903
1.3700	8462
1.3750	8911
1.3800	8696
1.3850	8636
1.3900	8820
1.3950	8567
1.4000	8802
1.4050	8392
1.4100	8391
1.4150	8436
1.4200	8779
1.4250	9154
1.4300	8672
1.4350	8401
1.4400	8601
1.4450	8915
1.4500	8909
1.4550	8914
1.4600	8490
1.4650	8904
1.4700	8817
1.4750	8650
1.4800	8800
1.4850	8667
1.4900	9019
1.4950	8492
1.5000	8472
1.5050	8593
1.5100	8826
1.5150	9023
1.5200	8658
1.5250	8461
1.5300	8447
1.5350	8862
1.5400	8938
1.5450	9015
1.5500	8567
1.5550	8860
1.5600	8796
1.5650	8870
1.5700	8935
1.5750	8483
1.5800	8956
1.5850	8577
1.5900	8576
1.5950	8693
1.6000	8811
1.6050	8899
1.6100	8562
1.6150	8383
1.6200	8418
1.6250	8954
1.6300	9131
1.6350	8864
1.6400	8453
1.6450	8784
1.6500	8853
1.6550	8729
1.6600	8884
1.6650	8559
1.6700	9039
1.6750	8390
1.6800	8462
1.6850	8793
1.6900	8913
1.6950	9021
1.7000	8800
1.7050	8467
1.7100	8685
1.7150	8982
1.7200	9005
1.7250	8879
1.7300	8567
1.7350	8705
1.7400	8735
1.7450	8842
1.7500	8972
1.7550	8619
1.7600	8988
1.7650	8540
1.7700	8610
1.7750	8684
1.7800	8639
1.7850	9123
1.7900	8817
1.7950	8518
1.8000	8354
1.8050	9008
1.8100	9010
1.8150	8945
1.8200	8484
1.8250	8803
1.8300	8905
1.8350	8822
1.8400	8832
1.8450	8594
1.8500	9017
1.8550	8573
1.8600	8567
1.8650	8700
1.8700	8666
1.8750	9013
1.8800	8591
1.8850	8429
1.8900	8435
1.8950	9000
1.9000	9068
1.9050	8773
1.9100	8449
1.9150	8454
1.9200	8799
1.9250	8869
1.9300	9183
1.9350	8490
1.9400	9060
1.9450	8648
1.9500	8519
1.9550	8570
1.9600	8689
1.9650	9093
1.9700	8594
1.9750	8387
1.9800	8358
1.9850	8971
1.9900	8970
1.9950	8820
2.0000	8327
2.0050	8706
2.0100	8817
2.0150	8651
2.0200	8648
2.0250	8387
2.0300	8886
2.0350	8482
2.0400	8541
2.0450	8731
2.0500	8763
2.0550	8817
2.0600	8628
2.0650	8467
2.0700	8545
2.0750	8720
2.0800	8941
2.0850	8756
2.0900	8445
2.0950	8642
2.1000	8849
2.1050	8945
2.1100	8935
2.1150	8322
2.1200	8831
2.1250	8594
2.1300	8770
2.1350	8847
2.1400	8546
2.1450	8973
2.1500	8721
2.1550	8410
2.1600	8539
2.1650	9012
2.1700	9047
2.1750	8797
2.1800	8322
2.1850	8791
2.1900	8853
2.1950	8996
2.2000	8780
2.2050	8332
2.2100	8883
2.2150	8706
2.2200	8532
2.2250	8778
2.2300	8875
2.2350	8847
2.2400	8514
2.2450	8376
2.2500	8561
2.2550	8881
2.2600	8786
2.2650	8722
2.2700	8400
2.2750	8530
2.2800	8769
2.2850	8834
2.2900	9016
2.2950	8385
2.3000	8833
2.3050	8626
2.3100	8694
2.3150	8663
2.3200	8666
2.3250	9079
2.3300	8596
2.3350	8375
2.3400	8540
2.3450	8972
2.3500	9070
2.3550	8788
2.3600	8341
2.3650	8622
2.3700	8870
2.3750	8782
2.3800	8857
2.3850	8514
2.3900	9011
2.3950	8734
2.4000	8546
2.4050	8824
2.4100	8674
2.4150	8737
2.4200	8385
2.4250	8381
2.4300	8532
2.4350	8636
2.4400	8960
2.4450	8565
2.4500	8473
2.4550	8527
2.4600	8820
2.4650	8939
2.4700	8918
2.4750	8441
2.4800	8800
2.4850	8755
2.4900	8679
2.4950	8808
2.5000	8570
2.5050	8965
2.5100	8588
2.5150	8409
2.5200	8614
2.5250	8745
2.5300	9288
2.5350	8686
2.5400	8364
2.5450	8675
2.5500	9069
2.5550	9011
2.5600	8878
2.5650	8431
2.5700	8735
2.5750	8691
2.5800	8565
2.5850	8874
2.5900	8568
2.5950	8910
2.6000	8385
2.6050	8369
2.6100	8655
2.6150	8577
2.6200	8897
2.6250	8549
2.6300	8523
2.6350	8667
2.6400	8690
2.6450	9058
2.6500	8872
2.6550	8395
2.6600	8623
2.6650	8624
2.6700	8708
2.6750	8806
2.6800	8346
2.6850	9048
2.6900	8545
2.6950	8390
2.7000	8501
2.7050	8779
2.7100	9067
2.7150	8737
2.7200	8297
2.7250	8523
2.7300	9168
2.7350	8968
2.7400	8725
2.7450	8481
2.7500	8671
2.7550	8647
2.7600	8637
2.7650	8944
2.7700	8743
2.7750	9020
2.7800	8482
2.7850	8389
2.7900	8726
2.7950	8714
2.8000	9096
2.8050	8665
2.8100	8371
2.8150	8433
2.8200	8857
2.8250	9054
2.8300	8796
2.8350	8403
2.8400	8683
2.8450	8777
2.8500	8974
2.8550	8661
2.8600	8385
2.8650	9053
2.8700	8660
2.8750	8432
2.8800	8751
2.8850	8645
2.8900	9039
2.8950	8625
2.9000	8434
2.9050	8544
2.9100	8917
2.9150	8990
2.9200	8624
2.9250	8487
2.9300	8697
2.9350	8882
2.9400	8652
2.9450	9066
2.9500	8753
2.9550	9006
2.9600	8472
2.9650	8420
2.9700	8780
2.9750	8726
2.9800	8956
2.9850	8613
2.9900	8473
2.9950	8632
3.0000	8996
3.0050	8940
3.0100	8751
3.0150	8581
3.0200	8643
3.0250	8584
3.0300	8736
3.0350	8881
3.0400	8325
3.0450	8991
3.0500	8799
3.0550	8549
3.0600	8631
3.0650	8700
3.0700	9078
3.0750	8625
3.0800	8345
3.0850	8491
3.0900	9032
3.0950	8826
3.1000	8729
3.1050	8562
3.1100	8802
3.1150	8839
3.1200	8758
3.1250	8888
3.1300	8570
3.1350	8825
3.1400	8594
3.1450	8607
3.1500	8885
3.1550	8720
3.1600	9025
3.1650	8530
3.1700	8470
3.1750	8417
3.1800	9086
3.1850	9117
3.1900	8868
3.1950	8487
3.2000	8569
3.2050	8801
3.2100	8654
3.2150	8889
3.2200	8194
3.2250	8904
3.2300	8619
3.2350	8568
3.2400	8567
3.2450	8732
3.2500	8941
3.2550	8412
3.2600	8305
3.2650	8445
3.2700	8780
3.2750	8970
3.2800	8627
3.2850	8437
3.2900	8660
3.2950	8880
3.3000	8901
3.3050	8838
3.3100	8539
3.3150	9040
3.3200	8677
3.3250	8643
3.3300	8824
3.3350	8732
3.3400	8843
3.3450	8480
3.3500	8404
3.3550	8598
3.3600	8856
3.3650	8883
3.3700	8810
3.3750	8441
3.3800	8535
3.3850	8801
3.3900	8968
3.3950	8982
3.4000	8358
3.4050	8856
3.4100	8672
3.4150	8579
3.4200	8703
3.4250	8733
3.4300	8911
3.4350	8559
3.4400	8593
3.4450	8564
3.4500	8776
3.4550	9000
3.4600	8666
3.4650	8522
3.4700	8705
3.4750	8717
3.4800	8699
3.4850	8960
3.4900	8502
3.4950	8917
3.5000	8585
3.5050	8867
3.5100	8819
3.5150	8578
3.5200	9011
3.5250	8514
3.5300	8561
3.5350	8605
3.5400	8738
3.5450	9009
3.5500	8815
3.5550	8432
3.5600	8611
3.5650	8866
3.5700	9041
3.5750	9000
3.5800	8197
3.5850	8791
3.5900	8759
3.5950	8661
3.6000	8720
3.6050	8467
3.6100	9003
3.6150	8421
3.6200	8417
3.6250	8591
3.6300	8871
3.6350	8947
3.6400	8709
3.6450	8325
3.6500	8550
3.6550	8898
3.6600	8926
3.6650	8902
3.6700	8486
3.6750	8875
3.6800	8673
3.6850	8632
3.6900	8909
3.6950	8645
3.7000	9037
3.7050	8520
3.7100	8469
3.7150	8673
3.7200	8639
3.7250	9092
3.7300	8592
3.7350	8416
3.7400	8468
3.7450	9011
3.7500	9016
3.7550	9042
3.7600	8509
3.7650	8707
3.7700	8754
3.7750	8633
3.7800	8722
3.7850	8682
3.7900	9050
3.7950	8562
3.8000	8389
3.8050	8515
3.8100	8860
3.8150	8923
3.8200	8757
3.8250	8490
3.8300	8629
3.8350	8903
3.8400	8869
3.8450	8835
3.8500	8632
3.8550	8851
3.8600	8667
3.8650	8758
3.8700	8840
3.8750	8703
3.8800	8768
3.8850	8599
3.8900	8631
3.8950	8663
3.9000	8715
3.9050	8899
3.9100	8647
3.9150	8450
3.9200	8471
3.9250	9053
3.9300	9068
3.9350	8888
3.9400	8259
3.9450	8835
3.9500	8794
3.9550	8821
3.9600	8890
3.9650	8642
3.9700	9003
3.9750	8457
3.9800	8335
3.9850	8653
3.9900	8825
3.9950	9030
4.0000	8607
4.0050	8498
4.0100	8586
4.0150	8982
4.0200	9029
4.0250	9002
4.0300	8562
4.0350	8730
4.0400	8612
4.0450	8740
4.0500	8809
4.0550	8477
4.0600	9141
4.0650	8522
4.0700	8676
4.0750	8644
4.0800	8592
4.0850	9032
4.0900	8520
4.0950	8459
4.1000	8496
4.1050	9053
4.1100	9084
4.1150	8832
4.1200	8373
4.1250	8902
4.1300	8780
4.1350	8705
4.1400	8808
4.1450	8484
4.1500	9013
4.1550	8537
4.1600	8356
4.1650	8539
4.1700	8648
4.1750	8940
4.1800	8655
4.1850	8394
4.1900	8523
4.1950	8881
4.2000	8938
4.2050	8768
4.2100	8500
4.2150	8652
4.2200	8646
4.2250	8894
4.2300	8949
4.2350	8367
4.2400	8946
4.2450	8497
4.2500	8589
4.2550	8635
4.2600	8784
4.2650	8970
4.2700	8736
4.2750	8541
4.2800	8454
4.2850	8952
4.2900	9063
4.2950	8825
4.3000	8494
4.3050	8719
4.3100	8901
4.3150	8790
4.3200	8854
4.3250	8371
4.3300	8893
4.3350	8554
4.3400	8417
4.3450	8729
4.3500	8662
4.3550	8958
4.3600	8602
4.3650	8374
4.3700	8466
4.3750	8851
4.3800	8928
4.3850	8832
4.3900	8547
4.3950	8609
4.4000	8713
4.4050	8730
4.4100	8979
4.4150	8305
4.4200	8800
4.4250	8377
4.4300	8585
4.4350	8645
4.4400	8582
4.4450	8997
4.4500	8546
4.4550	8474
4.4600	8398
4.4650	9027
4.4700	9013
4.4750	8736
4.4800	8206
4.4850	8664
4.4900	8933
4.4950	8814
4.5000	8829
4.5050	8496
4.5100	8991
4.5150	8524
4.5200	8570
4.5250	8741
4.5300	8768
4.5350	8894
4.5400	8333
4.5450	8304
4.5500	8555
4.5550	8908
4.5600	9004
4.5650	8851
4.5700	8386
4.5750	8675
4.5800	8844
4.5850	8921
4.5900	9048
4.5950	8386
4.6000	8728
4.6050	8498
4.6100	8598
4.6150	8838
4.6200	8584
4.6250	9027
4.6300	8539
4.6350	8297
4.6400	8669
4.6450	8867
4.6500	8983
4.6550	8849
4.6600	8453
4.6650	8746
4.6700	8956
4.6750	8865
4.6800	9109
4.6850	8447
4.6900	8889
4.6950	8746
4.7000	8765
4.7050	8851
4.7100	8570
4.7150	8943
4.7200	8492
4.7250	8444
4.7300	8674
4.7350	8816
4.7400	8929
4.7450	8772
4.7500	8360
4.7550	8622
4.7600	8888
4.7650	9020
4.7700	8931
4.7750	8355
4.7800	9005
4.7850	8697
4.7900	8786
4.7950	8915
4.8000	8643
4.8050	8802
4.8100	8493
4.8150	8410
4.8200	8514
4.8250	8725
4.8300	9160
4.8350	8591
4.8400	8458
4.8450	8671
4.8500	8926
4.8550	8901
4.8600	8985
4.8650	8328
4.8700	8765
4.8750	8528
4.8800	8606
4.8850	8929
4.8900	8795
4.8950	9101
4.9000	8511
4.9050	8370
4.9100	8633
4.9150	8713
4.9200	9016
4.9250	8649
4.9300	8558
4.9350	8734
4.9400	9024
4.9450	8808
4.9500	9032
4.9550	8439
4.9600	8841
4.9650	8851
4.9700	8810
4.9750	8698
4.9800	8453
4.9850	8946
4.9900	8491
4.9950	8483
5.0000	8458
5.0050	8819
5.0100	8896
5.0150	8736
5.0200	8469
5.0250	8423
5.0300	9119
5.0350	8946
5.0400	8964
5.0450	8571
5.0500	8694
5.0550	8704
5.0600	8649
5.0650	8869
5.0700	8736
5.0750	9062
5.0800	8511
5.0850	8527
5.0900	8765
5.0950	8843
5.1000	8914
5.1050	8623
5.1100	8494
5.1150	8687
5.1200	8901
5.1250	9019
5.1300	9009
5.1350	8447
5.1400	8655
5.1450	8610
5.1500	8668
5.1550	8923
5.1600	8548
5.1650	9061
5.1700	8721
5.1750	8442
5.1800	8690
5.1850	8923
5.1900	8920
5.1950	8669
5.2000	8242
5.2050	8388
5.2100	9235
5.2150	9034
5.2200	8904
5.2250	8426
5.2300	8938
5.2350	8837
5.2400	8725
5.2450	8799
5.2500	8536
5.2550	8994
5.2600	8607
5.2650	8456
5.2700	8639
5.2750	8718
5.2800	8976
5.2850	8596
5.2900	8500
5.2950	8488
5.3000	9092
5.3050	8991
5.3100	8985
5.3150	8266
5.3200	8647
5.3250	8757
5.3300	8784
5.3350	8959
5.3400	8365
5.3450	9055
5.3500	8621
5.3550	8476
5.3600	8620
5.3650	8811
5.3700	8892
5.3750	8712
5.3800	8417
5.3850	8371
5.3900	9005
5.3950	8944
5.4000	8686
5.4050	8399
5.4100	8797
5.4150	8784
5.4200	8822
5.4250	9114
5.4300	8645
5.4350	8968
5.4400	8536
5.4450	8623
5.4500	8744
5.4550	8648
5.4600	8988
5.4650	8666
5.4700	8687
5.4750	8412
5.4800	8810
5.4850	9031
5.4900	8812
5.4950	8498
5.5000	8797
5.5050	8757
5.5100	8974
5.5150	8994
5.5200	8377
5.5250	9063
5.5300	8567
5.5350	8584
5.5400	8643
5.5450	8613
5.5500	9162
5.5550	8559
5.5600	8450
5.5650	8524
5.5700	8896
5.5750	8862
5.5800	8801
5.5850	8538
5.5900	8732
5.5950	8923
5.6000	8660
5.6050	8826
5.6100	8593
5.6150	8912
5.6200	8677
5.6250	8689
5.6300	9046
5.6350	8751
5.6400	8873
5.6450	8619
5.6500	8513
5.6550	8465
5.6600	8913
5.6650	8879
5.6700	8805
5.6750	8423
5.6800	8620
5.6850	8935
5.6900	8848
5.6950	8979
5.7000	8602
5.7050	9069
5.7100	8651
5.7150	8523
5.7200	8766
5.7250	8535
5.7300	9034
5.7350	8475
5.7400	8466
5.7450	8372
5.7500	9021
5.7550	8863
5.7600	8747
5.7650	8415
5.7700	8744
5.7750	8861
5.7800	8935
5.7850	8960
5.7900	8453
5.7950	8875
5.8000	8604
5.8050	8674
5.8100	8903
5.8150	8636
5.8200	8940
5.8250	8586
5.8300	8561
5.8350	8549
5.8400	8749
5.8450	8832
5.8500	8666
5.8550	8442
5.8600	8629
5.8650	8949
5.8700	9115
5.8750	9147
5.8800	8357
5.8850	8924
5.8900	8755
5.8950	8693
5.9000	8690
5.9050	8595
5.9100	9046
5.9150	8699
5.9200	8494
5.9250	8471
5.9300	8843
5.9350	9068
5.9400	8646
5.9450	8660
5.9500	8795
5.9550	8882
5.9600	8950
5.9650	9183
5.9700	8702
5.9750	8916
5.9800	8661
5.9850	8859
5.9900	8968
5.9950	8575
6.0000	8918
6.0050	8382
6.0100	8554
6.0150	8716
6.0200	8860
6.0250	9105
6.0300	8783
6.0350	8545
6.0400	8621
6.0450	9063
6.0500	9069
6.0550	8988
6.0600	8488
6.0650	8900
6.0700	8844
6.0750	8665
6.0800	8893
6.0850	8706
6.0900	9115
6.0950	8543
6.1000	8322
6.1050	8532
6.1100	8921
6.1150	9052
6.1200	8591
6.1250	8448
6.1300	8721
6.1350	8838
6.1400	8917
6.1450	9000
6.1500	8592
6.1550	8750
6.1600	8609
6.1650	8747
6.1700	8906
6.1750	8645
6.1800	8926
6.1850	8477
6.1900	8446
6.1950	8448
6.2000	8765
6.2050	8997
6.2100	8732
6.2150	8590
6.2200	8524
6.2250	8924
6.2300	8981
6.2350	8958
6.2400	8489
6.2450	8845
6.2500	8731
6.2550	8929
6.2600	8858
6.2650	8554
6.2700	9038
6.2750	8534
6.2800	8555
6.2850	8703
6.2900	8927
6.2950	9169
6.3000	8635
6.3050	8460
6.3100	8563
6.3150	9088
6.3200	9016
6.3250	9025
6.3300	8509
6.3350	8767
6.3400	8638
6.3450	8779
6.3500	8747
6.3550	8537
6.3600	9060
6.3650	8548
6.3700	8508
6.3750	8698
6.3800	8835
6.3850	8874
6.3900	8690
6.3950	8468
6.4000	8468
6.4050	8965
6.4100	8879
6.4150	8832
6.4200	8476
6.4250	8636
6.4300	8924
6.4350	8853
6.4400	8950
6.4450	8699
6.4500	9120
6.4550	8595
6.4600	8574
6.4650	8716
6.4700	8860
6.4750	8957
6.4800	8551
6.4850	8555
6.4900	8606
6.4950	8986
6.5000	8991
6.5050	8781
6.5100	8482
6.5150	8734
6.5200	8632
6.5250	8614
6.5300	8854
6.5350	8620
6.5400	9091
6.5450	8659
6.5500	8541
6.5550	8553
6.5600	8628
6.5650	8848
6.5700	8569
6.5750	8476
6.5800	8325
6.5850	8948
6.5900	9055
6.5950	8877
6.6000	8470
6.6050	8614
6.6100	8903
6.6150	8930
6.6200	8965
6.6250	8467
6.6300	8950
6.6350	8652
6.6400	8547
6.6450	8652
6.6500	8819
6.6550	9006
6.6600	8542
6.6650	8498
6.6700	8638
6.6750	8972
6.6800	9008
6.6850	8708
6.6900	8704
6.6950	8780
6.7000	8849
6.7050	8877
6.7100	9051
6.7150	8447
6.7200	8932
6.7250	8529
6.7300	8774
6.7350	8799
6.7400	8650
6.7450	8963
6.7500	8489
6.7550	8437
6.7600	8374
6.7650	8857
6.7700	9122
6.7750	8933
6.7800	8427
6.7850	8833
6.7900	9024
6.7950	8834
6.8000	8897
6.8050	8181
6.8100	8899
6.8150	8623
6.8200	8541
6.8250	8678
6.8300	8705
6.8350	8994
6.8400	8546
6.8450	8467
6.8500	8517
6.8550	9104
6.8600	8922
6.8650	8967
6.8700	8491
6.8750	8793
6.8800	8928
6.8850	8872
6.8900	9145
6.8950	8638
6.9000	8833
6.9050	8610
6.9100	8502
6.9150	8626
6.9200	8583
6.9250	9037
6.9300	8615
6.9350	8501
6.9400	8423
6.9450	8932
6.9500	9060
6.9550	8616
6.9600	8359
6.9650	8722
6.9700	9065
6.9750	8935
6.9800	9083
6.9850	8441
6.9900	8997
6.9950	8576
7.0000	8551
7.0050	8856
7.0100	8679
7.0150	9056
7.0200	8544
7.0250	8624
7.0300	8594
7.0350	9079
7.0400	8986
7.0450	8724
7.0500	8561
7.0550	8717
7.0600	8921
7.0650	8828
7.0700	9074
7.0750	8500
7.0800	8800
7.0850	8779
7.0900	8713
7.0950	8832
7.1000	8539
7.1050	9020
7.1100	8604
7.1150	8439
7.1200	8684
7.1250	8857
7.1300	9173
7.1350	8656
7.1400	8509
7.1450	8606
7.1500	9002
7.1550	9060
7.1600	9174
7.1650	8457
7.1700	8945
7.1750	8760
7.1800	8675
7.1850	8743
7.1900	8601
7.1950	9065
7.2000	8447
7.2050	8348
7.2100	8582
7.2150	8989
7.2200	9065
7.2250	8600
7.2300	8436
7.2350	8583
7.2400	8826
7.2450	8822
7.2500	9117
7.2550	8419
7.2600	8821
7.2650	8827
7.2700	8722
7.2750	8913
7.2800	8629
7.2850	8954
7.2900	8579
7.2950	8636
7.3000	8516
7.3050	8735
7.3100	8938
7.3150	8607
7.3200	8406
7.3250	8566
7.3300	9032
7.3350	9099
7.3400	8978
7.3450	8419
7.3500	8925
7.3550	8835
7.3600	8691
7.3650	8785
7.3700	8573
7.3750	9206
7.3800	8404
7.3850	8457
7.3900	8625
7.3950	8657
7.4000	8934
7.4050	8482
7.4100	8518
7.4150	8594
7.4200	8893
7.4250	8852
7.4300	9043
7.4350	8348
7.4400	8688
7.4450	8697
7.4500	8710
7.4550	8851
7.4600	8519
7.4650	9047
7.4700	8584
7.4750	8541
7.4800	8657
7.4850	8862
7.4900	8980
7.4950	8747
7.5000	8456
7.5050	8523
7.5100	9024
7.5150	8917
7.5200	8908
7.5250	8389
7.5300	8875
7.5350	8828
7.5400	8683
7.5450	8699
7.5500	8702
7.5550	9136
7.5600	8394
7.5650	8460
7.5700	8636
7.5750	8851
7.5800	8907
7.5850	8628
7.5900	8649
7.5950	8533
7.6000	8849
7.6050	9002
7.6100	8988
7.6150	8392
7.6200	8730
7.6250	8969
7.6300	8890
7.6350	8831
7.6400	8502
7.6450	8940
7.6500	8575
7.6550	8435
7.6600	8642
7.6650	8838
7.6700	9132
7.6750	8513
7.6800	8577
7.6850	8597
7.6900	9156
7.6950	9170
7.7000	8745
7.7050	8455
7.7100	8733
7.7150	8835
7.7200	8816
7.7250	8906
7.7300	8702
7.7350	9034
7.7400	8589
7.7450	8719
7.7500	8728
7.7550	8784
7.7600	8993
7.7650	8630
7.7700	8458
7.7750	8554
7.7800	9093
7.7850	9031
7.7900	8863
7.7950	8390
7.8000	8689
7.8050	8894
7.8100	8974
7.8150	9055
7.8200	8532
7.8250	8953
7.8300	8640
7.8350	8728
7.8400	8696
7.8450	8900
7.8500	9164
7.8550	8621
7.8600	8612
7.8650	8540
7.8700	9208
7.8750	9098
7.8800	8820
7.8850	8464
7.8900	8710
7.8950	8744
7.9000	8825
7.9050	9128
7.9100	8477
7.9150	8953
7.9200	8589
7.9250	8457
7.9300	8877
7.9350	8812
7.9400	9209
7.9450	8477
7.9500	8570
7.9550	8504
7.9600	9032
7.9650	8978
7.9700	9010
7.9750	8394
7.9800	8766
7.9850	8796
7.9900	8810
7.9950	9058
8.0000	8281
8.0050	8908
8.0100	8662
8.0150	8778
8.0200	8728
8.0250	8740
8.0300	9049
8.0350	8665
8.0400	8502
8.0450	8454
8.0500	9089
8.0550	9010
8.0600	8827
8.0650	8650
8.0700	8742
8.0750	8697
8.0800	8831
8.0850	8987
8.0900	8559
8.0950	8986
8.1000	8617
8.1050	8569
8.1100	8883
8.1150	8649
8.1200	9026
8.1250	8618
8.1300	8610
8.1350	8685
8.1400	8860
8.1450	8946
8.1500	8812
8.1550	8492
8.1600	8667
8.1650	8759
8.1700	8929
8.1750	9046
8.1800	8410
8.1850	9000
8.1900	8592
8.1950	8564
8.2000	8680
8.2050	8576
8.2100	9134
8.2150	8527
8.2200	8446
8.2250	8503
8.2300	9049
8.2350	9032
8.2400	8847
8.2450	8463
8.2500	8683
8.2550	8909
8.2600	8967
8.2650	8993
8.2700	8625
8.2750	9014
8.2800	8770
8.2850	8625
8.2900	8845
8.2950	8574
8.3000	8905
8.3050	8650
8.3100	8443
8.3150	8705
8.3200	8771
8.3250	8940
8.3300	8785
8.3350	8426
8.3400	8602
8.3450	8878
8.3500	8949
8.3550	8960
8.3600	8482
8.3650	9004
8.3700	8775
8.3750	8573
8.3800	8849
8.3850	8632
8.3900	9152
8.3950	8566
8.4000	8346
8.4050	8568
8.4100	8792
8.4150	8980
8.4200	8838
8.4250	8516
8.4300	8571
8.4350	8913
8.4400	8883
8.4450	8990
8.4500	8492
8.4550	8784
8.4600	8745
8.4650	8655
8.4700	8787
8.4750	8594
8.4800	8820
8.4850	8458
8.4900	8346
8.4950	8780
8.5000	8771
8.5050	9001
8.5100	8805
8.5150	8511
8.5200	8616
8.5250	8988
8.5300	8957
8.5350	8897
8.5400	8369
8.5450	8802
8.5500	8837
8.5550	8818
8.5600	8861
8.5650	8525
8.5700	8988
8.5750	8597
8.5800	8517
8.5850	8621
8.5900	8893
8.5950	9109
8.6000	8629
8.6050	8407
8.6100	8572
8.6150	8999
8.6200	9042
8.6250	8947
8.6300	8525
8.6350	8629
8.6400	8620
8.6450	8775
8.6500	9045
8.6550	8775
8.6600	8981
8.6650	8407
8.6700	8568
8.6750	8784
8.6800	8840
8.6850	8969
8.6900	8698
8.6950	8497
8.7000	8515
8.7050	8976
8.7100	9112
8.7150	8912
8.7200	8558
8.7250	8761
8.7300	8883
8.7350	8835
8.7400	8808
8.7450	8702
8.7500	9078
8.7550	8555
8.7600	8658
8.7650	8555
8.7700	8766
8.7750	9155
8.7800	8604
8.7850	8413
8.7900	8564
8.7950	8938
8.8000	9045
8.8050	8802
8.8100	8468
8.8150	8799
8.8200	8847
8.8250	8916
8.8300	9055
8.8350	8567
8.8400	8952
8.8450	8485
8.8500	8571
8.8550	8764
8.8600	8906
8.8650	9000
8.8700	8765
8.8750	8358
8.8800	8474
8.8850	8961
8.8900	9008
8.8950	9033
8.9000	8463
8.9050	8676
8.9100	8801
8.9150	8791
8.9200	8854
8.9250	8549
8.9300	8950
8.9350	8576
8.9400	8501
8.9450	8552
8.9500	8813
8.9550	8990
8.9600	8531
8.9650	8469
8.9700	8579
8.9750	8957
8.9800	9006
8.9850	8820
8.9900	8470
8.9950	8727
9.0000	8668
9.0050	8822
9.0100	8919
9.0150	8652
9.0200	8950
9.0250	8682
9.0300	8549
9.0350	8800
9.0400	8866
9.0450	9151
9.0500	8666
9.0550	8556
9.0600	8473
9.0650	8993
9.0700	9121
9.0750	9026
9.0800	8434
9.0850	8826
9.0900	8845
9.0950	8835
9.1000	8986
9.1050	8410
9.1100	8896
9.1150	8577
9.1200	8637
9.1250	8544
9.1300	8768
9.1350	8997
9.1400	8604
9.1450	8324
9.1500	8466
9.1550	8893
9.1600	8920
9.1650	8973
9.1700	8423
9.1750	8696
9.1800	8718
9.1850	8755
9.1900	9026
9.1950	8431
9.2000	8878
9.2050	8585
9.2100	8600
9.2150	8866
9.2200	8653
9.2250	9006
9.2300	8558
9.2350	8420
9.2400	8505
9.2450	9082
9.2500	9055
9.2550	8749
9.2600	8474
9.2650	8615
9.2700	8904
9.2750	8669
9.2800	8881
9.2850	8438
9.2900	8910
9.2950	8768
9.3000	8614
9.3050	8767
9.3100	8538
9.3150	9116
9.3200	8422
9.3250	8335
9.3300	8521
9.3350	9041
9.3400	9018
9.3450	8821
9.3500	8412
9.3550	8704
9.3600	8780
9.3650	8761
9.3700	8938
9.3750	8543
9.3800	8972
9.3850	8694
9.3900	8670
9.3950	8915
9.4000	8483
9.4050	8880
9.4100	8598
9.4150	8496
9.4200	8630
9.4250	8908
9.4300	9065
9.4350	8789
9.4400	8463
9.4450	8716
9.4500	8933
9.4550	8921
9.4600	9004
9.4650	8597
9.4700	8823
9.4750	8736
9.4800	8662
9.4850	8819
9.4900	8622
9.4950	9132
9.5000	8561
9.5050	8414
9.5100	8640
9.5150	8995
9.5200	8932
9.5250	8724
9.5300	8406
9.5350	8769
9.5400	8899
9.5450	8994
9.5500	8953
9.5550	8525
9.5600	8766
9.5650	8762
9.5700	8735
9.5750	8689
9.5800	8771
9.5850	8875
9.5900	8486
9.5950	8553
9.6000	8625
9.6050	8769
9.6100	8903
9.6150	8665
9.6200	8580
9.6250	8723
9.6300	8917
9.6350	9103
9.6400	9016
9.6450	8493
9.6500	9131
9.6550	9032
9.6600	8731
9.6650	8862
9.6700	8691
9.6750	9057
9.6800	8618
9.6850	8472
9.6900	8659
9.6950	9072
9.7000	8865
9.7050	8661
9.7100	8652
9.7150	8652
9.7200	9001
9.7250	8923
9.7300	8871
9.7350	8527
9.7400	8761
9.7450	8648
9.7500	8851
9.7550	8946
9.7600	8567
9.7650	9048
9.7700	8433
9.7750	8631
9.7800	8558
9.7850	8881
9.7900	9085
9.7950	8644
9.8000	8260
9.8050	8620
9.8100	8979
9.8150	8928
9.8200	8837
9.8250	8457
9.8300	8778
9.8350	8749
9.8400	8823
9.8450	8858
9.8500	8629
9.8550	8925
9.8600	8603
9.8650	8597
9.8700	8717
9.8750	8818
9.8800	8959
9.8850	8816
9.8900	8469
9.8950	8685
9.9000	9004
9.9050	8934
9.9100	8894
9.9150	8431
9.9200	8773
9.9250	8670
9.9300	8932
9.9350	8927
9.9400	8433
9.9450	8959
9.9500	8535
9.9550	8630
9.9600	8670
9.9650	8846
9.9700	9103
9.9750	8697
9.9800	8481
9.9850	8567
9.9900	9107
9.9950	8977
10.0000	8893
10.0050	8483
10.0100	8906
10.0150	8819
10.0200	8757
10.0250	8980
10.0300	8551
10.0350	9127
10.0400	8641
10.0450	8639
10.0500	8689
10.0550	8900
10.0600	8936
10.0650	8707
10.0700	8639
10.0750	8576
10.0800	8985
10.0850	9083
10.0900	8963
10.0950	8530
10.1000	8809
10.1050	8785
10.1100	8846
10.1150	9057
10.1200	8581
10.1250	8919
10.1300	8656
10.1350	8572
10.1400	8659
10.1450	8652
10.1500	9067
10.1550	8660
10.1600	8476
10.1650	8496
10.1700	9112
10.1750	9013
10.1800	8891
10.1850	8551
10.1900	8844
10.1950	8837
10.2000	8823
10.2050	8697
10.2100	8563
10.2150	8966
10.2200	8598
10.2250	8755
10.2300	8683
10.2350	8758
10.2400	9030
10.2450	8763
10.2500	8623
10.2550	8479
10.2600	9081
10.2650	8956
10.2700	8781
10.2750	8572
10.2800	8643
10.2850	8922
10.2900	8948
10.2950	8996
10.3000	8379
10.3050	8928
10.3100	8693
10.3150	8597
10.3200	8652
10.3250	8747
10.3300	9003
10.3350	8757
10.3400	8397
10.3450	8454
10.3500	8858
10.3550	9243
10.3600	8926
10.3650	8479
10.3700	8639
10.3750	8976
10.3800	8930
10.3850	9080
10.3900	8484
10.3950	9056
10.4000	8556
10.4050	8548
10.4100	8747
10.4150	8788
10.4200	9234
10.4250	8592
10.4300	8496
10.4350	8547
10.4400	8913
10.4450	8974
10.4500	8891
10.4550	8398
10.4600	8662
10.4650	8843
10.4700	8941
10.4750	9007
10.4800	8514
10.4850	9083
10.4900	8870
10.4950	8682
10.5000	8756
10.5050	8664
10.5100	8972
10.5150	8622
10.5200	8400
10.5250	8564
10.5300	8950
10.5350	8950
10.5400	8669
10.5450	8452
10.5500	8771
10.5550	8806
10.5600	8891
10.5650	8953
10.5700	8436
10.5750	8824
10.5800	8686
10.5850	8645
10.5900	8710
10.5950	8875
10.6000	9010
10.6050	8438
10.6100	8596
10.6150	8466
10.6200	8806
10.6250	9009
10.6300	8923
10.6350	8488
10.6400	8771
10.6450	8930
10.6500	8893
10.6550	9009
10.6600	8433
10.6650	9000
10.6700	8781
10.6750	8863
10.6800	8910
10.6850	8614
10.6900	9154
10.6950	8546
10.7000	8388
10.7050	8571
10.7100	8941
10.7150	9167
10.7200	8634
10.7250	8368
10.7300	8753
10.7350	9045
10.7400	8955
10.7450	8935
10.7500	8506
10.7550	8938
10.7600	8662
10.7650	8693
10.7700	8819
10.7750	8808
10.7800	8835
10.7850	8356
10.7900	8412
10.7950	8651
10.8000	8776
10.8050	9023
10.8100	8781
10.8150	8690
10.8200	8560
10.8250	8978
10.8300	9077
10.8350	8880
10.8400	8464
10.8450	8825
10.8500	8813
10.8550	8637
10.8600	8658
10.8650	8768
10.8700	9249
10.8750	8614
10.8800	8514
10.8850	8485
10.8900	8845
10.8950	9096
10.9000	8563
10.9050	8396
10.9100	8466
10.9150	8944
10.9200	8877
10.9250	8924
10.9300	8711
10.9350	8923
10.9400	8733
10.9450	8739
10.9500	8938
10.9550	8606
10.9600	8909
10.9650	8583
10.9700	8458
10.9750	8675
10.9800	8737
10.9850	9012
10.9900	8679
10.9950	8510
11.0000	8559
11.0050	9060
11.0100	8935
11.0150	8974
11.0200	8428
11.0250	8858
11.0300	8939
11.0350	8975
11.0400	8857
11.0450	8538
11.0500	9012
11.0550	8750
11.0600	8608
11.0650	8676
11.0700	8924
11.0750	9125
11.0800	8721
11.0850	8575
11.0900	8738
11.0950	9071
11.1000	8971
11.1050	8916
11.1100	8483
11.1150	8880
11.1200	8699
11.1250	8756
11.1300	9065
11.1350	8553
11.1400	9088
11.1450	8476
11.1500	8701
11.1550	8720
11.1600	8693
11.1650	9190
11.1700	8736
11.1750	8499
11.1800	8675
11.1850	8849
11.1900	9051
11.1950	8994
11.2000	8430
11.2050	8876
11.2100	8966
11.2150	8854
11.2200	9020
11.2250	8473
11.2300	9045
11.2350	8710
11.2400	8568
11.2450	8735
11.2500	8810
11.2550	9119
11.2600	8626
11.2650	8535
11.2700	8523
11.2750	9142
11.2800	9050
11.2850	8908
11.2900	8549
11.2950	9109
11.3000	8977
11.3050	8748
11.3100	8912
11.3150	8618
11.3200	8896
11.3250	8455
11.3300	8556
11.3350	8819
11.3400	8549
11.3450	8925
11.3500	8728
11.3550	8451
11.3600	8443
11.3650	8871
11.3700	9038
11.3750	8984
11.3800	8360
11.3850	8768
11.3900	8775
11.3950	8838
11.4000	8840
11.4050	8403
11.4100	9085
11.4150	8673
11.4200	8794
11.4250	8794
11.4300	8781
11.4350	9061
11.4400	8600
11.4450	8405
11.4500	8458
11.4550	9076
11.4600	9044
11.4650	8819
11.4700	8412
11.4750	8912
11.4800	8910
11.4850	8753
11.4900	9054
11.4950	8595
11.5000	9015
11.5050	8527
11.5100	8602
11.5150	8866
11.5200	8725
11.5250	8864
11.5300	8508
11.5350	8532
11.5400	8567
11.5450	8797
11.5500	9055
11.5550	8932
11.5600	8367
11.5650	8603
11.5700	9043
11.5750	8870
11.5800	8944
11.5850	8431
11.5900	9042
11.5950	8796
11.6000	8644
11.6050	8739
11.6100	8852
11.6150	9102
11.6200	8662
11.6250	8519
11.6300	8495
11.6350	8938
11.6400	8806
11.6450	8831
11.6500	8559
11.6550	8893
11.6600	8815
11.6650	8918
11.6700	9030
11.6750	8576
11.6800	8909
11.6850	8859
11.6900	8575
11.6950	8844
11.7000	8636
11.7050	9094
11.7100	8544
11.7150	8566
11.7200	8365
11.7250	8762
11.7300	9152
11.7350	8765
11.7400	8386
11.7450	8552
11.7500	8834
11.7550	9017
11.7600	9055
11.7650	8402
11.7700	8932
11.7750	8754
11.7800	8663
11.7850	8753
11.7900	8787
11.7950	9031
11.8000	8557
11.8050	8346
11.8100	8502
11.8150	8720
11.8200	9044
11.8250	8756
11.8300	8746
11.8350	8842
11.8400	8837
11.8450	8940
11.8500	8977
11.8550	8490
11.8600	8922
11.8650	8706
11.8700	8632
11.8750	8752
11.8800	8664
11.8850	8980
11.8900	8465
11.8950	8652
11.9000	8516
11.9050	8926
11.9100	8984
11.9150	8673
11.9200	8405
11.9250	8702
11.9300	8833
11.9350	9024
11.9400	9035
11.9450	8480
11.9500	8905
11.9550	8795
11.9600	8717
11.9650	8779
11.9700	8770
11.9750	9256
11.9800	8502
11.9850	8451
11.9900	8638
11.9950	9002
12.0000	8898
12.0050	8746
12.0100	8371
12.0150	8611
12.0200	9014
12.0250	8966
12.0300	9131
12.0350	8596
12.0400	8862
12.0450	8605
12.0500	8851
12.0550	8995
12.0600	8696
12.0650	9043
12.0700	8641
12.0750	8494
12.0800	8697
12.0850	8823
12.0900	9087
12.0950	8712
12.1000	8483
12.1050	8564
12.1100	8902
12.1150	9013
12.1200	8796
12.1250	8451
12.1300	8685
12.1350	8871
12.1400	8800
12.1450	8750
12.1500	8533
12.1550	9036
12.1600	8339
12.1650	8455
12.1700	8700
12.1750	8889
12.1800	8854
12.1850	8723
12.1900	8478
12.1950	8624
12.2000	8748
12.2050	8872
12.2100	9028
12.2150	8460
12.2200	8845
12.2250	8796
12.2300	8821
12.2350	8899
12.2400	8610
12.2450	8925
12.2500	8573
12.2550	8541
12.2600	8575
12.2650	8759
12.2700	9062
12.2750	8956
12.2800	8425
12.2850	8591
12.2900	9099
12.2950	9063
12.3000	9012
12.3050	8384
12.3100	8718
12.3150	8895
12.3200	8832
12.3250	8742
12.3300	8585
12.3350	9094
12.3400	8587
12.3450	8401
12.3500	8619
12.3550	8836
12.3600	8999
12.3650	8733
12.3700	8390
12.3750	8718
12.3800	9080
12.3850	8958
12.3900	8954
12.3950	8532
12.4000	8658
12.4050	8739
12.4100	8678
12.4150	8974
12.4200	8603
12.4250	8937
12.4300	8746
12.4350	8730
12.4400	8833
12.4450	8626
12.4500	8978
12.4550	8738
12.4600	8530
12.4650	8563
12.4700	8910
12.4750	9015
12.4800	8890
12.4850	8427
12.4900	8829
12.4950	8873
12.5000	8688
12.5050	8931
12.5100	8387
12.5150	9086
12.5200	8550
12.5250	8587
12.5300	8663
12.5350	8766
12.5400	8911
12.5450	8512
12.5500	8472
12.5550	8480
12.5600	9020
12.5650	9007
12.5700	8962
12.5750	8585
12.5800	8702
12.5850	8786
12.5900	8790
12.5950	8995
12.6000	8343
12.6050	8823
12.6100	8670
12.6150	8619
12.6200	8687
12.6250	8727
12.6300	9087
12.6350	8654
12.6400	8542
12.6450	8394
12.6500	9032
12.6550	9079
12.6600	8932
12.6650	8407
12.6700	8625
12.6750	9040
12.6800	8924
12.6850	8926
12.6900	8560
12.6950	9113
12.7000	8583
12.7050	8415
12.7100	8558
12.7150	8850
12.7200	8976
12.7250	8527
12.7300	8611
12.7350	8606
12.7400	8919
12.7450	8974
12.7500	8868
12.7550	8467
12.7600	8687
12.7650	8803
12.7700	8831
12.7750	9054
12.7800	8338
12.7850	8882
12.7900	8651
12.7950	8599
12.8000	8673
12.8050	8595
12.8100	8941
12.8150	8552
12.8200	8432
12.8250	8631
12.8300	8886
12.8350	9077
12.8400	8832
12.8450	8479
12.8500	8776
12.8550	8916
12.8600	9037
12.8650	9062
12.8700	8456
12.8750	8973
12.8800	8677
12.8850	8571
12.8900	8704
12.8950	8776
12.9000	8939
12.9050	8506
12.9100	8462
12.9150	8600
12.9200	8874
12.9250	9191
12.9300	8843
12.9350	8434
12.9400	8576
12.9450	8943
12.9500	8984
12.9550	9065
12.9600	8436
12.9650	8863
12.9700	8686
12.9750	8617
12.9800	8812
12.9850	8584
12.9900	9181
12.9950	8621
13.0000	8431
13.0050	8330
13.0100	8998
13.0150	9053
13.0200	8757
13.0250	8337
13.0300	8732
13.0350	8954
13.0400	8949
13.0450	8938
13.0500	8480
13.0550	8874
13.0600	8733
13.0650	8513
13.0700	8832
13.0750	8570
13.0800	9047
13.0850	8534
13.0900	8564
13.0950	8703
13.1000	8772
13.1050	8949
13.1100	8745
13.1150	8431
13.1200	8632
13.1250	8805
13.1300	8754
13.1350	9142
13.1400	8621
13.1450	8883
13.1500	8633
13.1550	8695
13.1600	8688
13.1650	8532
13.1700	9056
13.1750	8487
13.1800	8475
13.1850	8481
13.1900	8773
13.1950	9115
13.2000	8657
13.2050	8331
13.2100	8529
13.2150	9165
13.2200	8921
13.2250	9090
13.2300	8465
13.2350	9112
13.2400	8925
13.2450	8873
13.2500	8911
13.2550	8691
13.2600	9027
13.2650	8525
13.2700	8535
13.2750	8718
13.2800	8883
13.2850	9062
13.2900	8797
13.2950	8511
13.3000	8679
13.3050	8868
13.3100	8913
13.3150	8798
13.3200	8408
13.3250	8800
13.3300	8685
13.3350	8758
13.3400	8761
13.3450	8514
13.3500	9132
13.3550	8551
13.3600	8570
13.3650	8541
13.3700	8670
13.3750	8997
13.3800	8607
13.3850	8364
13.3900	8622
13.3950	8946
13.4000	8793
13.4050	9006
13.4100	8454
13.4150	8728
13.4200	8675
13.4250	8798
13.4300	8854
13.4350	8580
13.4400	9119
13.4450	8500
13.4500	8461
13.4550	8722
13.4600	8872
13.4650	8877
13.4700	8793
13.4750	8481
13.4800	8598
13.4850	8938
13.4900	8935
13.4950	9087
13.5000	8540
13.5050	8737
13.5100	8744
13.5150	8781
13.5200	8903
13.5250	8454
13.5300	8982
13.5350	8602
13.5400	8584
13.5450	8677
13.5500	8768
13.5550	9025
13.5600	8579
13.5650	8485
13.5700	8638
13.5750	9016
13.5800	9095
13.5850	8833
13.5900	8213
13.5950	8768
13.6000	8764
13.6050	8715
13.6100	8782
13.6150	8635
13.6200	8911
13.6250	8498
13.6300	8434
13.6350	8576
13.6400	8677
13.6450	8930
13.6500	8573
13.6550	8486
13.6600	8559
13.6650	8915
13.6700	9033
13.6750	8907
13.6800	8516
13.6850	8718
13.6900	8894
13.6950	8767
13.7000	8951
13.7050	8272
13.7100	9158
13.7150	8549
13.7200	8718
13.7250	8598
13.7300	8741
13.7350	8916
13.7400	8594
13.7450	8453
13.7500	8525
13.7550	8985
13.7600	8954
13.7650	8741
13.7700	8321
13.7750	8819
13.7800	8895
13.7850	8833
13.7900	8913
13.7950	8432
13.8000	9002
13.8050	8464
13.8100	8509
13.8150	8628
13.8200	8798
13.8250	9077
13.8300	8598
13.8350	8551
13.8400	8537
13.8450	8821
13.8500	9036
13.8550	8882
13.8600	8341
13.8650	8778
13.8700	8872
13.8750	8958
13.8800	8905
13.8850	8467
13.8900	9013
13.8950	8678
13.9000	8675
13.9050	8755
13.9100	8672
13.9150	9130
13.9200	8470
13.9250	8600
13.9300	8433
13.9350	8847
13.9400	8842
13.9450	8835
13.9500	8584
13.9550	8700
13.9600	8880
13.9650	8783
13.9700	9049
13.9750	8551
13.9800	8991
13.9850	8684
13.9900	8675
13.9950	8662
14.0000	8783
14.0050	8980
14.0100	8618
14.0150	8515
14.0200	8438
14.0250	8840
14.0300	8828
14.0350	8828
14.0400	8493
14.0450	8557
14.0500	8850
14.0550	9029
14.0600	9041
14.0650	8415
14.0700	8907
14.0750	8693
14.0800	8588
14.0850	8841
14.0900	8728
14.0950	8972
14.1000	8513
14.1050	8339
14.1100	8470
14.1150	8895
14.1200	9055
14.1250	8855
14.1300	8370
14.1350	8758
14.1400	8797
14.1450	8898
14.1500	9033
14.1550	8508
14.1600	8813
14.1650	8766
14.1700	8739
14.1750	8967
14.1800	8605
14.1850	8879
14.1900	8519
14.1950	8512
14.2000	8574
14.2050	8787
14.2100	8920
14.2150	8710
14.2200	8530
14.2250	8548
14.2300	8887
14.2350	9080
14.2400	8964
14.2450	8383
14.2500	8931
14.2550	8717
14.2600	8759
14.2650	8847
14.2700	8600
14.2750	9084
14.2800	8523
14.2850	8434
14.2900	8659
14.2950	8916
14.3000	8992
14.3050	8593
14.3100	8457
14.3150	8831
14.3200	8865
14.3250	8758
14.3300	8992
14.3350	8440
14.3400	8885
14.3450	8595
14.3500	8643
14.3550	8894
14.3600	8590
14.3650	8947
14.3700	8549
14.3750	8454
14.3800	8687
14.3850	8837
14.3900	8988
14.3950	8563
14.4000	8262
14.4050	8626
14.4100	9039
14.4150	9098
14.4200	9052
14.4250	8606
14.4300	9030
14.4350	8793
14.4400	8852
14.4450	8952
14.4500	8643
14.4550	9154
14.4600	8554
14.4650	8489
14.4700	8822
14.4750	8909
14.4800	9105
14.4850	8735
14.4900	8587
14.4950	8695
14.5000	8953
14.5050	8967
14.5100	8854
14.5150	8503
14.5200	8848
14.5250	8580
14.5300	8908
14.5350	8843
14.5400	8493
14.5450	8945
14.5500	8391
14.5550	8496
14.5600	8670
14.5650	8670
14.5700	8978
14.5750	8817
14.5800	8468
14.5850	8519
14.5900	9067
14.5950	8998
14.6000	8828
14.6050	8295
14.6100	8889
14.6150	8774
14.6200	8634
14.6250	8771
14.6300	8388
14.6350	9085
14.6400	8459
14.6450	8511
14.6500	8655
14.6550	8855
14.6600	9215
14.6650	8615
14.6700	8359
14.6750	8714
14.6800	9018
14.6850	8932
14.6900	8787
14.6950	8457
14.7000	8834
14.7050	8689
14.7100	8780
14.7150	8962
14.7200	8491
14.7250	8881
14.7300	8523
14.7350	8459
14.7400	8611
14.7450	8736
14.7500	8971
14.7550	8741
14.7600	8397
14.7650	8421
14.7700	9012
14.7750	9027
14.7800	8902
14.7850	8226
14.7900	8701
14.7950	8808
14.8000	8677
14.8050	8788
14.8100	8560
14.8150	9161
14.8200	8730
14.8250	8538
14.8300	8671
14.8350	8719
14.8400	8846
14.8450	8578
14.8500	8514
14.8550	8574
14.8600	8876
14.8650	8947
14.8700	8996
14.8750	8768
14.8800	8918
14.8850	8960
14.8900	8989
14.8950	8805
14.9000	8519
14.9050	8891
14.9100	8589
14.9150	8600
14.9200	8629
14.9250	8619
14.9300	9000
14.9350	8760
14.9400	8495
14.9450	8427
14.9500	8923
14.9550	9005
14.9600	8857
14.9650	8439
14.9700	8827
14.9750	8763
14.9800	8794
14.9850	8808
14.9900	8363
14.9950	9086
15.0000	8441
15.0050	8548
15.0100	8761
15.0150	8842
15.0200	8909
15.0250	8724
15.0300	8498
15.0350	8647
15.0400	8901
15.0450	8985
15.0500	8793
15.0550	8668
15.0600	8704
15.0650	8812
15.0700	8930
15.0750	9258
15.0800	8656
15.0850	8974
15.0900	8631
15.0950	8809
15.1000	8684
15.1050	8505
15.1100	8958
15.1150	8605
15.1200	8480
15.1250	8418
15.1300	8885
15.1350	9031
15.1400	8772
15.1450	8357
15.1500	8705
15.1550	8862
15.1600	8773
15.1650	8895
15.1700	8477
15.1750	9050
15.1800	8540
15.1850	8648
15.1900	8891
15.1950	8774
15.2000	8966
15.2050	8459
15.2100	8301
15.2150	8604
15.2200	8850
15.2250	8956
15.2300	8809
15.2350	8556
15.2400	8680
15.2450	9109
15.2500	8916
15.2550	9220
15.2600	8493
15.2650	8907
15.2700	8618
15.2750	8751
15.2800	9009
15.2850	8632
15.2900	9005
15.2950	8756
15.3000	8458
15.3050	8564
15.3100	8919
15.3150	9169
15.3200	8758
15.3250	8362
15.3300	8793
15.3350	9029
15.3400	8943
15.3450	8933
15.3500	8410
15.3550	8908
15.3600	8537
15.3650	8674
15.3700	8811
15.3750	8617
15.3800	8962
15.3850	8486
15.3900	8414
15.3950	8615
15.4000	8958
15.4050	9024
15.4100	8943
15.4150	8460
15.4200	8652
15.4250	8918
15.4300	8874
15.4350	9084
15.4400	8429
15.4450	8926
15.4500	8720
15.4550	8775
15.4600	8899
15.4650	8523
15.4700	9036
15.4750	8569
15.4800	8575
15.4850	8548
15.4900	8984
15.4950	9227
15.5000	8664
15.5050	8362
15.5100	8569
15.5150	8991
15.5200	8878
15.5250	9039
15.5300	8542
15.5350	8922
15.5400	8583
15.5450	8647
15.5500	8652
15.5550	8711
15.5600	8966
15.5650	8510
15.5700	8402
15.5750	8574
15.5800	8711
15.5850	8872
15.5900	8822
15.5950	8565
15.6000	8615
15.6050	8836
15.6100	8940
15.6150	9008
15.6200	8584
15.6250	8841
15.6300	8747
15.6350	8714
15.6400	8834
15.6450	8537
15.6500	9006
15.6550	8614
15.6600	8510
15.6650	8508
15.6700	8825
15.6750	9181
15.6800	8724
15.6850	8360
15.6900	8635
15.6950	9034
15.7000	9033
15.7050	8992
15.7100	8475
15.7150	8804
15.7200	8652
15.7250	8742
15.7300	8749
15.7350	8503
15.7400	8909
15.7450	8520
15.7500	8485
15.7550	8593
15.7600	8917
15.7650	8969
15.7700	8547
15.7750	8475
15.7800	8433
15.7850	8948
15.7900	8895
15.7950	8860
15.8000	8540
15.8050	8655
15.8100	8779
15.8150	8842
15.8200	8883
15.8250	8595
15.8300	8984
15.8350	8491
15.8400	8501
15.8450	8630
15.8500	8771
15.8550	9036
15.8600	8761
15.8650	8389
15.8700	8543
15.8750	8914
15.8800	9050
15.8850	8845
15.8900	8526
15.8950	8974
15.9000	8875
15.9050	8750
15.9100	8902
15.9150	8598
15.9200	9145
15.9250	8461
15.9300	8346
15.9350	8568
15.9400	8853
15.9450	9015
15.9500	8734
15.9550	8475
15.9600	8496
15.9650	8944
15.9700	9040
15.9750	8991
15.9800	8568
15.9850	8727
15.9900	8872
15.9950	8876
16.0000	8923
16.0050	8452
16.0100	9066
16.0150	8717
16.0200	8570
16.0250	8519
16.0300	8733
16.0350	9085
16.0400	8714
16.0450	8443
16.0500	8542
16.0550	9031
16.0600	9137
16.0650	9048
16.0700	8445
16.0750	8808
16.0800	8832
16.0850	8862
16.0900	8955
16.0950	8632
16.1000	8837
16.1050	8378
16.1100	8671
16.1150	8721
16.1200	8900
16.1250	8871
16.1300	8676
16.1350	8416
16.1400	8449
16.1450	9122
16.1500	9067
16.1550	8844
16.1600	8423
16.1650	8654
16.1700	8772
16.1750	8808
16.1800	8933
16.1850	8382
16.1900	8941
16.1950	8693
16.2000	8575
16.2050	8669
16.2100	8774
16.2150	8968
16.2200	8656
16.2250	8437
16.2300	8644
16.2350	8890
16.2400	9115
16.2450	8916
16.2500	8347
16.2550	8776
16.2600	8831
16.2650	8765
16.2700	9004
16.2750	8571
16.2800	9067
16.2850	8700
16.2900	8740
16.2950	8819
16.3000	8758
16.3050	9096
16.3100	8566
16.3150	8579
16.3200	8448
16.3250	8827
16.3300	9223
16.3350	8902
16.3400	8552
16.3450	8772
16.3500	8775
16.3550	8907
16.3600	9103
16.3650	8526
16.3700	9032
16.3750	8707
16.3800	8808
16.3850	8779
16.3900	8554
16.3950	8924
16.4000	8767
16.4050	8375
16.4100	8549
16.4150	8937
16.4200	9034
16.4250	8921
16.4300	8510
16.4350	8743
16.4400	8927
16.4450	8795
16.4500	9042
16.4550	8375
16.4600	8913
16.4650	8663
16.4700	8750
16.4750	8833
16.4800	8832
16.4850	9084
16.4900	8722
16.4950	8590
16.5000	8509
16.5050	8947
16.5100	9091
16.5150	8725
16.5200	8509
16.5250	8644
16.5300	9018
16.5350	8913
16.5400	8933
16.5450	8419
16.5500	8825
16.5550	8783
16.5600	8777
16.5650	8677
16.5700	8644
16.5750	9185
16.5800	8511
16.5850	8350
16.5900	8612
16.5950	8930
16.6000	8917
16.6050	8565
16.6100	8519
16.6150	8690
16.6200	8910
16.6250	8975
16.6300	8916
16.6350	8414
16.6400	8847
16.6450	8650
16.6500	8695
16.6550	8727
16.6600	8714
16.6650	8981
16.6700	8688
16.6750	8537
16.6800	8656
16.6850	8921
16.6900	9011
16.6950	8838
16.7000	8497
16.7050	8906
16.7100	9016
16.7150	8926
16.7200	8983
16.7250	8481
16.7300	8895
16.7350	8618
16.7400	8732
16.7450	8861
16.7500	8531
16.7550	9055
16.7600	8516
16.7650	8460
16.7700	8543
16.7750	8872
16.7800	8978
16.7850	8622
16.7900	8432
16.7950	8570
16.8000	8855
16.8050	8818
16.8100	8887
16.8150	8565
16.8200	8708
16.8250	8645
16.8300	8673
16.8350	9073
16.8400	8528
16.8450	9006
16.8500	8452
16.8550	8442
16.8600	8648
16.8650	8883
16.8700	8998
16.8750	8782
16.8800	8488
16.8850	8721
16.8900	9057
16.8950	8967
16.9000	9004
16.9050	8459
16.9100	8773
16.9150	8788
16.9200	8737
16.9250	8800
16.9300	8536
16.9350	9021
16.9400	8362
16.9450	8467
16.9500	8583
16.9550	8943
16.9600	8907
16.9650	8632
16.9700	8529
16.9750	8617
16.9800	9090
16.9850	8852
16.9900	8949
16.9950	8479
17.0000	8774
17.0050	8676
17.0100	8663
17.0150	8885
17.0200	8457
17.0250	8918
17.0300	8533
17.0350	8543
17.0400	8755
17.0450	8840
17.0500	9003
17.0550	8770
17.0600	8614
17.0650	8529
17.0700	9023
17.0750	9099
17.0800	8962
17.0850	8388
17.0900	8780
17.0950	8819
17.1000	8810
17.1050	8851
17.1100	8572
17.1150	9138
17.1200	8682
17.1250	8477
17.1300	8655
17.1350	8850
17.1400	8822
17.1450	8591
17.1500	8714
17.1550	8694
17.1600	8971
17.1650	8984
17.1700	8987
17.1750	8580
17.1800	8827
17.1850	8766
17.1900	8774
17.1950	8922
17.2000	8486
17.2050	9004
17.2100	8666
17.2150	8607
17.2200	8829
17.2250	8806
17.2300	8965
17.2350	8691
17.2400	8694
17.2450	8621
17.2500	9117
17.2550	9066
17.2600	8839
17.2650	8558
17.2700	8880
17.2750	8997
17.2800	8927
17.2850	9135
17.2900	8603
17.2950	9025
17.3000	8613
17.3050	8645
17.3100	8684
17.3150	8819
17.3200	8976
17.3250	8606
17.3300	8316
17.3350	8593
17.3400	8944
17.3450	9036
17.3500	8687
17.3550	8519
17.3600	8736
17.3650	8792
17.3700	8880
17.3750	9007
17.3800	8615
17.3850	8826
17.3900	8574
17.3950	8686
17.4000	8667
17.4050	8661
17.4100	9015
17.4150	8662
17.4200	8640
17.4250	8487
17.4300	9064
17.4350	9061
17.4400	8915
17.4450	8507
17.4500	8520
17.4550	8855
17.4600	8903
17.4650	8923
17.4700	8497
17.4750	9093
17.4800	8766
17.4850	8735
17.4900	8883
17.4950	8776
17.5000	9007
17.5050	8471
17.5100	8565
17.5150	8619
17.5200	8963
17.5250	9030
17.5300	8769
17.5350	8418
17.5400	8648
17.5450	8749
17.5500	8748
17.5550	9044
17.5600	8520
17.5650	8999
17.5700	8683
17.5750	8741
17.5800	8875
17.5850	8603
17.5900	8997
17.5950	8694
17.6000	8459
17.6050	8534
17.6100	8924
17.6150	8987
17.6200	8951
17.6250	8421
17.6300	8624
17.6350	8833
17.6400	9013
17.6450	9017
17.6500	8442
17.6550	8879
17.6600	8660
17.6650	8694
17.6700	8989
17.6750	8857
17.6800	9063
17.6850	8575
17.6900	8602
17.6950	8624
17.7000	9067
17.7050	9070
17.7100	8747
17.7150	8609
17.7200	8756
17.7250	8740
17.7300	9040
17.7350	8943
17.7400	8379
17.7450	8875
17.7500	8723
17.7550	8799
17.7600	8938
17.7650	8543
17.7700	8941
17.7750	8510
17.7800	8419
17.7850	8519
17.7900	8812
17.7950	9005
17.8000	8670
17.8050	8406
17.8100	8761
17.8150	9012
17.8200	9094
17.8250	9126
17.8300	8580
17.8350	8904
17.8400	8702
17.8450	8575
17.8500	8823
17.8550	8694
17.8600	9209
17.8650	8488
17.8700	8487
17.8750	8699
17.8800	8943
17.8850	9081
17.8900	8915
17.8950	8481
17.9000	8767
17.9050	8782
17.9100	8982
17.9150	9012
17.9200	8641
17.9250	8824
17.9300	8693
17.9350	8683
17.9400	8897
17.9450	8632
17.9500	9022
17.9550	8555
17.9600	8539
17.9650	8568
17.9700	8856
17.9750	9018
17.9800	8767
17.9850	8425
17.9900	8507
17.9950	8945
18.0000	9073
18.0050	8914
18.0100	8503
18.0150	8849
18.0200	8783
18.0250	8791
18.0300	8877
18.0350	8622
18.0400	9109
18.0450	8597
18.0500	8578
18.0550	8778
18.0600	8803
18.0650	8974
18.0700	8817
18.0750	8434
18.0800	8847
18.0850	9077
18.0900	8954
18.0950	8913
18.1000	8597
18.1050	8724
18.1100	8790
18.1150	8786
18.1200	8863
18.1250	8564
18.1300	9156
18.1350	8459
18.1400	8550
18.1450	8491
18.1500	8693
18.1550	9072
18.1600	8604
18.1650	8448
18.1700	8583
18.1750	8921
18.1800	9016
18.1850	8991
18.1900	8447
18.1950	8806
18.2000	8852
18.2050	8669
18.2100	8931
18.2150	8608
18.2200	9158
18.2250	8474
18.2300	8584
18.2350	8734
18.2400	8871
18.2450	9028
18.2500	8690
18.2550	8528
18.2600	8679
18.2650	8994
18.2700	8972
18.2750	8982
18.2800	8619
18.2850	8835
18.2900	8771
18.2950	8907
18.3000	8836
18.3050	8568
18.3100	9012
18.3150	8574
18.3200	8495
18.3250	8686
18.3300	8791
18.3350	9095
18.3400	8797
18.3450	8382
18.3500	8544
18.3550	9111
18.3600	9083
18.3650	8622
18.3700	8457
18.3750	8825
18.3800	8823
18.3850	8912
18.3900	8855
18.3950	8565
18.4000	9006
18.4050	8523
18.4100	8494
18.4150	8741
18.4200	8845
18.4250	9045
18.4300	8618
18.4350	8385
18.4400	8589
18.4450	9091
18.4500	9015
18.4550	8976
18.4600	8629
18.4650	8815
18.4700	8744
18.4750	8882
18.4800	8970
18.4850	8569
18.4900	9081
18.4950	8642
18.5000	8651
18.5050	8576
18.5100	8692
18.5150	8983
18.5200	8611
18.5250	8524
18.5300	8530
18.5350	9015
18.5400	8853
18.5450	8842
18.5500	8335
18.5550	8817
18.5600	8951
18.5650	8808
18.5700	8802
18.5750	8419
18.5800	8972
18.5850	8604
18.5900	8650
18.5950	8731
18.6000	8857
18.6050	9005
18.6100	8574
18.6150	8481
18.6200	8470
18.6250	9058
18.6300	9145
18.6350	8729
18.6400	8453
18.6450	8632
18.6500	8960
18.6550	8998
18.6600	9044
18.6650	8550
18.6700	8999
18.6750	8551
18.6800	8820
18.6850	8671
18.6900	8769
18.6950	9054
18.7000	8654
18.7050	8424
18.7100	8453
18.7150	8750
18.7200	8983
18.7250	8749
18.7300	8360
18.7350	8882
18.7400	8971
18.7450	8778
18.7500	8998
18.7550	8443
18.7600	9077
18.7650	8724
18.7700	8677
18.7750	8813
18.7800	8747
18.7850	9094
18.7900	8524
18.7950	8503
18.8000	8469
18.8050	8862
18.8100	9132
18.8150	8870
18.8200	8616
18.8250	8537
18.8300	9043
18.8350	8849
18.8400	9004
18.8450	8443
18.8500	8975
18.8550	8855
18.8600	8644
18.8650	8754
18.8700	8632
18.8750	8927
18.8800	8648
18.8850	8595
18.8900	8473
18.8950	8952
18.9000	9031
18.9050	8592
18.9100	8511
18.9150	8735
18.9200	8934
18.9250	8973
18.9300	9020
18.9350	8545
18.9400	9018
18.9450	8678
18.9500	8612
18.9550	8911
18.9600	8740
18.9650	9023
18.9700	8411
18.9750	8577
18.9800	8558
18.9850	8689
18.9900	9021
18.9950	8741
19.0000	8547
19.0050	8258
19.0100	8897
19.0150	8814
19.0200	9003
19.0250	8372
19.0300	8978
19.0350	8861
19.0400	8616
19.0450	8799
19.0500	8657
19.0550	9222
19.0600	8700
19.0650	8486
19.0700	8757
19.0750	8996
19.0800	8918
19.0850	8632
19.0900	8486
19.0950	8659
19.1000	8908
19.1050	8995
19.1100	8964
19.1150	8534
19.1200	8876
19.1250	8699
19.1300	8667
19.1350	8830
19.1400	8709
19.1450	8785
19.1500	8563
19.1550	8592
19.1600	8625
19.1650	8787
19.1700	8928
19.1750	8895
19.1800	8550
19.1850	8535
19.1900	8995
19.1950	9071
19.2000	8903
19.2050	8410
19.2100	8774
19.2150	8794
19.2200	8716
19.2250	8793
19.2300	8640
19.2350	9121
19.2400	8482
19.2450	8497
19.2500	8660
19.2550	8872
19.2600	9009
19.2650	8826
19.2700	8578
19.2750	8587
19.2800	9034
19.2850	9040
19.2900	8955
19.2950	8525
19.3000	8771
19.3050	8821
19.3100	8715
19.3150	8849
19.3200	8589
19.3250	8997
19.3300	8621
19.3350	8611
19.3400	8766
19.3450	8743
19.3500	9141
19.3550	8689
19.3600	8532
19.3650	8545
19.3700	8858
19.3750	9004
19.3800	9076
19.3850	8379
19.3900	8911
19.3950	8742
19.4000	8727
19.4050	8942
19.4100	8523
19.4150	9045
19.4200	8429
19.4250	8580
19.4300	8747
19.4350	8902
19.4400	9174
19.4450	8717
19.4500	8488
19.4550	8601
19.4600	9104
19.4650	8985
19.4700	8953
19.4750	8607
19.4800	8767
19.4850	8902
19.4900	8783
19.4950	8986
19.5000	8645
19.5050	8973
19.5100	8582
19.5150	8644
19.5200	8780
19.5250	8668
19.5300	9024
19.5350	8683
19.5400	8441
19.5450	8561
19.5500	9018
19.5550	9003
19.5600	9016
19.5650	8461
19.5700	8623
19.5750	8742
19.5800	8871
19.5850	8925
19.5900	8472
19.5950	8917
19.6000	8561
19.6050	8447
19.6100	8692
19.6150	8878
19.6200	9142
19.6250	8733
19.6300	8392
19.6350	8654
19.6400	8925
19.6450	9003
19.6500	8850
19.6550	8528
19.6600	8745
19.6650	8725
19.6700	8795
19.6750	8938
19.6800	8434
19.6850	9033
19.6900	8605
19.6950	8749
19.7000	8749
19.7050	8634
19.7100	8972
19.7150	8511
19.7200	8631
19.7250	8460
19.7300	8940
19.7350	9090
19.7400	8863
19.7450	8451
19.7500	8586
19.7550	8851
19.7600	8880
19.7650	8835
19.7700	8457
19.7750	9071
19.7800	8622
19.7850	8488
19.7900	8700
19.7950	8724
19.8000	8868
19.8050	8465
19.8100	8345
19.8150	8419
19.8200	9133
19.8250	8899
19.8300	8859
19.8350	8455
19.8400	8606
19.8450	8754
19.8500	8786
19.8550	8936
19.8600	8536
19.8650	8887
19.8700	8445
19.8750	8731
19.8800	8899
19.8850	8620
19.8900	8965
19.8950	8587
19.9000	8437
19.9050	8555
19.9100	8857
19.9150	9066
19.9200	9002
19.9250	8380
19.9300	8650
19.9350	8978
19.9400	8841
19.9450	8856
19.9500	8352
19.9550	8939
19.9600	8718
19.9650	8585
19.9700	8813
19.9750	8662
19.9800	9035
19.9850	8597
19.9900	8344
19.9950	8708
