0.0000	8333
0.0050	8634
0.0100	8709
0.0150	8879
0.0200	8768
0.0250	8426
0.0300	8745
0.0350	9026
0.0400	8987
0.0450	8873
0.0500	8399
0.0550	8690
0.0600	8893
0.0650	8736
0.0700	8845
0.0750	8631
0.0800	9197
0.0850	8449
0.0900	8474
0.0950	8653
0.1000	8620
0.1050	8904
0.1100	8531
0.1150	8422
0.1200	8578
0.1250	9093
0.1300	9041
0.1350	8908
0.1400	8505
0.1450	8954
0.1500	8802
0.1550	8639
0.1600	8970
0.1650	8531
0.1700	8993
0.1750	8538
0.1800	8612
0.1850	8780
0.1900	8592
0.1950	9051
0.2000	8708
0.2050	8425
0.2100	8387
0.2150	8860
0.2200	8960
0.2250	8888
0.2300	8483
0.2350	8804
0.2400	8604
0.2450	8826
0.2500	8682
0.2550	8502
0.2600	8934
0.2650	8446
0.2700	8390
0.2750	8770
0.2800	8815
0.2850	8961
0.2900	8727
0.2950	8519
0.3000	8504
0.3050	9024
0.3100	8791
0.3150	8834
0.3200	8389
0.3250	8792
0.3300	8789
0.3350	8811
0.3400	9023
0.3450	8536
0.3500	8969
0.3550	8581
0.3600	8481
0.3650	8544
0.3700	8533
0.3750	9018
0.3800	8637
0.3850	8483
0.3900	8439
0.3950	8976
0.4000	9022
0.4050	8718
0.4100	8333
0.4150	8716
0.4200	8977
0.4250	8677
0.4300	9001
0.4350	8491
0.4400	9009
0.4450	8580
0.4500	8262
0.4550	8672
0.4600	8566
0.4650	8910
0.4700	8515
0.4750	8483
0.4800	8596
0.4850	8940
0.4900	8888
0.4950	8849
0.5000	8568
0.5050	8720
0.5100	8637
0.5150	8728
0.5200	8959
0.5250	8459
0.5300	8887
0.5350	8642
0.5400	8694
0.5450	8620
0.5500	8561
0.5550	8967
0.5600	8672
0.5650	8274
0.5700	8329
0.5750	9009
0.5800	9065
0.5850	8945
0.5900	8385
0.5950	8760
0.6000	8892
0.6050	8824
0.6100	8937
0.6150	8541
0.6200	8903
0.6250	8629
0.6300	8505
0.6350	8777
0.6400	8787
0.6450	9063
0.6500	8354
0.6550	8469
0.6600	8421
0.6650	8903
0.6700	8939
0.6750	8792
0.6800	8498
0.6850	8675
0.6900	8757
0.6950	8839
0.7000	9053
0.7050	8523
0.7100	8886
0.7150	8675
0.7200	8701
0.7250	8804
0.7300	8565
0.7350	9052
0.7400	8639
0.7450	8447
0.7500	8565
0.7550	8680
0.7600	8953
0.7650	8716
0.7700	8332
0.7750	8633
0.7800	8954
0.7850	8907
0.7900	8966
0.7950	8509
0.8000	8867
0.8050	8621
0.8100	8457
0.8150	8712
0.8200	8663
0.8250	9027
0.8300	8513
0.8350	8420
0.8400	8540
0.8450	8858
0.8500	8879
0.8550	8735
0.8600	8447
0.8650	8629
0.8700	8744
0.8750	9006
0.8800	9102
0.8850	8532
0.8900	8907
0.8950	8819
0.9000	8816
0.9050	8628
0.9100	8544
0.9150	8890
0.9200	8500
0.9250	8450
0.9300	8458
0.9350	8929
0.9400	9122
0.9450	8853
0.9500	8325
0.9550	8460
0.9600	8882
0.9650	8879
0.9700	8944
0.9750	8347
0.9800	8905
0.9850	8580
0.9900	8554
0.9950	8843
1.0000	8682
1.0050	8948
1.0100	8319
1.0150	8481
1.0200	8503
1.0250	8960
1.0300	8809
1.0350	8801
1.0400	8537
1.0450	8795
1.0500	8709
1.0550	8685
1.0600	9078
1.0650	8483
1.0700	8795
1.0750	8642
1.0800	8796
1.0850	8830
1.0900	8519
1.0950	9011
1.1000	8570
1.1050	8553
1.1100	8444
1.1150	8771
1.1200	8821
1.1250	8626
1.1300	8390
1.1350	8429
1.1400	8987
1.1450	8937
1.1500	8765
1.1550	8435
1.1600	8876
1.1650	8612
1.1700	8631
1.1750	8918
1.1800	8517
1.1850	8938
1.1900	8576
1.1950	8461
1.2000	8671
1.2050	8831
1.2100	8995
1.2150	8793
1.2200	8498
1.2250	8579
1.2300	8911
1.2350	9023
1.2400	8994
1.2450	8587
1.2500	8678
1.2550	8637
1.2600	8780
1.2650	8715
1.2700	8325
1.2750	8958
1.2800	8620
1.2850	8404
1.2900	8643
1.2950	8761
1.3000	8860
1.3050	8557
1.3100	8362
1.3150	8430
1.3200	8988
1.3250	8973
1.3300	8872
1.3350	8403
1.3400	8819
1.3450	8790
1.3500	8691
1.3550	8692
1.3600	8429
1.3650	8885
1.3700	8387
1.3750	8479
1.3800	8753
1.3850	8854
1.3900	9072
1.3950	8453
1.4000	8423
1.4050	8430
1.4100	8805
1.4150	8708
1.4200	8877
1.4250	8444
1.4300	8644
1.4350	8741
1.4400	8783
1.4450	8875
1.4500	8312
1.4550	9015
1.4600	8507
1.4650	8449
1.4700	8679
1.4750	8660
1.4800	9026
1.4850	8554
1.4900	8273
1.4950	8544
1.5000	9009
1.5050	8862
1.5100	8835
1.5150	8408
1.5200	8738
1.5250	8907
1.5300	8801
1.5350	8880
1.5400	8515
1.5450	8878
1.5500	8400
1.5550	8463
1.5600	8609
1.5650	8619
1.5700	8823
1.5750	8524
1.5800	8561
1.5850	8440
1.5900	8858
1.5950	8986
1.6000	8657
1.6050	8338
1.6100	8488
1.6150	8683
1.6200	8734
1.6250	8915
1.6300	8389
1.6350	8976
1.6400	8794
1.6450	8632
1.6500	8635
1.6550	8606
1.6600	8958
1.6650	8477
1.6700	8267
1.6750	8354
1.6800	8998
1.6850	9095
1.6900	8707
1.6950	8429
1.7000	8606
1.7050	8636
1.7100	8684
1.7150	8932
1.7200	8485
1.7250	9141
1.7300	8725
1.7350	8642
1.7400	8786
1.7450	8808
1.7500	8902
1.7550	8560
1.7600	8389
1.7650	8421
1.7700	9045
1.7750	8984
1.7800	8811
1.7850	8376
1.7900	8750
1.7950	8897
1.8000	8919
1.8050	8938
1.8100	8361
1.8150	8922
1.8200	8592
1.8250	8616
1.8300	8556
1.8350	8718
1.8400	9001
1.8450	8696
1.8500	8549
1.8550	8348
1.8600	8908
1.8650	8970
1.8700	8707
1.8750	8466
1.8800	8950
1.8850	8802
1.8900	8826
1.8950	9061
1.9000	8523
1.9050	8794
1.9100	8475
1.9150	8429
1.9200	8844
1.9250	8714
1.9300	9087
1.9350	8542
1.9400	8452
1.9450	8675
1.9500	8670
1.9550	8811
1.9600	8674
1.9650	8389
1.9700	8513
1.9750	8908
1.9800	8836
1.9850	9086
1.9900	8505
1.9950	8782
2.0000	8695
2.0050	8635
2.0100	8628
2.0150	8579
2.0200	8989
2.0250	8466
2.0300	8287
2.0350	8293
2.0400	8987
2.0450	9015
2.0500	8585
2.0550	8399
2.0600	8568
2.0650	8936
2.0700	8736
2.0750	8912
2.0800	8549
2.0850	8891
2.0900	8471
2.0950	8676
2.1000	8872
2.1050	8521
2.1100	8965
2.1150	8487
2.1200	8527
2.1250	8617
2.1300	8850
2.1350	8982
2.1400	8860
2.1450	8538
2.1500	8455
2.1550	8707
2.1600	8939
2.1650	8881
2.1700	8316
2.1750	8813
2.1800	8592
2.1850	8663
2.1900	8812
2.1950	8675
2.2000	9043
2.2050	8447
2.2100	8312
2.2150	8590
2.2200	8659
2.2250	9204
2.2300	8779
2.2350	8513
2.2400	8767
2.2450	9089
2.2500	8799
2.2550	8831
2.2600	8610
2.2650	8749
2.2700	8651
2.2750	8825
2.2800	8729
2.2850	8653
2.2900	8970
2.2950	8632
2.3000	8410
2.3050	8474
2.3100	8687
2.3150	8957
2.3200	8752
2.3250	8376
2.3300	8564
2.3350	9162
2.3400	8966
2.3450	8898
2.3500	8262
2.3550	8723
2.3600	8708
2.3650	8551
2.3700	8885
2.3750	8505
2.3800	9063
2.3850	8453
2.3900	8491
2.3950	8687
2.4000	8825
2.4050	8930
2.4100	8660
2.4150	8367
2.4200	8618
2.4250	8944
2.4300	8864
2.4350	9042
2.4400	8519
2.4450	8876
2.4500	8615
2.4550	8618
2.4600	8862
2.4650	8547
2.4700	8869
2.4750	8590
2.4800	8567
2.4850	8839
2.4900	8648
2.4950	9127
2.5000	8660
2.5050	8358
2.5100	8493
2.5150	8795
2.5200	8904
2.5250	8917
2.5300	8248
2.5350	8815
2.5400	8730
2.5450	8698
2.5500	8799
2.5550	8434
2.5600	9064
2.5650	8417
2.5700	8325
2.5750	8707
2.5800	8815
2.5850	8998
2.5900	8637
2.5950	8473
2.6000	8515
2.6050	8765
2.6100	8739
2.6150	8847
2.6200	8466
2.6250	8701
2.6300	8707
2.6350	8720
2.6400	8908
2.6450	8537
2.6500	8978
2.6550	8386
2.6600	8435
2.6650	8606
2.6700	8705
2.6750	9039
2.6800	8521
2.6850	8552
2.6900	8476
2.6950	9146
2.7000	8871
2.7050	8862
2.7100	8254
2.7150	8764
2.7200	8751
2.7250	8877
2.7300	8965
2.7350	8456
2.7400	9014
2.7450	8745
2.7500	8541
2.7550	8586
2.7600	8623
2.7650	8913
2.7700	8513
2.7750	8466
2.7800	8625
2.7850	8960
2.7900	8885
2.7950	8823
2.8000	8473
2.8050	8575
2.8100	8648
2.8150	8555
2.8200	8830
2.8250	8522
2.8300	9020
2.8350	8542
2.8400	8676
2.8450	8745
2.8500	8565
2.8550	8890
2.8600	8624
2.8650	8417
2.8700	8413
2.8750	8969
2.8800	9053
2.8850	8762
2.8900	8433
2.8950	8704
2.9000	8823
2.9050	8730
2.9100	8591
2.9150	8359
2.9200	8981
2.9250	8468
2.9300	8612
2.9350	8707
2.9400	8710
2.9450	8906
2.9500	8360
2.9550	8178
2.9600	8478
2.9650	8691
2.9700	9070
2.9750	8861
2.9800	8472
2.9850	8782
2.9900	8767
2.9950	8709
3.0000	8955
3.0050	8454
3.0100	8933
3.0150	8469
3.0200	8574
3.0250	8753
3.0300	8704
3.0350	8999
3.0400	8603
3.0450	8562
3.0500	8374
3.0550	8900
3.0600	8919
3.0650	8682
3.0700	8289
3.0750	8623
3.0800	8926
3.0850	8834
3.0900	8868
3.0950	8260
3.1000	8920
3.1050	8465
3.1100	8620
3.1150	8786
3.1200	8609
3.1250	8936
3.1300	8431
3.1350	8539
3.1400	8593
3.1450	9021
3.1500	8758
3.1550	8678
3.1600	8481
3.1650	8594
3.1700	8732
3.1750	9040
3.1800	9112
3.1850	8532
3.1900	8970
3.1950	8544
3.2000	8599
3.2050	8605
3.2100	8620
3.2150	8897
3.2200	8522
3.2250	8484
3.2300	8508
3.2350	8882
3.2400	8937
3.2450	8810
3.2500	8174
3.2550	8528
3.2600	8946
3.2650	8889
3.2700	8830
3.2750	8319
3.2800	8948
3.2850	8769
3.2900	8605
3.2950	8766
3.3000	8739
3.3050	8914
3.3100	8452
3.3150	8388
3.3200	8446
3.3250	8812
3.3300	8917
3.3350	8853
3.3400	8440
3.3450	8542
3.3500	8882
3.3550	8892
3.3600	8946
3.3650	8335
3.3700	8784
3.3750	8764
3.3800	8813
3.3850	8816
3.3900	8558
3.3950	8967
3.4000	8291
3.4050	8474
3.4100	8521
3.4150	8745
3.4200	9114
3.4250	8558
3.4300	8281
3.4350	8571
3.4400	8895
3.4450	8949
3.4500	8840
3.4550	8353
3.4600	9000
3.4650	8564
3.4700	8547
3.4750	8787
3.4800	8676
3.4850	9002
3.4900	8434
3.4950	8475
3.5000	8722
3.5050	8895
3.5100	8942
3.5150	8682
3.5200	8494
3.5250	8534
3.5300	8985
3.5350	8992
3.5400	9007
3.5450	8431
3.5500	8740
3.5550	8723
3.5600	8668
3.5650	8780
3.5700	8551
3.5750	8920
3.5800	8549
3.5850	8524
3.5900	8544
3.5950	8818
3.6000	8905
3.6050	8672
3.6100	8464
3.6150	8583
3.6200	8968
3.6250	9056
3.6300	8903
3.6350	8450
3.6400	8837
3.6450	8630
3.6500	8800
3.6550	8881
3.6600	8582
3.6650	8999
3.6700	8381
3.6750	8359
3.6800	8726
3.6850	8836
3.6900	8951
3.6950	8602
3.7000	8389
3.7050	8396
3.7100	8806
3.7150	9041
3.7200	9026
3.7250	8261
3.7300	8788
3.7350	8765
3.7400	8780
3.7450	8945
3.7500	8491
3.7550	8914
3.7600	8540
3.7650	8498
3.7700	8614
3.7750	8804
3.7800	9001
3.7850	8702
3.7900	8519
3.7950	8642
3.8000	8987
3.8050	8996
3.8100	8729
3.8150	8382
3.8200	8739
3.8250	8704
3.8300	8691
3.8350	8771
3.8400	8632
3.8450	8948
3.8500	8292
3.8550	8360
3.8600	8567
3.8650	8545
3.8700	8940
3.8750	8733
3.8800	8484
3.8850	8551
3.8900	8924
3.8950	8907
3.9000	8844
3.9050	8354
3.9100	8658
3.9150	8754
3.9200	8819
3.9250	8822
3.9300	8506
3.9350	8958
3.9400	8663
3.9450	8471
3.9500	8707
3.9550	8500
3.9600	8968
3.9650	8462
3.9700	8431
3.9750	8459
3.9800	8888
3.9850	9043
3.9900	8930
3.9950	8330
4.0000	8618
4.0050	8631
4.0100	8735
4.0150	8825
4.0200	8594
4.0250	8974
4.0300	8470
4.0350	8599
4.0400	8800
4.0450	8589
4.0500	8821
4.0550	8393
4.0600	8360
4.0650	8576
4.0700	8741
4.0750	9294
4.0800	8983
4.0850	8545
4.0900	8730
4.0950	8819
4.1000	8808
4.1050	9063
4.1100	8480
4.1150	8946
4.1200	8623
4.1250	8690
4.1300	8653
4.1350	8685
4.1400	9005
4.1450	8576
4.1500	8363
4.1550	8389
4.1600	8977
4.1650	8968
4.1700	8683
4.1750	8367
4.1800	8803
4.1850	8912
4.1900	8854
4.1950	8923
4.2000	8431
4.2050	8797
4.2100	8538
4.2150	8480
4.2200	8894
4.2250	8642
4.2300	8953
4.2350	8592
4.2400	8480
4.2450	8586
4.2500	8746
4.2550	8802
4.2600	8845
4.2650	8367
4.2700	8552
4.2750	8841
4.2800	8869
4.2850	8890
4.2900	8339
4.2950	8973
4.3000	8666
4.3050	8522
4.3100	8613
4.3150	8675
4.3200	8973
4.3250	8532
4.3300	8554
4.3350	8629
4.3400	8857
4.3450	8902
4.3500	8751
4.3550	8434
4.3600	8647
4.3650	8814
4.3700	8869
4.3750	8912
4.3800	8456
4.3850	8959
4.3900	8606
4.3950	8521
4.4000	8800
4.4050	8436
4.4100	8729
4.4150	8427
4.4200	8483
4.4250	8522
4.4300	8886
4.4350	8874
4.4400	8731
4.4450	8326
4.4500	8424
4.4550	8815
4.4600	8941
4.4650	8972
4.4700	8329
4.4750	8795
4.4800	8622
4.4850	8545
4.4900	8636
4.4950	8612
4.5000	8950
4.5050	8517
4.5100	8258
4.5150	8486
4.5200	8863
4.5250	9077
4.5300	8680
4.5350	8391
4.5400	8645
4.5450	8874
4.5500	8771
4.5550	8883
4.5600	8399
4.5650	8842
4.5700	8684
4.5750	8811
4.5800	8718
4.5850	8558
4.5900	8952
4.5950	8580
4.6000	8336
4.6050	8535
4.6100	8780
4.6150	8800
4.6200	8877
4.6250	8505
4.6300	8386
4.6350	8947
4.6400	8968
4.6450	9021
4.6500	8331
4.6550	8724
4.6600	8753
4.6650	8873
4.6700	8707
4.6750	8565
4.6800	9045
4.6850	8452
4.6900	8436
4.6950	8497
4.7000	8693
4.7050	8993
4.7100	8498
4.7150	8434
4.7200	8712
4.7250	8972
4.7300	8994
4.7350	9030
4.7400	8563
4.7450	8851
4.7500	8529
4.7550	8689
4.7600	8727
4.7650	8547
4.7700	8795
4.7750	8500
4.7800	8484
4.7850	8489
4.7900	8694
4.7950	9070
4.8000	8718
4.8050	8317
4.8100	8535
4.8150	8839
4.8200	8862
4.8250	9013
4.8300	8426
4.8350	8722
4.8400	8759
4.8450	8743
4.8500	8710
4.8550	8550
4.8600	8999
4.8650	8533
4.8700	8455
4.8750	8567
4.8800	8893
4.8850	8978
4.8900	8689
4.8950	8643
4.9000	8708
4.9050	9080
4.9100	8890
4.9150	8904
4.9200	8472
4.9250	8771
4.9300	8743
4.9350	9003
4.9400	8930
4.9450	8465
4.9500	8917
4.9550	8418
4.9600	8439
4.9650	8533
4.9700	8780
4.9750	9056
4.9800	8585
4.9850	8501
4.9900	8471
4.9950	8946
5.0000	8886
5.0050	8770
5.0100	8350
5.0150	8666
5.0200	8619
5.0250	8767
5.0300	8887
5.0350	8426
5.0400	9138
5.0450	8470
5.0500	8382
5.0550	8465
5.0600	8439
5.0650	8874
5.0700	8551
5.0750	8541
5.0800	8704
5.0850	8772
5.0900	8836
5.0950	9170
5.1000	8534
5.1050	8715
5.1100	8717
5.1150	8623
5.1200	8860
5.1250	8599
5.1300	8793
5.1350	8269
5.1400	8656
5.1450	8639
5.1500	8603
5.1550	8941
5.1600	8727
5.1650	8423
5.1700	8596
5.1750	8777
5.1800	9064
5.1850	8869
5.1900	8355
5.1950	8677
5.2000	8584
5.2050	8674
5.2100	8896
5.2150	8330
5.2200	8871
5.2250	8544
5.2300	8549
5.2350	8779
5.2400	8770
5.2450	8958
5.2500	8430
5.2550	8448
5.2600	8461
5.2650	8893
5.2700	8904
5.2750	8787
5.2800	8455
5.2850	8809
5.2900	8888
5.2950	8903
5.3000	9005
5.3050	8414
5.3100	8895
5.3150	8597
5.3200	8556
5.3250	8731
5.3300	8664
5.3350	8963
5.3400	8567
5.3450	8480
5.3500	8480
5.3550	8887
5.3600	8942
5.3650	8598
5.3700	8300
5.3750	8815
5.3800	8932
5.3850	8885
5.3900	8883
5.3950	8460
5.4000	9029
5.4050	8502
5.4100	8601
5.4150	8549
5.4200	8658
5.4250	9046
5.4300	8471
5.4350	8452
5.4400	8661
5.4450	9061
5.4500	8947
5.4550	8663
5.4600	8521
5.4650	8610
5.4700	8789
5.4750	8859
5.4800	8863
5.4850	8466
5.4900	8841
5.4950	8695
5.5000	8770
5.5050	8638
5.5100	8708
5.5150	9020
5.5200	8565
5.5250	8367
5.5300	8587
5.5350	8976
5.5400	9135
5.5450	8736
5.5500	8520
5.5550	8614
5.5600	8951
5.5650	8821
5.5700	8828
5.5750	8399
5.5800	9062
5.5850	8705
5.5900	8588
5.5950	8763
5.6000	8614
5.6050	8938
5.6100	8525
5.6150	8401
5.6200	8701
5.6250	8873
5.6300	8930
5.6350	8750
5.6400	8707
5.6450	8659
5.6500	8735
5.6550	8808
5.6600	8916
5.6650	8501
5.6700	8784
5.6750	8559
5.6800	8693
5.6850	8768
5.6900	8700
5.6950	9057
5.7000	8587
5.7050	8401
5.7100	8501
5.7150	8852
5.7200	9076
5.7250	8797
5.7300	8407
5.7350	8597
5.7400	8858
5.7450	8918
5.7500	8940
5.7550	8401
5.7600	8843
5.7650	8602
5.7700	8620
5.7750	8840
5.7800	8608
5.7850	9002
5.7900	8508
5.7950	8400
5.8000	8540
5.8050	8583
5.8100	8822
5.8150	8710
5.8200	8446
5.8250	8680
5.8300	8969
5.8350	9079
5.8400	9157
5.8450	8350
5.8500	8544
5.8550	8528
5.8600	8783
5.8650	8590
5.8700	8476
5.8750	8904
5.8800	8597
5.8850	8408
5.8900	8574
5.8950	8892
5.9000	9123
5.9050	8613
5.9100	8264
5.9150	8526
5.9200	8995
5.9250	8981
5.9300	8925
5.9350	8605
5.9400	8819
5.9450	8819
5.9500	8594
5.9550	8752
5.9600	8430
5.9650	8947
5.9700	8493
5.9750	8331
5.9800	8728
5.9850	8750
5.9900	9052
5.9950	8708
6.0000	8521
6.0050	8433
6.0100	8899
6.0150	9002
6.0200	8909
6.0250	8394
6.0300	8775
6.0350	8803
6.0400	8739
6.0450	8891
6.0500	8503
6.0550	8855
6.0600	8487
6.0650	8358
6.0700	8529
6.0750	8907
6.0800	9054
6.0850	8621
6.0900	8513
6.0950	8680
6.1000	8918
6.1050	8816
6.1100	8902
6.1150	8314
6.1200	8765
6.1250	8771
6.1300	8758
6.1350	8756
6.1400	8569
6.1450	9097
6.1500	8420
6.1550	8399
6.1600	8641
6.1650	8705
6.1700	8841
6.1750	8751
6.1800	8502
6.1850	8533
6.1900	9019
6.1950	8949
6.2000	8775
6.2050	8293
6.2100	8710
6.2150	8606
6.2200	8747
6.2250	8831
6.2300	8524
6.2350	8950
6.2400	8557
6.2450	8629
6.2500	8429
6.2550	8778
6.2600	8998
6.2650	8509
6.2700	8357
6.2750	8455
6.2800	9039
6.2850	9101
6.2900	8757
6.2950	8404
6.3000	8678
6.3050	8812
6.3100	8690
6.3150	8887
6.3200	8479
6.3250	8999
6.3300	8410
6.3350	8654
6.3400	8704
6.3450	8818
6.3500	8772
6.3550	8519
6.3600	8425
6.3650	8504
6.3700	8764
6.3750	9051
6.3800	8822
6.3850	8528
6.3900	8829
6.3950	8904
6.4000	8725
6.4050	8983
6.4100	8403
6.4150	8733
6.4200	8596
6.4250	8524
6.4300	8792
6.4350	8775
6.4400	9174
6.4450	8542
6.4500	8336
6.4550	8366
6.4600	9054
6.4650	8992
6.4700	8585
6.4750	8436
6.4800	8731
6.4850	8987
6.4900	8898
6.4950	8802
6.5000	8448
6.5050	9023
6.5100	8479
6.5150	8385
6.5200	8605
6.5250	8682
6.5300	8984
6.5350	8638
6.5400	8520
6.5450	8660
6.5500	8928
6.5550	8921
6.5600	8789
6.5650	8407
6.5700	8595
6.5750	8867
6.5800	8977
6.5850	8848
6.5900	8506
6.5950	8862
6.6000	8580
6.6050	8565
6.6100	8651
6.6150	8451
6.6200	8947
6.6250	8593
6.6300	8436
6.6350	8311
6.6400	9015
6.6450	9071
6.6500	8611
6.6550	8426
6.6600	8622
6.6650	8743
6.6700	8704
6.6750	8916
6.6800	8514
6.6850	8904
6.6900	8483
6.6950	8549
6.7000	8691
6.7050	8656
6.7100	8838
6.7150	8535
6.7200	8476
6.7250	8478
6.7300	8839
6.7350	9165
6.7400	8978
6.7450	8407
6.7500	8472
6.7550	8834
6.7600	8956
6.7650	8933
6.7700	8339
6.7750	8824
6.7800	8621
6.7850	8584
6.7900	8766
6.7950	8812
6.8000	8955
6.8050	8499
6.8100	8370
6.8150	8478
6.8200	8918
6.8250	9075
6.8300	8940
6.8350	8501
6.8400	8785
6.8450	8708
6.8500	8690
6.8550	8813
6.8600	8445
6.8650	9036
6.8700	8429
6.8750	8716
6.8800	8978
6.8850	8645
6.8900	8980
6.8950	8421
6.9000	8579
6.9050	8499
6.9100	8565
6.9150	9061
6.9200	8701
6.9250	8585
6.9300	8473
6.9350	8899
6.9400	9039
6.9450	9086
6.9500	8378
6.9550	8857
6.9600	8742
6.9650	8648
6.9700	8607
6.9750	8556
6.9800	9196
6.9850	8427
6.9900	8341
6.9950	8662
7.0000	8806
7.0050	8978
7.0100	8446
7.0150	8203
7.0200	8593
7.0250	8986
7.0300	8876
7.0350	8874
7.0400	8491
7.0450	8894
7.0500	8496
7.0550	8630
7.0600	8709
7.0650	8452
7.0700	8971
7.0750	8554
7.0800	8542
7.0850	8576
7.0900	8820
7.0950	8970
7.1000	8701
7.1050	8414
7.1100	8616
7.1150	8882
7.1200	8935
7.1250	8869
7.1300	8439
7.1350	8911
7.1400	8785
7.1450	8840
7.1500	8874
7.1550	8473
7.1600	9053
7.1650	8538
7.1700	8318
7.1750	8525
7.1800	8819
7.1850	9087
7.1900	8658
7.1950	8407
7.2000	8692
7.2050	8913
7.2100	8801
7.2150	8790
7.2200	8441
7.2250	8740
7.2300	8689
7.2350	8954
7.2400	8807
7.2450	8483
7.2500	8812
7.2550	8247
7.2600	8461
7.2650	8655
7.2700	8538
7.2750	8983
7.2800	8690
7.2850	8424
7.2900	8521
7.2950	9185
7.3000	8852
7.3050	8761
7.3100	8354
7.3150	8628
7.3200	8695
7.3250	8844
7.3300	8938
7.3350	8621
7.3400	9008
7.3450	8550
7.3500	8359
7.3550	8665
7.3600	8765
7.3650	8902
7.3700	8493
7.3750	8440
7.3800	8660
7.3850	8962
7.3900	8987
7.3950	9049
7.4000	8481
7.4050	8743
7.4100	8681
7.4150	8692
7.4200	8879
7.4250	8422
7.4300	8953
7.4350	8515
7.4400	8403
7.4450	8661
7.4500	8591
7.4550	8913
7.4600	8708
7.4650	8560
7.4700	8361
7.4750	9112
7.4800	8969
7.4850	8896
7.4900	8339
7.4950	8576
7.5000	8731
7.5050	8702
7.5100	8893
7.5150	8420
7.5200	9024
7.5250	8526
7.5300	8581
7.5350	8519
7.5400	8751
7.5450	9031
7.5500	8574
7.5550	8393
7.5600	8440
7.5650	8992
7.5700	9013
7.5750	8665
7.5800	8528
7.5850	8642
7.5900	8754
7.5950	8741
7.6000	8770
7.6050	8337
7.6100	8741
7.6150	8534
7.6200	8523
7.6250	8658
7.6300	8716
7.6350	9119
7.6400	8574
7.6450	8440
7.6500	8225
7.6550	8757
7.6600	9024
7.6650	8905
7.6700	8406
7.6750	8737
7.6800	8890
7.6850	8849
7.6900	8724
7.6950	8506
7.7000	8992
7.7050	8473
7.7100	8482
7.7150	8606
7.7200	8626
7.7250	9042
7.7300	8700
7.7350	8409
7.7400	8503
7.7450	9022
7.7500	8881
7.7550	8947
7.7600	8373
7.7650	8737
7.7700	8792
7.7750	8730
7.7800	9068
7.7850	8397
7.7900	8834
7.7950	8599
7.8000	8703
7.8050	8724
7.8100	8611
7.8150	8989
7.8200	8507
7.8250	8447
7.8300	8475
7.8350	8966
7.8400	9046
7.8450	8888
7.8500	8343
7.8550	8548
7.8600	8801
7.8650	8926
7.8700	8948
7.8750	8341
7.8800	9095
7.8850	8606
7.8900	8422
7.8950	8687
7.9000	8772
7.9050	8975
7.9100	8513
7.9150	8566
7.9200	8582
7.9250	8805
7.9300	9045
7.9350	8738
7.9400	8400
7.9450	8777
7.9500	8751
7.9550	8638
7.9600	8871
7.9650	8452
7.9700	8838
7.9750	8603
7.9800	8717
7.9850	8665
7.9900	8460
7.9950	9009
8.0000	8530
8.0050	8471
8.0100	8483
8.0150	8681
8.0200	8973
8.0250	8726
8.0300	8553
8.0350	8575
8.0400	8998
8.0450	9111
8.0500	8894
8.0550	8508
8.0600	8976
8.0650	8659
8.0700	8446
8.0750	8888
8.0800	8639
8.0850	9114
8.0900	8523
8.0950	8348
8.1000	8542
8.1050	8719
8.1100	9046
8.1150	8701
8.1200	8532
8.1250	8708
8.1300	8809
8.1350	8805
8.1400	9084
8.1450	8446
8.1500	8793
8.1550	8478
8.1600	8659
8.1650	8544
8.1700	8555
8.1750	8836
8.1800	8703
8.1850	8535
8.1900	8554
8.1950	8854
8.2000	9236
8.2050	8582
8.2100	8420
8.2150	8331
8.2200	9037
8.2250	8863
8.2300	8958
8.2350	8426
8.2400	8972
8.2450	8695
8.2500	8557
8.2550	8648
8.2600	8465
8.2650	8897
8.2700	8375
8.2750	8403
8.2800	8651
8.2850	8812
8.2900	9086
8.2950	8609
8.3000	8438
8.3050	8432
8.3100	8796
8.3150	8969
8.3200	8800
8.3250	8406
8.3300	8761
8.3350	8576
8.3400	8831
8.3450	9016
8.3500	8343
8.3550	8892
8.3600	8609
8.3650	8439
8.3700	8439
8.3750	8742
8.3800	9106
8.3850	8653
8.3900	8427
8.3950	8626
8.4000	8980
8.4050	8870
8.4100	8685
8.4150	8422
8.4200	8832
8.4250	8809
8.4300	8784
8.4350	8861
8.4400	8616
8.4450	8946
8.4500	8350
8.4550	8583
8.4600	8823
8.4650	8689
8.4700	8870
8.4750	8534
8.4800	8415
8.4850	8601
8.4900	9044
8.4950	8840
8.5000	8785
8.5050	8434
8.5100	8626
8.5150	8610
8.5200	8666
8.5250	9039
8.5300	8598
8.5350	8969
8.5400	8480
8.5450	8610
8.5500	8520
8.5550	8577
8.5600	8879
8.5650	8390
8.5700	8289
8.5750	8504
8.5800	9136
8.5850	8973
8.5900	8729
8.5950	8356
8.6000	8637
8.6050	8711
8.6100	8703
8.6150	8873
8.6200	8467
8.6250	9030
8.6300	8374
8.6350	8595
8.6400	8695
8.6450	8681
8.6500	8936
8.6550	8514
8.6600	8312
8.6650	8342
8.6700	8833
8.6750	8952
8.6800	8925
8.6850	8450
8.6900	8556
8.6950	8822
8.7000	8726
8.7050	8921
8.7100	8248
8.7150	8871
8.7200	8565
8.7250	8669
8.7300	8578
8.7350	8678
8.7400	9029
8.7450	8559
8.7500	8303
8.7550	8597
8.7600	8838
8.7650	8909
8.7700	8867
8.7750	8444
8.7800	8840
8.7850	8924
8.7900	8935
8.7950	9050
8.8000	8225
8.8050	8710
8.8100	8553
8.8150	8529
8.8200	8729
8.8250	8836
8.8300	9120
8.8350	8765
8.8400	8502
8.8450	8580
8.8500	8912
8.8550	8952
8.8600	8848
8.8650	8452
8.8700	8573
8.8750	8779
8.8800	8856
8.8850	9186
8.8900	8348
8.8950	8998
8.9000	8559
8.9050	8506
8.9100	8522
8.9150	8545
8.9200	8819
8.9250	8470
8.9300	8481
8.9350	8310
8.9400	8859
8.9450	8970
8.9500	8762
8.9550	8215
8.9600	8598
8.9650	8741
8.9700	8773
8.9750	8976
8.9800	8526
8.9850	8971
8.9900	8498
8.9950	8679
9.0000	8653
9.0050	8614
9.0100	8859
9.0150	8585
9.0200	8353
9.0250	8568
9.0300	8813
9.0350	9026
9.0400	8777
9.0450	8562
9.0500	8606
9.0550	8840
9.0600	8778
9.0650	8802
9.0700	8450
9.0750	8830
9.0800	8708
9.0850	8638
9.0900	8737
9.0950	8668
9.1000	9005
9.1050	8507
9.1100	8464
9.1150	8443
9.1200	8804
9.1250	8955
9.1300	8651
9.1350	8351
9.1400	8833
9.1450	8940
9.1500	8856
9.1550	8903
9.1600	8528
9.1650	8902
9.1700	8544
9.1750	8693
9.1800	8895
9.1850	8735
9.1900	8873
9.1950	8670
9.2000	8484
9.2050	8480
9.2100	8857
9.2150	8814
9.2200	8714
9.2250	8369
9.2300	8618
9.2350	8892
9.2400	9017
9.2450	8999
9.2500	8319
9.2550	8838
9.2600	8709
9.2650	8676
9.2700	8684
9.2750	8660
9.2800	8922
9.2850	8626
9.2900	8609
9.2950	8619
9.3000	8895
9.3050	9114
9.3100	8501
9.3150	8339
9.3200	8566
9.3250	8806
9.3300	8894
9.3350	8964
9.3400	8427
9.3450	8790
9.3500	8507
9.3550	8689
9.3600	8924
9.3650	8717
9.3700	8829
9.3750	8503
9.3800	8319
9.3850	8576
9.3900	8800
9.3950	9066
9.4000	8655
9.4050	8331
9.4100	8548
9.4150	8795
9.4200	8950
9.4250	8943
9.4300	8354
9.4350	8755
9.4400	8617
9.4450	8693
9.4500	8801
9.4550	8403
9.4600	8976
9.4650	8352
9.4700	8259
9.4750	8646
9.4800	8871
9.4850	9110
9.4900	8773
9.4950	8284
9.5000	8221
9.5050	8927
9.5100	8951
9.5150	8874
9.5200	8403
9.5250	8954
9.5300	8693
9.5350	8669
9.5400	8944
9.5450	8571
9.5500	8812
9.5550	8394
9.5600	8449
9.5650	8560
9.5700	8694
9.5750	8863
9.5800	8737
9.5850	8441
9.5900	8559
9.5950	9044
9.6000	9013
9.6050	8862
9.6100	8355
9.6150	8656
9.6200	8551
9.6250	8793
9.6300	8882
9.6350	8625
9.6400	9050
9.6450	8655
9.6500	8342
9.6550	8530
9.6600	8795
9.6650	8936
9.6700	8683
9.6750	8529
9.6800	8597
9.6850	9113
9.6900	8890
9.6950	8941
9.7000	8404
9.7050	8773
9.7100	8679
9.7150	8806
9.7200	8902
9.7250	8448
9.7300	9030
9.7350	8363
9.7400	8637
9.7450	8614
9.7500	8747
9.7550	8989
9.7600	8667
9.7650	8550
9.7700	8271
9.7750	9000
9.7800	9173
9.7850	8978
9.7900	8509
9.7950	8757
9.8000	8733
9.8050	8729
9.8100	8871
9.8150	8454
9.8200	9119
9.8250	8471
9.8300	8462
9.8350	8841
9.8400	8696
9.8450	9059
9.8500	8614
9.8550	8479
9.8600	8500
9.8650	8970
9.8700	8820
9.8750	8903
9.8800	8567
9.8850	8710
9.8900	8719
9.8950	8721
9.9000	8941
9.9050	8476
9.9100	8918
9.9150	8450
9.9200	8401
9.9250	8615
9.9300	8596
9.9350	8991
9.9400	8689
9.9450	8570
9.9500	8294
9.9550	8959
9.9600	8990
9.9650	8781
9.9700	8194
9.9750	8725
9.9800	8888
9.9850	8789
9.9900	8880
9.9950	8461
10.0000	8877
10.0050	8481
10.0100	8580
10.0150	8541
10.0200	8710
10.0250	9139
10.0300	8408
10.0350	8349
10.0400	8676
10.0450	9048
10.0500	8913
10.0550	8638
10.0600	8288
10.0650	8642
10.0700	8857
10.0750	8761
10.0800	9099
10.0850	8563
10.0900	9037
10.0950	8688
10.1000	8496
10.1050	8611
10.1100	8556
10.1150	8881
10.1200	8560
10.1250	8529
10.1300	8491
10.1350	8827
10.1400	8970
10.1450	8659
10.1500	8452
10.1550	8511
10.1600	8793
10.1650	8851
10.1700	8948
10.1750	8298
10.1800	8902
10.1850	8747
10.1900	8396
10.1950	8736
10.2000	8762
10.2050	8921
10.2100	8346
10.2150	8375
10.2200	8348
10.2250	8962
10.2300	9098
10.2350	8709
10.2400	8542
10.2450	8683
10.2500	8992
10.2550	8753
10.2600	8959
10.2650	8413
10.2700	8860
10.2750	8587
10.2800	8627
10.2850	8754
10.2900	8585
10.2950	9034
10.3000	8556
10.3050	8485
10.3100	8607
10.3150	8728
10.3200	9062
10.3250	8756
10.3300	8455
10.3350	8579
10.3400	9006
10.3450	8903
10.3500	8867
10.3550	8336
10.3600	8881
10.3650	8519
10.3700	8670
10.3750	8765
10.3800	8668
10.3850	8979
10.3900	8664
10.3950	8477
10.4000	8522
10.4050	8931
10.4100	8946
10.4150	8735
10.4200	8261
10.4250	8703
10.4300	8750
10.4350	8905
10.4400	8998
10.4450	8571
10.4500	8934
10.4550	8626
10.4600	8625
10.4650	8767
10.4700	8355
10.4750	8967
10.4800	8593
10.4850	8551
10.4900	8559
10.4950	8697
10.5000	9086
10.5050	8810
10.5100	8353
10.5150	8513
10.5200	8827
10.5250	8926
10.5300	8968
10.5350	8384
10.5400	8860
10.5450	8741
10.5500	8607
10.5550	8615
10.5600	8564
10.5650	8988
10.5700	8353
10.5750	8379
10.5800	8620
10.5850	8772
10.5900	9083
10.5950	8650
10.6000	8699
10.6050	8480
10.6100	8762
10.6150	8783
10.6200	8895
10.6250	8556
10.6300	8832
10.6350	8768
10.6400	8589
10.6450	8607
10.6500	8501
10.6550	8770
10.6600	8588
10.6650	8580
10.6700	8499
10.6750	8896
10.6800	9053
10.6850	8631
10.6900	8480
10.6950	8578
10.7000	8947
10.7050	8957
10.7100	8953
10.7150	8376
10.7200	8830
10.7250	8787
10.7300	8707
10.7350	8593
10.7400	8717
10.7450	9003
10.7500	8386
10.7550	8438
10.7600	8485
10.7650	8724
10.7700	8990
10.7750	8702
10.7800	8620
10.7850	8607
10.7900	9038
10.7950	8903
10.8000	9007
10.8050	8492
10.8100	8709
10.8150	8615
10.8200	8796
10.8250	8948
10.8300	8455
10.8350	9001
10.8400	8597
10.8450	8782
10.8500	8503
10.8550	8627
10.8600	9051
10.8650	8634
10.8700	8248
10.8750	8540
10.8800	8998
10.8850	8967
10.8900	8822
10.8950	8305
10.9000	8810
10.9050	8769
10.9100	8570
10.9150	8699
10.9200	8323
10.9250	8992
10.9300	8453
10.9350	8629
10.9400	8605
10.9450	8685
10.9500	9040
10.9550	8399
10.9600	8226
10.9650	8588
10.9700	8861
10.9750	9074
10.9800	8932
10.9850	8314
10.9900	8692
10.9950	8639
11.0000	8717
11.0050	8792
11.0100	8389
11.0150	8965
11.0200	8609
11.0250	8432
11.0300	8641
11.0350	8714
11.0400	9041
11.0450	8743
11.0500	8373
11.0550	8537
11.0600	8766
11.0650	8999
11.0700	8817
11.0750	8393
11.0800	8661
11.0850	8767
11.0900	8799
11.0950	9031
11.1000	8559
11.1050	9010
11.1100	8359
11.1150	8515
11.1200	8590
11.1250	8898
11.1300	8691
11.1350	8579
11.1400	8646
11.1450	8519
11.1500	8835
11.1550	8956
11.1600	8699
11.1650	8424
11.1700	8564
11.1750	8949
11.1800	8931
11.1850	8898
11.1900	8467
11.1950	8938
11.2000	8503
11.2050	8446
11.2100	8585
11.2150	8636
11.2200	8935
11.2250	8616
11.2300	8373
11.2350	8580
11.2400	8909
11.2450	9117
11.2500	8716
11.2550	8363
11.2600	8708
11.2650	8726
11.2700	8643
11.2750	8853
11.2800	8535
11.2850	8966
11.2900	8644
11.2950	8683
11.3000	8689
11.3050	8597
11.3100	8898
11.3150	8404
11.3200	8394
11.3250	8542
11.3300	8877
11.3350	8803
11.3400	8775
11.3450	8398
11.3500	8655
11.3550	8924
11.3600	8863
11.3650	9014
11.3700	8484
11.3750	8839
11.3800	8725
11.3850	8522
11.3900	8769
11.3950	8477
11.4000	8890
11.4050	8564
11.4100	8366
11.4150	8178
11.4200	8971
11.4250	8893
11.4300	8775
11.4350	8578
11.4400	8560
11.4450	9031
11.4500	8908
11.4550	8990
11.4600	8437
11.4650	8811
11.4700	8586
11.4750	8560
11.4800	8842
11.4850	8648
11.4900	9111
11.4950	8688
11.5000	8379
11.5050	8464
11.5100	8738
11.5150	8798
11.5200	8806
11.5250	8387
11.5300	8714
11.5350	8821
11.5400	9009
11.5450	9080
11.5500	8350
11.5550	8778
11.5600	8470
11.5650	8640
11.5700	8717
11.5750	8587
11.5800	8961
11.5850	8440
11.5900	8369
11.5950	8435
11.6000	8755
11.6050	8806
11.6100	8649
11.6150	8390
11.6200	8689
11.6250	8839
11.6300	8846
11.6350	9084
11.6400	8463
11.6450	8958
11.6500	8784
11.6550	8578
11.6600	8685
11.6650	8702
11.6700	8959
11.6750	8408
11.6800	8677
11.6850	8513
11.6900	8832
11.6950	8996
11.7000	8658
11.7050	8438
11.7100	8359
11.7150	8664
11.7200	8889
11.7250	8926
11.7300	8462
11.7350	8889
11.7400	8826
11.7450	8704
11.7500	8800
11.7550	8430
11.7600	9052
11.7650	8456
11.7700	8397
11.7750	8417
11.7800	8949
11.7850	9081
11.7900	8866
11.7950	8632
11.8000	8522
11.8050	8996
11.8100	8883
11.8150	8756
11.8200	8454
11.8250	8867
11.8300	8615
11.8350	8692
11.8400	8768
11.8450	8560
11.8500	8807
11.8550	8499
11.8600	8382
11.8650	8529
11.8700	8766
11.8750	9038
11.8800	8702
11.8850	8507
11.8900	8657
11.8950	8933
11.9000	9035
11.9050	8836
11.9100	8359
11.9150	8748
11.9200	8780
11.9250	8757
11.9300	8860
11.9350	8480
11.9400	9071
11.9450	8419
11.9500	8404
11.9550	8724
11.9600	8750
11.9650	8940
11.9700	8494
11.9750	8388
11.9800	8463
11.9850	9011
11.9900	8953
11.9950	8916
12.0000	8349
12.0050	8749
12.0100	8742
12.0150	8701
12.0200	8871
12.0250	8452
12.0300	9182
12.0350	8520
12.0400	8554
12.0450	8537
12.0500	8664
12.0550	8994
12.0600	8651
12.0650	8472
12.0700	8396
12.0750	8775
12.0800	9093
12.0850	8948
12.0900	8351
12.0950	8577
12.1000	8729
12.1050	8872
12.1100	8769
12.1150	8371
12.1200	8898
12.1250	8546
12.1300	8449
12.1350	8648
12.1400	8767
12.1450	8867
12.1500	8502
12.1550	8355
12.1600	8558
12.1650	8929
12.1700	8974
12.1750	8838
12.1800	8362
12.1850	8918
12.1900	8792
12.1950	8883
12.2000	8907
12.2050	8531
12.2100	8884
12.2150	8395
12.2200	8509
12.2250	8717
12.2300	8811
12.2350	9117
12.2400	8617
12.2450	8636
12.2500	8561
12.2550	8761
12.2600	8911
12.2650	8818
12.2700	8530
12.2750	8825
12.2800	8664
12.2850	8973
12.2900	8887
12.2950	8521
12.3000	8913
12.3050	8668
12.3100	8376
12.3150	8570
12.3200	8678
12.3250	8895
12.3300	8596
12.3350	8274
12.3400	8501
12.3450	9085
12.3500	9022
12.3550	8792
12.3600	8472
12.3650	8623
12.3700	8887
12.3750	8772
12.3800	8866
12.3850	8504
12.3900	8921
12.3950	8644
12.4000	8461
12.4050	8701
12.4100	8646
12.4150	8749
12.4200	8648
12.4250	8248
12.4300	8574
12.4350	8960
12.4400	9139
12.4450	8825
12.4500	8260
12.4550	8643
12.4600	8861
12.4650	8747
12.4700	8784
12.4750	8440
12.4800	9081
12.4850	8626
12.4900	8466
12.4950	8689
12.5000	8602
12.5050	8882
12.5100	8531
12.5150	8320
12.5200	8492
12.5250	8899
12.5300	9088
12.5350	8668
12.5400	8357
12.5450	8805
12.5500	8870
12.5550	8779
12.5600	9049
12.5650	8509
12.5700	8784
12.5750	8709
12.5800	8710
12.5850	8804
12.5900	8600
12.5950	8878
12.6000	8476
12.6050	8512
12.6100	8425
12.6150	8799
12.6200	8900
12.6250	8807
12.6300	8447
12.6350	8567
12.6400	8980
12.6450	8967
12.6500	8857
12.6550	8307
12.6600	8905
12.6650	8558
12.6700	8565
12.6750	8808
12.6800	8641
12.6850	9093
12.6900	8446
12.6950	8476
12.7000	8515
12.7050	8750
12.7100	8837
12.7150	8651
12.7200	8566
12.7250	8626
12.7300	8858
12.7350	8809
12.7400	8956
12.7450	8543
12.7500	8957
12.7550	8660
12.7600	8625
12.7650	8748
12.7700	8640
12.7750	8851
12.7800	8515
12.7850	8473
12.7900	8412
12.7950	8932
12.8000	8874
12.8050	8718
12.8100	8533
12.8150	8510
12.8200	8948
12.8250	9033
12.8300	8909
12.8350	8503
12.8400	9004
12.8450	8761
12.8500	8651
12.8550	8635
12.8600	8649
12.8650	8894
12.8700	8372
12.8750	8291
12.8800	8551
12.8850	8958
12.8900	8980
12.8950	8664
12.9000	8470
12.9050	8598
12.9100	8987
12.9150	8820
12.9200	9002
12.9250	8540
12.9300	8912
12.9350	8783
12.9400	8815
12.9450	8897
12.9500	8468
12.9550	8786
12.9600	8524
12.9650	8437
12.9700	8490
12.9750	8839
12.9800	9076
12.9850	8717
12.9900	8319
12.9950	8562
13.0000	8816
13.0050	8955
13.0100	8924
13.0150	8360
13.0200	8746
13.0250	8747
13.0300	8752
13.0350	8826
13.0400	8640
13.0450	9118
13.0500	8452
13.0550	8478
13.0600	8544
13.0650	8878
13.0700	8860
13.0750	8593
13.0800	8532
13.0850	8537
13.0900	8945
13.0950	8922
13.1000	9030
13.1050	8451
13.1100	8702
13.1150	8702
13.1200	8875
13.1250	8977
13.1300	8626
13.1350	8887
13.1400	8632
13.1450	8631
13.1500	8677
13.1550	8828
13.1600	8954
13.1650	8608
13.1700	8444
13.1750	8488
13.1800	8993
13.1850	9175
13.1900	8816
13.1950	8565
13.2000	8789
13.2050	8699
13.2100	8693
13.2150	8836
13.2200	8251
13.2250	9069
13.2300	8527
13.2350	8499
13.2400	8697
13.2450	8693
13.2500	8916
13.2550	8605
13.2600	8365
13.2650	8615
13.2700	8815
13.2750	9002
13.2800	8910
13.2850	8559
13.2900	8796
13.2950	8800
13.3000	8730
13.3050	8864
13.3100	8448
13.3150	8683
13.3200	8555
13.3250	8646
13.3300	8695
13.3350	8641
13.3400	9028
13.3450	8509
13.3500	8274
13.3550	8289
13.3600	8743
13.3650	8942
13.3700	8812
13.3750	8462
13.3800	8725
13.3850	8873
13.3900	8871
13.3950	8941
13.4000	8452
13.4050	8999
13.4100	8414
13.4150	8594
13.4200	8589
13.4250	8745
13.4300	8945
13.4350	8738
13.4400	8497
13.4450	8394
13.4500	8940
13.4550	8794
13.4600	8702
13.4650	8434
13.4700	8693
13.4750	8829
13.4800	8890
13.4850	8911
13.4900	8380
13.4950	8948
13.5000	8437
13.5050	8435
13.5100	8641
13.5150	8654
13.5200	8951
13.5250	8519
13.5300	8347
13.5350	8451
13.5400	9132
13.5450	8922
13.5500	8728
13.5550	8239
13.5600	8642
13.5650	8876
13.5700	8863
13.5750	9082
13.5800	8503
13.5850	9153
13.5900	8494
13.5950	8531
13.6000	8696
13.6050	8650
13.6100	8892
13.6150	8426
13.6200	8413
13.6250	8575
13.6300	8923
13.6350	8879
13.6400	8853
13.6450	8539
13.6500	8667
13.6550	8657
13.6600	8668
13.6650	9017
13.6700	8351
13.6750	8929
13.6800	8722
13.6850	8640
13.6900	8675
13.6950	8773
13.7000	9030
13.7050	8527
13.7100	8283
13.7150	8607
13.7200	8885
13.7250	9006
13.7300	8770
13.7350	8415
13.7400	8784
13.7450	8930
13.7500	8762
13.7550	8818
13.7600	8389
13.7650	8972
13.7700	8614
13.7750	8655
13.7800	8951
13.7850	8745
13.7900	8913
13.7950	8528
13.8000	8453
13.8050	8585
13.8100	8806
13.8150	8953
13.8200	8839
13.8250	8459
13.8300	8722
13.8350	8823
13.8400	8978
13.8450	8975
13.8500	8435
13.8550	8667
13.8600	8554
13.8650	8784
13.8700	8733
13.8750	8624
13.8800	8991
13.8850	8564
13.8900	8282
13.8950	8420
13.9000	8914
13.9050	8915
13.9100	8539
13.9150	8570
13.9200	8670
13.9250	8908
13.9300	8902
13.9350	8966
13.9400	8489
13.9450	9002
13.9500	8537
13.9550	8507
13.9600	8844
13.9650	8591
13.9700	8964
13.9750	8371
13.9800	8564
13.9850	8578
13.9900	8767
13.9950	8921
14.0000	8720
14.0050	8487
14.0100	8523
14.0150	8715
14.0200	8847
14.0250	9020
14.0300	8355
14.0350	8923
14.0400	8933
14.0450	8808
14.0500	8835
14.0550	8515
14.0600	8947
14.0650	8420
14.0700	8377
14.0750	8558
14.0800	8828
14.0850	9060
14.0900	8780
14.0950	8407
14.1000	8714
14.1050	8987
14.1100	8920
14.1150	8757
14.1200	8392
14.1250	8795
14.1300	8860
14.1350	8747
14.1400	8766
14.1450	8700
14.1500	8892
14.1550	8368
14.1600	8359
14.1650	8596
14.1700	8618
14.1750	8968
14.1800	8704
14.1850	8660
14.1900	8679
14.1950	8909
14.2000	8928
14.2050	8963
14.2100	8341
14.2150	8637
14.2200	8643
14.2250	8674
14.2300	8917
14.2350	8666
14.2400	9196
14.2450	8575
14.2500	8388
14.2550	8567
14.2600	8711
14.2650	8974
14.2700	8537
14.2750	8432
14.2800	8632
14.2850	8967
14.2900	8996
14.2950	8923
14.3000	8346
14.3050	8881
14.3100	8497
14.3150	8641
14.3200	8819
14.3250	8729
14.3300	8943
14.3350	8779
14.3400	8776
14.3450	8747
14.3500	8686
14.3550	8949
14.3600	8596
14.3650	8496
14.3700	8467
14.3750	8937
14.3800	8974
14.3850	9018
14.3900	8513
14.3950	8772
14.4000	8678
14.4050	8677
14.4100	8781
14.4150	8367
14.4200	8961
14.4250	8570
14.4300	8340
14.4350	8633
14.4400	8725
14.4450	9193
14.4500	8580
14.4550	8462
14.4600	8347
14.4650	9103
14.4700	8988
14.4750	8908
14.4800	8374
14.4850	8898
14.4900	8697
14.4950	8553
14.5000	8781
14.5050	8516
14.5100	8837
14.5150	8341
14.5200	8502
14.5250	8558
14.5300	8756
14.5350	8911
14.5400	8598
14.5450	8564
14.5500	8425
14.5550	8781
14.5600	8961
14.5650	8855
14.5700	8276
14.5750	8673
14.5800	8704
14.5850	8879
14.5900	8890
14.5950	8416
14.6000	8966
14.6050	8490
14.6100	8376
14.6150	8754
14.6200	8689
14.6250	9067
14.6300	8583
14.6350	8499
14.6400	8535
14.6450	9024
14.6500	8963
14.6550	8813
14.6600	8517
14.6650	8811
14.6700	8630
14.6750	8668
14.6800	8958
14.6850	8564
14.6900	8877
14.6950	8521
14.7000	8557
14.7050	8686
14.7100	8667
14.7150	8920
14.7200	8451
14.7250	8628
14.7300	8591
14.7350	8819
14.7400	8889
14.7450	8803
14.7500	8419
14.7550	8529
14.7600	8716
14.7650	8965
14.7700	9007
14.7750	8424
14.7800	9033
14.7850	8660
14.7900	8493
14.7950	8631
14.8000	8671
14.8050	8864
14.8100	8480
14.8150	8156
14.8200	8301
14.8250	8967
14.8300	8884
14.8350	8760
14.8400	8501
14.8450	8881
14.8500	8750
14.8550	8742
14.8600	8837
14.8650	8416
14.8700	8823
14.8750	8546
14.8800	8777
14.8850	8726
14.8900	8715
14.8950	8865
14.9000	8490
14.9050	8432
14.9100	8374
14.9150	8765
14.9200	8959
14.9250	8767
14.9300	8473
14.9350	8627
14.9400	8795
14.9450	8891
14.9500	8914
14.9550	8200
14.9600	8895
14.9650	8704
14.9700	8658
14.9750	8660
14.9800	8752
14.9850	9075
14.9900	8405
14.9950	8470
15.0000	8513
15.0050	8948
15.0100	8732
15.0150	8662
15.0200	8381
15.0250	8848
15.0300	8835
15.0350	8901
15.0400	9088
15.0450	8513
15.0500	8908
15.0550	8421
15.0600	8473
15.0650	8753
15.0700	8587
15.0750	8898
15.0800	8681
15.0850	8531
15.0900	8593
15.0950	8887
15.1000	8944
15.1050	8642
15.1100	8399
15.1150	8607
15.1200	8793
15.1250	9029
15.1300	8971
15.1350	8499
15.1400	8975
15.1450	8833
15.1500	8654
15.1550	8761
15.1600	8637
15.1650	9012
15.1700	8379
15.1750	8531
15.1800	8478
15.1850	8973
15.1900	9138
15.1950	8562
15.2000	8442
15.2050	8592
15.2100	8909
15.2150	8793
15.2200	8924
15.2250	8409
15.2300	8926
15.2350	8656
15.2400	8604
15.2450	8885
15.2500	8341
15.2550	8894
15.2600	8527
15.2650	8442
15.2700	8529
15.2750	8723
15.2800	9016
15.2850	8775
15.2900	8566
15.2950	8705
15.3000	8715
15.3050	8769
15.3100	8787
15.3150	8311
15.3200	8876
15.3250	8738
15.3300	8721
15.3350	8791
15.3400	8688
15.3450	9080
15.3500	8504
15.3550	8365
15.3600	8561
15.3650	8847
15.3700	8927
15.3750	8640
15.3800	8592
15.3850	8666
15.3900	9004
15.3950	8944
15.4000	8876
15.4050	8368
15.4100	8746
15.4150	8706
15.4200	8795
15.4250	8882
15.4300	8571
15.4350	8963
15.4400	8486
15.4450	8587
15.4500	8557
15.4550	8683
15.4600	8929
15.4650	8791
15.4700	8310
15.4750	8610
15.4800	9052
15.4850	8985
15.4900	8845
15.4950	8360
15.5000	8773
15.5050	8633
15.5100	8822
15.5150	8760
15.5200	8540
15.5250	9101
15.5300	8555
15.5350	8338
15.5400	8655
15.5450	8831
15.5500	9008
15.5550	8658
15.5600	8399
15.5650	8595
15.5700	8788
15.5750	8911
15.5800	8875
15.5850	8444
15.5900	8838
15.5950	8588
15.6000	8559
15.6050	8903
15.6100	8508
15.6150	8886
15.6200	8528
15.6250	8502
15.6300	8749
15.6350	8651
15.6400	8967
15.6450	8735
15.6500	8383
15.6550	8524
15.6600	8926
15.6650	8975
15.6700	8985
15.6750	8412
15.6800	8837
15.6850	8824
15.6900	8882
15.6950	8975
15.7000	8559
15.7050	9082
15.7100	8464
15.7150	8327
15.7200	8562
15.7250	8758
15.7300	9063
15.7350	8595
15.7400	8443
15.7450	8705
15.7500	8894
15.7550	8943
15.7600	8692
15.7650	8421
15.7700	8622
15.7750	8840
15.7800	8732
15.7850	8996
15.7900	8505
15.7950	9180
15.8000	8622
15.8050	8638
15.8100	8689
15.8150	8670
15.8200	9077
15.8250	8742
15.8300	8654
15.8350	8420
15.8400	9061
15.8450	9043
15.8500	8894
15.8550	8265
15.8600	8639
15.8650	8831
15.8700	8677
15.8750	9036
15.8800	8497
15.8850	9105
15.8900	8660
15.8950	8499
15.9000	8626
15.9050	8797
15.9100	9062
15.9150	8499
15.9200	8566
15.9250	8626
15.9300	9049
15.9350	9090
15.9400	8836
15.9450	8479
15.9500	8522
15.9550	8693
15.9600	8807
15.9650	8933
15.9700	8519
15.9750	8820
15.9800	8800
15.9850	8688
15.9900	8608
15.9950	8727
16.0000	8810
16.0050	8612
16.0100	8545
16.0150	8356
16.0200	8778
16.0250	9100
16.0300	8865
16.0350	8522
16.0400	8624
16.0450	8671
16.0500	8788
16.0550	8856
16.0600	8404
16.0650	8883
16.0700	8662
16.0750	8449
16.0800	8838
16.0850	8595
16.0900	9049
16.0950	8572
16.1000	8472
16.1050	8483
16.1100	8877
16.1150	8928
16.1200	8846
16.1250	8599
16.1300	8660
16.1350	8886
16.1400	8937
16.1450	9017
16.1500	8405
16.1550	8814
16.1600	8595
16.1650	8568
16.1700	8772
16.1750	8538
16.1800	9113
16.1850	8599
16.1900	8568
16.1950	8455
16.2000	8869
16.2050	9035
16.2100	8706
16.2150	8216
16.2200	8711
16.2250	8908
16.2300	8941
16.2350	8887
16.2400	8435
16.2450	9022
16.2500	8433
16.2550	8481
16.2600	8769
16.2650	8614
16.2700	8883
16.2750	8566
16.2800	8474
16.2850	8659
16.2900	8985
16.2950	8843
16.3000	8628
16.3050	8547
16.3100	8515
16.3150	8774
16.3200	8823
16.3250	8958
16.3300	8471
16.3350	8754
16.3400	8689
16.3450	8717
16.3500	8713
16.3550	8556
16.3600	9067
16.3650	8485
16.3700	8419
16.3750	8575
16.3800	8931
16.3850	8938
16.3900	8697
16.3950	8412
16.4000	8552
16.4050	8838
16.4100	8922
16.4150	8919
16.4200	8472
16.4250	8960
16.4300	8593
16.4350	8611
16.4400	8820
16.4450	8697
16.4500	8926
16.4550	8281
16.4600	8330
16.4650	8603
16.4700	8881
16.4750	8955
16.4800	8791
16.4850	8399
16.4900	8630
16.4950	9104
16.5000	8754
16.5050	8969
16.5100	8415
16.5150	8745
16.5200	8652
16.5250	8728
16.5300	8722
16.5350	8478
16.5400	9098
16.5450	8524
16.5500	8468
16.5550	8473
16.5600	8796
16.5650	8977
16.5700	8517
16.5750	8392
16.5800	8724
16.5850	8928
16.5900	9016
16.5950	8840
16.6000	8389
16.6050	8821
16.6100	8492
16.6150	8620
16.6200	8788
16.6250	8633
16.6300	9065
16.6350	8609
16.6400	8463
16.6450	8631
16.6500	8893
16.6550	8999
16.6600	8529
16.6650	8397
16.6700	8519
16.6750	8882
16.6800	9093
16.6850	9130
16.6900	8383
16.6950	8873
16.7000	8687
16.7050	8727
16.7100	8785
16.7150	8432
16.7200	8975
16.7250	8441
16.7300	8570
16.7350	8558
16.7400	8904
16.7450	9132
16.7500	8616
16.7550	8458
16.7600	8498
16.7650	9058
16.7700	9048
16.7750	8818
16.7800	8475
16.7850	8891
16.7900	8715
16.7950	8789
16.8000	8749
16.8050	8473
16.8100	8954
16.8150	8308
16.8200	8518
16.8250	8640
16.8300	8841
16.8350	8881
16.8400	8425
16.8450	8600
16.8500	8562
16.8550	9012
16.8600	8954
16.8650	9145
16.8700	8463
16.8750	8711
16.8800	8761
16.8850	8939
16.8900	8951
16.8950	8480
16.9000	8950
16.9050	8724
16.9100	8487
16.9150	8540
16.9200	8570
16.9250	9052
16.9300	8748
16.9350	8399
16.9400	8531
16.9450	8862
16.9500	8863
16.9550	8906
16.9600	8432
16.9650	8863
16.9700	8834
16.9750	8716
16.9800	9004
16.9850	8518
16.9900	8977
16.9950	8643
17.0000	8501
17.0050	8557
17.0100	8814
17.0150	8877
17.0200	8435
17.0250	8564
17.0300	8398
17.0350	9074
17.0400	9043
17.0450	8740
17.0500	8359
17.0550	8738
17.0600	8692
17.0650	8882
17.0700	8745
17.0750	8551
17.0800	9029
17.0850	8588
17.0900	8559
17.0950	8643
17.1000	8765
17.1050	8994
17.1100	8637
17.1150	8429
17.1200	8420
17.1250	8967
17.1300	8914
17.1350	8860
17.1400	8462
17.1450	8850
17.1500	8937
17.1550	8727
17.1600	8850
17.1650	8494
17.1700	8933
17.1750	8548
17.1800	8623
17.1850	8850
17.1900	8688
17.1950	8935
17.2000	8547
17.2050	8368
17.2100	8546
17.2150	8814
17.2200	8809
17.2250	8866
17.2300	8404
17.2350	8778
17.2400	8804
17.2450	8918
17.2500	8979
17.2550	8363
17.2600	8918
17.2650	8601
17.2700	8497
17.2750	8698
17.2800	8638
17.2850	9096
17.2900	8494
17.2950	8379
17.3000	8355
17.3050	8933
17.3100	9047
17.3150	8578
17.3200	8224
17.3250	8763
17.3300	8865
17.3350	8826
17.3400	9060
17.3450	8681
17.3500	8906
17.3550	8511
17.3600	8474
17.3650	8726
17.3700	8638
17.3750	8759
17.3800	8475
17.3850	8462
17.3900	8554
17.3950	8648
17.4000	8787
17.4050	8716
17.4100	8364
17.4150	8638
17.4200	8727
17.4250	8842
17.4300	8903
17.4350	8286
17.4400	8936
17.4450	8600
17.4500	8539
17.4550	8632
17.4600	8524
17.4650	8887
17.4700	8488
17.4750	8421
17.4800	8627
17.4850	8876
17.4900	8888
17.4950	8592
17.5000	8479
17.5050	8571
17.5100	8860
17.5150	8852
17.5200	8953
17.5250	8471
17.5300	8649
17.5350	8641
17.5400	8561
17.5450	9013
17.5500	8586
17.5550	8754
17.5600	8489
17.5650	8565
17.5700	8561
17.5750	8714
17.5800	9002
17.5850	8746
17.5900	8322
17.5950	8575
17.6000	8799
17.6050	8992
17.6100	8863
17.6150	8370
17.6200	8808
17.6250	8913
17.6300	8670
17.6350	8704
17.6400	8780
17.6450	8946
17.6500	8545
17.6550	8243
17.6600	8582
17.6650	8810
17.6700	9006
17.6750	8655
17.6800	8478
17.6850	8503
17.6900	8976
17.6950	9055
17.7000	8830
17.7050	8387
17.7100	8789
17.7150	8648
17.7200	8533
17.7250	8918
17.7300	8577
17.7350	8993
17.7400	8581
17.7450	8515
17.7500	8623
17.7550	8749
17.7600	9001
17.7650	8769
17.7700	8235
17.7750	8487
17.7800	8791
17.7850	9100
17.7900	9004
17.7950	8245
17.8000	8656
17.8050	8779
17.8100	8591
17.8150	8645
17.8200	8346
17.8250	9041
17.8300	8606
17.8350	8457
17.8400	8681
17.8450	8819
17.8500	8915
17.8550	8546
17.8600	8334
17.8650	8633
17.8700	8804
17.8750	8986
17.8800	8839
17.8850	8456
17.8900	8749
17.8950	8826
17.9000	8744
17.9050	8797
17.9100	8477
17.9150	8852
17.9200	8501
17.9250	8649
17.9300	8596
17.9350	8731
17.9400	9030
17.9450	8863
17.9500	8339
17.9550	8382
17.9600	8946
17.9650	8834
17.9700	8861
17.9750	8382
17.9800	8730
17.9850	8767
17.9900	8727
17.9950	8933
18.0000	8575
18.0050	8976
18.0100	8473
18.0150	8476
18.0200	8634
18.0250	8873
18.0300	8976
18.0350	8812
18.0400	8377
18.0450	8670
18.0500	8952
18.0550	8987
18.0600	8828
18.0650	8459
18.0700	8698
18.0750	8708
18.0800	8821
18.0850	8910
18.0900	8537
18.0950	8868
18.1000	8476
18.1050	8496
18.1100	8570
18.1150	8737
18.1200	8980
18.1250	8768
18.1300	8473
18.1350	8528
18.1400	9024
18.1450	9082
18.1500	8686
18.1550	8511
18.1600	8641
18.1650	8676
18.1700	8819
18.1750	8694
18.1800	8681
18.1850	9047
18.1900	8518
18.1950	8558
18.2000	8631
18.2050	8715
18.2100	8947
18.2150	8452
18.2200	8293
18.2250	8510
18.2300	8903
18.2350	8908
18.2400	8879
18.2450	8503
18.2500	8677
18.2550	8640
18.2600	8726
18.2650	8859
18.2700	8378
18.2750	8991
18.2800	8439
18.2850	8515
18.2900	8750
18.2950	8616
18.3000	8928
18.3050	8517
18.3100	8273
18.3150	8369
18.3200	8944
18.3250	9121
18.3300	8964
18.3350	8384
18.3400	8802
18.3450	8978
18.3500	8749
18.3550	8894
18.3600	8318
18.3650	8874
18.3700	8519
18.3750	8544
18.3800	8792
18.3850	8603
18.3900	9040
18.3950	8527
18.4000	8154
18.4050	8350
18.4100	8851
18.4150	8729
18.4200	8594
18.4250	8589
18.4300	8581
18.4350	8854
18.4400	8844
18.4450	9053
18.4500	8405
18.4550	8741
18.4600	8487
18.4650	8571
18.4700	8730
18.4750	8603
18.4800	9010
18.4850	8634
18.4900	8382
18.4950	8394
18.5000	8800
18.5050	8850
18.5100	8639
18.5150	8419
18.5200	8648
18.5250	8836
18.5300	8980
18.5350	9031
18.5400	8455
18.5450	9035
18.5500	8656
18.5550	8602
18.5600	8659
18.5650	8708
18.5700	9009
18.5750	8483
18.5800	8296
18.5850	8594
18.5900	9020
18.5950	8870
18.6000	8576
18.6050	8551
18.6100	8651
18.6150	8698
18.6200	8823
18.6250	9108
18.6300	8422
18.6350	8771
18.6400	8697
18.6450	8663
18.6500	8789
18.6550	8594
18.6600	8976
18.6650	8426
18.6700	8393
18.6750	8539
18.6800	8874
18.6850	8956
18.6900	8830
18.6950	8562
18.7000	8670
18.7050	8885
18.7100	8881
18.7150	8900
18.7200	8457
18.7250	8886
18.7300	8678
18.7350	8715
18.7400	8735
18.7450	8715
18.7500	8932
18.7550	8576
18.7600	8420
18.7650	8435
18.7700	8783
18.7750	8864
18.7800	8635
18.7850	8398
18.7900	8557
18.7950	8888
18.8000	8818
18.8050	8961
18.8100	8354
18.8150	8728
18.8200	8512
18.8250	8806
18.8300	8869
18.8350	8519
18.8400	9253
18.8450	8601
18.8500	8341
18.8550	8400
18.8600	8652
18.8650	8892
18.8700	8758
18.8750	8428
18.8800	8546
18.8850	9079
18.8900	9031
18.8950	8880
18.9000	8392
18.9050	8869
18.9100	8697
18.9150	8474
18.9200	8705
18.9250	8511
18.9300	9000
18.9350	8509
18.9400	8512
18.9450	8646
18.9500	8791
18.9550	8833
18.9600	8621
18.9650	8607
18.9700	8552
18.9750	8911
18.9800	8896
18.9850	8792
18.9900	8498
18.9950	8732
19.0000	8590
19.0050	8718
19.0100	8882
19.0150	8497
19.0200	8910
19.0250	8439
19.0300	8408
19.0350	8522
19.0400	8775
19.0450	9034
19.0500	8698
19.0550	8392
19.0600	8394
19.0650	8889
19.0700	8965
19.0750	8781
19.0800	8445
19.0850	8801
19.0900	8884
19.0950	8736
19.1000	8721
19.1050	8576
19.1100	9057
19.1150	8397
19.1200	8262
19.1250	8649
19.1300	8809
19.1350	9112
19.1400	8539
19.1450	8410
19.1500	8492
19.1550	8866
19.1600	8827
19.1650	8773
19.1700	8313
19.1750	8809
19.1800	8773
19.1850	8844
19.1900	8882
19.1950	8335
19.2000	9026
19.2050	8581
19.2100	8474
19.2150	8593
19.2200	8652
19.2250	9069
19.2300	8765
19.2350	8481
19.2400	8517
19.2450	9014
19.2500	8906
19.2550	8737
19.2600	8475
19.2650	8774
19.2700	8705
19.2750	8688
19.2800	8852
19.2850	8594
19.2900	9104
19.2950	8696
19.3000	8434
19.3050	8705
19.3100	8783
19.3150	8826
19.3200	8608
19.3250	8505
19.3300	8533
19.3350	8923
19.3400	9119
19.3450	8989
19.3500	8441
19.3550	8630
19.3600	8734
19.3650	8682
19.3700	8914
19.3750	8478
19.3800	8973
19.3850	8644
19.3900	8587
19.3950	8750
19.4000	8660
19.4050	8971
19.4100	8580
19.4150	8406
19.4200	8691
19.4250	9080
19.4300	8927
19.4350	9076
19.4400	8505
19.4450	8803
19.4500	8796
19.4550	8676
19.4600	8887
19.4650	8423
19.4700	8853
19.4750	8507
19.4800	8622
19.4850	8730
19.4900	8667
19.4950	9006
19.5000	8617
19.5050	8434
19.5100	8522
19.5150	8833
19.5200	8844
19.5250	8873
19.5300	8437
19.5350	8655
19.5400	8778
19.5450	8810
19.5500	8830
19.5550	8530
19.5600	8833
19.5650	8549
19.5700	8602
19.5750	8654
19.5800	8726
19.5850	9070
19.5900	8585
19.5950	8419
19.6000	8281
19.6050	8900
19.6100	9018
19.6150	8610
19.6200	8448
19.6250	8684
19.6300	8872
19.6350	8696
19.6400	8880
19.6450	8384
19.6500	8860
19.6550	8410
19.6600	8544
19.6650	8607
19.6700	8685
19.6750	8947
19.6800	8612
19.6850	8455
19.6900	8536
19.6950	8866
19.7000	8939
19.7050	8671
19.7100	8587
19.7150	8617
19.7200	8783
19.7250	8947
19.7300	9001
19.7350	8379
19.7400	9031
19.7450	8690
19.7500	8604
19.7550	8659
19.7600	8528
19.7650	9020
19.7700	8544
19.7750	8420
19.7800	8514
19.7850	8944
19.7900	8989
19.7950	8804
19.8000	8464
19.8050	8551
19.8100	8730
19.8150	8792
19.8200	8955
19.8250	8576
19.8300	8924
19.8350	8710
19.8400	8614
19.8450	8870
19.8500	8538
19.8550	8997
19.8600	8580
19.8650	8375
19.8700	8457
19.8750	8844
19.8800	8954
19.8850	8939
19.8900	8584
19.8950	8514
19.9000	8834
19.9050	8804
19.9100	8877
19.9150	8317
19.9200	8784
19.9250	8701
19.9300	8779
19.9350	8771
19.9400	8665
19.9450	8993
19.9500	8475
19.9550	8383
19.9600	8434
19.9650	8851
19.9700	9074
19.9750	8564
19.9800	8451
19.9850	8761
19.9900	8992
19.9950	8957
