0.0000	8944
0.0040	8305
0.0080	9064
0.0120	8615
0.0160	8949
0.0200	8460
0.0240	8862
0.0280	8609
0.0320	8926
0.0360	8976
0.0400	8855
0.0440	9017
0.0480	8787
0.0520	8951
0.0560	8814
0.0600	8765
0.0640	8765
0.0680	8608
0.0720	8654
0.0760	8559
0.0800	8531
0.0840	8649
0.0880	8358
0.0920	8453
0.0960	8652
0.1000	8438
0.1040	8748
0.1080	8254
0.1120	8722
0.1160	8644
0.1200	8712
0.1240	8374
0.1280	8943
0.1320	8360
0.1360	9094
0.1400	8455
0.1440	8906
0.1480	8505
0.1520	8914
0.1560	8766
0.1600	8697
0.1640	8731
0.1680	8602
0.1720	9042
0.1760	8668
0.1800	8933
0.1840	8500
0.1880	8875
0.1920	8711
0.1960	9023
0.2000	8560
0.2040	9056
0.2080	8756
0.2120	8996
0.2160	8971
0.2200	9001
0.2240	9075
0.2280	8825
0.2320	9064
0.2360	8870
0.2400	8677
0.2440	8896
0.2480	8827
0.2520	8690
0.2560	8730
0.2600	8626
0.2640	8555
0.2680	8640
0.2720	8418
0.2760	8679
0.2800	8651
0.2840	8636
0.2880	8577
0.2920	8857
0.2960	8612
0.3000	9000
0.3040	8572
0.3080	8996
0.3120	8484
0.3160	8966
0.3200	8602
0.3240	8858
0.3280	8390
0.3320	8668
0.3360	8806
0.3400	8676
0.3440	8736
0.3480	8486
0.3520	8905
0.3560	8358
0.3600	9020
0.3640	8572
0.3680	8792
0.3720	8635
0.3760	8981
0.3800	8704
0.3840	8816
0.3880	8642
0.3920	8974
0.3960	8993
0.4000	9130
0.4040	8862
0.4080	8744
0.4120	8769
0.4160	8854
0.4200	8819
0.4240	8757
0.4280	8576
0.4320	8635
0.4360	8697
0.4400	8629
0.4440	8339
0.4480	8411
0.4520	8469
0.4560	8703
0.4600	8475
0.4640	8722
0.4680	8366
0.4720	8841
0.4760	8494
0.4800	8843
0.4840	8315
0.4880	8865
0.4920	8424
0.4960	8965
0.5000	8576
0.5040	8802
0.5080	8569
0.5120	8693
0.5160	8888
0.5200	8601
0.5240	8846
0.5280	8607
0.5320	8978
0.5360	8768
0.5400	9064
0.5440	8675
0.5480	8983
0.5520	8598
0.5560	8928
0.5600	8685
0.5640	8873
0.5680	8827
0.5720	8929
0.5760	9096
0.5800	9165
0.5840	8935
0.5880	8691
0.5920	8816
0.5960	8903
0.6000	8778
0.6040	8765
0.6080	8553
0.6120	8706
0.6160	8682
0.6200	8537
0.6240	8583
0.6280	8363
0.6320	8390
0.6360	8678
0.6400	8390
0.6440	8593
0.6480	8418
0.6520	8814
0.6560	8487
0.6600	8863
0.6640	8508
0.6680	8852
0.6720	8571
0.6760	9017
0.6800	8650
0.6840	8721
0.6880	8655
0.6920	8677
0.6960	8890
0.7000	8538
0.7040	8892
0.7080	8569
0.7120	8847
0.7160	8481
0.7200	9073
0.7240	8565
0.7280	9024
0.7320	8803
0.7360	9040
0.7400	8812
0.7440	8920
0.7480	8946
0.7520	8855
0.7560	8889
0.7600	8974
0.7640	9021
0.7680	8770
0.7720	8771
0.7760	8760
0.7800	8682
0.7840	8641
0.7880	8449
0.7920	8408
0.7960	8577
0.8000	8591
0.8040	8474
0.8080	8508
0.8120	8420
0.8160	8766
0.8200	8422
0.8240	8787
0.8280	8181
0.8320	8816
0.8360	8584
0.8400	8935
0.8440	8330
0.8480	9028
0.8520	8369
0.8560	8917
0.8600	8525
0.8640	8749
0.8680	8555
0.8720	8587
0.8760	8839
0.8800	8469
0.8840	8837
0.8880	8417
0.8920	9101
0.8960	8554
0.9000	9048
0.9040	8554
0.9080	8932
0.9120	8735
0.9160	8922
0.9200	8947
0.9240	8921
0.9280	9051
0.9320	9056
0.9360	8813
0.9400	8801
0.9440	8791
0.9480	8765
0.9520	8761
0.9560	8801
0.9600	8629
0.9640	8625
0.9680	8561
0.9720	8590
0.9760	8679
0.9800	8487
0.9840	8359
0.9880	8548
0.9920	8462
0.9960	8690
1.0000	8453
1.0040	8816
1.0080	8277
1.0120	8865
1.0160	8509
1.0200	8966
1.0240	8316
1.0280	8862
1.0320	8534
1.0360	8968
1.0400	8642
1.0440	8728
1.0480	8747
1.0520	8439
1.0560	8963
1.0600	8516
1.0640	8888
1.0680	8400
1.0720	9071
1.0760	8591
1.0800	9047
1.0840	8733
1.0880	8892
1.0920	8955
1.0960	9028
1.1000	8835
1.1040	9096
1.1080	8958
1.1120	8923
1.1160	9092
1.1200	8874
1.1240	8751
1.1280	8695
1.1320	8667
1.1360	8884
1.1400	8572
1.1440	8404
1.1480	8292
1.1520	8401
1.1560	8471
1.1600	8501
1.1640	8457
1.1680	8572
1.1720	8405
1.1760	8945
1.1800	8350
1.1840	8919
1.1880	8392
1.1920	8902
1.1960	8404
1.2000	8917
1.2040	8454
1.2080	8795
1.2120	8563
1.2160	8873
1.2200	8615
1.2240	8686
1.2280	8602
1.2320	8625
1.2360	8889
1.2400	8537
1.2440	8921
1.2480	8522
1.2520	8944
1.2560	8816
1.2600	8900
1.2640	8679
1.2680	8993
1.2720	8947
1.2760	9008
1.2800	8831
1.2840	8938
1.2880	8704
1.2920	9049
1.2960	8926
1.3000	8660
1.3040	8800
1.3080	8701
1.3120	8634
1.3160	8625
1.3200	8825
1.3240	8485
1.3280	8242
1.3320	8378
1.3360	8550
1.3400	8618
1.3440	8394
1.3480	8663
1.3520	8442
1.3560	8774
1.3600	8556
1.3640	8755
1.3680	8386
1.3720	9059
1.3760	8547
1.3800	8871
1.3840	8514
1.3880	8735
1.3920	8725
1.3960	8774
1.4000	8787
1.4040	8548
1.4080	8715
1.4120	8444
1.4160	8740
1.4200	8671
1.4240	8993
1.4280	8517
1.4320	9133
1.4360	8826
1.4400	8999
1.4440	8867
1.4480	8976
1.4520	8857
1.4560	9097
1.4600	8932
1.4640	9036
1.4680	8894
1.4720	8777
1.4760	8840
1.4800	8768
1.4840	8747
1.4880	8649
1.4920	8689
1.4960	8620
1.5000	8506
1.5040	8425
1.5080	8437
1.5120	8522
1.5160	8564
1.5200	8499
1.5240	8484
1.5280	8665
1.5320	8398
1.5360	8916
1.5400	8456
1.5440	8830
1.5480	8326
1.5520	9048
1.5560	8472
1.5600	8816
1.5640	8552
1.5680	8832
1.5720	8655
1.5760	8823
1.5800	8811
1.5840	8634
1.5880	8922
1.5920	8609
1.5960	9044
1.6000	8491
1.6040	8858
1.6080	8579
1.6120	8951
1.6160	8765
1.6200	9114
1.6240	8979
1.6280	8852
1.6320	8905
1.6360	9032
1.6400	8805
1.6440	8975
1.6480	8864
1.6520	8814
1.6560	8663
1.6600	8807
1.6640	8574
1.6680	8621
1.6720	8542
1.6760	8598
1.6800	8496
1.6840	8605
1.6880	8305
1.6920	8575
1.6960	8367
1.7000	8722
1.7040	8505
1.7080	8540
1.7120	8470
1.7160	8984
1.7200	8277
1.7240	8919
1.7280	8411
1.7320	8948
1.7360	8594
1.7400	8800
1.7440	8553
1.7480	8681
1.7520	8585
1.7560	8743
1.7600	8908
1.7640	8425
1.7680	8796
1.7720	8386
1.7760	9021
1.7800	8516
1.7840	9010
1.7880	8533
1.7920	8914
1.7960	8726
1.8000	8958
1.8040	8796
1.8080	8896
1.8120	8840
1.8160	9045
1.8200	9023
1.8240	9002
1.8280	8798
1.8320	8851
1.8360	8806
1.8400	8650
1.8440	8677
1.8480	8703
1.8520	8491
1.8560	8681
1.8600	8601
1.8640	8540
1.8680	8318
1.8720	8565
1.8760	8408
1.8800	8595
1.8840	8459
1.8880	8737
1.8920	8522
1.8960	9103
1.9000	8470
1.9040	8968
1.9080	8317
1.9120	8823
1.9160	8693
1.9200	8782
1.9240	8569
1.9280	8599
1.9320	8617
1.9360	8634
1.9400	8823
1.9440	8367
1.9480	8895
1.9520	8524
1.9560	9015
1.9600	8740
1.9640	8938
1.9680	8710
1.9720	8961
1.9760	8867
1.9800	9002
1.9840	8890
1.9880	8910
1.9920	8965
1.9960	8948
2.0000	8900
2.0040	8807
2.0080	8628
2.0120	8794
2.0160	8732
2.0200	8654
2.0240	8592
2.0280	8473
2.0320	8571
2.0360	8495
2.0400	8537
2.0440	8598
2.0480	8279
2.0520	8573
2.0560	8508
2.0600	8793
2.0640	8361
2.0680	8822
2.0720	8402
2.0760	8810
2.0800	8334
2.0840	8929
2.0880	8446
2.0920	8875
2.0960	8651
2.1000	8767
2.1040	8633
2.1080	8611
2.1120	8530
2.1160	8550
2.1200	8740
2.1240	8360
2.1280	8806
2.1320	8498
2.1360	8816
2.1400	8545
2.1440	8814
2.1480	8662
2.1520	9020
2.1560	8806
2.1600	8912
2.1640	8783
2.1680	8838
2.1720	8974
2.1760	8938
2.1800	8830
2.1840	8948
2.1880	8760
2.1920	8773
2.1960	8806
2.2000	8625
2.2040	8604
2.2080	8463
2.2120	8554
2.2160	8446
2.2200	8402
2.2240	8401
2.2280	8325
2.2320	8789
2.2360	8577
2.2400	8652
2.2440	8401
2.2480	8821
2.2520	8345
2.2560	9024
2.2600	8371
2.2640	8964
2.2680	8372
2.2720	8783
2.2760	8579
2.2800	8711
2.2840	8807
2.2880	8621
2.2920	8845
2.2960	8583
2.3000	8938
2.3040	8454
2.3080	8721
2.3120	8507
2.3160	9059
2.3200	8664
2.3240	9075
2.3280	8805
2.3320	8922
2.3360	8897
2.3400	8960
2.3440	9101
2.3480	8909
2.3520	8988
2.3560	9092
2.3600	8781
2.3640	8776
2.3680	8838
2.3720	8789
2.3760	8668
2.3800	8496
2.3840	8424
2.3880	8378
2.3920	8482
2.3960	8507
2.4000	8492
2.4040	8451
2.4080	8459
2.4120	8665
2.4160	8416
2.4200	8845
2.4240	8385
2.4280	8924
2.4320	8409
2.4360	9024
2.4400	8544
2.4440	8856
2.4480	8269
2.4520	8866
2.4560	8642
2.4600	8642
2.4640	8721
2.4680	8534
2.4720	8863
2.4760	8448
2.4800	8909
2.4840	8559
2.4880	8847
2.4920	8487
2.4960	9019
2.5000	8720
2.5040	8910
2.5080	8662
2.5120	9031
2.5160	8787
2.5200	9025
2.5240	9130
2.5280	8805
2.5320	8801
2.5360	9007
2.5400	8741
2.5440	8710
2.5480	8735
2.5520	8715
2.5560	8628
2.5600	8598
2.5640	8387
2.5680	8375
2.5720	8452
2.5760	8595
2.5800	8624
2.5840	8594
2.5880	8355
2.5920	8931
2.5960	8595
2.6000	8790
2.6040	8397
2.6080	8784
2.6120	8510
2.6160	9109
2.6200	8418
2.6240	8923
2.6280	8627
2.6320	8866
2.6360	8722
2.6400	8706
2.6440	8741
2.6480	8547
2.6520	8830
2.6560	8528
2.6600	8957
2.6640	8619
2.6680	8829
2.6720	8572
2.6760	8901
2.6800	8673
2.6840	9042
2.6880	8654
2.6920	9083
2.6960	8912
2.7000	9048
2.7040	8944
2.7080	8821
2.7120	8872
2.7160	9007
2.7200	8900
2.7240	8783
2.7280	8590
2.7320	8576
2.7360	8598
2.7400	8435
2.7440	8540
2.7480	8396
2.7520	8367
2.7560	8585
2.7600	8397
2.7640	8715
2.7680	8427
2.7720	8773
2.7760	8438
2.7800	8951
2.7840	8492
2.7880	8873
2.7920	8373
2.7960	8990
2.8000	8595
2.8040	8703
2.8080	8543
2.8120	8722
2.8160	8806
2.8200	8707
2.8240	8743
2.8280	8450
2.8320	8838
2.8360	8450
2.8400	8903
2.8440	8529
2.8480	8935
2.8520	8745
2.8560	8953
2.8600	8880
2.8640	8996
2.8680	8767
2.8720	8896
2.8760	9044
2.8800	8982
2.8840	9006
2.8880	8793
2.8920	8746
2.8960	8901
2.9000	8612
2.9040	8728
2.9080	8674
2.9120	8458
2.9160	8510
2.9200	8404
2.9240	8406
2.9280	8358
2.9320	8464
2.9360	8836
2.9400	8271
2.9440	8621
2.9480	8365
2.9520	8724
2.9560	8569
2.9600	8909
2.9640	8342
2.9680	8948
2.9720	8497
2.9760	9054
2.9800	8521
2.9840	8815
2.9880	8567
2.9920	8754
2.9960	8765
3.0000	8574
3.0040	9000
3.0080	8417
3.0120	8924
3.0160	8474
3.0200	9029
3.0240	8612
3.0280	9001
3.0320	8735
3.0360	8976
3.0400	8833
3.0440	8940
3.0480	8844
3.0520	8949
3.0560	9009
3.0600	8983
3.0640	8863
3.0680	8713
3.0720	8705
3.0760	8689
3.0800	8591
3.0840	8625
3.0880	8494
3.0920	8591
3.0960	8424
3.1000	8429
3.1040	8366
3.1080	8359
3.1120	8430
3.1160	8764
3.1200	8393
3.1240	8732
3.1280	8303
3.1320	8696
3.1360	8488
3.1400	8807
3.1440	8475
3.1480	8805
3.1520	8427
3.1560	8896
3.1600	8566
3.1640	8693
3.1680	8513
3.1720	8667
3.1760	8957
3.1800	8534
3.1840	8944
3.1880	8454
3.1920	8926
3.1960	8387
3.2000	8950
3.2040	8713
3.2080	8787
3.2120	8695
3.2160	9025
3.2200	8774
3.2240	8958
3.2280	8884
3.2320	8978
3.2360	9087
3.2400	8772
3.2440	8893
3.2480	8659
3.2520	8572
3.2560	8792
3.2600	8777
3.2640	8676
3.2680	8536
3.2720	8501
3.2760	8381
3.2800	8611
3.2840	8482
3.2880	8606
3.2920	8424
3.2960	8753
3.3000	8311
3.3040	8789
3.3080	8265
3.3120	8873
3.3160	8449
3.3200	9001
3.3240	8516
3.3280	8997
3.3320	8583
3.3360	8776
3.3400	8569
3.3440	8557
3.3480	8655
3.3520	8524
3.3560	9031
3.3600	8347
3.3640	8856
3.3680	8464
3.3720	8992
3.3760	8616
3.3800	8927
3.3840	8536
3.3880	9022
3.3920	8770
3.3960	9085
3.4000	8757
3.4040	8867
3.4080	8909
3.4120	8948
3.4160	9040
3.4200	8758
3.4240	8787
3.4280	8643
3.4320	8640
3.4360	8794
3.4400	8438
3.4440	8607
3.4480	8538
3.4520	8502
3.4560	8381
3.4600	8639
3.4640	8389
3.4680	8562
3.4720	8362
3.4760	8811
3.4800	8392
3.4840	8776
3.4880	8354
3.4920	8958
3.4960	8380
3.5000	8964
3.5040	8454
3.5080	8774
3.5120	8667
3.5160	8909
3.5200	8838
3.5240	8579
3.5280	8678
3.5320	8485
3.5360	8954
3.5400	8515
3.5440	8847
3.5480	8397
3.5520	8992
3.5560	8600
3.5600	8915
3.5640	8610
3.5680	8920
3.5720	8864
3.5760	8957
3.5800	8881
3.5840	8999
3.5880	8846
3.5920	8819
3.5960	8968
3.6000	8818
3.6040	8791
3.6080	8658
3.6120	8708
3.6160	8611
3.6200	8309
3.6240	8617
3.6280	8480
3.6320	8520
3.6360	8389
3.6400	8521
3.6440	8367
3.6480	8628
3.6520	8492
3.6560	8767
3.6600	8585
3.6640	8990
3.6680	8301
3.6720	8884
3.6760	8428
3.6800	8898
3.6840	8549
3.6880	8744
3.6920	8490
3.6960	8862
3.7000	8709
3.7040	8705
3.7080	8702
3.7120	8563
3.7160	8925
3.7200	8542
3.7240	8940
3.7280	8397
3.7320	8944
3.7360	8752
3.7400	9013
3.7440	8660
3.7480	8910
3.7520	8873
3.7560	9034
3.7600	8848
3.7640	8942
3.7680	8777
3.7720	9059
3.7760	8854
3.7800	8868
3.7840	8765
3.7880	8669
3.7920	8596
3.7960	8599
3.8000	8687
3.8040	8413
3.8080	8245
3.8120	8500
3.8160	8597
3.8200	8564
3.8240	8434
3.8280	8604
3.8320	8526
3.8360	8768
3.8400	8484
3.8440	8737
3.8480	8307
3.8520	9056
3.8560	8530
3.8600	8944
3.8640	8426
3.8680	8663
3.8720	8585
3.8760	8690
3.8800	8577
3.8840	8745
3.8880	8743
3.8920	8526
3.8960	8951
3.9000	8395
3.9040	8946
3.9080	8591
3.9120	8792
3.9160	8872
3.9200	9054
3.9240	8682
3.9280	9015
3.9320	8833
3.9360	9019
3.9400	8873
3.9440	8872
3.9480	8695
3.9520	8842
3.9560	8738
3.9600	8784
3.9640	8574
3.9680	8653
3.9720	8535
3.9760	8507
3.9800	8455
3.9840	8568
3.9880	8477
3.9920	8550
3.9960	8547
4.0000	8776
4.0040	8466
4.0080	8602
4.0120	8391
4.0160	8836
4.0200	8436
4.0240	9031
4.0280	8344
4.0320	8905
4.0360	8603
4.0400	8715
4.0440	8604
4.0480	8628
4.0520	8694
4.0560	8680
4.0600	8829
4.0640	8717
4.0680	8911
4.0720	8434
4.0760	8988
4.0800	8440
4.0840	8930
4.0880	8551
4.0920	9064
4.0960	8818
4.1000	9019
4.1040	8876
4.1080	9088
4.1120	8885
4.1160	9112
4.1200	8936
4.1240	8863
4.1280	8602
4.1320	8861
4.1360	8801
4.1400	8817
4.1440	8592
4.1480	8586
4.1520	8600
4.1560	8552
4.1600	8521
4.1640	8457
4.1680	8366
4.1720	8539
4.1760	8684
4.1800	8790
4.1840	8387
4.1880	8793
4.1920	8474
4.1960	8805
4.2000	8482
4.2040	8900
4.2080	8360
4.2120	8981
4.2160	8553
4.2200	8786
4.2240	8672
4.2280	8549
4.2320	8788
4.2360	8604
4.2400	8755
4.2440	8595
4.2480	8857
4.2520	8452
4.2560	9024
4.2600	8681
4.2640	8928
4.2680	8599
4.2720	9075
4.2760	8798
4.2800	8944
4.2840	8774
4.2880	9034
4.2920	8959
4.2960	9144
4.3000	9000
4.3040	8900
4.3080	8684
4.3120	8760
4.3160	8915
4.3200	8794
4.3240	8691
4.3280	8622
4.3320	8557
4.3360	8511
4.3400	8425
4.3440	8403
4.3480	8439
4.3520	8536
4.3560	8442
4.3600	8683
4.3640	8574
4.3680	8706
4.3720	8544
4.3760	8931
4.3800	8391
4.3840	8880
4.3880	8265
4.3920	8765
4.3960	8563
4.4000	8628
4.4040	8661
4.4080	8590
4.4120	8764
4.4160	8601
4.4200	8732
4.4240	8447
4.4280	8882
4.4320	8536
4.4360	9003
4.4400	8657
4.4440	9002
4.4480	8594
4.4520	8958
4.4560	8843
4.4600	8908
4.4640	8952
4.4680	8855
4.4720	8860
4.4760	8860
4.4800	8928
4.4840	8944
4.4880	8712
4.4920	8868
4.4960	8743
4.5000	8660
4.5040	8479
4.5080	8352
4.5120	8427
4.5160	8497
4.5200	8467
4.5240	8462
4.5280	8299
4.5320	8612
4.5360	8475
4.5400	8714
4.5440	8514
4.5480	8704
4.5520	8592
4.5560	8950
4.5600	8363
4.5640	8832
4.5680	8321
4.5720	8883
4.5760	8538
4.5800	8687
4.5840	8737
4.5880	8489
4.5920	8805
4.5960	8582
4.6000	8967
4.6040	8391
4.6080	8743
4.6120	8583
4.6160	8991
4.6200	8410
4.6240	8929
4.6280	8565
4.6320	8780
4.6360	8887
4.6400	8915
4.6440	9000
4.6480	8739
4.6520	8825
4.6560	8879
4.6600	8823
4.6640	8681
4.6680	8733
4.6720	8650
4.6760	8689
4.6800	8560
4.6840	8498
4.6880	8502
4.6920	8497
4.6960	8563
4.7000	8376
4.7040	8436
4.7080	8422
4.7120	8617
4.7160	8429
4.7200	8706
4.7240	8284
4.7280	8843
4.7320	8376
4.7360	8926
4.7400	8396
4.7440	8880
4.7480	8554
4.7520	8916
4.7560	8541
4.7600	8676
4.7640	8730
4.7680	8453
4.7720	8809
4.7760	8510
4.7800	8859
4.7840	8499
4.7880	8930
4.7920	8669
4.7960	8993
4.8000	8757
4.8040	8885
4.8080	8799
4.8120	8845
4.8160	8856
4.8200	8962
4.8240	8876
4.8280	8863
4.8320	8926
4.8360	9018
4.8400	8834
4.8440	8655
4.8480	8710
4.8520	8754
4.8560	8626
4.8600	8499
4.8640	8546
4.8680	8359
4.8720	8480
4.8760	8584
4.8800	8345
4.8840	8707
4.8880	8284
4.8920	8857
4.8960	8557
4.9000	8735
4.9040	8476
4.9080	8959
4.9120	8365
4.9160	9034
4.9200	8401
4.9240	8887
4.9280	8438
4.9320	8829
4.9360	8671
4.9400	8707
4.9440	8694
4.9480	8421
4.9520	8885
4.9560	8516
4.9600	8796
4.9640	8665
4.9680	8866
4.9720	8601
4.9760	9106
4.9800	8558
4.9840	9118
4.9880	8864
4.9920	9052
4.9960	8907
5.0000	8746
5.0040	8916
5.0080	8872
5.0120	8976
5.0160	8960
5.0200	8688
5.0240	8691
5.0280	8610
5.0320	8559
5.0360	8671
5.0400	8476
5.0440	8424
5.0480	8270
5.0520	8452
5.0560	8594
5.0600	8392
5.0640	8571
5.0680	8268
5.0720	8794
5.0760	8533
5.0800	8918
5.0840	8199
5.0880	8802
5.0920	8420
5.0960	8973
5.1000	8562
5.1040	8935
5.1080	8503
5.1120	8859
5.1160	8713
5.1200	8548
5.1240	8737
5.1280	8417
5.1320	8773
5.1360	8512
5.1400	8953
5.1440	8534
5.1480	8919
5.1520	8713
5.1560	9058
5.1600	8722
5.1640	9009
5.1680	8749
5.1720	8817
5.1760	8794
5.1800	8868
5.1840	8801
5.1880	8861
5.1920	8991
5.1960	8846
5.2000	8776
5.2040	8736
5.2080	8612
5.2120	8555
5.2160	8542
5.2200	8532
5.2240	8433
5.2280	8478
5.2320	8464
5.2360	8741
5.2400	8379
5.2440	8669
5.2480	8300
5.2520	8871
5.2560	8456
5.2600	8792
5.2640	8455
5.2680	8830
5.2720	8421
5.2760	8965
5.2800	8486
5.2840	8865
5.2880	8638
5.2920	8702
5.2960	8784
5.3000	8675
5.3040	8841
5.3080	8464
5.3120	8873
5.3160	8504
5.3200	8954
5.3240	8583
5.3280	9012
5.3320	8680
5.3360	8925
5.3400	8763
5.3440	8993
5.3480	8719
5.3520	8920
5.3560	9058
5.3600	8862
5.3640	8911
5.3680	8715
5.3720	8819
5.3760	8682
5.3800	8702
5.3840	8681
5.3880	8393
5.3920	8498
5.3960	8593
5.4000	8506
5.4040	8367
5.4080	8462
5.4120	8485
5.4160	8672
5.4200	8447
5.4240	8718
5.4280	8332
5.4320	8828
5.4360	8406
5.4400	8904
5.4440	8375
5.4480	8922
5.4520	8367
5.4560	8975
5.4600	8535
5.4640	8751
5.4680	8490
5.4720	8552
5.4760	8799
5.4800	8518
5.4840	8842
5.4880	8203
5.4920	8952
5.4960	8734
5.5000	8975
5.5040	8628
5.5080	9024
5.5120	8720
5.5160	8940
5.5200	8842
5.5240	9029
5.5280	8864
5.5320	8877
5.5360	8961
5.5400	8945
5.5440	8799
5.5480	8682
5.5520	8698
5.5560	8820
5.5600	8674
5.5640	8733
5.5680	8362
5.5720	8460
5.5760	8520
5.5800	8569
5.5840	8306
5.5880	8516
5.5920	8250
5.5960	8659
5.6000	8364
5.6040	8732
5.6080	8146
5.6120	8832
5.6160	8398
5.6200	9086
5.6240	8431
5.6280	8938
5.6320	8555
5.6360	8780
5.6400	8747
5.6440	8696
5.6480	8517
5.6520	8455
5.6560	8730
5.6600	8474
5.6640	8959
5.6680	8345
5.6720	9097
5.6760	8389
5.6800	9090
5.6840	8775
5.6880	8833
5.6920	8712
5.6960	9062
5.7000	8860
5.7040	9034
5.7080	8824
5.7120	9033
5.7160	8997
5.7200	8984
5.7240	8963
5.7280	8732
5.7320	8705
5.7360	8861
5.7400	8735
5.7440	8796
5.7480	8508
5.7520	8616
5.7560	8434
5.7600	8332
5.7640	8358
5.7680	8612
5.7720	8387
5.7760	8876
5.7800	8402
5.7840	8878
5.7880	8260
5.7920	8904
5.7960	8449
5.8000	9066
5.8040	8365
5.8080	8979
5.8120	8454
5.8160	8771
5.8200	8638
5.8240	8482
5.8280	8719
5.8320	8578
5.8360	8862
5.8400	8574
5.8440	8885
5.8480	8414
5.8520	8869
5.8560	8690
5.8600	8936
5.8640	8585
5.8680	8801
5.8720	8623
5.8760	9124
5.8800	8979
5.8840	9127
5.8880	8923
5.8920	8892
5.8960	8853
5.9000	8758
5.9040	8792
5.9080	8598
5.9120	8712
5.9160	8798
5.9200	8418
5.9240	8570
5.9280	8327
5.9320	8466
5.9360	8603
5.9400	8453
5.9440	8399
5.9480	8502
5.9520	8383
5.9560	8828
5.9600	8353
5.9640	8731
5.9680	8328
5.9720	8974
5.9760	8412
5.9800	9003
5.9840	8483
5.9880	8728
5.9920	8583
5.9960	8773
6.0000	8604
6.0040	8611
6.0080	8787
6.0120	8742
6.0160	8923
6.0200	8380
6.0240	9067
6.0280	8512
6.0320	8845
6.0360	8653
6.0400	8987
6.0440	8706
6.0480	8946
6.0520	8775
6.0560	9060
6.0600	8826
6.0640	8919
6.0680	8959
6.0720	8873
6.0760	8721
6.0800	8859
6.0840	8810
6.0880	8613
6.0920	8551
6.0960	8676
6.1000	8395
6.1040	8474
6.1080	8367
6.1120	8620
6.1160	8478
6.1200	8528
6.1240	8340
6.1280	8522
6.1320	8406
6.1360	8884
6.1400	8490
6.1440	8766
6.1480	8338
6.1520	8862
6.1560	8401
6.1600	8777
6.1640	8428
6.1680	8726
6.1720	8681
6.1760	8769
6.1800	8560
6.1840	8571
6.1880	8681
6.1920	8274
6.1960	8930
6.2000	8477
6.2040	9017
6.2080	8601
6.2120	9017
6.2160	8721
6.2200	9088
6.2240	8695
6.2280	8919
6.2320	8887
6.2360	8992
6.2400	8998
6.2440	9031
6.2480	8764
6.2520	8760
6.2560	8910
6.2600	8840
6.2640	8689
6.2680	8582
6.2720	8511
6.2760	8645
6.2800	8508
6.2840	8430
6.2880	8361
6.2920	8607
6.2960	8494
6.3000	8542
6.3040	8459
6.3080	8638
6.3120	8446
6.3160	8863
6.3200	8424
6.3240	9002
6.3280	8390
6.3320	9002
6.3360	8415
6.3400	8800
6.3440	8536
6.3480	8798
6.3520	8631
6.3560	8696
6.3600	8679
6.3640	8608
6.3680	8841
6.3720	8394
6.3760	9071
6.3800	8421
6.3840	8913
6.3880	8529
6.3920	8923
6.3960	8636
6.4000	8943
6.4040	8737
6.4080	8914
6.4120	8733
6.4160	9049
6.4200	8948
6.4240	9014
6.4280	8750
6.4320	8826
6.4360	8856
6.4400	8826
6.4440	8638
6.4480	8556
6.4520	8562
6.4560	8531
6.4600	8295
6.4640	8601
6.4680	8498
6.4720	8502
6.4760	8574
6.4800	8596
6.4840	8440
6.4880	8591
6.4920	8395
6.4960	8875
6.5000	8443
6.5040	8884
6.5080	8323
6.5120	8983
6.5160	8554
6.5200	8784
6.5240	8551
6.5280	8718
6.5320	8801
6.5360	8658
6.5400	8663
6.5440	8594
6.5480	8739
6.5520	8429
6.5560	8996
6.5600	8551
6.5640	8935
6.5680	8573
6.5720	9032
6.5760	8767
6.5800	9115
6.5840	8770
6.5880	9003
6.5920	8960
6.5960	8990
6.6000	8894
6.6040	9026
6.6080	8974
6.6120	8770
6.6160	8859
6.6200	8899
6.6240	8574
6.6280	8504
6.6320	8491
6.6360	8521
6.6400	8546
6.6440	8583
6.6480	8243
6.6520	8414
6.6560	8465
6.6600	8856
6.6640	8516
6.6680	8767
6.6720	8288
6.6760	8997
6.6800	8592
6.6840	9022
6.6880	8437
6.6920	8935
6.6960	8403
6.7000	8871
6.7040	8606
6.7080	8783
6.7120	8649
6.7160	8725
6.7200	8687
6.7240	8419
6.7280	8896
6.7320	8545
6.7360	8902
6.7400	8717
6.7440	8815
6.7480	8697
6.7520	9026
6.7560	8657
6.7600	9027
6.7640	8677
6.7680	8813
6.7720	8901
6.7760	9123
6.7800	8907
6.7840	8727
6.7880	8794
6.7920	8748
6.7960	8670
6.8000	8645
6.8040	8461
6.8080	8580
6.8120	8440
6.8160	8516
6.8200	8419
6.8240	8531
6.8280	8302
6.8320	8572
6.8360	8610
6.8400	8739
6.8440	8586
6.8480	8922
6.8520	8560
6.8560	9026
6.8600	8490
6.8640	8859
6.8680	8314
6.8720	8963
6.8760	8506
6.8800	8900
6.8840	8725
6.8880	8710
6.8920	8649
6.8960	8499
6.9000	8819
6.9040	8677
6.9080	9005
6.9120	8582
6.9160	9077
6.9200	8703
6.9240	8908
6.9280	8590
6.9320	8994
6.9360	8790
6.9400	8952
6.9440	9099
6.9480	8933
6.9520	8929
6.9560	8977
6.9600	9073
6.9640	8944
6.9680	8810
6.9720	8867
6.9760	8615
6.9800	8689
6.9840	8478
6.9880	8557
6.9920	8588
6.9960	8552
7.0000	8403
7.0040	8496
7.0080	8156
7.0120	8830
7.0160	8404
7.0200	8805
7.0240	8471
7.0280	8734
7.0320	8368
7.0360	9031
7.0400	8395
7.0440	8880
7.0480	8207
7.0520	8762
7.0560	8652
7.0600	8790
7.0640	8654
7.0680	8471
7.0720	8829
7.0760	8426
7.0800	9005
7.0840	8402
7.0880	9033
7.0920	8630
7.0960	8981
7.1000	8601
7.1040	8861
7.1080	8864
7.1120	9114
7.1160	8873
7.1200	9060
7.1240	9006
7.1280	8801
7.1320	8829
7.1360	8807
7.1400	8750
7.1440	8899
7.1480	8658
7.1520	8655
7.1560	8579
7.1600	8485
7.1640	8588
7.1680	8559
7.1720	8400
7.1760	8496
7.1800	8411
7.1840	8650
7.1880	8463
7.1920	8618
7.1960	8525
7.2000	8809
7.2040	8576
7.2080	8747
7.2120	8391
7.2160	9013
7.2200	8505
7.2240	8785
7.2280	8411
7.2320	8802
7.2360	8694
7.2400	8683
7.2440	8837
7.2480	8497
7.2520	8750
7.2560	8633
7.2600	8956
7.2640	8528
7.2680	8973
7.2720	8537
7.2760	8940
7.2800	8651
7.2840	9042
7.2880	8829
7.2920	9022
7.2960	8725
7.3000	8948
7.3040	8967
7.3080	8752
7.3120	8897
7.3160	8956
7.3200	8700
7.3240	8705
7.3280	8598
7.3320	8515
7.3360	8620
7.3400	8573
7.3440	8401
7.3480	8393
7.3520	8381
7.3560	8639
7.3600	8481
7.3640	8636
7.3680	8304
7.3720	8667
7.3760	8339
7.3800	8909
7.3840	8373
7.3880	8884
7.3920	8375
7.3960	8783
7.4000	8282
7.4040	8820
7.4080	8426
7.4120	8799
7.4160	8819
7.4200	8531
7.4240	8817
7.4280	8410
7.4320	8872
7.4360	8511
7.4400	8789
7.4440	8577
7.4480	9021
7.4520	8563
7.4560	9019
7.4600	8801
7.4640	8838
7.4680	8706
7.4720	8857
7.4760	8926
7.4800	9097
7.4840	8896
7.4880	8664
7.4920	8831
7.4960	8805
7.5000	8662
7.5040	8571
7.5080	8593
7.5120	8630
7.5160	8437
7.5200	8538
7.5240	8361
7.5280	8534
7.5320	8454
7.5360	8639
7.5400	8386
7.5440	8692
7.5480	8574
7.5520	8822
7.5560	8481
7.5600	8807
7.5640	8372
7.5680	8788
7.5720	8423
7.5760	8916
7.5800	8493
7.5840	8605
7.5880	8442
7.5920	8716
7.5960	8677
7.6000	8784
7.6040	8740
7.6080	8351
7.6120	8848
7.6160	8575
7.6200	8858
7.6240	8488
7.6280	8878
7.6320	8784
7.6360	9110
7.6400	8895
7.6440	8886
7.6480	8860
7.6520	8978
7.6560	8970
7.6600	8913
7.6640	8743
7.6680	8792
7.6720	8900
7.6760	8934
7.6800	8819
7.6840	8758
7.6880	8513
7.6920	8542
7.6960	8557
7.7000	8360
7.7040	8288
7.7080	8568
7.7120	8408
7.7160	8521
7.7200	8655
7.7240	8662
7.7280	8256
7.7320	8933
7.7360	8360
7.7400	8950
7.7440	8486
7.7480	9054
7.7520	8440
7.7560	9007
7.7600	8603
7.7640	8629
7.7680	8631
7.7720	8641
7.7760	8690
7.7800	8561
7.7840	8900
7.7880	8448
7.7920	8987
7.7960	8400
7.8000	9046
7.8040	8591
7.8080	8811
7.8120	8627
7.8160	9069
7.8200	8850
7.8240	8978
7.8280	8799
7.8320	8810
7.8360	8959
7.8400	8895
7.8440	8729
7.8480	8677
7.8520	8798
7.8560	8769
7.8600	8626
7.8640	8719
7.8680	8492
7.8720	8533
7.8760	8433
7.8800	8493
7.8840	8456
7.8880	8311
7.8920	8437
7.8960	8620
7.9000	8341
7.9040	8890
7.9080	8370
7.9120	8864
7.9160	8504
7.9200	8999
7.9240	8431
7.9280	8828
7.9320	8478
7.9360	8941
7.9400	8644
7.9440	8695
7.9480	8466
7.9520	8705
7.9560	8760
7.9600	8469
7.9640	8971
7.9680	8524
7.9720	9073
7.9760	8611
7.9800	9092
7.9840	8573
7.9880	8862
7.9920	8675
7.9960	8975
8.0000	8931
8.0040	9049
8.0080	8768
8.0120	9078
8.0160	8910
8.0200	9057
8.0240	8782
8.0280	8794
8.0320	8846
8.0360	8812
8.0400	8558
8.0440	8754
8.0480	8430
8.0520	8618
8.0560	8327
8.0600	8466
8.0640	8372
8.0680	8455
8.0720	8414
8.0760	8726
8.0800	8533
8.0840	8767
8.0880	8346
8.0920	9080
8.0960	8451
8.1000	8964
8.1040	8462
8.1080	8895
8.1120	8508
8.1160	8875
8.1200	8614
8.1240	8800
8.1280	8518
8.1320	8687
8.1360	9002
8.1400	8549
8.1440	8983
8.1480	8464
8.1520	8931
8.1560	8553
8.1600	8897
8.1640	8703
8.1680	8853
8.1720	8738
8.1760	9110
8.1800	8877
8.1840	8856
8.1880	8813
8.1920	9008
8.1960	9140
8.2000	8888
8.2040	8643
8.2080	8711
8.2120	8770
8.2160	8804
8.2200	8662
8.2240	8562
8.2280	8341
8.2320	8390
8.2360	8402
8.2400	8569
8.2440	8439
8.2480	8607
8.2520	8376
8.2560	8779
8.2600	8461
8.2640	8728
8.2680	8418
8.2720	8760
8.2760	8421
8.2800	8965
8.2840	8424
8.2880	8949
8.2920	8308
8.2960	8833
8.3000	8730
8.3040	8638
8.3080	8825
8.3120	8594
8.3160	8907
8.3200	8414
8.3240	8787
8.3280	8433
8.3320	9154
8.3360	8724
8.3400	9161
8.3440	8751
8.3480	8751
8.3520	8959
8.3560	9145
8.3600	8846
8.3640	9008
8.3680	8875
8.3720	8988
8.3760	8988
8.3800	8653
8.3840	8695
8.3880	8581
8.3920	8603
8.3960	8680
8.4000	8596
8.4040	8616
8.4080	8308
8.4120	8512
8.4160	8488
8.4200	8505
8.4240	8407
8.4280	8567
8.4320	8467
8.4360	8868
8.4400	8506
8.4440	8795
8.4480	8250
8.4520	8968
8.4560	8483
8.4600	8757
8.4640	8464
8.4680	8755
8.4720	8750
8.4760	8773
8.4800	8727
8.4840	8574
8.4880	8615
8.4920	8540
8.4960	8977
8.5000	8301
8.5040	8863
8.5080	8528
8.5120	9089
8.5160	8751
8.5200	8846
8.5240	8791
8.5280	8990
8.5320	8968
8.5360	8972
8.5400	9058
8.5440	9167
8.5480	9099
8.5520	8837
8.5560	8849
8.5600	8650
8.5640	8760
8.5680	8740
8.5720	8657
8.5760	8478
8.5800	8593
8.5840	8348
8.5880	8474
8.5920	8581
8.5960	8446
8.6000	8563
8.6040	8301
8.6080	8698
8.6120	8527
8.6160	8980
8.6200	8480
8.6240	8930
8.6280	8355
8.6320	8930
8.6360	8508
8.6400	9035
8.6440	8589
8.6480	8595
8.6520	8640
8.6560	8796
8.6600	8804
8.6640	8518
8.6680	8890
8.6720	8408
8.6760	8964
8.6800	8571
8.6840	9007
8.6880	8614
8.6920	9063
8.6960	8733
8.7000	8947
8.7040	8775
8.7080	8928
8.7120	8776
8.7160	8914
8.7200	8890
8.7240	8793
8.7280	8871
8.7320	8747
8.7360	8860
8.7400	8762
8.7440	8570
8.7480	8430
8.7520	8428
8.7560	8610
8.7600	8500
8.7640	8497
8.7680	8338
8.7720	8474
8.7760	8513
8.7800	8900
8.7840	8400
8.7880	8564
8.7920	8393
8.7960	8841
8.8000	8530
8.8040	9017
8.8080	8243
8.8120	8949
8.8160	8557
8.8200	8881
8.8240	8606
8.8280	8494
8.8320	8729
8.8360	8622
8.8400	8732
8.8440	8635
8.8480	8781
8.8520	8559
8.8560	9018
8.8600	8592
8.8640	8935
8.8680	8600
8.8720	8896
8.8760	8731
8.8800	8872
8.8840	8861
8.8880	8867
8.8920	8908
8.8960	8951
8.9000	8891
8.9040	8921
8.9080	8820
8.9120	8814
8.9160	8770
8.9200	8784
8.9240	8605
8.9280	8476
8.9320	8682
8.9360	8599
8.9400	8431
8.9440	8394
8.9480	8313
8.9520	8426
8.9560	8430
8.9600	8709
8.9640	8505
8.9680	8801
8.9720	8549
8.9760	8838
8.9800	8489
8.9840	8946
8.9880	8399
8.9920	8829
8.9960	8677
9.0000	8704
9.0040	8578
9.0080	8594
9.0120	8617
9.0160	8666
9.0200	8780
9.0240	8486
9.0280	8903
9.0320	8496
9.0360	9120
9.0400	8594
9.0440	9026
9.0480	8476
9.0520	8840
9.0560	8879
9.0600	8996
9.0640	8938
9.0680	8871
9.0720	8854
9.0760	8987
9.0800	8868
9.0840	8786
9.0880	8775
9.0920	8675
9.0960	8702
9.1000	8712
9.1040	8614
9.1080	8590
9.1120	8435
9.1160	8416
9.1200	8530
9.1240	8382
9.1280	8309
9.1320	8512
9.1360	8516
9.1400	8490
9.1440	8395
9.1480	8706
9.1520	8339
9.1560	8966
9.1600	8313
9.1640	8791
9.1680	8274
9.1720	8830
9.1760	8361
9.1800	8751
9.1840	8687
9.1880	8462
9.1920	8590
9.1960	8606
9.2000	8886
9.2040	8529
9.2080	8965
9.2120	8470
9.2160	9088
9.2200	8656
9.2240	8956
9.2280	8650
9.2320	9015
9.2360	8738
9.2400	8879
9.2440	8999
9.2480	8846
9.2520	8971
9.2560	8943
9.2600	8937
9.2640	8806
9.2680	8633
9.2720	8719
9.2760	8745
9.2800	8496
9.2840	8592
9.2880	8653
9.2920	8406
9.2960	8509
9.3000	8332
9.3040	8574
9.3080	8425
9.3120	8829
9.3160	8531
9.3200	8860
9.3240	8508
9.3280	8774
9.3320	8507
9.3360	9064
9.3400	8500
9.3440	8926
9.3480	8294
9.3520	8972
9.3560	8637
9.3600	8753
9.3640	8699
9.3680	8480
9.3720	8827
9.3760	8426
9.3800	8897
9.3840	8423
9.3880	8941
9.3920	8329
9.3960	9219
9.4000	8632
9.4040	8812
9.4080	8542
9.4120	8942
9.4160	8746
9.4200	8894
9.4240	8893
9.4280	8989
9.4320	9105
9.4360	9232
9.4400	8768
9.4440	8763
9.4480	8636
9.4520	8606
9.4560	8689
9.4600	8581
9.4640	8586
9.4680	8471
9.4720	8447
9.4760	8555
9.4800	8576
9.4840	8573
9.4880	8320
9.4920	8594
9.4960	8544
9.5000	8886
9.5040	8417
9.5080	8874
9.5120	8429
9.5160	8986
9.5200	8376
9.5240	8846
9.5280	8504
9.5320	8784
9.5360	8649
9.5400	8708
9.5440	8812
9.5480	8529
9.5520	8670
9.5560	8571
9.5600	8995
9.5640	8494
9.5680	8999
9.5720	8583
9.5760	8985
9.5800	8654
9.5840	8977
9.5880	8740
9.5920	8914
9.5960	8880
9.6000	9034
9.6040	8932
9.6080	8890
9.6120	8895
9.6160	8731
9.6200	8885
9.6240	8728
9.6280	8538
9.6320	8452
9.6360	8694
9.6400	8595
9.6440	8541
9.6480	8493
9.6520	8495
9.6560	8549
9.6600	8342
9.6640	8549
9.6680	8310
9.6720	8744
9.6760	8464
9.6800	8605
9.6840	8378
9.6880	8871
9.6920	8527
9.6960	9019
9.7000	8434
9.7040	9056
9.7080	8444
9.7120	8699
9.7160	8630
9.7200	8688
9.7240	8748
9.7280	8583
9.7320	8917
9.7360	8626
9.7400	9018
9.7440	8392
9.7480	8961
9.7520	8633
9.7560	9093
9.7600	8656
9.7640	9054
9.7680	8668
9.7720	8938
9.7760	8886
9.7800	8917
9.7840	9024
9.7880	9012
9.7920	8875
9.7960	8888
9.8000	8761
9.8040	8644
9.8080	8591
9.8120	8603
9.8160	8601
9.8200	8546
9.8240	8483
9.8280	8335
9.8320	8642
9.8360	8706
9.8400	8432
9.8440	8703
9.8480	8251
9.8520	8677
9.8560	8368
9.8600	8872
9.8640	8357
9.8680	8854
9.8720	8576
9.8760	9001
9.8800	8430
9.8840	8815
9.8880	8388
9.8920	8740
9.8960	8824
9.9000	8724
9.9040	8774
9.9080	8587
9.9120	9024
9.9160	8562
9.9200	9011
9.9240	8548
9.9280	8912
9.9320	8655
9.9360	9044
9.9400	8604
9.9440	8997
9.9480	8827
9.9520	8906
9.9560	8912
9.9600	9069
9.9640	8974
9.9680	8701
9.9720	8817
9.9760	8717
9.9800	8761
9.9840	8770
9.9880	8679
9.9920	8553
9.9960	8575
10.0000	8471
10.0040	8419
10.0080	8331
10.0120	8468
10.0160	8575
10.0200	8398
10.0240	8787
10.0280	8422
10.0320	8715
10.0360	8574
10.0400	8863
10.0440	8428
10.0480	8883
10.0520	8434
10.0560	9034
10.0600	8555
10.0640	8989
10.0680	8536
10.0720	8754
10.0760	8858
10.0800	8595
10.0840	8764
10.0880	8564
10.0920	8973
10.0960	8525
10.1000	9117
10.1040	8659
10.1080	8978
10.1120	8641
10.1160	8938
10.1200	8850
10.1240	9116
10.1280	8902
10.1320	8984
10.1360	8966
10.1400	8862
10.1440	8859
10.1480	8875
10.1520	8861
10.1560	8787
10.1600	8566
10.1640	8611
10.1680	8529
10.1720	8475
10.1760	8351
10.1800	8392
10.1840	8592
10.1880	8427
10.1920	8317
10.1960	8515
10.2000	8392
10.2040	8666
10.2080	8424
10.2120	8913
10.2160	8330
10.2200	8914
10.2240	8442
10.2280	8823
10.2320	8528
10.2360	8954
10.2400	8667
10.2440	8702
10.2480	8682
10.2520	8781
10.2560	8757
10.2600	8523
10.2640	8666
10.2680	8355
10.2720	8948
10.2760	8557
10.2800	9002
10.2840	8818
10.2880	8802
10.2920	8665
10.2960	9005
10.3000	8762
10.3040	9075
10.3080	8947
10.3120	8975
10.3160	8889
10.3200	8985
10.3240	8857
10.3280	8796
10.3320	8627
10.3360	8780
10.3400	8530
10.3440	8765
10.3480	8430
10.3520	8422
10.3560	8417
10.3600	8400
10.3640	8523
10.3680	8539
10.3720	8533
10.3760	8702
10.3800	8476
10.3840	8850
10.3880	8264
10.3920	8738
10.3960	8555
10.4000	8940
10.4040	8369
10.4080	8943
10.4120	8577
10.4160	8866
10.4200	8670
10.4240	8664
10.4280	8628
10.4320	8640
10.4360	8976
10.4400	8554
10.4440	8964
10.4480	8385
10.4520	8947
10.4560	8666
10.4600	8819
10.4640	8652
10.4680	8926
10.4720	8797
10.4760	9115
10.4800	9052
10.4840	9001
10.4880	8871
10.4920	8927
10.4960	8767
10.5000	8901
10.5040	8869
10.5080	8884
10.5120	8696
10.5160	8778
10.5200	8674
10.5240	8549
10.5280	8495
10.5320	8430
10.5360	8470
10.5400	8574
10.5440	8272
10.5480	8475
10.5520	8438
10.5560	8768
10.5600	8536
10.5640	8887
10.5680	8379
10.5720	8984
10.5760	8339
10.5800	8929
10.5840	8547
10.5880	8816
10.5920	8612
10.5960	8814
10.6000	8557
10.6040	8638
10.6080	8729
10.6120	8626
10.6160	8847
10.6200	8666
10.6240	8730
10.6280	8429
10.6320	9028
10.6360	8602
10.6400	9005
10.6440	8747
10.6480	8834
10.6520	8838
10.6560	8992
10.6600	8793
10.6640	9052
10.6680	8898
10.6720	8870
10.6760	8893
10.6800	8835
10.6840	8760
10.6880	8602
10.6920	8576
10.6960	8551
10.7000	8464
10.7040	8419
10.7080	8410
10.7120	8572
10.7160	8514
10.7200	8481
10.7240	8416
10.7280	8592
10.7320	8477
10.7360	8919
10.7400	8446
10.7440	8839
10.7480	8414
10.7520	9094
10.7560	8404
10.7600	8906
10.7640	8376
10.7680	8774
10.7720	8658
10.7760	8742
10.7800	8610
10.7840	8683
10.7880	8855
10.7920	8445
10.7960	8973
10.8000	8512
10.8040	9039
10.8080	8580
10.8120	9130
10.8160	8712
10.8200	8879
10.8240	8719
10.8280	8941
10.8320	8874
10.8360	9139
10.8400	8968
10.8440	8902
10.8480	9031
10.8520	8871
10.8560	8928
10.8600	8717
10.8640	8750
10.8680	8638
10.8720	8703
10.8760	8728
10.8800	8453
10.8840	8553
10.8880	8497
10.8920	8500
10.8960	8458
10.9000	8566
10.9040	8543
10.9080	8707
10.9120	8307
10.9160	8854
10.9200	8392
10.9240	8780
10.9280	8289
10.9320	8994
10.9360	8620
10.9400	8923
10.9440	8632
10.9480	8771
10.9520	8561
10.9560	8737
10.9600	8594
10.9640	8521
10.9680	8854
10.9720	8593
10.9760	9017
10.9800	8509
10.9840	9043
10.9880	8503
10.9920	8844
10.9960	8674
11.0000	8878
11.0040	8743
11.0080	8890
11.0120	8995
11.0160	8928
11.0200	8935
11.0240	8981
11.0280	8765
11.0320	8928
11.0360	8790
11.0400	8608
11.0440	8790
11.0480	8620
11.0520	8623
11.0560	8578
11.0600	8293
11.0640	8417
11.0680	8399
11.0720	8609
11.0760	8546
11.0800	8704
11.0840	8498
11.0880	8644
11.0920	8408
11.0960	8879
11.1000	8360
11.1040	8986
11.1080	8451
11.1120	8810
11.1160	8436
11.1200	8866
11.1240	8528
11.1280	8698
11.1320	8660
11.1360	8803
11.1400	8737
11.1440	8526
11.1480	8747
11.1520	8546
11.1560	9009
11.1600	8584
11.1640	9061
11.1680	8549
11.1720	9034
11.1760	8720
11.1800	8957
11.1840	8812
11.1880	8995
11.1920	8877
11.1960	8969
11.2000	8986
11.2040	8891
11.2080	8811
11.2120	8723
11.2160	8901
11.2200	8740
11.2240	8643
11.2280	8684
11.2320	8673
11.2360	8623
11.2400	8506
11.2440	8476
11.2480	8369
11.2520	8704
11.2560	8592
11.2600	8681
11.2640	8365
11.2680	8892
11.2720	8560
11.2760	8876
11.2800	8468
11.2840	8837
11.2880	8234
11.2920	8944
11.2960	8617
11.3000	8825
11.3040	8562
11.3080	8624
11.3120	8793
11.3160	8700
11.3200	8837
11.3240	8579
11.3280	8742
11.3320	8219
11.3360	9057
11.3400	8372
11.3440	9021
11.3480	8490
11.3520	9066
11.3560	8897
11.3600	8848
11.3640	8723
11.3680	9027
11.3720	8879
11.3760	8966
11.3800	8809
11.3840	8853
11.3880	8833
11.3920	8769
11.3960	8741
11.4000	8740
11.4040	8674
11.4080	8429
11.4120	8545
11.4160	8517
11.4200	8457
11.4240	8442
11.4280	8304
11.4320	8529
11.4360	8466
11.4400	8716
11.4440	8483
11.4480	8638
11.4520	8445
11.4560	8799
11.4600	8469
11.4640	9006
11.4680	8295
11.4720	8605
11.4760	8470
11.4800	8879
11.4840	8600
11.4880	8625
11.4920	8717
11.4960	8613
11.5000	8876
11.5040	8530
11.5080	8914
11.5120	8542
11.5160	8945
11.5200	8617
11.5240	9105
11.5280	8547
11.5320	8938
11.5360	8823
11.5400	8964
11.5440	8870
11.5480	8793
11.5520	8904
11.5560	8739
11.5600	8889
11.5640	8785
11.5680	8746
11.5720	8776
11.5760	8834
11.5800	8625
11.5840	8448
11.5880	8560
11.5920	8446
11.5960	8421
11.6000	8364
11.6040	8678
11.6080	8354
11.6120	8622
11.6160	8617
11.6200	8653
11.6240	8299
11.6280	8870
11.6320	8325
11.6360	8978
11.6400	8500
11.6440	8978
11.6480	8487
11.6520	8936
11.6560	8636
11.6600	8864
11.6640	8786
11.6680	8554
11.6720	8764
11.6760	8562
11.6800	8809
11.6840	8593
11.6880	8777
11.6920	8671
11.6960	8968
11.7000	8552
11.7040	8896
11.7080	8566
11.7120	8920
11.7160	8773
11.7200	8721
11.7240	8864
11.7280	9088
11.7320	8705
11.7360	8797
11.7400	8778
11.7440	8834
11.7480	8573
11.7520	8709
11.7560	8573
11.7600	8540
11.7640	8516
11.7680	8488
11.7720	8552
11.7760	8568
11.7800	8373
11.7840	8421
11.7880	8338
11.7920	8730
11.7960	8471
11.8000	8652
11.8040	8343
11.8080	8806
11.8120	8510
11.8160	8887
11.8200	8529
11.8240	8845
11.8280	8473
11.8320	8888
11.8360	8521
11.8400	8757
11.8440	8655
11.8480	8478
11.8520	8802
11.8560	8571
11.8600	8892
11.8640	8358
11.8680	8879
11.8720	8542
11.8760	9157
11.8800	8590
11.8840	8972
11.8880	8593
11.8920	8902
11.8960	8945
11.9000	9107
11.9040	8796
11.9080	8969
11.9120	8822
11.9160	8881
11.9200	8826
11.9240	8751
11.9280	8699
11.9320	8727
11.9360	8663
11.9400	8650
11.9440	8353
11.9480	8337
11.9520	8447
11.9560	8455
11.9600	8376
11.9640	8553
11.9680	8346
11.9720	8620
11.9760	8531
11.9800	8725
11.9840	8307
11.9880	8804
11.9920	8564
11.9960	8857
12.0000	8382
12.0040	8921
12.0080	8557
12.0120	8680
12.0160	8681
12.0200	8715
12.0240	8694
12.0280	8511
12.0320	8856
12.0360	8449
12.0400	8891
12.0440	8353
12.0480	8754
12.0520	8584
12.0560	9175
12.0600	8707
12.0640	9030
12.0680	8671
12.0720	8962
12.0760	8939
12.0800	9022
12.0840	8886
12.0880	8925
12.0920	8934
12.0960	8932
12.1000	8895
12.1040	8851
12.1080	8646
12.1120	8726
12.1160	8522
12.1200	8490
12.1240	8429
12.1280	8253
12.1320	8358
12.1360	8616
12.1400	8362
12.1440	8628
12.1480	8295
12.1520	8700
12.1560	8428
12.1600	8860
12.1640	8540
12.1680	8977
12.1720	8449
12.1760	9041
12.1800	8588
12.1840	8888
12.1880	8513
12.1920	8642
12.1960	8730
12.2000	8607
12.2040	8701
12.2080	8542
12.2120	8879
12.2160	8536
12.2200	8964
12.2240	8630
12.2280	8865
12.2320	8571
12.2360	9019
12.2400	8786
12.2440	9071
12.2480	8757
12.2520	8762
12.2560	8979
12.2600	8956
12.2640	8911
12.2680	8872
12.2720	8849
12.2760	8801
12.2800	8790
12.2840	8735
12.2880	8616
12.2920	8443
12.2960	8640
12.3000	8411
12.3040	8505
12.3080	8444
12.3120	8322
12.3160	8746
12.3200	8338
12.3240	8703
12.3280	8303
12.3320	8834
12.3360	8384
12.3400	8885
12.3440	8454
12.3480	8923
12.3520	8473
12.3560	8910
12.3600	8491
12.3640	8871
12.3680	8624
12.3720	8703
12.3760	8832
12.3800	8570
12.3840	8689
12.3880	8425
12.3920	8943
12.3960	8575
12.4000	9014
12.4040	8541
12.4080	8892
12.4120	8783
12.4160	8975
12.4200	8777
12.4240	9077
12.4280	8877
12.4320	8874
12.4360	9089
12.4400	8946
12.4440	8929
12.4480	8817
12.4520	8722
12.4560	8802
12.4600	8801
12.4640	8593
12.4680	8511
12.4720	8597
12.4760	8510
12.4800	8658
12.4840	8485
12.4880	8566
12.4920	8412
12.4960	8634
12.5000	8397
12.5040	8719
12.5080	8312
12.5120	8769
12.5160	8579
12.5200	8942
12.5240	8245
12.5280	8819
12.5320	8404
12.5360	8950
12.5400	8622
12.5440	8757
12.5480	8693
12.5520	8712
12.5560	8822
12.5600	8553
12.5640	8956
12.5680	8440
12.5720	8872
12.5760	8414
12.5800	8943
12.5840	8819
12.5880	8994
12.5920	8802
12.5960	8877
12.6000	8779
12.6040	8923
12.6080	8820
12.6120	8971
12.6160	8914
12.6200	8813
12.6240	8760
12.6280	8733
12.6320	8846
12.6360	8632
12.6400	8748
12.6440	8789
12.6480	8709
12.6520	8533
12.6560	8373
12.6600	8489
12.6640	8438
12.6680	8502
12.6720	8560
12.6760	8593
12.6800	8517
12.6840	8882
12.6880	8334
12.6920	9027
12.6960	8320
12.7000	9068
12.7040	8392
12.7080	9056
12.7120	8592
12.7160	8870
12.7200	8613
12.7240	8657
12.7280	8732
12.7320	8688
12.7360	8789
12.7400	8474
12.7440	9050
12.7480	8279
12.7520	8831
12.7560	8686
12.7600	8973
12.7640	8651
12.7680	8796
12.7720	8752
12.7760	8946
12.7800	8763
12.7840	8964
12.7880	8948
12.7920	9010
12.7960	8892
12.8000	8896
12.8040	8762
12.8080	8760
12.8120	8741
12.8160	8797
12.8200	8704
12.8240	8664
12.8280	8506
12.8320	8561
12.8360	8557
12.8400	8540
12.8440	8395
12.8480	8562
12.8520	8488
12.8560	8724
12.8600	8340
12.8640	8732
12.8680	8380
12.8720	9063
12.8760	8453
12.8800	9100
12.8840	8422
12.8880	8945
12.8920	8580
12.8960	8850
12.9000	8684
12.9040	8556
12.9080	8632
12.9120	8444
12.9160	8770
12.9200	8590
12.9240	8957
12.9280	8470
12.9320	9008
12.9360	8585
12.9400	8967
12.9440	8775
12.9480	8831
12.9520	8793
12.9560	8993
12.9600	8848
12.9640	8819
12.9680	8914
12.9720	9030
12.9760	8899
12.9800	8869
12.9840	8794
12.9880	8781
12.9920	8670
12.9960	8790
13.0000	8536
13.0040	8543
13.0080	8434
13.0120	8299
13.0160	8513
13.0200	8636
13.0240	8508
13.0280	8607
13.0320	8427
13.0360	8693
13.0400	8267
13.0440	8921
13.0480	8286
13.0520	8925
13.0560	8491
13.0600	9137
13.0640	8555
13.0680	8785
13.0720	8538
13.0760	8765
13.0800	8554
13.0840	8668
13.0880	8642
13.0920	8528
13.0960	8894
13.1000	8607
13.1040	8844
13.1080	8538
13.1120	9045
13.1160	8683
13.1200	9021
13.1240	8781
13.1280	8902
13.1320	8688
13.1360	9010
13.1400	8882
13.1440	8947
13.1480	8935
13.1520	8917
13.1560	8836
13.1600	8931
13.1640	8771
13.1680	8659
13.1720	8755
13.1760	8664
13.1800	8500
13.1840	8530
13.1880	8546
13.1920	8577
13.1960	8513
13.2000	8524
13.2040	8414
13.2080	8722
13.2120	8380
13.2160	8798
13.2200	8455
13.2240	8691
13.2280	8221
13.2320	8861
13.2360	8572
13.2400	8816
13.2440	8413
13.2480	8696
13.2520	8597
13.2560	8734
13.2600	8589
13.2640	8612
13.2680	8671
13.2720	8508
13.2760	8936
13.2800	8496
13.2840	8894
13.2880	8436
13.2920	8904
13.2960	8707
13.3000	9037
13.3040	8688
13.3080	8866
13.3120	8836
13.3160	8894
13.3200	8907
13.3240	8917
13.3280	8815
13.3320	8860
13.3360	8876
13.3400	8816
13.3440	8559
13.3480	8661
13.3520	8724
13.3560	8750
13.3600	8333
13.3640	8526
13.3680	8287
13.3720	8536
13.3760	8498
13.3800	8604
13.3840	8358
13.3880	8639
13.3920	8493
13.3960	8787
13.4000	8437
13.4040	8938
13.4080	8469
13.4120	9064
13.4160	8382
13.4200	8774
13.4240	8684
13.4280	8708
13.4320	8542
13.4360	8600
13.4400	8756
13.4440	8495
13.4480	8832
13.4520	8501
13.4560	9013
13.4600	8428
13.4640	8875
13.4680	8418
13.4720	8894
13.4760	8826
13.4800	9046
13.4840	8840
13.4880	8967
13.4920	8932
13.4960	9013
13.5000	9008
13.5040	8812
13.5080	8858
13.5120	8901
13.5160	8822
13.5200	8861
13.5240	8718
13.5280	8664
13.5320	8607
13.5360	8598
13.5400	8558
13.5440	8476
13.5480	8292
13.5520	8440
13.5560	8598
13.5600	8534
13.5640	8545
13.5680	8692
13.5720	8530
13.5760	8783
13.5800	8546
13.5840	8906
13.5880	8375
13.5920	8906
13.5960	8574
13.6000	8835
13.6040	8646
13.6080	8640
13.6120	8604
13.6160	8648
13.6200	8693
13.6240	8486
13.6280	8888
13.6320	8368
13.6360	9127
13.6400	8526
13.6440	9162
13.6480	8562
13.6520	9034
13.6560	8692
13.6600	8921
13.6640	8793
13.6680	8919
13.6720	8902
13.6760	9016
13.6800	8881
13.6840	8974
13.6880	8874
13.6920	8739
13.6960	8750
13.7000	8816
13.7040	8843
13.7080	8442
13.7120	8669
13.7160	8776
13.7200	8475
13.7240	8692
13.7280	8445
13.7320	8552
13.7360	8485
13.7400	8658
13.7440	8395
13.7480	8642
13.7520	8449
13.7560	9019
13.7600	8485
13.7640	9081
13.7680	8443
13.7720	8907
13.7760	8475
13.7800	8953
13.7840	8583
13.7880	8632
13.7920	8820
13.7960	8808
13.8000	8929
13.8040	8462
13.8080	8868
13.8120	8371
13.8160	8984
13.8200	8579
13.8240	8980
13.8280	8512
13.8320	8937
13.8360	8828
13.8400	8728
13.8440	8733
13.8480	8941
13.8520	8960
13.8560	9092
13.8600	8847
13.8640	8883
13.8680	8776
13.8720	8750
13.8760	8856
13.8800	8581
13.8840	8593
13.8880	8473
13.8920	8521
13.8960	8523
13.9000	8662
13.9040	8550
13.9080	8279
13.9120	8588
13.9160	8574
13.9200	8777
13.9240	8472
13.9280	8620
13.9320	8488
13.9360	9011
13.9400	8398
13.9440	9003
13.9480	8341
13.9520	8975
13.9560	8528
13.9600	8723
13.9640	8793
13.9680	8597
13.9720	8710
13.9760	8503
13.9800	8843
13.9840	8490
13.9880	8882
13.9920	8582
13.9960	9074
14.0000	8566
14.0040	9045
14.0080	8601
14.0120	9166
14.0160	8843
14.0200	8782
14.0240	8690
14.0280	9013
14.0320	8880
14.0360	8834
14.0400	8747
14.0440	8862
14.0480	8751
14.0520	8639
14.0560	8757
14.0600	8550
14.0640	8579
14.0680	8541
14.0720	8593
14.0760	8444
14.0800	8491
14.0840	8581
14.0880	8155
14.0920	8713
14.0960	8502
14.1000	8689
14.1040	8446
14.1080	8788
14.1120	8434
14.1160	8934
14.1200	8411
14.1240	8795
14.1280	8279
14.1320	8826
14.1360	8691
14.1400	8769
14.1440	8568
14.1480	8451
14.1520	8740
14.1560	8571
14.1600	8927
14.1640	8551
14.1680	8941
14.1720	8509
14.1760	9022
14.1800	8570
14.1840	8943
14.1880	8745
14.1920	8878
14.1960	8865
14.2000	8896
14.2040	8959
14.2080	8858
14.2120	8862
14.2160	8891
14.2200	8729
14.2240	8711
14.2280	8754
14.2320	8595
14.2360	8776
14.2400	8664
14.2440	8540
14.2480	8427
14.2520	8466
14.2560	8416
14.2600	8446
14.2640	8588
14.2680	8560
14.2720	8688
14.2760	8486
14.2800	8781
14.2840	8519
14.2880	8640
14.2920	8480
14.2960	9102
14.3000	8538
14.3040	8754
14.3080	8513
14.3120	8727
14.3160	8750
14.3200	8746
14.3240	8711
14.3280	8460
14.3320	8778
14.3360	8553
14.3400	9085
14.3440	8460
14.3480	8928
14.3520	8588
14.3560	9086
14.3600	8732
14.3640	9007
14.3680	8725
14.3720	9095
14.3760	8992
14.3800	8966
14.3840	9041
14.3880	8836
14.3920	8872
14.3960	9015
14.4000	8863
14.4040	8673
14.4080	8489
14.4120	8735
14.4160	8632
14.4200	8627
14.4240	8527
14.4280	8557
14.4320	8454
14.4360	8435
14.4400	8566
14.4440	8649
14.4480	8313
14.4520	8635
14.4560	8549
14.4600	8914
14.4640	8394
14.4680	9001
14.4720	8485
14.4760	8990
14.4800	8494
14.4840	9027
14.4880	8409
14.4920	8805
14.4960	8779
14.5000	8733
14.5040	8835
14.5080	8624
14.5120	9006
14.5160	8446
14.5200	9016
14.5240	8488
14.5280	8890
14.5320	8652
14.5360	9218
14.5400	8809
14.5440	9126
14.5480	8792
14.5520	9089
14.5560	8841
14.5600	8996
14.5640	9064
14.5680	8864
14.5720	8915
14.5760	8994
14.5800	8767
14.5840	8750
14.5880	8514
14.5920	8545
14.5960	8599
14.6000	8618
14.6040	8645
14.6080	8480
14.6120	8322
14.6160	8682
14.6200	8444
14.6240	8647
14.6280	8339
14.6320	8790
14.6360	8416
14.6400	8733
14.6440	8384
14.6480	9002
14.6520	8435
14.6560	9034
14.6600	8354
14.6640	8895
14.6680	8528
14.6720	8717
14.6760	8922
14.6800	8632
14.6840	8839
14.6880	8454
14.6920	8983
14.6960	8560
14.7000	8942
14.7040	8594
14.7080	8895
14.7120	8732
14.7160	8944
14.7200	8857
14.7240	8862
14.7280	8877
14.7320	9006
14.7360	8931
14.7400	8929
14.7440	8899
14.7480	8964
14.7520	8792
14.7560	8849
14.7600	8689
14.7640	8518
14.7680	8566
14.7720	8606
14.7760	8554
14.7800	8534
14.7840	8331
14.7880	8370
14.7920	8493
14.7960	8517
14.8000	8418
14.8040	8615
14.8080	8439
14.8120	8818
14.8160	8358
14.8200	8821
14.8240	8456
14.8280	9006
14.8320	8488
14.8360	8985
14.8400	8562
14.8440	8682
14.8480	8678
14.8520	8691
14.8560	8790
14.8600	8626
14.8640	8699
14.8680	8322
14.8720	8920
14.8760	8494
14.8800	8972
14.8840	8617
14.8880	9010
14.8920	8685
14.8960	9078
14.9000	8832
14.9040	9169
14.9080	8841
14.9120	8794
14.9160	9128
14.9200	8997
14.9240	8870
14.9280	8764
14.9320	8578
14.9360	8824
14.9400	8722
14.9440	8588
14.9480	8417
14.9520	8546
14.9560	8506
14.9600	8452
14.9640	8323
14.9680	8565
14.9720	8557
14.9760	8705
14.9800	8478
14.9840	8781
14.9880	8304
14.9920	8873
14.9960	8558
15.0000	9057
15.0040	8496
15.0080	8848
15.0120	8453
15.0160	8877
15.0200	8560
15.0240	8736
15.0280	8660
15.0320	8801
15.0360	8807
15.0400	8557
15.0440	8861
15.0480	8447
15.0520	9085
15.0560	8547
15.0600	8927
15.0640	8686
15.0680	8792
15.0720	8835
15.0760	9157
15.0800	8884
15.0840	8982
15.0880	8924
15.0920	8986
15.0960	9063
15.1000	8904
15.1040	8807
15.1080	8749
15.1120	8677
15.1160	8686
15.1200	8730
15.1240	8815
15.1280	8488
15.1320	8392
15.1360	8554
15.1400	8434
15.1440	8393
15.1480	8478
15.1520	8481
15.1560	8672
15.1600	8324
15.1640	8648
15.1680	8420
15.1720	8971
15.1760	8505
15.1800	8947
15.1840	8518
15.1880	8909
15.1920	8551
15.1960	8853
15.2000	8585
15.2040	8837
15.2080	8636
15.2120	8626
15.2160	8857
15.2200	8460
15.2240	8752
15.2280	8326
15.2320	9013
15.2360	8678
15.2400	8976
15.2440	8726
15.2480	8963
15.2520	8831
15.2560	9058
15.2600	8846
15.2640	8911
15.2680	9009
15.2720	9002
15.2760	9023
15.2800	8924
15.2840	8846
15.2880	8731
15.2920	8629
15.2960	8713
15.3000	8614
15.3040	8604
15.3080	8415
15.3120	8478
15.3160	8472
15.3200	8405
15.3240	8311
15.3280	8648
15.3320	8435
15.3360	8792
15.3400	8445
15.3440	8795
15.3480	8321
15.3520	8851
15.3560	8489
15.3600	8967
15.3640	8468
15.3680	8894
15.3720	8426
15.3760	8988
15.3800	8716
15.3840	8642
15.3880	8664
15.3920	8625
15.3960	9081
15.4000	8624
15.4040	8900
15.4080	8522
15.4120	8938
15.4160	8671
15.4200	9001
15.4240	8789
15.4280	8837
15.4320	8828
15.4360	8915
15.4400	8813
15.4440	8930
15.4480	8933
15.4520	8799
15.4560	9018
15.4600	8785
15.4640	8741
15.4680	8693
15.4720	8681
15.4760	8712
15.4800	8620
15.4840	8548
15.4880	8426
15.4920	8552
15.4960	8497
15.5000	8663
15.5040	8515
15.5080	8498
15.5120	8357
15.5160	8844
15.5200	8508
15.5240	8816
15.5280	8333
15.5320	9018
15.5360	8515
15.5400	8877
15.5440	8385
15.5480	8901
15.5520	8534
15.5560	8843
15.5600	8664
15.5640	8637
15.5680	8707
15.5720	8523
15.5760	8912
15.5800	8527
15.5840	9072
15.5880	8376
15.5920	9007
15.5960	8686
15.6000	9112
15.6040	8676
15.6080	8840
15.6120	8915
15.6160	8994
15.6200	8905
15.6240	8922
15.6280	8846
15.6320	8883
15.6360	8970
15.6400	8814
15.6440	8796
15.6480	8622
15.6520	8599
15.6560	8577
15.6600	8609
15.6640	8601
15.6680	8410
15.6720	8367
15.6760	8394
15.6800	8528
15.6840	8435
15.6880	8531
15.6920	8466
15.6960	8684
15.7000	8327
15.7040	8761
15.7080	8419
15.7120	9040
15.7160	8509
15.7200	9037
15.7240	8617
15.7280	8743
15.7320	8571
15.7360	8643
15.7400	8781
15.7440	8580
15.7480	8757
15.7520	8391
15.7560	8980
15.7600	8578
15.7640	8920
15.7680	8556
15.7720	9056
15.7760	8822
15.7800	9114
15.7840	8584
15.7880	8852
15.7920	8912
15.7960	8848
15.8000	9063
15.8040	8963
15.8080	8869
15.8120	8915
15.8160	8838
15.8200	8896
15.8240	8777
15.8280	8605
15.8320	8612
15.8360	8605
15.8400	8575
15.8440	8469
15.8480	8372
15.8520	8682
15.8560	8493
15.8600	8642
15.8640	8393
15.8680	8717
15.8720	8521
15.8760	8943
15.8800	8364
15.8840	8945
15.8880	8301
15.8920	9023
15.8960	8402
15.9000	8894
15.9040	8459
15.9080	8628
15.9120	8805
15.9160	8710
15.9200	8846
15.9240	8757
15.9280	8829
15.9320	8414
15.9360	8887
15.9400	8533
15.9440	9028
15.9480	8485
15.9520	8988
15.9560	8914
15.9600	8889
15.9640	8879
15.9680	8969
15.9720	8962
15.9760	8884
15.9800	9034
15.9840	9073
15.9880	8707
15.9920	8953
15.9960	8903
16.0000	8557
16.0040	8735
16.0080	8502
16.0120	8531
16.0160	8652
16.0200	8597
16.0240	8452
16.0280	8258
16.0320	8537
16.0360	8422
16.0400	8677
16.0440	8383
16.0480	8657
16.0520	8367
16.0560	9030
16.0600	8311
16.0640	8832
16.0680	8367
16.0720	8951
16.0760	8605
16.0800	8780
16.0840	8521
16.0880	8647
16.0920	8661
16.0960	8714
16.1000	8809
16.1040	8494
16.1080	8891
16.1120	8367
16.1160	9185
16.1200	8543
16.1240	9058
16.1280	8724
16.1320	8936
16.1360	8851
16.1400	8945
16.1440	8907
16.1480	8867
16.1520	8850
16.1560	9039
16.1600	8865
16.1640	8770
16.1680	8723
16.1720	8862
16.1760	8672
16.1800	8581
16.1840	8801
16.1880	8508
16.1920	8568
16.1960	8499
16.2000	8270
16.2040	8569
16.2080	8318
16.2120	8538
16.2160	8491
16.2200	8683
16.2240	8369
16.2280	8761
16.2320	8547
16.2360	8917
16.2400	8428
16.2440	8901
16.2480	8417
16.2520	8825
16.2560	8640
16.2600	8822
16.2640	8622
16.2680	8598
16.2720	8751
16.2760	8633
16.2800	8744
16.2840	8472
16.2880	8741
16.2920	8449
16.2960	9045
16.3000	8602
16.3040	9129
16.3080	8584
16.3120	9013
16.3160	8821
16.3200	9032
16.3240	8786
16.3280	8951
16.3320	9065
16.3360	8994
16.3400	8911
16.3440	8760
16.3480	8570
16.3520	8971
16.3560	8679
16.3600	8632
16.3640	8320
16.3680	8544
16.3720	8444
16.3760	8553
16.3800	8461
16.3840	8616
16.3880	8313
16.3920	8813
16.3960	8514
16.4000	8623
16.4040	8473
16.4080	8917
16.4120	8336
16.4160	8906
16.4200	8464
16.4240	9018
16.4280	8312
16.4320	8800
16.4360	8723
16.4400	8811
16.4440	8573
16.4480	8488
16.4520	8785
16.4560	8538
16.4600	8819
16.4640	8483
16.4680	8864
16.4720	8732
16.4760	9156
16.4800	8624
16.4840	8904
16.4880	8685
16.4920	8924
16.4960	8967
16.5000	9042
16.5040	8843
16.5080	8924
16.5120	8912
16.5160	8929
16.5200	8925
16.5240	8827
16.5280	8543
16.5320	8680
16.5360	8715
16.5400	8679
16.5440	8551
16.5480	8511
16.5520	8445
16.5560	8526
16.5600	8477
16.5640	8617
16.5680	8264
16.5720	8716
16.5760	8467
16.5800	8791
16.5840	8492
16.5880	8897
16.5920	8443
16.5960	8928
16.6000	8452
16.6040	8999
16.6080	8458
16.6120	8902
16.6160	8815
16.6200	8740
16.6240	8643
16.6280	8447
16.6320	8919
16.6360	8502
16.6400	8743
16.6440	8476
16.6480	8903
16.6520	8531
16.6560	8921
16.6600	8816
16.6640	8850
16.6680	8717
16.6720	8974
16.6760	8938
16.6800	9077
16.6840	9159
16.6880	8861
16.6920	8890
16.6960	8889
16.7000	8853
16.7040	8666
16.7080	8551
16.7120	8628
16.7160	8708
16.7200	8644
16.7240	8581
16.7280	8498
16.7320	8504
16.7360	8466
16.7400	8364
16.7440	8670
16.7480	8348
16.7520	8761
16.7560	8618
16.7600	8819
16.7640	8413
16.7680	8860
16.7720	8429
16.7760	9031
16.7800	8331
16.7840	8916
16.7880	8570
16.7920	8709
16.7960	8768
16.8000	8633
16.8040	8671
16.8080	8414
16.8120	8891
16.8160	8564
16.8200	8912
16.8240	8551
16.8280	8834
16.8320	8677
16.8360	9054
16.8400	8699
16.8440	8881
16.8480	8783
16.8520	8900
16.8560	9036
16.8600	9002
16.8640	9007
16.8680	8850
16.8720	8845
16.8760	8702
16.8800	8817
16.8840	8697
16.8880	8623
16.8920	8634
16.8960	8642
16.9000	8617
16.9040	8363
16.9080	8443
16.9120	8460
16.9160	8533
16.9200	8343
16.9240	8836
16.9280	8371
16.9320	8764
16.9360	8472
16.9400	8914
16.9440	8299
16.9480	8738
16.9520	8506
16.9560	8993
16.9600	8400
16.9640	8726
16.9680	8475
16.9720	8684
16.9760	8742
16.9800	8596
16.9840	8714
16.9880	8394
16.9920	8892
16.9960	8484
17.0000	9056
17.0040	8417
17.0080	8845
17.0120	8641
17.0160	8967
17.0200	8911
17.0240	8960
17.0280	8750
17.0320	9031
17.0360	9048
17.0400	9002
17.0440	8973
17.0480	8779
17.0520	8887
17.0560	8841
17.0600	8653
17.0640	8799
17.0680	8563
17.0720	8601
17.0760	8507
17.0800	8599
17.0840	8410
17.0880	8386
17.0920	8511
17.0960	8648
17.1000	8448
17.1040	8687
17.1080	8318
17.1120	8767
17.1160	8453
17.1200	9033
17.1240	8449
17.1280	8894
17.1320	8545
17.1360	8903
17.1400	8557
17.1440	8784
17.1480	8581
17.1520	8693
17.1560	8667
17.1600	8596
17.1640	8789
17.1680	8358
17.1720	8812
17.1760	8589
17.1800	9067
17.1840	8572
17.1880	8830
17.1920	8655
17.1960	9030
17.2000	8712
17.2040	8934
17.2080	8680
17.2120	8916
17.2160	9106
17.2200	8772
17.2240	8885
17.2280	8758
17.2320	8642
17.2360	8818
17.2400	8620
17.2440	8709
17.2480	8471
17.2520	8697
17.2560	8615
17.2600	8582
17.2640	8355
17.2680	8495
17.2720	8474
17.2760	8686
17.2800	8470
17.2840	8687
17.2880	8409
17.2920	8823
17.2960	8632
17.3000	8904
17.3040	8442
17.3080	8945
17.3120	8492
17.3160	8894
17.3200	8442
17.3240	8805
17.3280	8537
17.3320	8609
17.3360	8947
17.3400	8548
17.3440	8904
17.3480	8411
17.3520	8984
17.3560	8578
17.3600	8970
17.3640	8687
17.3680	8962
17.3720	8747
17.3760	9014
17.3800	8716
17.3840	8959
17.3880	8913
17.3920	9058
17.3960	9087
17.4000	8906
17.4040	8805
17.4080	8568
17.4120	8779
17.4160	8830
17.4200	8700
17.4240	8662
17.4280	8478
17.4320	8595
17.4360	8456
17.4400	8373
17.4440	8377
17.4480	8602
17.4520	8552
17.4560	8713
17.4600	8413
17.4640	8555
17.4680	8402
17.4720	8766
17.4760	8620
17.4800	8951
17.4840	8384
17.4880	8835
17.4920	8684
17.4960	9059
17.5000	8652
17.5040	8579
17.5080	8708
17.5120	8535
17.5160	8765
17.5200	8395
17.5240	8738
17.5280	8482
17.5320	8926
17.5360	8754
17.5400	9053
17.5440	8626
17.5480	8959
17.5520	8852
17.5560	8871
17.5600	8936
17.5640	8933
17.5680	8894
17.5720	8948
17.5760	8949
17.5800	8941
17.5840	8680
17.5880	8820
17.5920	8730
17.5960	8811
17.6000	8717
17.6040	8631
17.6080	8439
17.6120	8483
17.6160	8470
17.6200	8532
17.6240	8361
17.6280	8497
17.6320	8469
17.6360	8908
17.6400	8250
17.6440	8809
17.6480	8269
17.6520	8888
17.6560	8455
17.6600	8984
17.6640	8431
17.6680	8731
17.6720	8465
17.6760	8801
17.6800	8487
17.6840	8626
17.6880	8777
17.6920	8576
17.6960	8834
17.7000	8390
17.7040	8784
17.7080	8391
17.7120	9000
17.7160	8668
17.7200	9000
17.7240	8685
17.7280	9064
17.7320	8858
17.7360	9000
17.7400	8811
17.7440	8961
17.7480	8851
17.7520	9051
17.7560	8982
17.7600	8784
17.7640	8879
17.7680	8789
17.7720	8663
17.7760	8793
17.7800	8567
17.7840	8589
17.7880	8579
17.7920	8436
17.7960	8545
17.8000	8528
17.8040	8433
17.8080	8499
17.8120	8381
17.8160	8953
17.8200	8413
17.8240	8858
17.8280	8390
17.8320	8899
17.8360	8467
17.8400	8908
17.8440	8417
17.8480	8708
17.8520	8484
17.8560	9041
17.8600	8636
17.8640	8836
17.8680	8829
17.8720	8540
17.8760	8961
17.8800	8478
17.8840	9152
17.8880	8624
17.8920	8867
17.8960	8657
17.9000	8957
17.9040	8798
17.9080	8906
17.9120	8802
17.9160	9050
17.9200	8972
17.9240	8983
17.9280	8946
17.9320	8813
17.9360	8769
17.9400	8978
17.9440	8743
17.9480	8727
17.9520	8757
17.9560	8559
17.9600	8537
17.9640	8625
17.9680	8384
17.9720	8697
17.9760	8411
17.9800	8623
17.9840	8432
17.9880	8731
17.9920	8323
17.9960	8843
18.0000	8411
18.0040	8890
18.0080	8410
18.0120	8904
18.0160	8426
18.0200	8933
18.0240	8445
18.0280	8879
18.0320	8593
18.0360	8782
18.0400	8695
18.0440	8555
18.0480	8695
18.0520	8621
18.0560	9015
18.0600	8421
18.0640	8856
18.0680	8728
18.0720	9120
18.0760	8793
18.0800	9005
18.0840	8694
18.0880	8756
18.0920	8973
18.0960	9076
18.1000	8942
18.1040	9080
18.1080	8877
18.1120	8932
18.1160	8793
18.1200	8861
18.1240	8742
18.1280	8648
18.1320	8526
18.1360	8696
18.1400	8583
18.1440	8471
18.1480	8359
18.1520	8621
18.1560	8575
18.1600	8632
18.1640	8454
18.1680	8780
18.1720	8316
18.1760	8811
18.1800	8473
18.1840	9059
18.1880	8429
18.1920	9024
18.1960	8563
18.2000	8930
18.2040	8706
18.2080	8820
18.2120	8561
18.2160	8851
18.2200	8711
18.2240	8603
18.2280	8867
18.2320	8563
18.2360	8946
18.2400	8693
18.2440	9009
18.2480	8517
18.2520	8964
18.2560	8819
18.2600	9115
18.2640	8757
18.2680	8981
18.2720	8913
18.2760	8789
18.2800	9057
18.2840	8883
18.2880	8812
18.2920	8904
18.2960	9046
18.3000	8827
18.3040	8762
18.3080	8649
18.3120	8568
18.3160	8606
18.3200	8483
18.3240	8491
18.3280	8524
18.3320	8535
18.3360	8579
18.3400	8754
18.3440	8478
18.3480	8694
18.3520	8556
18.3560	8850
18.3600	8428
18.3640	8972
18.3680	8450
18.3720	9128
18.3760	8646
18.3800	8909
18.3840	8720
18.3880	8713
18.3920	8632
18.3960	8569
18.4000	8866
18.4040	8580
18.4080	8911
18.4120	8353
18.4160	8911
18.4200	8585
18.4240	8985
18.4280	8574
18.4320	8830
18.4360	8806
18.4400	9025
18.4440	8766
18.4480	8913
18.4520	8944
18.4560	8995
18.4600	8927
18.4640	8938
18.4680	8763
18.4720	8921
18.4760	8932
18.4800	8815
18.4840	8625
18.4880	8659
18.4920	8527
18.4960	8682
18.5000	8431
18.5040	8528
18.5080	8398
18.5120	8561
18.5160	8398
18.5200	8572
18.5240	8389
18.5280	8750
18.5320	8512
18.5360	8858
18.5400	8433
18.5440	9061
18.5480	8476
18.5520	8952
18.5560	8463
18.5600	8896
18.5640	8670
18.5680	8725
18.5720	8733
18.5760	8565
18.5800	8776
18.5840	8528
18.5880	9012
18.5920	8514
18.5960	9095
18.6000	8612
18.6040	9016
18.6080	8743
18.6120	8938
18.6160	8847
18.6200	8953
18.6240	8962
18.6280	8925
18.6320	8973
18.6360	9066
18.6400	8953
18.6440	8915
18.6480	8728
18.6520	8647
18.6560	8777
18.6600	8755
18.6640	8648
18.6680	8582
18.6720	8522
18.6760	8437
18.6800	8461
18.6840	8516
18.6880	8288
18.6920	8478
18.6960	8415
18.7000	8735
18.7040	8479
18.7080	8801
18.7120	8539
18.7160	9021
18.7200	8380
18.7240	8932
18.7280	8550
18.7320	8716
18.7360	8561
18.7400	8912
18.7440	8769
18.7480	8741
18.7520	8709
18.7560	8706
18.7600	8992
18.7640	8724
18.7680	8909
18.7720	8568
18.7760	9018
18.7800	8443
18.7840	8923
18.7880	8608
18.7920	8989
18.7960	8708
18.8000	8966
18.8040	8880
18.8080	8904
18.8120	9023
18.8160	8855
18.8200	8937
18.8240	8784
18.8280	8724
18.8320	8696
18.8360	8584
18.8400	8645
18.8440	8628
18.8480	8653
18.8520	8492
18.8560	8546
18.8600	8460
18.8640	8518
18.8680	8431
18.8720	8745
18.8760	8386
18.8800	8827
18.8840	8534
18.8880	8878
18.8920	8364
18.8960	9077
18.9000	8456
18.9040	8925
18.9080	8521
18.9120	8875
18.9160	8658
18.9200	8748
18.9240	8758
18.9280	8561
18.9320	8834
18.9360	8766
18.9400	8927
18.9440	8593
18.9480	8948
18.9520	8518
18.9560	9052
18.9600	8635
18.9640	8904
18.9680	8600
18.9720	8961
18.9760	8902
18.9800	8961
18.9840	8916
18.9880	8927
18.9920	8925
18.9960	9090
19.0000	8755
19.0040	8642
19.0080	8739
19.0120	8678
19.0160	8768
19.0200	8585
19.0240	8482
19.0280	8437
19.0320	8338
19.0360	8448
19.0400	8378
19.0440	8688
19.0480	8314
19.0520	8720
19.0560	8451
19.0600	8890
19.0640	8497
19.0680	8921
19.0720	8406
19.0760	8920
19.0800	8536
19.0840	9028
19.0880	8465
19.0920	8789
19.0960	8652
19.1000	8779
19.1040	8777
19.1080	8538
19.1120	8762
19.1160	8667
19.1200	8872
19.1240	8505
19.1280	8980
19.1320	8655
19.1360	9046
19.1400	8766
19.1440	9061
19.1480	8818
19.1520	8956
19.1560	8748
19.1600	8932
19.1640	8881
19.1680	9037
19.1720	8968
19.1760	8739
19.1800	8950
19.1840	8788
19.1880	8584
19.1920	8754
19.1960	8533
19.2000	8472
19.2040	8678
19.2080	8526
19.2120	8351
19.2160	8614
19.2200	8381
19.2240	8636
19.2280	8429
19.2320	8808
19.2360	8349
19.2400	8846
19.2440	8395
19.2480	8809
19.2520	8516
19.2560	9137
19.2600	8484
19.2640	8820
19.2680	8616
19.2720	8927
19.2760	8509
19.2800	8660
19.2840	8770
19.2880	8572
19.2920	8818
19.2960	8637
19.3000	8956
19.3040	8546
19.3080	8939
19.3120	8612
19.3160	9065
19.3200	8808
19.3240	8974
19.3280	8772
19.3320	8875
19.3360	8974
19.3400	9015
19.3440	8963
19.3480	8938
19.3520	9028
19.3560	8878
19.3600	8731
19.3640	8806
19.3680	8571
19.3720	8690
19.3760	8567
19.3800	8695
19.3840	8472
19.3880	8391
19.3920	8491
19.3960	8613
19.4000	8513
19.4040	8672
19.4080	8414
19.4120	8751
19.4160	8453
19.4200	8816
19.4240	8516
19.4280	8885
19.4320	8441
19.4360	8937
19.4400	8383
19.4440	8823
19.4480	8558
19.4520	8702
19.4560	8817
19.4600	8545
19.4640	8879
19.4680	8437
19.4720	8945
19.4760	8649
19.4800	8894
19.4840	8496
19.4880	8833
19.4920	8705
19.4960	8954
19.5000	8791
19.5040	8948
19.5080	8797
19.5120	8901
19.5160	8907
19.5200	8907
19.5240	8937
19.5280	8949
19.5320	8798
19.5360	8753
19.5400	8856
19.5440	8862
19.5480	8592
19.5520	8392
19.5560	8608
19.5600	8552
19.5640	8533
19.5680	8463
19.5720	8235
19.5760	8603
19.5800	8486
19.5840	8685
19.5880	8343
19.5920	8870
19.5960	8542
19.6000	8920
19.6040	8349
19.6080	8998
19.6120	8443
19.6160	8940
19.6200	8560
19.6240	8822
19.6280	8660
19.6320	8673
19.6360	8692
19.6400	8552
19.6440	8789
19.6480	8514
19.6520	9017
19.6560	8597
19.6600	9012
19.6640	8743
19.6680	9140
19.6720	8624
19.6760	9079
19.6800	8769
19.6840	9097
19.6880	8880
19.6920	9170
19.6960	9011
19.7000	8860
19.7040	8822
19.7080	8942
19.7120	8720
19.7160	8861
19.7200	8741
19.7240	8577
19.7280	8596
19.7320	8636
19.7360	8539
19.7400	8516
19.7440	8534
19.7480	8584
19.7520	8445
19.7560	8778
19.7600	8440
19.7640	8791
19.7680	8465
19.7720	8943
19.7760	8615
19.7800	8924
19.7840	8554
19.7880	8955
19.7920	8552
19.7960	8854
19.8000	8641
19.8040	8672
19.8080	8587
19.8120	8678
19.8160	8861
19.8200	8614
19.8240	8971
19.8280	8370
19.8320	8850
19.8360	8527
19.8400	9122
19.8440	8701
19.8480	8884
19.8520	8793
19.8560	8994
19.8600	8878
19.8640	9022
19.8680	8896
19.8720	8936
19.8760	8828
19.8800	9086
19.8840	8943
19.8880	8943
19.8920	8858
19.8960	8837
19.9000	8740
19.9040	8705
19.9080	8445
19.9120	8388
19.9160	8525
19.9200	8609
19.9240	8391
19.9280	8360
19.9320	8365
19.9360	8665
19.9400	8518
19.9440	8776
19.9480	8381
19.9520	8844
19.9560	8526
19.9600	8801
19.9640	8519
19.9680	8778
19.9720	8563
19.9760	8824
19.9800	8715
19.9840	8669
19.9880	8822
19.9920	8593
19.9960	8831
