0.0000	8586
0.0040	8819
0.0080	8650
0.0120	8925
0.0160	8694
0.0200	9032
0.0240	8951
0.0280	8954
0.0320	9221
0.0360	9067
0.0400	8854
0.0440	8784
0.0480	8763
0.0520	8757
0.0560	8519
0.0600	8645
0.0640	8662
0.0680	8694
0.0720	8749
0.0760	8544
0.0800	8417
0.0840	8555
0.0880	8378
0.0920	8491
0.0960	8481
0.1000	8817
0.1040	8589
0.1080	8932
0.1120	8574
0.1160	8816
0.1200	8344
0.1240	8687
0.1280	8389
0.1320	8758
0.1360	8535
0.1400	8719
0.1440	8744
0.1480	8739
0.1520	8817
0.1560	8611
0.1600	8814
0.1640	8460
0.1680	8922
0.1720	8542
0.1760	8843
0.1800	8640
0.1840	8883
0.1880	8838
0.1920	9082
0.1960	8771
0.2000	8837
0.2040	8888
0.2080	8948
0.2120	9040
0.2160	8672
0.2200	8848
0.2240	8736
0.2280	8911
0.2320	8780
0.2360	8661
0.2400	8601
0.2440	8497
0.2480	8589
0.2520	8336
0.2560	8332
0.2600	8359
0.2640	8633
0.2680	8498
0.2720	8725
0.2760	8345
0.2800	8779
0.2840	8364
0.2880	8792
0.2920	8333
0.2960	8864
0.3000	8298
0.3040	8881
0.3080	8773
0.3120	8872
0.3160	8567
0.3200	8664
0.3240	8654
0.3280	8739
0.3320	8749
0.3360	8463
0.3400	9014
0.3440	8481
0.3480	8967
0.3520	8780
0.3560	9086
0.3600	8688
0.3640	8850
0.3680	8840
0.3720	8897
0.3760	8702
0.3800	8985
0.3840	8889
0.3880	9008
0.3920	9033
0.3960	8848
0.4000	8765
0.4040	8660
0.4080	8658
0.4120	8638
0.4160	8475
0.4200	8604
0.4240	8537
0.4280	8516
0.4320	8731
0.4360	8417
0.4400	8409
0.4440	8635
0.4480	8390
0.4520	8699
0.4560	8215
0.4600	8634
0.4640	8598
0.4680	9072
0.4720	8562
0.4760	9145
0.4800	8386
0.4840	8904
0.4880	8468
0.4920	8709
0.4960	8519
0.5000	8609
0.5040	8992
0.5080	8759
0.5120	9016
0.5160	8443
0.5200	8966
0.5240	8358
0.5280	8917
0.5320	8636
0.5360	8846
0.5400	8765
0.5440	9021
0.5480	8799
0.5520	8997
0.5560	8964
0.5600	8971
0.5640	8870
0.5680	8920
0.5720	8811
0.5760	8880
0.5800	8799
0.5840	8705
0.5880	8799
0.5920	8629
0.5960	8640
0.6000	8679
0.6040	8384
0.6080	8600
0.6120	8498
0.6160	8585
0.6200	8341
0.6240	8676
0.6280	8352
0.6320	8866
0.6360	8387
0.6400	8819
0.6440	8427
0.6480	8904
0.6520	8317
0.6560	8831
0.6600	8558
0.6640	8726
0.6680	8675
0.6720	8757
0.6760	8742
0.6800	8618
0.6840	8549
0.6880	8408
0.6920	8817
0.6960	8400
0.7000	8951
0.7040	8581
0.7080	9116
0.7120	8857
0.7160	8942
0.7200	8717
0.7240	8849
0.7280	8871
0.7320	8973
0.7360	8895
0.7400	9094
0.7440	8976
0.7480	8975
0.7520	8955
0.7560	8872
0.7600	8808
0.7640	8713
0.7680	8593
0.7720	8565
0.7760	8478
0.7800	8465
0.7840	8298
0.7880	8565
0.7920	8508
0.7960	8666
0.8000	8370
0.8040	8648
0.8080	8493
0.8120	8664
0.8160	8431
0.8200	8907
0.8240	8458
0.8280	9068
0.8320	8541
0.8360	8891
0.8400	8441
0.8440	8828
0.8480	8474
0.8520	8616
0.8560	8721
0.8600	8689
0.8640	8911
0.8680	8675
0.8720	8981
0.8760	8372
0.8800	9045
0.8840	8500
0.8880	8937
0.8920	8660
0.8960	8829
0.9000	8811
0.9040	9044
0.9080	9053
0.9120	9147
0.9160	8989
0.9200	8814
0.9240	8820
0.9280	8887
0.9320	8973
0.9360	8713
0.9400	8600
0.9440	8672
0.9480	8368
0.9520	8631
0.9560	8493
0.9600	8376
0.9640	8425
0.9680	8478
0.9720	8351
0.9760	8516
0.9800	8454
0.9840	8758
0.9880	8506
0.9920	8751
0.9960	8367
1.0000	8876
1.0040	8367
1.0080	8861
1.0120	8570
1.0160	8711
1.0200	8490
1.0240	8722
1.0280	8659
1.0320	8655
1.0360	8662
1.0400	8536
1.0440	8798
1.0480	8405
1.0520	8953
1.0560	8532
1.0600	8974
1.0640	8407
1.0680	9032
1.0720	8771
1.0760	9071
1.0800	8688
1.0840	8956
1.0880	8852
1.0920	9079
1.0960	8805
1.1000	8800
1.1040	8860
1.1080	8797
1.1120	8825
1.1160	8766
1.1200	8587
1.1240	8575
1.1280	8660
1.1320	8522
1.1360	8272
1.1400	8223
1.1440	8477
1.1480	8701
1.1520	8423
1.1560	8669
1.1600	8329
1.1640	8827
1.1680	8524
1.1720	8865
1.1760	8291
1.1800	8924
1.1840	8507
1.1880	8915
1.1920	8564
1.1960	8759
1.2000	8359
1.2040	8663
1.2080	8713
1.2120	8637
1.2160	8611
1.2200	8461
1.2240	8900
1.2280	8410
1.2320	9053
1.2360	8659
1.2400	8740
1.2440	8597
1.2480	9089
1.2520	8730
1.2560	8825
1.2600	8854
1.2640	8990
1.2680	9026
1.2720	8857
1.2760	8785
1.2800	8800
1.2840	8858
1.2880	8696
1.2920	8820
1.2960	8537
1.3000	8507
1.3040	8591
1.3080	8482
1.3120	8444
1.3160	8290
1.3200	8611
1.3240	8237
1.3280	8712
1.3320	8497
1.3360	8525
1.3400	8430
1.3440	8783
1.3480	8465
1.3520	8867
1.3560	8522
1.3600	8859
1.3640	8578
1.3680	8909
1.3720	8538
1.3760	8716
1.3800	8611
1.3840	8895
1.3880	8750
1.3920	8625
1.3960	8873
1.4000	8332
1.4040	8894
1.4080	8422
1.4120	8931
1.4160	8540
1.4200	8928
1.4240	8745
1.4280	8975
1.4320	8871
1.4360	9064
1.4400	8701
1.4440	8903
1.4480	8871
1.4520	8853
1.4560	8688
1.4600	8696
1.4640	8700
1.4680	8820
1.4720	8683
1.4760	8661
1.4800	8613
1.4840	8564
1.4880	8356
1.4920	8533
1.4960	8307
1.5000	8446
1.5040	8431
1.5080	8665
1.5120	8442
1.5160	8741
1.5200	8362
1.5240	8741
1.5280	8333
1.5320	8779
1.5360	8285
1.5400	8991
1.5440	8514
1.5480	8890
1.5520	8724
1.5560	8855
1.5600	8505
1.5640	8399
1.5680	8813
1.5720	8444
1.5760	8881
1.5800	8595
1.5840	8999
1.5880	8505
1.5920	9106
1.5960	8597
1.6000	8978
1.6040	8688
1.6080	8841
1.6120	8719
1.6160	8909
1.6200	9024
1.6240	9008
1.6280	8970
1.6320	8846
1.6360	8803
1.6400	8744
1.6440	8676
1.6480	8648
1.6520	8677
1.6560	8562
1.6600	8505
1.6640	8499
1.6680	8411
1.6720	8441
1.6760	8297
1.6800	8583
1.6840	8238
1.6880	8778
1.6920	8419
1.6960	8752
1.7000	8332
1.7040	8802
1.7080	8502
1.7120	9024
1.7160	8408
1.7200	8804
1.7240	8493
1.7280	8803
1.7320	8545
1.7360	8608
1.7400	8604
1.7440	8686
1.7480	8895
1.7520	8555
1.7560	9047
1.7600	8441
1.7640	8899
1.7680	8495
1.7720	9076
1.7760	8624
1.7800	8917
1.7840	8853
1.7880	8962
1.7920	8939
1.7960	9045
1.8000	8979
1.8040	8914
1.8080	8941
1.8120	8879
1.8160	8699
1.8200	8742
1.8240	8586
1.8280	8664
1.8320	8643
1.8360	8519
1.8400	8435
1.8440	8396
1.8480	8350
1.8520	8554
1.8560	8472
1.8600	8544
1.8640	8413
1.8680	8876
1.8720	8590
1.8760	8786
1.8800	8259
1.8840	8925
1.8880	8301
1.8920	8961
1.8960	8367
1.9000	8901
1.9040	8567
1.9080	8848
1.9120	8735
1.9160	8743
1.9200	8579
1.9240	8454
1.9280	8942
1.9320	8452
1.9360	8951
1.9400	8562
1.9440	8887
1.9480	8693
1.9520	9076
1.9560	8618
1.9600	8968
1.9640	8895
1.9680	9099
1.9720	8968
1.9760	8909
1.9800	8847
1.9840	8963
1.9880	9013
1.9920	9026
1.9960	8819
2.0000	8664
2.0040	8627
2.0080	8699
2.0120	8487
2.0160	8488
2.0200	8412
2.0240	8483
2.0280	8544
2.0320	8516
2.0360	8501
2.0400	8550
2.0440	8454
2.0480	8694
2.0520	8391
2.0560	8881
2.0600	8486
2.0640	8985
2.0680	8429
2.0720	8929
2.0760	8474
2.0800	8641
2.0840	8628
2.0880	8551
2.0920	8603
2.0960	8602
2.1000	8728
2.1040	8605
2.1080	9018
2.1120	8529
2.1160	8937
2.1200	8361
2.1240	9011
2.1280	8643
2.1320	8908
2.1360	8703
2.1400	9097
2.1440	8910
2.1480	9006
2.1520	9151
2.1560	8918
2.1600	8780
2.1640	8743
2.1680	8758
2.1720	8716
2.1760	8793
2.1800	8708
2.1840	8593
2.1880	8606
2.1920	8605
2.1960	8420
2.2000	8364
2.2040	8397
2.2080	8488
2.2120	8519
2.2160	8288
2.2200	8743
2.2240	8613
2.2280	8812
2.2320	8421
2.2360	8894
2.2400	8420
2.2440	8948
2.2480	8565
2.2520	8787
2.2560	8414
2.2600	8686
2.2640	8699
2.2680	8642
2.2720	8747
2.2760	8708
2.2800	8734
2.2840	8380
2.2880	8880
2.2920	8518
2.2960	8947
2.3000	8530
2.3040	9114
2.3080	8833
2.3120	9145
2.3160	8798
2.3200	8899
2.3240	8851
2.3280	8753
2.3320	8909
2.3360	8836
2.3400	8742
2.3440	8897
2.3480	8860
2.3520	8834
2.3560	8761
2.3600	8574
2.3640	8474
2.3680	8512
2.3720	8451
2.3760	8299
2.3800	8227
2.3840	8576
2.3880	8456
2.3920	8714
2.3960	8384
2.4000	8508
2.4040	8282
2.4080	9008
2.4120	8343
2.4160	8884
2.4200	8272
2.4240	8955
2.4280	8456
2.4320	9003
2.4360	8674
2.4400	8629
2.4440	8706
2.4480	8604
2.4520	8642
2.4560	8460
2.4600	8844
2.4640	8554
2.4680	8949
2.4720	8528
2.4760	8893
2.4800	8435
2.4840	9025
2.4880	8744
2.4920	8802
2.4960	8670
2.5000	8763
2.5040	8945
2.5080	9206
2.5120	8940
2.5160	8901
2.5200	8924
2.5240	8754
2.5280	8975
2.5320	8561
2.5360	8460
2.5400	8556
2.5440	8678
2.5480	8747
2.5520	8618
2.5560	8552
2.5600	8290
2.5640	8539
2.5680	8395
2.5720	8693
2.5760	8289
2.5800	8774
2.5840	8436
2.5880	8878
2.5920	8368
2.5960	8920
2.6000	8396
2.6040	8859
2.6080	8362
2.6120	8860
2.6160	8497
2.6200	8672
2.6240	8677
2.6280	8682
2.6320	8854
2.6360	8613
2.6400	8840
2.6440	8403
2.6480	8934
2.6520	8442
2.6560	8840
2.6600	8630
2.6640	8969
2.6680	8867
2.6720	9005
2.6760	8836
2.6800	8611
2.6840	8887
2.6880	8934
2.6920	8861
2.6960	8689
2.7000	8758
2.7040	8778
2.7080	8674
2.7120	8865
2.7160	8667
2.7200	8351
2.7240	8530
2.7280	8469
2.7320	8436
2.7360	8451
2.7400	8418
2.7440	8598
2.7480	8498
2.7520	8716
2.7560	8251
2.7600	8770
2.7640	8399
2.7680	8828
2.7720	8392
2.7760	8800
2.7800	8280
2.7840	8776
2.7880	8555
2.7920	8847
2.7960	8632
2.8000	8649
2.8040	8863
2.8080	8664
2.8120	8781
2.8160	8339
2.8200	8967
2.8240	8549
2.8280	9059
2.8320	8675
2.8360	8880
2.8400	8491
2.8440	9014
2.8480	8724
2.8520	8867
2.8560	8765
2.8600	8896
2.8640	8976
2.8680	8970
2.8720	8912
2.8760	8750
2.8800	8728
2.8840	8716
2.8880	8637
2.8920	8590
2.8960	8290
2.9000	8557
2.9040	8515
2.9080	8587
2.9120	8451
2.9160	8428
2.9200	8396
2.9240	8602
2.9280	8226
2.9320	8665
2.9360	8349
2.9400	8675
2.9440	8550
2.9480	8976
2.9520	8511
2.9560	8943
2.9600	8269
2.9640	8710
2.9680	8645
2.9720	8734
2.9760	8467
2.9800	8521
2.9840	8886
2.9880	8670
2.9920	8852
2.9960	8486
3.0000	8938
3.0040	8524
3.0080	8855
3.0120	8540
3.0160	8838
3.0200	8712
3.0240	8839
3.0280	8812
3.0320	8863
3.0360	8842
3.0400	8960
3.0440	8849
3.0480	8841
3.0520	8798
3.0560	8850
3.0600	8762
3.0640	8731
3.0680	8847
3.0720	8546
3.0760	8553
3.0800	8547
3.0840	8327
3.0880	8416
3.0920	8137
3.0960	8507
3.1000	8281
3.1040	8488
3.1080	8484
3.1120	8796
3.1160	8326
3.1200	8586
3.1240	8467
3.1280	8826
3.1320	8298
3.1360	8758
3.1400	8452
3.1440	8742
3.1480	8709
3.1520	8829
3.1560	8800
3.1600	8539
3.1640	8827
3.1680	8421
3.1720	8883
3.1760	8324
3.1800	8996
3.1840	8563
3.1880	9080
3.1920	8777
3.1960	8983
3.2000	8829
3.2040	8891
3.2080	8908
3.2120	8980
3.2160	8929
3.2200	8750
3.2240	8948
3.2280	8988
3.2320	8792
3.2360	8803
3.2400	8816
3.2440	8750
3.2480	8581
3.2520	8668
3.2560	8392
3.2600	8479
3.2640	8374
3.2680	8633
3.2720	8427
3.2760	8602
3.2800	8395
3.2840	8792
3.2880	8397
3.2920	8770
3.2960	8455
3.3000	8781
3.3040	8485
3.3080	8998
3.3120	8328
3.3160	8736
3.3200	8515
3.3240	8780
3.3280	8665
3.3320	8629
3.3360	8639
3.3400	8536
3.3440	8837
3.3480	8504
3.3520	8932
3.3560	8313
3.3600	8811
3.3640	8552
3.3680	8970
3.3720	8806
3.3760	8876
3.3800	8729
3.3840	9036
3.3880	8965
3.3920	8911
3.3960	8985
3.4000	9024
3.4040	8792
3.4080	8829
3.4120	8649
3.4160	8487
3.4200	8757
3.4240	8708
3.4280	8484
3.4320	8627
3.4360	8531
3.4400	8344
3.4440	8330
3.4480	8532
3.4520	8405
3.4560	8566
3.4600	8312
3.4640	8821
3.4680	8467
3.4720	8813
3.4760	8366
3.4800	8940
3.4840	8311
3.4880	8923
3.4920	8375
3.4960	8723
3.5000	8567
3.5040	8836
3.5080	8655
3.5120	8591
3.5160	8735
3.5200	8422
3.5240	8843
3.5280	8406
3.5320	8944
3.5360	8393
3.5400	8998
3.5440	8688
3.5480	8959
3.5520	8782
3.5560	8916
3.5600	8683
3.5640	9094
3.5680	8840
3.5720	8858
3.5760	8770
3.5800	8945
3.5840	8732
3.5880	8872
3.5920	8767
3.5960	8814
3.6000	8555
3.6040	8671
3.6080	8520
3.6120	8606
3.6160	8332
3.6200	8574
3.6240	8445
3.6280	8655
3.6320	8528
3.6360	8621
3.6400	8253
3.6440	8767
3.6480	8506
3.6520	8750
3.6560	8259
3.6600	8921
3.6640	8380
3.6680	8873
3.6720	8502
3.6760	8655
3.6800	8472
3.6840	8483
3.6880	8725
3.6920	8575
3.6960	8719
3.7000	8396
3.7040	8954
3.7080	8683
3.7120	8994
3.7160	8444
3.7200	9026
3.7240	8639
3.7280	8869
3.7320	8762
3.7360	8852
3.7400	8817
3.7440	9149
3.7480	8980
3.7520	9011
3.7560	8802
3.7600	8904
3.7640	8769
3.7680	8797
3.7720	8649
3.7760	8631
3.7800	8446
3.7840	8672
3.7880	8648
3.7920	8504
3.7960	8293
3.8000	8548
3.8040	8510
3.8080	8673
3.8120	8340
3.8160	8682
3.8200	8341
3.8240	8790
3.8280	8418
3.8320	8849
3.8360	8304
3.8400	8859
3.8440	8384
3.8480	8741
3.8520	8392
3.8560	8675
3.8600	8407
3.8640	8753
3.8680	8895
3.8720	8569
3.8760	9022
3.8800	8410
3.8840	8793
3.8880	8655
3.8920	8926
3.8960	8420
3.9000	8964
3.9040	8726
3.9080	8994
3.9120	8720
3.9160	8846
3.9200	9061
3.9240	8950
3.9280	8892
3.9320	8827
3.9360	8718
3.9400	8748
3.9440	8899
3.9480	8884
3.9520	8726
3.9560	8494
3.9600	8589
3.9640	8460
3.9680	8490
3.9720	8320
3.9760	8209
3.9800	8704
3.9840	8439
3.9880	8666
3.9920	8531
3.9960	8716
4.0000	8433
4.0040	8879
4.0080	8333
4.0120	8996
4.0160	8449
4.0200	8854
4.0240	8461
4.0280	8851
4.0320	8601
4.0360	8756
4.0400	8583
4.0440	8581
4.0480	8727
4.0520	8515
4.0560	8820
4.0600	8330
4.0640	9031
4.0680	8490
4.0720	8936
4.0760	8706
4.0800	8968
4.0840	8619
4.0880	9053
4.0920	8759
4.0960	8791
4.1000	9035
4.1040	8938
4.1080	8947
4.1120	8889
4.1160	8859
4.1200	8730
4.1240	8949
4.1280	8635
4.1320	8522
4.1360	8456
4.1400	8483
4.1440	8543
4.1480	8566
4.1520	8477
4.1560	8390
4.1600	8458
4.1640	8449
4.1680	8773
4.1720	8292
4.1760	8720
4.1800	8355
4.1840	8955
4.1880	8538
4.1920	9097
4.1960	8435
4.2000	8873
4.2040	8495
4.2080	8931
4.2120	8680
4.2160	8672
4.2200	8609
4.2240	8731
4.2280	8960
4.2320	8609
4.2360	8835
4.2400	8466
4.2440	9099
4.2480	8646
4.2520	8861
4.2560	8755
4.2600	8982
4.2640	8928
4.2680	8985
4.2720	8783
4.2760	8964
4.2800	8918
4.2840	9089
4.2880	8809
4.2920	8813
4.2960	8456
4.3000	8673
4.3040	8780
4.3080	8682
4.3120	8567
4.3160	8716
4.3200	8453
4.3240	8377
4.3280	8349
4.3320	8421
4.3360	8239
4.3400	8719
4.3440	8453
4.3480	8727
4.3520	8487
4.3560	8864
4.3600	8317
4.3640	8815
4.3680	8438
4.3720	8856
4.3760	8387
4.3800	8849
4.3840	8692
4.3880	8868
4.3920	8724
4.3960	8515
4.4000	8664
4.4040	8448
4.4080	8817
4.4120	8313
4.4160	8690
4.4200	8601
4.4240	9061
4.4280	8752
4.4320	8979
4.4360	8755
4.4400	8934
4.4440	8841
4.4480	9019
4.4520	8832
4.4560	8859
4.4600	8902
4.4640	9058
4.4680	9012
4.4720	8870
4.4760	8835
4.4800	8524
4.4840	8771
4.4880	8493
4.4920	8614
4.4960	8393
4.5000	8379
4.5040	8617
4.5080	8446
4.5120	8554
4.5160	8280
4.5200	8560
4.5240	8364
4.5280	8685
4.5320	8356
4.5360	8741
4.5400	8365
4.5440	8961
4.5480	8408
4.5520	8963
4.5560	8537
4.5600	8669
4.5640	8690
4.5680	8631
4.5720	8549
4.5760	8623
4.5800	8724
4.5840	8618
4.5880	8935
4.5920	8525
4.5960	8938
4.6000	8546
4.6040	8908
4.6080	8721
4.6120	8978
4.6160	8601
4.6200	8951
4.6240	8742
4.6280	8975
4.6320	8822
4.6360	9033
4.6400	8746
4.6440	8853
4.6480	8781
4.6520	8794
4.6560	8747
4.6600	8467
4.6640	8406
4.6680	8464
4.6720	8536
4.6760	8332
4.6800	8218
4.6840	8642
4.6880	8387
4.6920	8456
4.6960	8285
4.7000	8737
4.7040	8505
4.7080	8914
4.7120	8345
4.7160	8906
4.7200	8319
4.7240	8990
4.7280	8474
4.7320	8726
4.7360	8341
4.7400	8753
4.7440	8736
4.7480	8555
4.7520	8855
4.7560	8516
4.7600	8733
4.7640	8392
4.7680	8904
4.7720	8300
4.7760	8752
4.7800	8667
4.7840	9064
4.7880	8606
4.7920	8977
4.7960	8811
4.8000	8970
4.8040	8837
4.8080	8950
4.8120	8924
4.8160	8880
4.8200	8906
4.8240	8959
4.8280	8780
4.8320	8712
4.8360	8704
4.8400	8438
4.8440	8776
4.8480	8500
4.8520	8436
4.8560	8325
4.8600	8374
4.8640	8490
4.8680	8432
4.8720	8747
4.8760	8416
4.8800	8622
4.8840	8419
4.8880	8898
4.8920	8344
4.8960	8825
4.9000	8295
4.9040	9038
4.9080	8469
4.9120	8862
4.9160	8483
4.9200	8776
4.9240	8611
4.9280	8619
4.9320	8741
4.9360	8388
4.9400	8829
4.9440	8473
4.9480	8855
4.9520	8645
4.9560	9146
4.9600	8653
4.9640	8937
4.9680	8611
4.9720	8863
4.9760	8737
4.9800	9023
4.9840	9003
4.9880	9091
4.9920	9077
4.9960	8809
5.0000	8855
5.0040	8895
5.0080	8633
5.0120	8798
5.0160	8598
5.0200	8493
5.0240	8563
5.0280	8747
5.0320	8435
5.0360	8621
5.0400	8355
5.0440	8562
5.0480	8239
5.0520	8610
5.0560	8365
5.0600	8858
5.0640	8468
5.0680	8877
5.0720	8547
5.0760	8948
5.0800	8385
5.0840	8800
5.0880	8537
5.0920	8658
5.0960	8644
5.1000	8758
5.1040	8867
5.1080	8804
5.1120	8641
5.1160	8495
5.1200	8875
5.1240	8444
5.1280	8861
5.1320	8590
5.1360	8835
5.1400	8586
5.1440	8979
5.1480	8908
5.1520	8984
5.1560	8810
5.1600	8820
5.1640	8783
5.1680	8922
5.1720	8730
5.1760	8793
5.1800	8766
5.1840	8812
5.1880	8698
5.1920	8677
5.1960	8525
5.2000	8531
5.2040	8372
5.2080	8511
5.2120	8373
5.2160	8412
5.2200	8464
5.2240	8658
5.2280	8488
5.2320	8764
5.2360	8449
5.2400	8632
5.2440	8458
5.2480	8628
5.2520	8392
5.2560	9003
5.2600	8445
5.2640	8885
5.2680	8445
5.2720	8755
5.2760	8533
5.2800	8665
5.2840	8647
5.2880	8475
5.2920	8788
5.2960	8359
5.3000	9055
5.3040	8542
5.3080	8939
5.3120	8621
5.3160	9124
5.3200	8712
5.3240	9009
5.3280	8792
5.3320	8826
5.3360	8829
5.3400	8914
5.3440	9006
5.3480	9006
5.3520	8840
5.3560	8979
5.3600	8635
5.3640	8760
5.3680	8646
5.3720	8525
5.3760	8419
5.3800	8623
5.3840	8591
5.3880	8631
5.3920	8510
5.3960	8602
5.4000	8446
5.4040	8679
5.4080	8437
5.4120	8673
5.4160	8311
5.4200	8781
5.4240	8395
5.4280	8969
5.4320	8437
5.4360	8891
5.4400	8570
5.4440	8710
5.4480	8621
5.4520	8699
5.4560	8614
5.4600	8537
5.4640	8876
5.4680	8570
5.4720	8923
5.4760	8386
5.4800	8889
5.4840	8490
5.4880	9009
5.4920	8471
5.4960	8943
5.5000	8581
5.5040	8991
5.5080	8992
5.5120	9208
5.5160	8812
5.5200	8921
5.5240	8913
5.5280	8880
5.5320	8827
5.5360	8726
5.5400	8702
5.5440	8794
5.5480	8717
5.5520	8725
5.5560	8456
5.5600	8472
5.5640	8462
5.5680	8471
5.5720	8348
5.5760	8345
5.5800	8297
5.5840	8835
5.5880	8473
5.5920	8918
5.5960	8432
5.6000	8875
5.6040	8371
5.6080	9073
5.6120	8364
5.6160	8685
5.6200	8409
5.6240	8911
5.6280	8674
5.6320	8768
5.6360	8645
5.6400	8549
5.6440	8917
5.6480	8527
5.6520	8771
5.6560	8368
5.6600	8943
5.6640	8493
5.6680	8902
5.6720	8723
5.6760	9050
5.6800	8868
5.6840	8986
5.6880	8804
5.6920	8781
5.6960	8917
5.7000	8924
5.7040	9067
5.7080	9017
5.7120	8756
5.7160	8784
5.7200	8827
5.7240	8680
5.7280	8572
5.7320	8359
5.7360	8403
5.7400	8517
5.7440	8576
5.7480	8728
5.7520	8466
5.7560	8525
5.7600	8464
5.7640	8703
5.7680	8321
5.7720	8772
5.7760	8391
5.7800	8924
5.7840	8478
5.7880	9005
5.7920	8418
5.7960	8852
5.8000	8562
5.8040	8723
5.8080	8663
5.8120	8543
5.8160	8607
5.8200	8564
5.8240	9031
5.8280	8641
5.8320	9017
5.8360	8386
5.8400	8982
5.8440	8533
5.8480	8865
5.8520	8623
5.8560	8873
5.8600	8759
5.8640	9026
5.8680	9004
5.8720	9007
5.8760	8893
5.8800	8720
5.8840	8777
5.8880	8719
5.8920	8630
5.8960	8547
5.9000	8836
5.9040	8829
5.9080	8659
5.9120	8538
5.9160	8437
5.9200	8465
5.9240	8375
5.9280	8570
5.9320	8435
5.9360	8611
5.9400	8371
5.9440	8854
5.9480	8398
5.9520	8940
5.9560	8488
5.9600	8810
5.9640	8531
5.9680	8885
5.9720	8482
5.9760	8599
5.9800	8573
5.9840	8871
5.9880	8598
5.9920	8556
5.9960	8833
6.0000	8531
6.0040	8699
6.0080	8474
6.0120	8859
6.0160	8525
6.0200	8902
6.0240	8834
6.0280	9100
6.0320	8791
6.0360	8914
6.0400	8878
6.0440	8960
6.0480	8999
6.0520	8974
6.0560	8804
6.0600	8968
6.0640	8848
6.0680	8976
6.0720	8741
6.0760	8586
6.0800	8506
6.0840	8482
6.0880	8377
6.0920	8374
6.0960	8436
6.1000	8327
6.1040	8358
6.1080	8613
6.1120	8188
6.1160	8735
6.1200	8433
6.1240	8757
6.1280	8337
6.1320	8976
6.1360	8372
6.1400	8913
6.1440	8469
6.1480	8827
6.1520	8466
6.1560	8693
6.1600	8518
6.1640	8637
6.1680	8833
6.1720	8574
6.1760	8744
6.1800	8545
6.1840	8853
6.1880	8613
6.1920	8915
6.1960	8622
6.2000	8931
6.2040	8583
6.2080	8841
6.2120	8749
6.2160	8933
6.2200	8680
6.2240	9031
6.2280	8963
6.2320	9020
6.2360	8853
6.2400	8783
6.2440	8738
6.2480	8648
6.2520	8691
6.2560	8525
6.2600	8658
6.2640	8577
6.2680	8714
6.2720	8518
6.2760	8292
6.2800	8619
6.2840	8436
6.2880	8761
6.2920	8404
6.2960	8636
6.3000	8335
6.3040	8956
6.3080	8388
6.3120	8989
6.3160	8386
6.3200	8937
6.3240	8526
6.3280	8836
6.3320	8664
6.3360	8673
6.3400	8708
6.3440	8627
6.3480	8822
6.3520	8605
6.3560	8924
6.3600	8403
6.3640	9055
6.3680	8645
6.3720	8809
6.3760	8528
6.3800	9008
6.3840	8926
6.3880	9084
6.3920	8886
6.3960	9025
6.4000	8827
6.4040	8931
6.4080	9028
6.4120	8723
6.4160	8823
6.4200	8804
6.4240	8877
6.4280	8777
6.4320	8558
6.4360	8683
6.4400	8508
6.4440	8619
6.4480	8482
6.4520	8376
6.4560	8324
6.4600	8601
6.4640	8496
6.4680	8800
6.4720	8418
6.4760	8799
6.4800	8406
6.4840	8735
6.4880	8396
6.4920	8997
6.4960	8342
6.5000	8900
6.5040	8615
6.5080	8911
6.5120	8601
6.5160	8656
6.5200	8650
6.5240	8608
6.5280	8840
6.5320	8460
6.5360	8785
6.5400	8452
6.5440	9209
6.5480	8789
6.5520	8846
6.5560	8551
6.5600	8961
6.5640	8721
6.5680	9026
6.5720	8741
6.5760	8972
6.5800	8763
6.5840	9002
6.5880	8799
6.5920	8758
6.5960	8876
6.6000	8788
6.6040	8597
6.6080	8679
6.6120	8479
6.6160	8470
6.6200	8470
6.6240	8412
6.6280	8477
6.6320	8674
6.6360	8500
6.6400	8624
6.6440	8544
6.6480	8788
6.6520	8368
6.6560	8713
6.6600	8424
6.6640	8875
6.6680	8546
6.6720	8940
6.6760	8475
6.6800	8769
6.6840	8474
6.6880	8905
6.6920	8630
6.6960	8589
6.7000	8800
6.7040	8680
6.7080	8818
6.7120	8496
6.7160	8895
6.7200	8497
6.7240	9007
6.7280	8553
6.7320	8774
6.7360	8668
6.7400	8958
6.7440	8780
6.7480	9036
6.7520	8888
6.7560	8997
6.7600	9000
6.7640	9066
6.7680	8755
6.7720	8718
6.7760	8595
6.7800	8712
6.7840	8696
6.7880	8832
6.7920	8637
6.7960	8637
6.8000	8411
6.8040	8458
6.8080	8456
6.8120	8534
6.8160	8327
6.8200	8628
6.8240	8414
6.8280	8803
6.8320	8355
6.8360	8792
6.8400	8399
6.8440	9024
6.8480	8510
6.8520	8914
6.8560	8421
6.8600	9025
6.8640	8653
6.8680	8831
6.8720	8759
6.8760	8635
6.8800	8780
6.8840	8533
6.8880	8674
6.8920	8260
6.8960	8790
6.9000	8591
6.9040	8929
6.9080	8703
6.9120	9084
6.9160	8625
6.9200	8991
6.9240	8876
6.9280	8926
6.9320	8765
6.9360	8838
6.9400	8936
6.9440	8964
6.9480	8968
6.9520	8835
6.9560	8679
6.9600	8491
6.9640	8665
6.9680	8630
6.9720	8413
6.9760	8363
6.9800	8487
6.9840	8557
6.9880	8542
6.9920	8587
6.9960	8414
7.0000	8595
7.0040	8440
7.0080	8878
7.0120	8328
7.0160	8697
7.0200	8529
7.0240	8985
7.0280	8435
7.0320	8861
7.0360	8583
7.0400	8762
7.0440	8671
7.0480	8610
7.0520	8476
7.0560	8372
7.0600	8909
7.0640	8642
7.0680	8836
7.0720	8469
7.0760	8913
7.0800	8453
7.0840	8997
7.0880	8693
7.0920	8791
7.0960	8685
7.1000	9020
7.1040	8951
7.1080	9020
7.1120	8888
7.1160	9005
7.1200	8833
7.1240	8719
7.1280	8865
7.1320	8555
7.1360	8671
7.1400	8666
7.1440	8658
7.1480	8708
7.1520	8499
7.1560	8524
7.1600	8269
7.1640	8548
7.1680	8331
7.1720	8550
7.1760	8349
7.1800	8722
7.1840	8457
7.1880	8848
7.1920	8559
7.1960	8833
7.2000	8405
7.2040	8752
7.2080	8419
7.2120	8754
7.2160	8440
7.2200	8811
7.2240	8913
7.2280	8711
7.2320	8819
7.2360	8592
7.2400	8846
7.2440	8442
7.2480	9094
7.2520	8266
7.2560	8881
7.2600	8748
7.2640	8992
7.2680	8761
7.2720	9019
7.2760	8831
7.2800	8855
7.2840	8932
7.2880	8797
7.2920	8939
7.2960	8735
7.3000	8823
7.3040	8895
7.3080	8868
7.3120	8607
7.3160	8616
7.3200	8610
7.3240	8682
7.3280	8586
7.3320	8346
7.3360	8477
7.3400	8486
7.3440	8529
7.3480	8534
7.3520	8678
7.3560	8285
7.3600	8748
7.3640	8427
7.3680	8726
7.3720	8339
7.3760	8686
7.3800	8520
7.3840	8832
7.3880	8518
7.3920	8826
7.3960	8525
7.4000	8670
7.4040	8673
7.4080	8691
7.4120	8641
7.4160	8432
7.4200	8878
7.4240	8536
7.4280	9037
7.4320	8628
7.4360	8788
7.4400	8669
7.4440	8975
7.4480	8619
7.4520	8962
7.4560	8836
7.4600	9114
7.4640	8973
7.4680	9115
7.4720	9006
7.4760	8918
7.4800	8868
7.4840	8893
7.4880	8610
7.4920	8589
7.4960	8652
7.5000	8493
7.5040	8466
7.5080	8408
7.5120	8552
7.5160	8682
7.5200	8460
7.5240	8646
7.5280	8299
7.5320	8568
7.5360	8328
7.5400	8798
7.5440	8564
7.5480	8875
7.5520	8460
7.5560	8918
7.5600	8460
7.5640	8747
7.5680	8642
7.5720	8781
7.5760	8577
7.5800	8737
7.5840	8859
7.5880	8529
7.5920	8881
7.5960	8470
7.6000	8771
7.6040	8610
7.6080	9080
7.6120	8455
7.6160	8992
7.6200	8785
7.6240	9209
7.6280	8850
7.6320	8918
7.6360	8868
7.6400	8858
7.6440	9002
7.6480	8903
7.6520	8839
7.6560	8507
7.6600	8729
7.6640	8746
7.6680	8722
7.6720	8644
7.6760	8647
7.6800	8487
7.6840	8600
7.6880	8519
7.6920	8287
7.6960	8348
7.7000	8566
7.7040	8609
7.7080	8404
7.7120	8700
7.7160	8411
7.7200	8903
7.7240	8400
7.7280	8935
7.7320	8430
7.7360	8762
7.7400	8489
7.7440	9007
7.7480	8605
7.7520	8693
7.7560	8778
7.7600	8633
7.7640	8724
7.7680	8553
7.7720	8724
7.7760	8327
7.7800	8982
7.7840	8697
7.7880	9006
7.7920	8593
7.7960	9012
7.8000	8649
7.8040	9004
7.8080	8829
7.8120	8836
7.8160	8860
7.8200	8993
7.8240	9048
7.8280	8929
7.8320	8803
7.8360	8570
7.8400	8884
7.8440	8690
7.8480	8571
7.8520	8561
7.8560	8428
7.8600	8476
7.8640	8511
7.8680	8501
7.8720	8350
7.8760	8573
7.8800	8399
7.8840	8572
7.8880	8376
7.8920	8837
7.8960	8178
7.9000	8923
7.9040	8619
7.9080	9129
7.9120	8479
7.9160	8953
7.9200	8410
7.9240	8886
7.9280	8675
7.9320	8759
7.9360	8537
7.9400	8578
7.9440	8926
7.9480	8462
7.9520	8987
7.9560	8486
7.9600	8915
7.9640	8633
7.9680	9013
7.9720	8500
7.9760	8914
7.9800	8798
7.9840	8940
7.9880	8884
7.9920	9054
7.9960	8888
8.0000	8894
8.0040	8945
8.0080	8793
8.0120	8791
8.0160	8679
8.0200	8732
8.0240	8524
8.0280	8595
8.0320	8641
8.0360	8524
8.0400	8637
8.0440	8350
8.0480	8534
8.0520	8358
8.0560	8563
8.0600	8372
8.0640	8808
8.0680	8455
8.0720	8813
8.0760	8499
8.0800	8934
8.0840	8487
8.0880	8824
8.0920	8401
8.0960	8757
8.1000	8706
8.1040	8741
8.1080	8589
8.1120	8666
8.1160	8650
8.1200	8355
8.1240	8825
8.1280	8426
8.1320	9018
8.1360	8300
8.1400	8928
8.1440	8693
8.1480	9055
8.1520	8707
8.1560	8850
8.1600	8697
8.1640	8999
8.1680	8895
8.1720	8806
8.1760	8718
8.1800	8954
8.1840	8843
8.1880	8936
8.1920	8885
8.1960	8576
8.2000	8571
8.2040	8732
8.2080	8548
8.2120	8378
8.2160	8427
8.2200	8592
8.2240	8674
8.2280	8684
8.2320	8335
8.2360	8629
8.2400	8329
8.2440	8658
8.2480	8450
8.2520	8850
8.2560	8281
8.2600	8929
8.2640	8532
8.2680	8995
8.2720	8418
8.2760	8706
8.2800	8652
8.2840	8723
8.2880	8564
8.2920	8458
8.2960	8781
8.3000	8522
8.3040	9013
8.3080	8549
8.3120	9062
8.3160	8625
8.3200	9005
8.3240	8740
8.3280	9150
8.3320	8722
8.3360	8848
8.3400	8922
8.3440	9091
8.3480	8999
8.3520	8907
8.3560	8918
8.3600	8845
8.3640	8849
8.3680	8752
8.3720	8763
8.3760	8643
8.3800	8725
8.3840	8698
8.3880	8644
8.3920	8311
8.3960	8510
8.4000	8355
8.4040	8494
8.4080	8578
8.4120	8271
8.4160	8664
8.4200	8387
8.4240	8899
8.4280	8530
8.4320	8907
8.4360	8362
8.4400	8946
8.4440	8419
8.4480	8937
8.4520	8543
8.4560	8648
8.4600	8639
8.4640	8614
8.4680	8844
8.4720	8573
8.4760	8911
8.4800	8351
8.4840	8978
8.4880	8486
8.4920	8812
8.4960	8665
8.5000	9118
8.5040	8757
8.5080	8927
8.5120	8762
8.5160	8940
8.5200	8890
8.5240	8964
8.5280	8906
8.5320	8805
8.5360	8704
8.5400	8887
8.5440	8884
8.5480	8806
8.5520	8695
8.5560	8786
8.5600	8468
8.5640	8666
8.5680	8558
8.5720	8414
8.5760	8307
8.5800	8531
8.5840	8276
8.5880	8700
8.5920	8446
8.5960	8649
8.6000	8540
8.6040	8824
8.6080	8487
8.6120	8755
8.6160	8323
8.6200	9005
8.6240	8502
8.6280	8890
8.6320	8644
8.6360	8713
8.6400	8638
8.6440	8660
8.6480	8685
8.6520	8472
8.6560	8802
8.6600	8483
8.6640	9174
8.6680	8650
8.6720	8955
8.6760	8530
8.6800	8900
8.6840	8605
8.6880	9013
8.6920	8765
8.6960	8922
8.7000	8822
8.7040	9083
8.7080	9090
8.7120	8865
8.7160	8849
8.7200	8908
8.7240	8693
8.7280	8748
8.7320	8641
8.7360	8553
8.7400	8412
8.7440	8487
8.7480	8521
8.7520	8431
8.7560	8526
8.7600	8620
8.7640	8382
8.7680	8651
8.7720	8352
8.7760	8718
8.7800	8544
8.7840	8778
8.7880	8651
8.7920	9088
8.7960	8588
8.8000	8882
8.8040	8575
8.8080	8694
8.8120	8639
8.8160	8614
8.8200	8923
8.8240	8750
8.8280	8848
8.8320	8623
8.8360	8777
8.8400	8445
8.8440	9025
8.8480	8511
8.8520	8831
8.8560	8468
8.8600	9074
8.8640	8957
8.8680	8954
8.8720	8899
8.8760	8965
8.8800	8905
8.8840	9037
8.8880	8892
8.8920	8845
8.8960	8805
8.9000	8797
8.9040	8790
8.9080	8844
8.9120	8610
8.9160	8558
8.9200	8529
8.9240	8464
8.9280	8244
8.9320	8524
8.9360	8363
8.9400	8655
8.9440	8483
8.9480	8910
8.9520	8432
8.9560	8591
8.9600	8345
8.9640	9115
8.9680	8321
8.9720	8856
8.9760	8314
8.9800	8965
8.9840	8505
8.9880	8907
8.9920	8556
8.9960	8692
9.0000	8683
9.0040	8512
9.0080	8716
9.0120	8404
9.0160	8998
9.0200	8735
9.0240	8859
9.0280	8773
9.0320	8968
9.0360	8791
9.0400	9133
9.0440	8729
9.0480	8809
9.0520	8708
9.0560	8927
9.0600	8914
9.0640	9119
9.0680	8989
9.0720	8809
9.0760	8751
9.0800	8827
9.0840	8744
9.0880	8566
9.0920	8489
9.0960	8528
9.1000	8509
9.1040	8646
9.1080	8391
9.1120	8412
9.1160	8243
9.1200	8612
9.1240	8335
9.1280	8640
9.1320	8297
9.1360	8846
9.1400	8630
9.1440	9010
9.1480	8486
9.1520	9139
9.1560	8586
9.1600	8746
9.1640	8775
9.1680	8722
9.1720	8523
9.1760	8596
9.1800	8713
9.1840	8716
9.1880	8933
9.1920	8467
9.1960	9012
9.2000	8618
9.2040	8861
9.2080	8521
9.2120	8937
9.2160	8705
9.2200	8991
9.2240	8860
9.2280	8995
9.2320	8787
9.2360	8969
9.2400	8864
9.2440	8742
9.2480	8880
9.2520	8828
9.2560	8596
9.2600	8867
9.2640	8859
9.2680	8721
9.2720	8593
9.2760	8602
9.2800	8378
9.2840	8440
9.2880	8323
9.2920	8452
9.2960	8414
9.3000	8799
9.3040	8570
9.3080	8813
9.3120	8266
9.3160	8979
9.3200	8330
9.3240	8992
9.3280	8434
9.3320	8776
9.3360	8289
9.3400	8960
9.3440	8640
9.3480	8676
9.3520	8655
9.3560	8790
9.3600	8790
9.3640	8582
9.3680	8920
9.3720	8407
9.3760	8992
9.3800	8763
9.3840	8984
9.3880	8806
9.3920	8922
9.3960	8809
9.4000	8957
9.4040	8845
9.4080	9000
9.4120	8762
9.4160	8851
9.4200	8937
9.4240	8956
9.4280	8659
9.4320	8810
9.4360	8769
9.4400	8773
9.4440	8727
9.4480	8615
9.4520	8404
9.4560	8379
9.4600	8459
9.4640	8536
9.4680	8521
9.4720	8644
9.4760	8559
9.4800	8630
9.4840	8264
9.4880	8857
9.4920	8410
9.4960	8747
9.5000	8419
9.5040	9054
9.5080	8471
9.5120	8814
9.5160	8446
9.5200	8909
9.5240	8491
9.5280	8680
9.5320	8657
9.5360	8492
9.5400	8952
9.5440	8595
9.5480	9069
9.5520	8525
9.5560	8970
9.5600	8585
9.5640	9007
9.5680	8696
9.5720	8696
9.5760	8799
9.5800	9168
9.5840	8884
9.5880	8966
9.5920	8845
9.5960	8978
9.6000	8766
9.6040	8937
9.6080	8605
9.6120	8654
9.6160	8589
9.6200	8778
9.6240	8659
9.6280	8641
9.6320	8496
9.6360	8432
9.6400	8379
9.6440	8475
9.6480	8367
9.6520	8634
9.6560	8288
9.6600	9020
9.6640	8480
9.6680	8820
9.6720	8417
9.6760	8922
9.6800	8419
9.6840	8984
9.6880	8520
9.6920	8699
9.6960	8470
9.7000	8707
9.7040	8811
9.7080	8669
9.7120	8783
9.7160	8593
9.7200	8966
9.7240	8428
9.7280	8874
9.7320	8292
9.7360	8772
9.7400	8639
9.7440	8967
9.7480	8811
9.7520	9069
9.7560	8797
9.7600	8956
9.7640	9060
9.7680	8787
9.7720	8743
9.7760	8924
9.7800	8807
9.7840	8866
9.7880	8643
9.7920	8649
9.7960	8698
9.8000	8609
9.8040	8517
9.8080	8465
9.8120	8321
9.8160	8265
9.8200	8489
9.8240	8639
9.8280	8345
9.8320	8612
9.8360	8525
9.8400	8756
9.8440	8515
9.8480	8885
9.8520	8268
9.8560	8823
9.8600	8693
9.8640	9080
9.8680	8418
9.8720	8723
9.8760	8621
9.8800	8802
9.8840	8669
9.8880	8729
9.8920	8901
9.8960	8389
9.9000	9051
9.9040	8600
9.9080	9088
9.9120	8605
9.9160	9002
9.9200	8669
9.9240	8916
9.9280	8611
9.9320	8957
9.9360	8758
9.9400	8998
9.9440	8926
9.9480	8989
9.9520	8896
9.9560	8877
9.9600	8578
9.9640	8743
9.9680	8557
9.9720	8539
9.9760	8483
9.9800	8531
9.9840	8568
9.9880	8558
9.9920	8466
9.9960	8618
10.0000	8369
10.0040	8708
10.0080	8327
10.0120	8561
10.0160	8297
10.0200	8859
10.0240	8530
10.0280	8998
10.0320	8499
10.0360	8859
10.0400	8415
10.0440	8950
10.0480	8355
10.0520	8643
10.0560	8658
10.0600	8833
10.0640	8912
10.0680	8548
10.0720	8832
10.0760	8467
10.0800	9014
10.0840	8514
10.0880	8924
10.0920	8538
10.0960	8908
10.1000	8911
10.1040	8997
10.1080	8851
10.1120	8998
10.1160	8832
10.1200	8911
10.1240	8738
10.1280	8741
10.1320	8781
10.1360	8763
10.1400	8748
10.1440	8897
10.1480	8651
10.1520	8513
10.1560	8589
10.1600	8446
10.1640	8577
10.1680	8468
10.1720	8270
10.1760	8510
10.1800	8390
10.1840	8823
10.1880	8378
10.1920	8792
10.1960	8342
10.2000	8920
10.2040	8603
10.2080	8800
10.2120	8465
10.2160	8914
10.2200	8578
10.2240	8916
10.2280	8622
10.2320	8847
10.2360	8698
10.2400	8649
10.2440	8722
10.2480	8456
10.2520	8886
10.2560	8473
10.2600	9032
10.2640	8670
10.2680	8993
10.2720	8529
10.2760	9026
10.2800	8668
10.2840	8983
10.2880	8886
10.2920	8740
10.2960	8881
10.3000	9035
10.3040	8946
10.3080	8982
10.3120	8751
10.3160	8811
10.3200	8767
10.3240	8652
10.3280	8481
10.3320	8467
10.3360	8485
10.3400	8498
10.3440	8390
10.3480	8508
10.3520	8431
10.3560	8565
10.3600	8434
10.3640	8927
10.3680	8450
10.3720	8592
10.3760	8369
10.3800	8893
10.3840	8439
10.3880	9009
10.3920	8441
10.3960	8928
10.4000	8473
10.4040	8795
10.4080	8533
10.4120	8497
10.4160	8664
10.4200	8574
10.4240	8881
10.4280	8473
10.4320	8795
10.4360	8512
10.4400	8907
10.4440	8571
10.4480	9022
10.4520	8614
10.4560	8891
10.4600	8873
10.4640	9033
10.4680	8881
10.4720	8974
10.4760	8976
10.4800	8982
10.4840	8792
10.4880	8877
10.4920	8612
10.4960	8635
10.5000	8714
10.5040	8778
10.5080	8493
10.5120	8432
10.5160	8465
10.5200	8439
10.5240	8554
10.5280	8462
10.5320	8427
10.5360	8559
10.5400	8394
10.5440	8752
10.5480	8516
10.5520	8802
10.5560	8550
10.5600	8970
10.5640	8372
10.5680	8771
10.5720	8481
10.5760	8798
10.5800	8658
10.5840	8902
10.5880	8609
10.5920	8506
10.5960	8811
10.6000	8518
10.6040	8953
10.6080	8457
10.6120	8883
10.6160	8581
10.6200	9029
10.6240	8829
10.6280	9008
10.6320	8691
10.6360	9049
10.6400	8853
10.6440	8950
10.6480	8744
10.6520	8992
10.6560	8713
10.6600	9005
10.6640	9002
10.6680	8879
10.6720	8763
10.6760	8795
10.6800	8664
10.6840	8564
10.6880	8587
10.6920	8378
10.6960	8352
10.7000	8532
10.7040	8477
10.7080	8641
10.7120	8501
10.7160	8686
10.7200	8462
10.7240	8825
10.7280	8393
10.7320	8727
10.7360	8347
10.7400	9073
10.7440	8413
10.7480	8717
10.7520	8598
10.7560	8945
10.7600	8628
10.7640	8714
10.7680	8600
10.7720	8596
10.7760	8895
10.7800	8632
10.7840	9076
10.7880	8502
10.7920	9096
10.7960	8682
10.8000	8936
10.8040	8631
10.8080	8894
10.8120	8768
10.8160	8869
10.8200	9000
10.8240	8911
10.8280	9005
10.8320	8968
10.8360	8790
10.8400	9026
10.8440	8821
10.8480	8666
10.8520	8659
10.8560	8571
10.8600	8608
10.8640	8701
10.8680	8615
10.8720	8548
10.8760	8433
10.8800	8511
10.8840	8455
10.8880	8410
10.8920	8176
10.8960	8759
10.9000	8553
10.9040	8921
10.9080	8567
10.9120	8831
10.9160	8416
10.9200	8788
10.9240	8437
10.9280	9009
10.9320	8464
10.9360	8694
10.9400	8763
10.9440	8765
10.9480	8800
10.9520	8667
10.9560	8782
10.9600	8469
10.9640	9031
10.9680	8533
10.9720	8746
10.9760	8581
10.9800	8999
10.9840	8844
10.9880	9098
10.9920	8874
10.9960	8912
11.0000	8901
11.0040	8965
11.0080	8838
11.0120	8720
11.0160	8982
11.0200	8915
11.0240	8776
11.0280	8853
11.0320	8601
11.0360	8593
11.0400	8509
11.0440	8603
11.0480	8449
11.0520	8444
11.0560	8348
11.0600	8572
11.0640	8470
11.0680	8684
11.0720	8345
11.0760	8754
11.0800	8504
11.0840	8841
11.0880	8465
11.0920	8821
11.0960	8442
11.1000	8926
11.1040	8511
11.1080	8757
11.1120	8563
11.1160	8760
11.1200	8644
11.1240	8770
11.1280	8758
11.1320	8357
11.1360	8860
11.1400	8698
11.1440	9150
11.1480	8492
11.1520	8927
11.1560	8597
11.1600	9112
11.1640	8661
11.1680	8882
11.1720	8788
11.1760	8880
11.1800	9068
11.1840	9090
11.1880	9038
11.1920	8928
11.1960	8865
11.2000	8770
11.2040	8594
11.2080	8646
11.2120	8370
11.2160	8344
11.2200	8546
11.2240	8561
11.2280	8553
11.2320	8399
11.2360	8561
11.2400	8692
11.2440	8405
11.2480	8500
11.2520	8443
11.2560	8873
11.2600	8522
11.2640	9056
11.2680	8377
11.2720	9042
11.2760	8316
11.2800	8924
11.2840	8483
11.2880	8704
11.2920	8442
11.2960	8605
11.3000	8855
11.3040	8751
11.3080	8981
11.3120	8547
11.3160	9069
11.3200	8567
11.3240	8952
11.3280	8594
11.3320	9006
11.3360	8558
11.3400	8982
11.3440	8843
11.3480	8868
11.3520	8811
11.3560	8966
11.3600	9076
11.3640	9079
11.3680	8803
11.3720	8790
11.3760	8838
11.3800	8828
11.3840	8677
11.3880	8638
11.3920	8594
11.3960	8609
11.4000	8427
11.4040	8513
11.4080	8274
11.4120	8467
11.4160	8291
11.4200	8716
11.4240	8392
11.4280	8887
11.4320	8409
11.4360	8862
11.4400	8436
11.4440	9094
11.4480	8395
11.4520	8772
11.4560	8376
11.4600	8879
11.4640	8581
11.4680	8783
11.4720	8701
11.4760	8620
11.4800	8763
11.4840	8638
11.4880	8909
11.4920	8423
11.4960	8953
11.5000	8780
11.5040	9161
11.5080	8624
11.5120	9160
11.5160	8737
11.5200	9015
11.5240	8843
11.5280	8858
11.5320	8823
11.5360	9025
11.5400	8902
11.5440	9066
11.5480	8845
11.5520	8648
11.5560	8733
11.5600	8539
11.5640	8739
11.5680	8635
11.5720	8547
11.5760	8534
11.5800	8553
11.5840	8376
11.5880	8336
11.5920	8560
11.5960	8362
11.6000	8668
11.6040	8545
11.6080	8757
11.6120	8330
11.6160	8742
11.6200	8522
11.6240	8912
11.6280	8547
11.6320	8849
11.6360	8626
11.6400	8870
11.6440	8571
11.6480	8515
11.6520	8742
11.6560	8339
11.6600	8823
11.6640	8617
11.6680	8975
11.6720	8335
11.6760	8949
11.6800	8630
11.6840	8974
11.6880	8570
11.6920	8858
11.6960	8639
11.7000	9072
11.7040	8901
11.7080	9011
11.7120	8954
11.7160	9049
11.7200	8968
11.7240	8824
11.7280	8681
11.7320	8676
11.7360	8594
11.7400	8702
11.7440	8691
11.7480	8665
11.7520	8533
11.7560	8507
11.7600	8563
11.7640	8489
11.7680	8208
11.7720	8580
11.7760	8364
11.7800	8629
11.7840	8637
11.7880	8823
11.7920	8494
11.7960	8888
11.8000	8474
11.8040	8891
11.8080	8357
11.8120	8692
11.8160	8448
11.8200	8928
11.8240	8755
11.8280	8578
11.8320	8776
11.8360	8583
11.8400	8877
11.8440	8398
11.8480	8763
11.8520	8452
11.8560	8940
11.8600	8562
11.8640	8936
11.8680	8790
11.8720	8983
11.8760	8839
11.8800	8976
11.8840	8946
11.8880	9022
11.8920	8658
11.8960	8756
11.9000	8895
11.9040	8825
11.9080	8713
11.9120	8775
11.9160	8720
11.9200	8597
11.9240	8572
11.9280	8398
11.9320	8361
11.9360	8410
11.9400	8355
11.9440	8638
11.9480	8386
11.9520	8490
11.9560	8412
11.9600	8686
11.9640	8495
11.9680	8721
11.9720	8241
11.9760	8748
11.9800	8415
11.9840	8930
11.9880	8350
11.9920	8735
11.9960	8556
12.0000	8784
12.0040	8668
12.0080	8631
12.0120	8715
12.0160	8510
12.0200	8937
12.0240	8438
12.0280	8994
12.0320	8550
12.0360	9119
12.0400	8460
12.0440	8944
12.0480	8618
12.0520	9016
12.0560	8766
12.0600	9001
12.0640	9020
12.0680	9000
12.0720	8921
12.0760	8956
12.0800	8873
12.0840	8770
12.0880	8688
12.0920	8633
12.0960	8580
12.1000	8682
12.1040	8542
12.1080	8580
12.1120	8530
12.1160	8387
12.1200	8405
12.1240	8486
12.1280	8218
12.1320	8554
12.1360	8192
12.1400	8852
12.1440	8549
12.1480	8854
12.1520	8569
12.1560	9174
12.1600	8460
12.1640	8918
12.1680	8506
12.1720	8609
12.1760	8649
12.1800	8862
12.1840	8830
12.1880	8504
12.1920	8743
12.1960	8353
12.2000	8894
12.2040	8316
12.2080	9055
12.2120	8439
12.2160	8870
12.2200	8762
12.2240	9197
12.2280	8694
12.2320	8970
12.2360	8866
12.2400	9096
12.2440	8997
12.2480	8859
12.2520	8876
12.2560	8735
12.2600	8874
12.2640	8865
12.2680	8774
12.2720	8659
12.2760	8451
12.2800	8656
12.2840	8579
12.2880	8332
12.2920	8298
12.2960	8514
12.3000	8579
12.3040	8704
12.3080	8506
12.3120	8683
12.3160	8449
12.3200	8771
12.3240	8359
12.3280	8808
12.3320	8259
12.3360	8876
12.3400	8487
12.3440	8891
12.3480	8466
12.3520	8654
12.3560	8572
12.3600	8762
12.3640	8704
12.3680	8472
12.3720	8682
12.3760	8426
12.3800	8999
12.3840	8606
12.3880	8999
12.3920	8660
12.3960	9073
12.4000	8637
12.4040	8993
12.4080	8573
12.4120	8960
12.4160	8801
12.4200	9054
12.4240	8997
12.4280	8800
12.4320	8957
12.4360	8860
12.4400	8730
12.4440	8767
12.4480	8514
12.4520	8413
12.4560	8454
12.4600	8696
12.4640	8455
12.4680	8401
12.4720	8331
12.4760	8591
12.4800	8511
12.4840	8760
12.4880	8373
12.4920	8731
12.4960	8387
12.5000	8826
12.5040	8486
12.5080	9016
12.5120	8381
12.5160	8953
12.5200	8437
12.5240	8760
12.5280	8457
12.5320	8816
12.5360	8700
12.5400	8524
12.5440	8952
12.5480	8531
12.5520	8959
12.5560	8552
12.5600	8924
12.5640	8485
12.5680	9048
12.5720	8632
12.5760	9025
12.5800	8854
12.5840	8949
12.5880	8851
12.5920	9094
12.5960	9118
12.6000	9005
12.6040	9042
12.6080	8811
12.6120	8830
12.6160	8793
12.6200	8822
12.6240	8673
12.6280	8560
12.6320	8444
12.6360	8491
12.6400	8439
12.6440	8375
12.6480	8436
12.6520	8343
12.6560	8640
12.6600	8629
12.6640	8796
12.6680	8282
12.6720	8712
12.6760	8372
12.6800	8858
12.6840	8256
12.6880	8810
12.6920	8212
12.6960	8762
12.7000	8589
12.7040	8912
12.7080	8747
12.7120	8624
12.7160	8702
12.7200	8614
12.7240	8791
12.7280	8458
12.7320	8929
12.7360	8369
12.7400	8970
12.7440	8434
12.7480	8915
12.7520	8689
12.7560	9014
12.7600	8780
12.7640	9004
12.7680	8886
12.7720	8836
12.7760	9030
12.7800	9079
12.7840	8972
12.7880	8932
12.7920	8796
12.7960	8854
12.8000	8873
12.8040	8781
12.8080	8487
12.8120	8472
12.8160	8521
12.8200	8396
12.8240	8490
12.8280	8593
12.8320	8474
12.8360	8679
12.8400	8423
12.8440	8920
12.8480	8329
12.8520	8903
12.8560	8369
12.8600	8904
12.8640	8405
12.8680	8878
12.8720	8497
12.8760	8910
12.8800	8578
12.8840	8807
12.8880	8611
12.8920	8690
12.8960	8794
12.9000	8644
12.9040	9120
12.9080	8526
12.9120	9008
12.9160	8547
12.9200	9023
12.9240	8509
12.9280	8909
12.9320	8756
12.9360	8906
12.9400	8639
12.9440	9067
12.9480	8950
12.9520	8880
12.9560	9085
12.9600	8949
12.9640	8826
12.9680	8776
12.9720	8747
12.9760	8523
12.9800	8657
12.9840	8812
12.9880	8557
12.9920	8730
12.9960	8329
13.0000	8525
13.0040	8360
13.0080	8307
13.0120	8330
13.0160	8615
13.0200	8449
13.0240	8841
13.0280	8448
13.0320	8821
13.0360	8478
13.0400	8978
13.0440	8538
13.0480	8791
13.0520	8357
13.0560	8902
13.0600	8579
13.0640	8693
13.0680	8699
13.0720	8664
13.0760	8914
13.0800	8661
13.0840	8795
13.0880	8372
13.0920	8925
13.0960	8553
13.1000	9056
13.1040	8574
13.1080	9020
13.1120	8643
13.1160	9022
13.1200	8712
13.1240	8890
13.1280	8818
13.1320	8936
13.1360	8776
13.1400	9020
13.1440	8801
13.1480	8689
13.1520	8651
13.1560	8712
13.1600	8661
13.1640	8641
13.1680	8499
13.1720	8363
13.1760	8380
13.1800	8413
13.1840	8644
13.1880	8563
13.1920	8522
13.1960	8814
13.2000	8457
13.2040	8728
13.2080	8419
13.2120	8688
13.2160	8287
13.2200	9214
13.2240	8441
13.2280	8864
13.2320	8493
13.2360	8795
13.2400	8586
13.2440	8723
13.2480	8680
13.2520	8458
13.2560	8744
13.2600	8565
13.2640	8903
13.2680	8515
13.2720	8969
13.2760	8597
13.2800	9223
13.2840	8632
13.2880	8825
13.2920	8680
13.2960	8899
13.3000	8919
13.3040	9091
13.3080	8931
13.3120	8992
13.3160	8760
13.3200	8897
13.3240	8819
13.3280	8665
13.3320	8702
13.3360	8483
13.3400	8577
13.3440	8639
13.3480	8586
13.3520	8350
13.3560	8519
13.3600	8604
13.3640	8420
13.3680	8492
13.3720	8431
13.3760	8680
13.3800	8577
13.3840	8947
13.3880	8510
13.3920	8939
13.3960	8347
13.4000	8986
13.4040	8355
13.4080	8644
13.4120	8409
13.4160	8756
13.4200	8787
13.4240	8737
13.4280	8565
13.4320	8662
13.4360	8990
13.4400	8527
13.4440	9025
13.4480	8595
13.4520	9039
13.4560	8529
13.4600	8919
13.4640	8798
13.4680	9085
13.4720	8725
13.4760	8952
13.4800	8888
13.4840	8895
13.4880	8775
13.4920	8571
13.4960	8876
13.5000	9039
13.5040	8870
13.5080	8480
13.5120	8623
13.5160	8350
13.5200	8509
13.5240	8433
13.5280	8375
13.5320	8373
13.5360	8448
13.5400	8829
13.5440	8461
13.5480	8818
13.5520	8335
13.5560	8848
13.5600	8252
13.5640	8811
13.5680	8308
13.5720	8891
13.5760	8360
13.5800	8971
13.5840	8596
13.5880	8765
13.5920	8644
13.5960	8664
13.6000	8766
13.6040	8627
13.6080	8659
13.6120	8530
13.6160	8838
13.6200	8706
13.6240	8979
13.6280	8488
13.6320	8960
13.6360	8512
13.6400	8860
13.6440	8867
13.6480	8951
13.6520	8767
13.6560	8978
13.6600	9052
13.6640	8989
13.6680	8860
13.6720	8841
13.6760	8797
13.6800	8915
13.6840	8644
13.6880	8561
13.6920	8514
13.6960	8542
13.7000	8608
13.7040	8614
13.7080	8477
13.7120	8406
13.7160	8523
13.7200	8534
13.7240	8370
13.7280	8646
13.7320	8325
13.7360	8777
13.7400	8539
13.7440	9025
13.7480	8408
13.7520	8960
13.7560	8494
13.7600	8720
13.7640	8560
13.7680	8615
13.7720	8446
13.7760	8470
13.7800	8686
13.7840	8647
13.7880	8936
13.7920	8451
13.7960	8950
13.8000	8605
13.8040	8873
13.8080	8469
13.8120	8869
13.8160	8652
13.8200	8965
13.8240	8770
13.8280	8872
13.8320	8853
13.8360	8995
13.8400	9037
13.8440	8998
13.8480	8774
13.8520	8790
13.8560	8763
13.8600	8767
13.8640	8730
13.8680	8654
13.8720	8593
13.8760	8611
13.8800	8568
13.8840	8316
13.8880	8467
13.8920	8541
13.8960	8341
13.9000	8644
13.9040	8456
13.9080	8799
13.9120	8364
13.9160	8934
13.9200	8402
13.9240	8994
13.9280	8406
13.9320	8874
13.9360	8453
13.9400	8886
13.9440	8629
13.9480	8761
13.9520	8623
13.9560	8752
13.9600	8784
13.9640	8557
13.9680	8802
13.9720	8434
13.9760	9036
13.9800	8690
13.9840	9165
13.9880	8651
13.9920	8808
13.9960	8812
14.0000	8972
14.0040	8840
14.0080	8813
14.0120	8934
14.0160	9033
14.0200	9119
14.0240	8992
14.0280	8913
14.0320	8778
14.0360	8842
14.0400	8684
14.0440	8526
14.0480	8425
14.0520	8398
14.0560	8563
14.0600	8462
14.0640	8627
14.0680	8563
14.0720	8594
14.0760	8438
14.0800	8658
14.0840	8420
14.0880	8789
14.0920	8153
14.0960	8758
14.1000	8542
14.1040	9071
14.1080	8393
14.1120	8956
14.1160	8628
14.1200	8711
14.1240	8401
14.1280	8496
14.1320	8596
14.1360	8551
14.1400	8868
14.1440	8628
14.1480	8881
14.1520	8353
14.1560	8914
14.1600	8667
14.1640	8820
14.1680	8641
14.1720	8869
14.1760	8631
14.1800	8953
14.1840	8998
14.1880	9003
14.1920	8857
14.1960	8801
14.2000	8807
14.2040	8730
14.2080	8719
14.2120	8679
14.2160	8638
14.2200	8757
14.2240	8618
14.2280	8560
14.2320	8532
14.2360	8510
14.2400	8433
14.2440	8508
14.2480	8342
14.2520	8498
14.2560	8427
14.2600	8811
14.2640	8533
14.2680	8717
14.2720	8521
14.2760	8911
14.2800	8480
14.2840	9005
14.2880	8575
14.2920	8731
14.2960	8432
14.3000	8723
14.3040	8849
14.3080	8636
14.3120	8637
14.3160	8699
14.3200	8825
14.3240	8370
14.3280	8882
14.3320	8475
14.3360	9004
14.3400	8613
14.3440	9124
14.3480	8693
14.3520	9078
14.3560	8803
14.3600	9040
14.3640	8804
14.3680	8928
14.3720	8898
14.3760	8773
14.3800	8912
14.3840	8958
14.3880	8749
14.3920	8732
14.3960	8672
14.4000	8716
14.4040	8621
14.4080	8518
14.4120	8460
14.4160	8379
14.4200	8387
14.4240	8790
14.4280	8405
14.4320	8677
14.4360	8397
14.4400	8697
14.4440	8469
14.4480	8688
14.4520	8263
14.4560	8777
14.4600	8578
14.4640	8897
14.4680	8517
14.4720	8704
14.4760	8654
14.4800	8567
14.4840	8656
14.4880	8599
14.4920	8789
14.4960	8531
14.5000	9058
14.5040	8576
14.5080	8907
14.5120	8658
14.5160	8986
14.5200	8752
14.5240	8925
14.5280	8611
14.5320	8816
14.5360	8677
14.5400	9009
14.5440	9116
14.5480	8867
14.5520	8960
14.5560	8769
14.5600	8692
14.5640	8725
14.5680	8475
14.5720	8454
14.5760	8695
14.5800	8613
14.5840	8626
14.5880	8500
14.5920	8367
14.5960	8476
14.6000	8348
14.6040	8550
14.6080	8354
14.6120	8542
14.6160	8416
14.6200	8937
14.6240	8710
14.6280	9116
14.6320	8452
14.6360	8850
14.6400	8421
14.6440	8799
14.6480	8457
14.6520	8590
14.6560	8536
14.6600	8848
14.6640	8723
14.6680	8555
14.6720	8905
14.6760	8547
14.6800	8985
14.6840	8667
14.6880	9009
14.6920	8478
14.6960	9083
14.7000	8728
14.7040	9036
14.7080	8749
14.7120	8781
14.7160	8988
14.7200	8854
14.7240	9003
14.7280	8771
14.7320	8829
14.7360	8708
14.7400	8955
14.7440	8746
14.7480	8625
14.7520	8604
14.7560	8766
14.7600	8628
14.7640	8563
14.7680	8368
14.7720	8268
14.7760	8523
14.7800	8374
14.7840	8559
14.7880	8375
14.7920	8645
14.7960	8416
14.8000	8821
14.8040	8404
14.8080	8702
14.8120	8343
14.8160	8700
14.8200	8514
14.8240	8858
14.8280	8490
14.8320	8751
14.8360	8622
14.8400	8595
14.8440	8864
14.8480	8496
14.8520	8724
14.8560	8331
14.8600	9007
14.8640	8508
14.8680	8953
14.8720	8672
14.8760	8975
14.8800	8602
14.8840	9080
14.8880	8729
14.8920	8860
14.8960	8893
14.9000	9011
14.9040	8935
14.9080	8843
14.9120	8860
14.9160	8870
14.9200	8571
14.9240	8666
14.9280	8710
14.9320	8545
14.9360	8463
14.9400	8530
14.9440	8464
14.9480	8444
14.9520	8453
14.9560	8647
14.9600	8516
14.9640	8625
14.9680	8264
14.9720	8687
14.9760	8417
14.9800	8908
14.9840	8361
14.9880	8980
14.9920	8362
14.9960	9086
15.0000	8528
15.0040	8814
15.0080	8405
15.0120	8639
15.0160	8749
15.0200	8824
15.0240	8832
15.0280	8562
15.0320	8900
15.0360	8561
15.0400	8946
15.0440	8526
15.0480	8813
15.0520	8620
15.0560	8900
15.0600	8768
15.0640	9018
15.0680	8788
15.0720	8877
15.0760	9017
15.0800	9025
15.0840	8846
15.0880	8919
15.0920	8756
15.0960	8770
15.1000	8764
15.1040	8686
15.1080	8724
15.1120	8558
15.1160	8451
15.1200	8521
15.1240	8422
15.1280	8438
15.1320	8405
15.1360	8505
15.1400	8403
15.1440	8698
15.1480	8487
15.1520	8861
15.1560	8531
15.1600	8982
15.1640	8478
15.1680	8824
15.1720	8333
15.1760	8828
15.1800	8680
15.1840	8743
15.1880	8552
15.1920	8608
15.1960	8765
15.2000	8572
15.2040	8814
15.2080	8363
15.2120	8793
15.2160	8602
15.2200	8970
15.2240	8631
15.2280	8947
15.2320	8666
15.2360	8964
15.2400	8699
15.2440	8911
15.2480	8809
15.2520	8800
15.2560	8726
15.2600	8976
15.2640	8861
15.2680	8845
15.2720	8670
15.2760	8738
15.2800	8729
15.2840	8652
15.2880	8462
15.2920	8506
15.2960	8467
15.3000	8721
15.3040	8584
15.3080	8499
15.3120	8587
15.3160	8502
15.3200	8437
15.3240	8748
15.3280	8293
15.3320	8804
15.3360	8506
15.3400	9063
15.3440	8534
15.3480	8914
15.3520	8550
15.3560	9033
15.3600	8572
15.3640	8714
15.3680	8546
15.3720	8636
15.3760	8789
15.3800	8666
15.3840	8924
15.3880	8402
15.3920	8975
15.3960	8652
15.4000	8896
15.4040	8619
15.4080	8788
15.4120	8645
15.4160	9070
15.4200	8810
15.4240	9086
15.4280	8986
15.4320	9059
15.4360	9052
15.4400	8992
15.4440	8728
15.4480	8612
15.4520	8743
15.4560	8611
15.4600	8474
15.4640	8616
15.4680	8504
15.4720	8443
15.4760	8418
15.4800	8518
15.4840	8440
15.4880	8519
15.4920	8423
15.4960	8653
15.5000	8616
15.5040	8786
15.5080	8378
15.5120	8881
15.5160	8438
15.5200	8915
15.5240	8299
15.5280	8710
15.5320	8347
15.5360	8730
15.5400	8651
15.5440	8626
15.5480	8794
15.5520	8539
15.5560	8890
15.5600	8425
15.5640	8903
15.5680	8356
15.5720	8931
15.5760	8507
15.5800	9092
15.5840	8606
15.5880	8917
15.5920	8744
15.5960	8880
15.6000	8970
15.6040	9046
15.6080	8789
15.6120	8950
15.6160	8873
15.6200	8793
15.6240	8813
15.6280	8676
15.6320	8713
15.6360	8705
15.6400	8677
15.6440	8534
15.6480	8341
15.6520	8336
15.6560	8274
15.6600	8532
15.6640	8398
15.6680	8583
15.6720	8522
15.6760	8752
15.6800	8399
15.6840	8748
15.6880	8319
15.6920	8874
15.6960	8487
15.7000	9048
15.7040	8433
15.7080	8863
15.7120	8653
15.7160	8650
15.7200	8687
15.7240	8578
15.7280	8564
15.7320	8406
15.7360	8749
15.7400	8533
15.7440	8968
15.7480	8466
15.7520	9022
15.7560	8754
15.7600	8934
15.7640	8619
15.7680	8853
15.7720	8694
15.7760	8921
15.7800	9163
15.7840	8903
15.7880	9003
15.7920	8970
15.7960	8694
15.8000	8863
15.8040	8771
15.8080	8729
15.8120	8477
15.8160	8688
15.8200	8683
15.8240	8725
15.8280	8531
15.8320	8414
15.8360	8413
15.8400	8530
15.8440	8343
15.8480	8570
15.8520	8282
15.8560	8805
15.8600	8467
15.8640	8965
15.8680	8522
15.8720	8908
15.8760	8508
15.8800	8979
15.8840	8417
15.8880	8530
15.8920	8493
15.8960	8666
15.9000	8714
15.9040	8608
15.9080	8667
15.9120	8525
15.9160	9111
15.9200	8435
15.9240	8848
15.9280	8382
15.9320	8905
15.9360	8523
15.9400	9080
15.9440	8770
15.9480	8865
15.9520	8732
15.9560	8882
15.9600	8906
15.9640	8954
15.9680	8778
15.9720	8652
15.9760	8851
15.9800	8826
15.9840	8728
15.9880	8600
15.9920	8454
15.9960	8559
16.0000	8567
16.0040	8323
16.0080	8327
16.0120	8475
16.0160	8324
16.0200	8590
16.0240	8521
16.0280	8631
16.0320	8523
16.0360	8818
16.0400	8465
16.0440	8882
16.0480	8349
16.0520	8896
16.0560	8435
16.0600	8839
16.0640	8624
16.0680	8776
16.0720	8536
16.0760	8823
16.0800	8827
16.0840	8617
16.0880	8731
16.0920	8395
16.0960	8858
16.1000	8531
16.1040	9054
16.1080	8666
16.1120	8978
16.1160	8776
16.1200	8990
16.1240	8773
16.1280	8928
16.1320	8842
16.1360	9035
16.1400	9063
16.1440	8986
16.1480	9011
16.1520	8873
16.1560	8824
16.1600	8725
16.1640	8649
16.1680	8468
16.1720	8518
16.1760	8629
16.1800	8547
16.1840	8450
16.1880	8476
16.1920	8424
16.1960	8375
16.2000	8680
16.2040	8274
16.2080	8557
16.2120	8204
16.2160	8911
16.2200	8578
16.2240	8867
16.2280	8445
16.2320	8840
16.2360	8460
16.2400	8773
16.2440	8451
16.2480	8831
16.2520	8573
16.2560	8629
16.2600	8961
16.2640	8527
16.2680	8929
16.2720	8300
16.2760	9100
16.2800	8481
16.2840	8968
16.2880	8375
16.2920	9034
16.2960	8742
16.3000	8915
16.3040	8800
16.3080	8980
16.3120	8920
16.3160	8916
16.3200	8888
16.3240	8877
16.3280	8684
16.3320	8685
16.3360	8640
16.3400	8651
16.3440	8493
16.3480	8510
16.3520	8562
16.3560	8617
16.3600	8446
16.3640	8492
16.3680	8379
16.3720	8535
16.3760	8325
16.3800	8762
16.3840	8407
16.3880	8805
16.3920	8284
16.3960	8887
16.4000	8445
16.4040	8932
16.4080	8393
16.4120	8844
16.4160	8444
16.4200	8973
16.4240	8635
16.4280	8590
16.4320	8701
16.4360	8669
16.4400	8839
16.4440	8574
16.4480	8874
16.4520	8306
16.4560	9098
16.4600	8526
16.4640	9079
16.4680	8669
16.4720	8924
16.4760	8728
16.4800	9073
16.4840	8810
16.4880	8764
16.4920	8886
16.4960	8783
16.5000	9006
16.5040	8709
16.5080	8795
16.5120	8667
16.5160	8713
16.5200	8732
16.5240	8505
16.5280	8609
16.5320	8553
16.5360	8418
16.5400	8497
16.5440	8551
16.5480	8552
16.5520	8550
16.5560	8400
16.5600	8693
16.5640	8493
16.5680	8725
16.5720	8389
16.5760	8794
16.5800	8630
16.5840	9032
16.5880	8516
16.5920	8793
16.5960	8667
16.6000	8809
16.6040	8618
16.6080	8451
16.6120	8475
16.6160	8488
16.6200	9007
16.6240	8457
16.6280	9071
16.6320	8603
16.6360	8983
16.6400	8444
16.6440	9029
16.6480	8592
16.6520	8897
16.6560	8697
16.6600	9001
16.6640	9043
16.6680	8957
16.6720	8881
16.6760	8999
16.6800	9001
16.6840	8866
16.6880	8713
16.6920	8565
16.6960	8645
16.7000	8769
16.7040	8484
16.7080	8677
16.7120	8460
16.7160	8535
16.7200	8418
16.7240	8555
16.7280	8167
16.7320	8646
16.7360	8406
16.7400	8757
16.7440	8436
16.7480	8626
16.7520	8390
16.7560	8909
16.7600	8486
16.7640	8838
16.7680	8423
16.7720	8684
16.7760	8546
16.7800	8817
16.7840	8564
16.7880	8745
16.7920	8699
16.7960	8507
16.8000	8922
16.8040	8509
16.8080	8888
16.8120	8457
16.8160	8878
16.8200	8750
16.8240	9092
16.8280	8760
16.8320	9054
16.8360	8952
16.8400	9048
16.8440	8924
16.8480	8959
16.8520	8697
16.8560	8939
16.8600	8896
16.8640	8884
16.8680	8915
16.8720	8712
16.8760	8679
16.8800	8608
16.8840	8484
16.8880	8352
16.8920	8275
16.8960	8370
16.9000	8467
16.9040	8526
16.9080	8611
16.9120	8801
16.9160	8477
16.9200	8813
16.9240	8444
16.9280	8791
16.9320	8186
16.9360	8793
16.9400	8615
16.9440	8876
16.9480	8408
16.9520	8768
16.9560	8842
16.9600	8741
16.9640	8701
16.9680	8574
16.9720	8811
16.9760	8382
16.9800	9105
16.9840	8308
16.9880	8879
16.9920	8582
16.9960	8993
17.0000	8708
17.0040	8930
17.0080	8561
17.0120	8882
17.0160	8830
17.0200	9137
17.0240	9031
17.0280	8912
17.0320	8885
17.0360	8898
17.0400	8675
17.0440	8796
17.0480	8549
17.0520	8490
17.0560	8694
17.0600	8601
17.0640	8399
17.0680	8479
17.0720	8443
17.0760	8728
17.0800	8277
17.0840	8543
17.0880	8331
17.0920	8680
17.0960	8407
17.1000	8824
17.1040	8450
17.1080	8871
17.1120	8494
17.1160	8895
17.1200	8457
17.1240	8744
17.1280	8582
17.1320	8694
17.1360	8472
17.1400	8613
17.1440	8743
17.1480	8533
17.1520	8803
17.1560	8498
17.1600	9212
17.1640	8295
17.1680	8924
17.1720	8549
17.1760	9054
17.1800	8804
17.1840	8945
17.1880	8821
17.1920	8875
17.1960	9026
17.2000	8927
17.2040	8949
17.2080	8766
17.2120	8819
17.2160	8830
17.2200	8763
17.2240	8713
17.2280	8688
17.2320	8607
17.2360	8650
17.2400	8509
17.2440	8406
17.2480	8318
17.2520	8311
17.2560	8492
17.2600	8482
17.2640	8649
17.2680	8532
17.2720	8879
17.2760	8559
17.2800	8881
17.2840	8453
17.2880	8880
17.2920	8445
17.2960	8838
17.3000	8426
17.3040	8752
17.3080	8505
17.3120	8640
17.3160	8936
17.3200	8584
17.3240	8780
17.3280	8568
17.3320	8804
17.3360	8243
17.3400	8980
17.3440	8572
17.3480	8911
17.3520	8673
17.3560	8991
17.3600	8706
17.3640	8833
17.3680	8754
17.3720	8648
17.3760	8762
17.3800	8989
17.3840	8959
17.3880	8856
17.3920	9015
17.3960	8595
17.4000	8718
17.4040	8562
17.4080	8431
17.4120	8417
17.4160	8383
17.4200	8479
17.4240	8527
17.4280	8296
17.4320	8443
17.4360	8642
17.4400	8606
17.4440	8762
17.4480	8378
17.4520	8711
17.4560	8478
17.4600	8992
17.4640	8558
17.4680	8794
17.4720	8343
17.4760	8978
17.4800	8504
17.4840	8838
17.4880	8505
17.4920	8625
17.4960	8634
17.5000	8666
17.5040	8922
17.5080	8426
17.5120	8865
17.5160	8489
17.5200	8908
17.5240	8410
17.5280	8933
17.5320	8567
17.5360	8767
17.5400	8867
17.5440	8978
17.5480	8859
17.5520	8888
17.5560	8956
17.5600	8874
17.5640	8735
17.5680	8866
17.5720	8765
17.5760	8652
17.5800	8771
17.5840	8778
17.5880	8539
17.5920	8645
17.5960	8633
17.6000	8449
17.6040	8319
17.6080	8380
17.6120	8321
17.6160	8642
17.6200	8504
17.6240	8685
17.6280	8317
17.6320	8811
17.6360	8600
17.6400	9034
17.6440	8430
17.6480	8810
17.6520	8318
17.6560	8779
17.6600	8617
17.6640	8650
17.6680	8585
17.6720	8655
17.6760	8977
17.6800	8435
17.6840	8731
17.6880	8392
17.6920	8815
17.6960	8440
17.7000	9062
17.7040	8619
17.7080	8813
17.7120	8687
17.7160	9000
17.7200	8817
17.7240	8844
17.7280	8818
17.7320	8738
17.7360	8944
17.7400	9220
17.7440	8758
17.7480	8830
17.7520	8585
17.7560	8763
17.7600	8606
17.7640	8556
17.7680	8431
17.7720	8492
17.7760	8493
17.7800	8426
17.7840	8472
17.7880	8535
17.7920	8400
17.7960	8745
17.8000	8508
17.8040	8749
17.8080	8383
17.8120	8795
17.8160	8486
17.8200	8929
17.8240	8539
17.8280	8909
17.8320	8562
17.8360	8881
17.8400	8635
17.8440	8718
17.8480	8692
17.8520	8441
17.8560	8655
17.8600	8471
17.8640	8954
17.8680	8487
17.8720	8851
17.8760	8688
17.8800	9080
17.8840	8627
17.8880	8922
17.8920	8610
17.8960	8884
17.9000	8850
17.9040	8989
17.9080	9085
17.9120	9069
17.9160	8869
17.9200	8743
17.9240	8751
17.9280	8649
17.9320	8650
17.9360	8724
17.9400	8766
17.9440	8574
17.9480	8501
17.9520	8447
17.9560	8525
17.9600	8325
17.9640	8379
17.9680	8401
17.9720	8094
17.9760	8705
17.9800	8500
17.9840	8834
17.9880	8388
17.9920	8862
17.9960	8437
18.0000	8942
18.0040	8386
18.0080	8727
18.0120	8432
18.0160	8748
18.0200	8625
18.0240	8621
18.0280	8615
18.0320	8631
18.0360	8776
18.0400	8376
18.0440	8806
18.0480	8328
18.0520	8959
18.0560	8480
18.0600	9029
18.0640	8688
18.0680	9043
18.0720	8846
18.0760	8928
18.0800	8894
18.0840	8883
18.0880	8855
18.0920	8945
18.0960	8735
18.1000	8814
18.1040	8738
18.1080	8761
18.1120	8788
18.1160	8691
18.1200	8519
18.1240	8498
18.1280	8398
18.1320	8480
18.1360	8405
18.1400	8689
18.1440	8559
18.1480	8560
18.1520	8387
18.1560	8892
18.1600	8388
18.1640	8762
18.1680	8327
18.1720	8913
18.1760	8337
18.1800	8991
18.1840	8632
18.1880	8895
18.1920	8606
18.1960	8715
18.2000	8556
18.2040	8488
18.2080	8610
18.2120	8487
18.2160	8918
18.2200	8380
18.2240	9094
18.2280	8554
18.2320	9002
18.2360	8705
18.2400	8929
18.2440	8533
18.2480	8937
18.2520	8788
18.2560	9010
18.2600	9102
18.2640	9023
18.2680	9048
18.2720	8961
18.2760	8899
18.2800	8751
18.2840	8733
18.2880	8537
18.2920	8647
18.2960	8496
18.3000	8783
18.3040	8489
18.3080	8478
18.3120	8462
18.3160	8473
18.3200	8547
18.3240	8534
18.3280	8555
18.3320	8326
18.3360	8697
18.3400	8482
18.3440	9033
18.3480	8479
18.3520	8954
18.3560	8353
18.3600	8915
18.3640	8271
18.3680	8844
18.3720	8548
18.3760	8605
18.3800	8784
18.3840	8623
18.3880	8793
18.3920	8541
18.3960	8913
18.4000	8527
18.4040	8860
18.4080	8370
18.4120	8882
18.4160	8771
18.4200	8961
18.4240	8664
18.4280	8928
18.4320	8858
18.4360	9025
18.4400	8862
18.4440	9041
18.4480	8729
18.4520	8775
18.4560	8768
18.4600	8789
18.4640	8702
18.4680	8530
18.4720	8585
18.4760	8717
18.4800	8613
18.4840	8425
18.4880	8370
18.4920	8481
18.4960	8373
18.5000	8724
18.5040	8514
18.5080	8671
18.5120	8607
18.5160	8900
18.5200	8616
18.5240	8924
18.5280	8264
18.5320	8819
18.5360	8236
18.5400	8795
18.5440	8589
18.5480	8859
18.5520	8704
18.5560	8722
18.5600	8771
18.5640	8520
18.5680	8733
18.5720	8201
18.5760	8952
18.5800	8730
18.5840	8936
18.5880	8749
18.5920	9171
18.5960	8823
18.6000	9035
18.6040	8856
18.6080	8926
18.6120	8718
18.6160	8912
18.6200	9031
18.6240	8866
18.6280	8862
18.6320	8739
18.6360	8765
18.6400	8586
18.6440	8574
18.6480	8510
18.6520	8645
18.6560	8549
18.6600	8438
18.6640	8425
18.6680	8219
18.6720	8546
18.6760	8446
18.6800	8585
18.6840	8284
18.6880	8537
18.6920	8471
18.6960	8891
18.7000	8540
18.7040	8930
18.7080	8471
18.7120	8897
18.7160	8532
18.7200	8855
18.7240	8543
18.7280	8568
18.7320	8609
18.7360	8609
18.7400	8843
18.7440	8598
18.7480	8952
18.7520	8565
18.7560	8968
18.7600	8510
18.7640	8805
18.7680	8489
18.7720	8898
18.7760	8696
18.7800	9145
18.7840	8818
18.7880	8853
18.7920	8831
18.7960	8861
18.8000	8951
18.8040	8758
18.8080	8661
18.8120	8674
18.8160	8698
18.8200	8740
18.8240	8743
18.8280	8458
18.8320	8556
18.8360	8613
18.8400	8421
18.8440	8369
18.8480	8310
18.8520	8397
18.8560	8375
18.8600	8692
18.8640	8438
18.8680	8814
18.8720	8455
18.8760	9044
18.8800	8551
18.8840	8860
18.8880	8399
18.8920	8810
18.8960	8573
18.9000	8826
18.9040	8563
18.9080	8653
18.9120	8694
18.9160	8674
18.9200	8810
18.9240	8480
18.9280	8952
18.9320	8479
18.9360	9029
18.9400	8541
18.9440	9046
18.9480	8774
18.9520	8996
18.9560	8817
18.9600	9022
18.9640	8906
18.9680	8960
18.9720	8870
18.9760	8955
18.9800	8947
18.9840	8846
18.9880	8766
18.9920	8772
18.9960	8702
19.0000	8766
19.0040	8507
19.0080	8450
19.0120	8381
19.0160	8420
19.0200	8449
19.0240	8620
19.0280	8343
19.0320	8494
19.0360	8521
19.0400	8910
19.0440	8329
19.0480	8694
19.0520	8322
19.0560	8927
19.0600	8403
19.0640	8923
19.0680	8344
19.0720	8956
19.0760	8659
19.0800	8821
19.0840	8666
19.0880	8611
19.0920	8734
19.0960	8395
19.1000	8810
19.1040	8313
19.1080	9055
19.1120	8592
19.1160	9081
19.1200	8502
19.1240	8794
19.1280	8528
19.1320	8816
19.1360	8854
19.1400	9197
19.1440	9039
19.1480	9126
19.1520	8891
19.1560	9076
19.1600	8904
19.1640	8569
19.1680	8639
19.1720	8554
19.1760	8552
19.1800	8764
19.1840	8513
19.1880	8524
19.1920	8414
19.1960	8731
19.2000	8367
19.2040	8510
19.2080	8288
19.2120	8483
19.2160	8413
19.2200	8719
19.2240	8423
19.2280	8664
19.2320	8545
19.2360	8942
19.2400	8542
19.2440	8782
19.2480	8441
19.2520	8764
19.2560	8569
19.2600	8710
19.2640	8688
19.2680	8641
19.2720	8793
19.2760	8606
19.2800	8941
19.2840	8421
19.2880	8980
19.2920	8415
19.2960	8963
19.3000	8806
19.3040	8993
19.3080	8693
19.3120	8987
19.3160	9089
19.3200	8884
19.3240	8867
19.3280	8873
19.3320	8761
19.3360	8904
19.3400	8805
19.3440	8822
19.3480	8686
19.3520	8649
19.3560	8757
19.3600	8622
19.3640	8595
19.3680	8284
19.3720	8368
19.3760	8532
19.3800	8407
19.3840	8522
19.3880	8521
19.3920	8741
19.3960	8547
19.4000	8933
19.4040	8273
19.4080	8755
19.4120	8505
19.4160	8731
19.4200	8531
19.4240	8811
19.4280	8479
19.4320	8833
19.4360	8786
19.4400	8806
19.4440	8628
19.4480	8539
19.4520	8845
19.4560	8415
19.4600	8886
19.4640	8560
19.4680	8861
19.4720	8628
19.4760	9126
19.4800	8767
19.4840	8985
19.4880	8699
19.4920	8930
19.4960	8892
19.5000	8989
19.5040	8994
19.5080	8905
19.5120	8811
19.5160	8949
19.5200	8917
19.5240	8747
19.5280	8711
19.5320	8532
19.5360	8504
19.5400	8613
19.5440	8545
19.5480	8490
19.5520	8413
19.5560	8612
19.5600	8428
19.5640	8517
19.5680	8250
19.5720	8737
19.5760	8387
19.5800	8932
19.5840	8373
19.5880	8808
19.5920	8550
19.5960	8999
19.6000	8518
19.6040	8921
19.6080	8394
19.6120	8667
19.6160	8769
19.6200	8707
19.6240	8716
19.6280	8575
19.6320	8871
19.6360	8524
19.6400	8898
19.6440	8519
19.6480	8800
19.6520	8510
19.6560	8981
19.6600	8787
19.6640	9024
19.6680	8740
19.6720	8931
19.6760	9057
19.6800	8903
19.6840	8931
19.6880	8797
19.6920	8781
19.6960	8883
19.7000	8782
19.7040	8800
19.7080	8589
19.7120	8579
19.7160	8567
19.7200	8445
19.7240	8331
19.7280	8424
19.7320	8386
19.7360	8653
19.7400	8348
19.7440	8675
19.7480	8474
19.7520	8798
19.7560	8448
19.7600	8849
19.7640	8287
19.7680	8802
19.7720	8349
19.7760	8910
19.7800	8527
19.7840	8829
19.7880	8724
19.7920	8830
19.7960	8755
19.8000	8577
19.8040	8666
19.8080	8393
19.8120	8938
19.8160	8512
19.8200	8976
19.8240	8584
19.8280	9086
19.8320	8605
19.8360	9048
19.8400	8787
19.8440	8931
19.8480	8808
19.8520	9058
19.8560	9017
19.8600	9078
19.8640	8930
19.8680	8904
19.8720	8778
19.8760	8752
19.8800	8781
19.8840	8550
19.8880	8414
19.8920	8516
19.8960	8329
19.9000	8450
19.9040	8425
19.9080	8629
19.9120	8415
19.9160	8708
19.9200	8428
19.9240	8674
19.9280	8350
19.9320	8752
19.9360	8254
19.9400	9002
19.9440	8366
19.9480	9065
19.9520	8416
19.9560	8801
19.9600	8461
19.9640	8706
19.9680	8762
19.9720	8548
19.9760	8720
19.9800	8591
19.9840	8815
19.9880	8498
19.9920	8966
19.9960	8744
