0.0000	8603
0.0050	8927
0.0100	8558
0.0150	8938
0.0200	8438
0.0250	8592
0.0300	8892
0.0350	8642
0.0400	9009
0.0450	8463
0.0500	8557
0.0550	8437
0.0600	8892
0.0650	8998
0.0700	8953
0.0750	8411
0.0800	8569
0.0850	8863
0.0900	8892
0.0950	8984
0.1000	8259
0.1050	8834
0.1100	8827
0.1150	8522
0.1200	8715
0.1250	8599
0.1300	9018
0.1350	8621
0.1400	8390
0.1450	8572
0.1500	8948
0.1550	9089
0.1600	8628
0.1650	8322
0.1700	8554
0.1750	8820
0.1800	9019
0.1850	9053
0.1900	8546
0.1950	8886
0.2000	8505
0.2050	8568
0.2100	8789
0.2150	8649
0.2200	8957
0.2250	8630
0.2300	8627
0.2350	8580
0.2400	8709
0.2450	8830
0.2500	8699
0.2550	8462
0.2600	8522
0.2650	8947
0.2700	9062
0.2750	9027
0.2800	8435
0.2850	8884
0.2900	8671
0.2950	8652
0.3000	8763
0.3050	8642
0.3100	8975
0.3150	8550
0.3200	8366
0.3250	8389
0.3300	8920
0.3350	9089
0.3400	8686
0.3450	8321
0.3500	8615
0.3550	8987
0.3600	8794
0.3650	8905
0.3700	8460
0.3750	8724
0.3800	8649
0.3850	8724
0.3900	8903
0.3950	8556
0.4000	8987
0.4050	8563
0.4100	8488
0.4150	8486
0.4200	8586
0.4250	9070
0.4300	8827
0.4350	8458
0.4400	8496
0.4450	8860
0.4500	8857
0.4550	8904
0.4600	8423
0.4650	8907
0.4700	8635
0.4750	8657
0.4800	8738
0.4850	8575
0.4900	9020
0.4950	8537
0.5000	8557
0.5050	8587
0.5100	8812
0.5150	8980
0.5200	8716
0.5250	8347
0.5300	8661
0.5350	9066
0.5400	8677
0.5450	8995
0.5500	8591
0.5550	8826
0.5600	8567
0.5650	8775
0.5700	8851
0.5750	8542
0.5800	8961
0.5850	8539
0.5900	8571
0.5950	8646
0.6000	8735
0.6050	8921
0.6100	8634
0.6150	8350
0.6200	8465
0.6250	8851
0.6300	8989
0.6350	8960
0.6400	8439
0.6450	8690
0.6500	8578
0.6550	8809
0.6600	8875
0.6650	8523
0.6700	8947
0.6750	8498
0.6800	8425
0.6850	8693
0.6900	8874
0.6950	8938
0.7000	8703
0.7050	8381
0.7100	8615
0.7150	8868
0.7200	8948
0.7250	8774
0.7300	8436
0.7350	8815
0.7400	8598
0.7450	8754
0.7500	8926
0.7550	8569
0.7600	8954
0.7650	8541
0.7700	8460
0.7750	8498
0.7800	8727
0.7850	9054
0.7900	8860
0.7950	8603
0.8000	8524
0.8050	8848
0.8100	9010
0.8150	8888
0.8200	8510
0.8250	8777
0.8300	8845
0.8350	8876
0.8400	8693
0.8450	8380
0.8500	9063
0.8550	8595
0.8600	8456
0.8650	8548
0.8700	8824
0.8750	8997
0.8800	8560
0.8850	8357
0.8900	8508
0.8950	9008
0.9000	9033
0.9050	8755
0.9100	8517
0.9150	8761
0.9200	8791
0.9250	8662
0.9300	8858
0.9350	8576
0.9400	8837
0.9450	8605
0.9500	8593
0.9550	8751
0.9600	8702
0.9650	9009
0.9700	8595
0.9750	8449
0.9800	8370
0.9850	9049
0.9900	9128
0.9950	8940
1.0000	8174
1.0050	8730
1.0100	8904
1.0150	8773
1.0200	8707
1.0250	8333
1.0300	9037
1.0350	8609
1.0400	8537
1.0450	8621
1.0500	8790
1.0550	9117
1.0600	8466
1.0650	8384
1.0700	8516
1.0750	8936
1.0800	8813
1.0850	8923
1.0900	8675
1.0950	8715
1.1000	8872
1.1050	8842
1.1100	9048
1.1150	8551
1.1200	8970
1.1250	8602
1.1300	8643
1.1350	8674
1.1400	8494
1.1450	8964
1.1500	8545
1.1550	8374
1.1600	8405
1.1650	8842
1.1700	9100
1.1750	8787
1.1800	8295
1.1850	8764
1.1900	8855
1.1950	8847
1.2000	8843
1.2050	8337
1.2100	8946
1.2150	8686
1.2200	8523
1.2250	8744
1.2300	8836
1.2350	9075
1.2400	8449
1.2450	8253
1.2500	8602
1.2550	8979
1.2600	8916
1.2650	8802
1.2700	8609
1.2750	8746
1.2800	8835
1.2850	8791
1.2900	9112
1.2950	8460
1.3000	8937
1.3050	8612
1.3100	8699
1.3150	8747
1.3200	8580
1.3250	8693
1.3300	8635
1.3350	8432
1.3400	8431
1.3450	9052
1.3500	9029
1.3550	8863
1.3600	8444
1.3650	8597
1.3700	9008
1.3750	8984
1.3800	8808
1.3850	8533
1.3900	8867
1.3950	8658
1.4000	8592
1.4050	8561
1.4100	8628
1.4150	8956
1.4200	8649
1.4250	8390
1.4300	8520
1.4350	8971
1.4400	9072
1.4450	8608
1.4500	8462
1.4550	8586
1.4600	8806
1.4650	8829
1.4700	9077
1.4750	8535
1.4800	8739
1.4850	8701
1.4900	8586
1.4950	8871
1.5000	8614
1.5050	9116
1.5100	8634
1.5150	8413
1.5200	8487
1.5250	8819
1.5300	8951
1.5350	8848
1.5400	8456
1.5450	8491
1.5500	8990
1.5550	8974
1.5600	8883
1.5650	8355
1.5700	8829
1.5750	8732
1.5800	8529
1.5850	8798
1.5900	8768
1.5950	9060
1.6000	8506
1.6050	8158
1.6100	8578
1.6150	8848
1.6200	8998
1.6250	8781
1.6300	8553
1.6350	8590
1.6400	8951
1.6450	8897
1.6500	8943
1.6550	8391
1.6600	8919
1.6650	8744
1.6700	8790
1.6750	8840
1.6800	8570
1.6850	8920
1.6900	8481
1.6950	8518
1.7000	8506
1.7050	8839
1.7100	9040
1.7150	8622
1.7200	8428
1.7250	8549
1.7300	8903
1.7350	8879
1.7400	8742
1.7450	8359
1.7500	8737
1.7550	8683
1.7600	8639
1.7650	8600
1.7700	8587
1.7750	9061
1.7800	8282
1.7850	8517
1.7900	8577
1.7950	8718
1.8000	8874
1.8050	8669
1.8100	8457
1.8150	8563
1.8200	8926
1.8250	8948
1.8300	8931
1.8350	8418
1.8400	8701
1.8450	8645
1.8500	8685
1.8550	8805
1.8600	8485
1.8650	8912
1.8700	8436
1.8750	8505
1.8800	8519
1.8850	8524
1.8900	8930
1.8950	8603
1.9000	8375
1.9050	8557
1.9100	9070
1.9150	8901
1.9200	8801
1.9250	8429
1.9300	8723
1.9350	8672
1.9400	8716
1.9450	8870
1.9500	8713
1.9550	8961
1.9600	8506
1.9650	8584
1.9700	8658
1.9750	8841
1.9800	8893
1.9850	8611
1.9900	8476
1.9950	8552
2.0000	8914
2.0050	8970
2.0100	8848
2.0150	8394
2.0200	8770
2.0250	8582
2.0300	8694
2.0350	8886
2.0400	8344
2.0450	8838
2.0500	8482
2.0550	8556
2.0600	8622
2.0650	8844
2.0700	9021
2.0750	8569
2.0800	8357
2.0850	8551
2.0900	8753
2.0950	8962
2.1000	8793
2.1050	8482
2.1100	8817
2.1150	8834
2.1200	8691
2.1250	8824
2.1300	8489
2.1350	8862
2.1400	8421
2.1450	8540
2.1500	8723
2.1550	8792
2.1600	9001
2.1650	8513
2.1700	8252
2.1750	8535
2.1800	8856
2.1850	8945
2.1900	8896
2.1950	8544
2.2000	8708
2.2050	8677
2.2100	8806
2.2150	8900
2.2200	8552
2.2250	8975
2.2300	8535
2.2350	8620
2.2400	8692
2.2450	8742
2.2500	8999
2.2550	8589
2.2600	8454
2.2650	8558
2.2700	8997
2.2750	9014
2.2800	8801
2.2850	8342
2.2900	8608
2.2950	8712
2.3000	8615
2.3050	8792
2.3100	8469
2.3150	8849
2.3200	8600
2.3250	8512
2.3300	8650
2.3350	8883
2.3400	8973
2.3450	8458
2.3500	8531
2.3550	8502
2.3600	8780
2.3650	8987
2.3700	8787
2.3750	8265
2.3800	8637
2.3850	8830
2.3900	8781
2.3950	8930
2.4000	8304
2.4050	8693
2.4100	8572
2.4150	8555
2.4200	8715
2.4250	8695
2.4300	9055
2.4350	8486
2.4400	8326
2.4450	8497
2.4500	8912
2.4550	8971
2.4600	8832
2.4650	8392
2.4700	8860
2.4750	8804
2.4800	8572
2.4850	8859
2.4900	8279
2.4950	8890
2.5000	8609
2.5050	8791
2.5100	8904
2.5150	8726
2.5200	8761
2.5250	8407
2.5300	8536
2.5350	8275
2.5400	8986
2.5450	8934
2.5500	8804
2.5550	8567
2.5600	8648
2.5650	8809
2.5700	8942
2.5750	9011
2.5800	8545
2.5850	8854
2.5900	8672
2.5950	8589
2.6000	8575
2.6050	8614
2.6100	9132
2.6150	8430
2.6200	8266
2.6250	8464
2.6300	8841
2.6350	8947
2.6400	8712
2.6450	8370
2.6500	8750
2.6550	8800
2.6600	8742
2.6650	9014
2.6700	8515
2.6750	8891
2.6800	8663
2.6850	8581
2.6900	8709
2.6950	8767
2.7000	8971
2.7050	8588
2.7100	8532
2.7150	8664
2.7200	8663
2.7250	8889
2.7300	8719
2.7350	8315
2.7400	8663
2.7450	8918
2.7500	8874
2.7550	8996
2.7600	8395
2.7650	8856
2.7700	8571
2.7750	8521
2.7800	8859
2.7850	8666
2.7900	9049
2.7950	8470
2.8000	8301
2.8050	8573
2.8100	8865
2.8150	8941
2.8200	8800
2.8250	8343
2.8300	8644
2.8350	9057
2.8400	8767
2.8450	8890
2.8500	8462
2.8550	8770
2.8600	8749
2.8650	8662
2.8700	8929
2.8750	8702
2.8800	8904
2.8850	8534
2.8900	8426
2.8950	8596
2.9000	8774
2.9050	8922
2.9100	8849
2.9150	8597
2.9200	8539
2.9250	8782
2.9300	8922
2.9350	8864
2.9400	8492
2.9450	8927
2.9500	8833
2.9550	8692
2.9600	8771
2.9650	8589
2.9700	9091
2.9750	8458
2.9800	8386
2.9850	8526
2.9900	8882
2.9950	9115
3.0000	8599
3.0050	8443
3.0100	8539
3.0150	8886
3.0200	9070
3.0250	8890
3.0300	8553
3.0350	8850
3.0400	8714
3.0450	8655
3.0500	8821
3.0550	8614
3.0600	8996
3.0650	8439
3.0700	8482
3.0750	8625
3.0800	8735
3.0850	9030
3.0900	8618
3.0950	8339
3.1000	8475
3.1050	9005
3.1100	9018
3.1150	8887
3.1200	8371
3.1250	8838
3.1300	8603
3.1350	8629
3.1400	8801
3.1450	8516
3.1500	9044
3.1550	8469
3.1600	8402
3.1650	8460
3.1700	8696
3.1750	8989
3.1800	8561
3.1850	8445
3.1900	8545
3.1950	9047
3.2000	8881
3.2050	8783
3.2100	8438
3.2150	8799
3.2200	8802
3.2250	8759
3.2300	8976
3.2350	8567
3.2400	8990
3.2450	8324
3.2500	8548
3.2550	8598
3.2600	8659
3.2650	8974
3.2700	8614
3.2750	8389
3.2800	8402
3.2850	8862
3.2900	9011
3.2950	8868
3.3000	8413
3.3050	8759
3.3100	8700
3.3150	8770
3.3200	8788
3.3250	8573
3.3300	8945
3.3350	8450
3.3400	8457
3.3450	8516
3.3500	8729
3.3550	9082
3.3600	8493
3.3650	8403
3.3700	8540
3.3750	8990
3.3800	8964
3.3850	8781
3.3900	8608
3.3950	8734
3.4000	8833
3.4050	8617
3.4100	9061
3.4150	8507
3.4200	8898
3.4250	8582
3.4300	8660
3.4350	8696
3.4400	8545
3.4450	8914
3.4500	8641
3.4550	8402
3.4600	8592
3.4650	8810
3.4700	8999
3.4750	8846
3.4800	8297
3.4850	8581
3.4900	8774
3.4950	8746
3.5000	8907
3.5050	8437
3.5100	8864
3.5150	8525
3.5200	8401
3.5250	8498
3.5300	8810
3.5350	9074
3.5400	8497
3.5450	8474
3.5500	8599
3.5550	8825
3.5600	8905
3.5650	8723
3.5700	8472
3.5750	8748
3.5800	8767
3.5850	8857
3.5900	9054
3.5950	8429
3.6000	8882
3.6050	8358
3.6100	8499
3.6150	8727
3.6200	8728
3.6250	8953
3.6300	8687
3.6350	8598
3.6400	8306
3.6450	8780
3.6500	9013
3.6550	8791
3.6600	8431
3.6650	8696
3.6700	8731
3.6750	8801
3.6800	8859
3.6850	8209
3.6900	8872
3.6950	8608
3.7000	8557
3.7050	8647
3.7100	8731
3.7150	9174
3.7200	8450
3.7250	8390
3.7300	8590
3.7350	8857
3.7400	8947
3.7450	8828
3.7500	8462
3.7550	8683
3.7600	8769
3.7650	8811
3.7700	9051
3.7750	8329
3.7800	8919
3.7850	8612
3.7900	8706
3.7950	8805
3.8000	8554
3.8050	8908
3.8100	8601
3.8150	8559
3.8200	8417
3.8250	8928
3.8300	9029
3.8350	8848
3.8400	8337
3.8450	8607
3.8500	8908
3.8550	8836
3.8600	9098
3.8650	8414
3.8700	8870
3.8750	8698
3.8800	8494
3.8850	8759
3.8900	8438
3.8950	8935
3.9000	8382
3.9050	8538
3.9100	8494
3.9150	8884
3.9200	8880
3.9250	8716
3.9300	8411
3.9350	8798
3.9400	8898
3.9450	8870
3.9500	8949
3.9550	8465
3.9600	8731
3.9650	8554
3.9700	8716
3.9750	8797
3.9800	8599
3.9850	8841
3.9900	8475
3.9950	8537
4.0000	8477
4.0050	8867
4.0100	9011
4.0150	8678
4.0200	8490
4.0250	8503
4.0300	8964
4.0350	8898
4.0400	8920
4.0450	8236
4.0500	8862
4.0550	8843
4.0600	8700
4.0650	8887
4.0700	8568
4.0750	9219
4.0800	8347
4.0850	8316
4.0900	8539
4.0950	8854
4.1000	8872
4.1050	8493
4.1100	8570
4.1150	8576
4.1200	8850
4.1250	8798
4.1300	9101
4.1350	8498
4.1400	8793
4.1450	8710
4.1500	8774
4.1550	8725
4.1600	8582
4.1650	8789
4.1700	8504
4.1750	8383
4.1800	8560
4.1850	8771
4.1900	9027
4.1950	8794
4.2000	8237
4.2050	8578
4.2100	8882
4.2150	8994
4.2200	8999
4.2250	8390
4.2300	8777
4.2350	8788
4.2400	8652
4.2450	8754
4.2500	8455
4.2550	9089
4.2600	8431
4.2650	8437
4.2700	8751
4.2750	8797
4.2800	8953
4.2850	8659
4.2900	8451
4.2950	8520
4.3000	9062
4.3050	8954
4.3100	8996
4.3150	8500
4.3200	8737
4.3250	8620
4.3300	8715
4.3350	8713
4.3400	8400
4.3450	8863
4.3500	8553
4.3550	8507
4.3600	8471
4.3650	8703
4.3700	8858
4.3750	8468
4.3800	8507
4.3850	8494
4.3900	8956
4.3950	9058
4.4000	8824
4.4050	8257
4.4100	8680
4.4150	8704
4.4200	8825
4.4250	8821
4.4300	8564
4.4350	8930
4.4400	8528
4.4450	8296
4.4500	8564
4.4550	8745
4.4600	8934
4.4650	8575
4.4700	8398
4.4750	8587
4.4800	8820
4.4850	8965
4.4900	8868
4.4950	8352
4.5000	8825
4.5050	8829
4.5100	8842
4.5150	9093
4.5200	8341
4.5250	8779
4.5300	8465
4.5350	8484
4.5400	8640
4.5450	8730
4.5500	8915
4.5550	8829
4.5600	8337
4.5650	8266
4.5700	8966
4.5750	8952
4.5800	8931
4.5850	8496
4.5900	8870
4.5950	8795
4.6000	8753
4.6050	8962
4.6100	8562
4.6150	9021
4.6200	8565
4.6250	8661
4.6300	8757
4.6350	8736
4.6400	8947
4.6450	8362
4.6500	8334
4.6550	8510
4.6600	8842
4.6650	9018
4.6700	8897
4.6750	8476
4.6800	8587
4.6850	8642
4.6900	8893
4.6950	8920
4.7000	8353
4.7050	8878
4.7100	8593
4.7150	8593
4.7200	8649
4.7250	8529
4.7300	9030
4.7350	8423
4.7400	8575
4.7450	8501
4.7500	8980
4.7550	9101
4.7600	8723
4.7650	8440
4.7700	8762
4.7750	8884
4.7800	8790
4.7850	8914
4.7900	8337
4.7950	8977
4.8000	8465
4.8050	8577
4.8100	8690
4.8150	8564
4.8200	9079
4.8250	8545
4.8300	8574
4.8350	8689
4.8400	8921
4.8450	9002
4.8500	8780
4.8550	8539
4.8600	8568
4.8650	8782
4.8700	8911
4.8750	8956
4.8800	8177
4.8850	8940
4.8900	8665
4.8950	8573
4.9000	8759
4.9050	8737
4.9100	9161
4.9150	8577
4.9200	8382
4.9250	8381
4.9300	8954
4.9350	9035
4.9400	8685
4.9450	8387
4.9500	8733
4.9550	8978
4.9600	8726
4.9650	8724
4.9700	8437
4.9750	8895
4.9800	8619
4.9850	8566
4.9900	8734
4.9950	8765
5.0000	8839
5.0050	8411
5.0100	8384
5.0150	8435
5.0200	8782
5.0250	8915
5.0300	8680
5.0350	8654
5.0400	8434
5.0450	8821
5.0500	8987
5.0550	8961
5.0600	8294
5.0650	8724
5.0700	8654
5.0750	8765
5.0800	8716
5.0850	8476
5.0900	8843
5.0950	8512
5.1000	8540
5.1050	8588
5.1100	8827
5.1150	9138
5.1200	8598
5.1250	8357
5.1300	8547
5.1350	9028
5.1400	8833
5.1450	8927
5.1500	8534
5.1550	8880
5.1600	8582
5.1650	8472
5.1700	8833
5.1750	8604
5.1800	8883
5.1850	8319
5.1900	8597
5.1950	8629
5.2000	8685
5.2050	8833
5.2100	8558
5.2150	8507
5.2200	8607
5.2250	8877
5.2300	9017
5.2350	9018
5.2400	8419
5.2450	8802
5.2500	8759
5.2550	8636
5.2600	8868
5.2650	8607
5.2700	8958
5.2750	8598
5.2800	8419
5.2850	8411
5.2900	8805
5.2950	9054
5.3000	8715
5.3050	8315
5.3100	8877
5.3150	9020
5.3200	8906
5.3250	8882
5.3300	8429
5.3350	8735
5.3400	8764
5.3450	8606
5.3500	8826
5.3550	8672
5.3600	8968
5.3650	8354
5.3700	8525
5.3750	8539
5.3800	8783
5.3850	9013
5.3900	8663
5.3950	8419
5.4000	8381
5.4050	8848
5.4100	8873
5.4150	8815
5.4200	8469
5.4250	8791
5.4300	8735
5.4350	8664
5.4400	8792
5.4450	8571
5.4500	8952
5.4550	8469
5.4600	8391
5.4650	8682
5.4700	8822
5.4750	8991
5.4800	8671
5.4850	8324
5.4900	8530
5.4950	8970
5.5000	9063
5.5050	8957
5.5100	8384
5.5150	8842
5.5200	8597
5.5250	8549
5.5300	8883
5.5350	8579
5.5400	8951
5.5450	8500
5.5500	8446
5.5550	8644
5.5600	8727
5.5650	8770
5.5700	8571
5.5750	8398
5.5800	8432
5.5850	8961
5.5900	8981
5.5950	8881
5.6000	8451
5.6050	8712
5.6100	8667
5.6150	8678
5.6200	8863
5.6250	8428
5.6300	8980
5.6350	8464
5.6400	8476
5.6450	8521
5.6500	8669
5.6550	9153
5.6600	8461
5.6650	8379
5.6700	8565
5.6750	9098
5.6800	8967
5.6850	8647
5.6900	8431
5.6950	8791
5.7000	8703
5.7050	8769
5.7100	9027
5.7150	8603
5.7200	8943
5.7250	8504
5.7300	8456
5.7350	8653
5.7400	8584
5.7450	9046
5.7500	8531
5.7550	8488
5.7600	8442
5.7650	8891
5.7700	9084
5.7750	8900
5.7800	8279
5.7850	8746
5.7900	8833
5.7950	8918
5.8000	8810
5.8050	8371
5.8100	8854
5.8150	8457
5.8200	8538
5.8250	8598
5.8300	8809
5.8350	9083
5.8400	8479
5.8450	8293
5.8500	8502
5.8550	9085
5.8600	8962
5.8650	8589
5.8700	8491
5.8750	8761
5.8800	8694
5.8850	8610
5.8900	8988
5.8950	8472
5.9000	8896
5.9050	8526
5.9100	8590
5.9150	8768
5.9200	8626
5.9250	8837
5.9300	8399
5.9350	8724
5.9400	8475
5.9450	9023
5.9500	8952
5.9550	8903
5.9600	8278
5.9650	8481
5.9700	8718
5.9750	8722
5.9800	8927
5.9850	8451
5.9900	8826
5.9950	8689
6.0000	8488
6.0050	8597
6.0100	8592
6.0150	8889
6.0200	8429
6.0250	8370
6.0300	8318
6.0350	9033
6.0400	8871
6.0450	8631
6.0500	8385
6.0550	8662
6.0600	8893
6.0650	8754
6.0700	9117
6.0750	8441
6.0800	8638
6.0850	8598
6.0900	8629
6.0950	8678
6.1000	8665
6.1050	8908
6.1100	8692
6.1150	8507
6.1200	8417
6.1250	8709
6.1300	9045
6.1350	8894
6.1400	8345
6.1450	8615
6.1500	8768
6.1550	8987
6.1600	8885
6.1650	8258
6.1700	8906
6.1750	8501
6.1800	8537
6.1850	8858
6.1900	8727
6.1950	8944
6.2000	8332
6.2050	8351
6.2100	8444
6.2150	8783
6.2200	8949
6.2250	8667
6.2300	8535
6.2350	8627
6.2400	8838
6.2450	8730
6.2500	8910
6.2550	8397
6.2600	8860
6.2650	8622
6.2700	8535
6.2750	8865
6.2800	8571
6.2850	8759
6.2900	8347
6.2950	8423
6.3000	8571
6.3050	8861
6.3100	9164
6.3150	8873
6.3200	8285
6.3250	8502
6.3300	8912
6.3350	9043
6.3400	8971
6.3450	8339
6.3500	8885
6.3550	8803
6.3600	8555
6.3650	8886
6.3700	8575
6.3750	9056
6.3800	8388
6.3850	8397
6.3900	8628
6.3950	8970
6.4000	8861
6.4050	8689
6.4100	8466
6.4150	8707
6.4200	8884
6.4250	8911
6.4300	9004
6.4350	8584
6.4400	8731
6.4450	8554
6.4500	8603
6.4550	8722
6.4600	8617
6.4650	8911
6.4700	8562
6.4750	8533
6.4800	8420
6.4850	8703
6.4900	8989
6.4950	8746
6.5000	8637
6.5050	8475
6.5100	8899
6.5150	8991
6.5200	8871
6.5250	8376
6.5300	8736
6.5350	8675
6.5400	8692
6.5450	8790
6.5500	8560
6.5550	9096
6.5600	8404
6.5650	8311
6.5700	8575
6.5750	8883
6.5800	8938
6.5850	8822
6.5900	8454
6.5950	8612
6.6000	8813
6.6050	8759
6.6100	8988
6.6150	8516
6.6200	8733
6.6250	8802
6.6300	8774
6.6350	8839
6.6400	8512
6.6450	8897
6.6500	8417
6.6550	8441
6.6600	8491
6.6650	8788
6.6700	9068
6.6750	8619
6.6800	8373
6.6850	8399
6.6900	8864
6.6950	8913
6.7000	8864
6.7050	8409
6.7100	8753
6.7150	8751
6.7200	8717
6.7250	8690
6.7300	8497
6.7350	8995
6.7400	8358
6.7450	8478
6.7500	8633
6.7550	8864
6.7600	8955
6.7650	8478
6.7700	8477
6.7750	8359
6.7800	8894
6.7850	8944
6.7900	8971
6.7950	8532
6.8000	8752
6.8050	8801
6.8100	8547
6.8150	8745
6.8200	8493
6.8250	8942
6.8300	8494
6.8350	8571
6.8400	8643
6.8450	8557
6.8500	8827
6.8550	8713
6.8600	8360
6.8650	8509
6.8700	8943
6.8750	9177
6.8800	8872
6.8850	8383
6.8900	8596
6.8950	9012
6.9000	8639
6.9050	8828
6.9100	8639
6.9150	8955
6.9200	8497
6.9250	8419
6.9300	8590
6.9350	8720
6.9400	8975
6.9450	8603
6.9500	8411
6.9550	8465
6.9600	8840
6.9650	8869
6.9700	8818
6.9750	8366
6.9800	8733
6.9850	8854
6.9900	8917
6.9950	8847
7.0000	8354
7.0050	8846
7.0100	8546
7.0150	8468
7.0200	8770
7.0250	8821
7.0300	9080
7.0350	8677
7.0400	8339
7.0450	8264
7.0500	8840
7.0550	9024
7.0600	8741
7.0650	8537
7.0700	8773
7.0750	8814
7.0800	8733
7.0850	8769
7.0900	8374
7.0950	8947
7.1000	8526
7.1050	8503
7.1100	8680
7.1150	8798
7.1200	8785
7.1250	8397
7.1300	8412
7.1350	8491
7.1400	8918
7.1450	9000
7.1500	8856
7.1550	8415
7.1600	8585
7.1650	8672
7.1700	8797
7.1750	9011
7.1800	8475
7.1850	8951
7.1900	8726
7.1950	8634
7.2000	8464
7.2050	8676
7.2100	8796
7.2150	8501
7.2200	8503
7.2250	8515
7.2300	9073
7.2350	9162
7.2400	8786
7.2450	8427
7.2500	8676
7.2550	8784
7.2600	8921
7.2650	8933
7.2700	8412
7.2750	8942
7.2800	8648
7.2850	8423
7.2900	8619
7.2950	8704
7.3000	8921
7.3050	8570
7.3100	8415
7.3150	8650
7.3200	8815
7.3250	8827
7.3300	8737
7.3350	8415
7.3400	8733
7.3450	8725
7.3500	8860
7.3550	9046
7.3600	8270
7.3650	8814
7.3700	8595
7.3750	8702
7.3800	8747
7.3850	8671
7.3900	9049
7.3950	8652
7.4000	8253
7.4050	8376
7.4100	8718
7.4150	8852
7.4200	8820
7.4250	8423
7.4300	8514
7.4350	8923
7.4400	8675
7.4450	8922
7.4500	8296
7.4550	8916
7.4600	8828
7.4650	8648
7.4700	8768
7.4750	8617
7.4800	8904
7.4850	8399
7.4900	8342
7.4950	8623
7.5000	8776
7.5050	8967
7.5100	8793
7.5150	8546
7.5200	8642
7.5250	8984
7.5300	8956
7.5350	9003
7.5400	8457
7.5450	8822
7.5500	8693
7.5550	8621
7.5600	8680
7.5650	8622
7.5700	9045
7.5750	8419
7.5800	8405
7.5850	8560
7.5900	8731
7.5950	8913
7.6000	8513
7.6050	8394
7.6100	8514
7.6150	8898
7.6200	8817
7.6250	9079
7.6300	8364
7.6350	8853
7.6400	8677
7.6450	8548
7.6500	8806
7.6550	8576
7.6600	8802
7.6650	8478
7.6700	8475
7.6750	8651
7.6800	8717
7.6850	8878
7.6900	8678
7.6950	8492
7.7000	8569
7.7050	8940
7.7100	8986
7.7150	9043
7.7200	8530
7.7250	8747
7.7300	8634
7.7350	8667
7.7400	8710
7.7450	8580
7.7500	9014
7.7550	8594
7.7600	8383
7.7650	8334
7.7700	8837
7.7750	8954
7.7800	8872
7.7850	8446
7.7900	8666
7.7950	8984
7.8000	8861
7.8050	8717
7.8100	8207
7.8150	8791
7.8200	8694
7.8250	8598
7.8300	8960
7.8350	8582
7.8400	8855
7.8450	8429
7.8500	8486
7.8550	8555
7.8600	8704
7.8650	8982
7.8700	8700
7.8750	8476
7.8800	8543
7.8850	8944
7.8900	8898
7.8950	8958
7.9000	8360
7.9050	8671
7.9100	8679
7.9150	8804
7.9200	8649
7.9250	8503
7.9300	8857
7.9350	8474
7.9400	8512
7.9450	8692
7.9500	8773
7.9550	9269
7.9600	8466
7.9650	8342
7.9700	8472
7.9750	9069
7.9800	9016
7.9850	8782
7.9900	8381
7.9950	8905
8.0000	8632
8.0050	8642
8.0100	8760
8.0150	8616
8.0200	8804
8.0250	8398
8.0300	8497
8.0350	8796
8.0400	8624
8.0450	8886
8.0500	8490
8.0550	8315
8.0600	8570
8.0650	8876
8.0700	8912
8.0750	8831
8.0800	8487
8.0850	8622
8.0900	8701
8.0950	8797
8.1000	8778
8.1050	8333
8.1100	8895
8.1150	8690
8.1200	8494
8.1250	8633
8.1300	8719
8.1350	8976
8.1400	8709
8.1450	8353
8.1500	8456
8.1550	8988
8.1600	9001
8.1650	8613
8.1700	8467
8.1750	8769
8.1800	8716
8.1850	8725
8.1900	8900
8.1950	8556
8.2000	8972
8.2050	8410
8.2100	8470
8.2150	8654
8.2200	8709
8.2250	9032
8.2300	8588
8.2350	8349
8.2400	8507
8.2450	9037
8.2500	8897
8.2550	8877
8.2600	8420
8.2650	8648
8.2700	8731
8.2750	8761
8.2800	8868
8.2850	8355
8.2900	8890
8.2950	8569
8.3000	8551
8.3050	8560
8.3100	8856
8.3150	9012
8.3200	8460
8.3250	8349
8.3300	8455
8.3350	8825
8.3400	9005
8.3450	8685
8.3500	8448
8.3550	8817
8.3600	8817
8.3650	8807
8.3700	8889
8.3750	8538
8.3800	8960
8.3850	8661
8.3900	8733
8.3950	8820
8.4000	8576
8.4050	8884
8.4100	8506
8.4150	8513
8.4200	8542
8.4250	8824
8.4300	9065
8.4350	8722
8.4400	8511
8.4450	8541
8.4500	8816
8.4550	8986
8.4600	9010
8.4650	8243
8.4700	9049
8.4750	8598
8.4800	8439
8.4850	8640
8.4900	8425
8.4950	8808
8.5000	8580
8.5050	8448
8.5100	8451
8.5150	8908
8.5200	9071
8.5250	8639
8.5300	8355
8.5350	8577
8.5400	8857
8.5450	8928
8.5500	8897
8.5550	8353
8.5600	8890
8.5650	8601
8.5700	8602
8.5750	8831
8.5800	8621
8.5850	8918
8.5900	8396
8.5950	8511
8.6000	8412
8.6050	8750
8.6100	8951
8.6150	8800
8.6200	8334
8.6250	8660
8.6300	8890
8.6350	8910
8.6400	8868
8.6450	8346
8.6500	8792
8.6550	8655
8.6600	8678
8.6650	8795
8.6700	8663
8.6750	8734
8.6800	8451
8.6850	8349
8.6900	8535
8.6950	8890
8.7000	8905
8.7050	8742
8.7100	8424
8.7150	8524
8.7200	8870
8.7250	8774
8.7300	9024
8.7350	8539
8.7400	8759
8.7450	8839
8.7500	8619
8.7550	8930
8.7600	8582
8.7650	8932
8.7700	8448
8.7750	8471
8.7800	8508
8.7850	8850
8.7900	9051
8.7950	8750
8.8000	8410
8.8050	8553
8.8100	8917
8.8150	8937
8.8200	9052
8.8250	8340
8.8300	8779
8.8350	8691
8.8400	8550
8.8450	8669
8.8500	8608
8.8550	8841
8.8600	8477
8.8650	8389
8.8700	8603
8.8750	8718
8.8800	9107
8.8850	8539
8.8900	8211
8.8950	8679
8.9000	8905
8.9050	8956
8.9100	8957
8.9150	8529
8.9200	8708
8.9250	8608
8.9300	8570
8.9350	8764
8.9400	8375
8.9450	8884
8.9500	8460
8.9550	8582
8.9600	8657
8.9650	8696
8.9700	8790
8.9750	8733
8.9800	8251
8.9850	8470
8.9900	9046
8.9950	9076
9.0000	8847
9.0050	8335
9.0100	8724
9.0150	8704
9.0200	8675
9.0250	8961
9.0300	8558
9.0350	8928
9.0400	8475
9.0450	8424
9.0500	8645
9.0550	8706
9.0600	8906
9.0650	8645
9.0700	8393
9.0750	8659
9.0800	8780
9.0850	8918
9.0900	8903
9.0950	8447
9.1000	8787
9.1050	8568
9.1100	8934
9.1150	8845
9.1200	8499
9.1250	8834
9.1300	8386
9.1350	8510
9.1400	8722
9.1450	8682
9.1500	8917
9.1550	8795
9.1600	8396
9.1650	8468
9.1700	8806
9.1750	9000
9.1800	8831
9.1850	8459
9.1900	8866
9.1950	8941
9.2000	8711
9.2050	8745
9.2100	8555
9.2150	8916
9.2200	8690
9.2250	8558
9.2300	8640
9.2350	8800
9.2400	9092
9.2450	8405
9.2500	8403
9.2550	8523
9.2600	9045
9.2650	9067
9.2700	8932
9.2750	8354
9.2800	8730
9.2850	8751
9.2900	8726
9.2950	8942
9.3000	8468
9.3050	8958
9.3100	8525
9.3150	8561
9.3200	8527
9.3250	8510
9.3300	8952
9.3350	8696
9.3400	8417
9.3450	8509
9.3500	8849
9.3550	8965
9.3600	8769
9.3650	8331
9.3700	8856
9.3750	8744
9.3800	8757
9.3850	8979
9.3900	8424
9.3950	9009
9.4000	8444
9.4050	8461
9.4100	8473
9.4150	8596
9.4200	8895
9.4250	8531
9.4300	8413
9.4350	8446
9.4400	8868
9.4450	8779
9.4500	8785
9.4550	8613
9.4600	8634
9.4650	8838
9.4700	8865
9.4750	8897
9.4800	8395
9.4850	8781
9.4900	8481
9.4950	8587
9.5000	8647
9.5050	8707
9.5100	9033
9.5150	8533
9.5200	8370
9.5250	8292
9.5300	8915
9.5350	8950
9.5400	8774
9.5450	8316
9.5500	8769
9.5550	8883
9.5600	8904
9.5650	8769
9.5700	8312
9.5750	8833
9.5800	8544
9.5850	8538
9.5900	8675
9.5950	8764
9.6000	8881
9.6050	8333
9.6100	8386
9.6150	8523
9.6200	8952
9.6250	9022
9.6300	8775
9.6350	8369
9.6400	8607
9.6450	8710
9.6500	8818
9.6550	8847
9.6600	8383
9.6650	8785
9.6700	8657
9.6750	8569
9.6800	8790
9.6850	8454
9.6900	9069
9.6950	8550
9.7000	8542
9.7050	8559
9.7100	8897
9.7150	9058
9.7200	8657
9.7250	8416
9.7300	8551
9.7350	8795
9.7400	8855
9.7450	8858
9.7500	8421
9.7550	8975
9.7600	8721
9.7650	8547
9.7700	8645
9.7750	8643
9.7800	9018
9.7850	8558
9.7900	8372
9.7950	8774
9.8000	8774
9.8050	8994
9.8100	8670
9.8150	8507
9.8200	8620
9.8250	8922
9.8300	8832
9.8350	8943
9.8400	8275
9.8450	8655
9.8500	8595
9.8550	8667
9.8600	8849
9.8650	8681
9.8700	9083
9.8750	8593
9.8800	8340
9.8850	8439
9.8900	8862
9.8950	8979
9.9000	8710
9.9050	8468
9.9100	8549
9.9150	8963
9.9200	8897
9.9250	8926
9.9300	8356
9.9350	8683
9.9400	8903
9.9450	8564
9.9500	8822
9.9550	8577
9.9600	8949
9.9650	8297
9.9700	8296
9.9750	8678
9.9800	8781
9.9850	8946
9.9900	8719
9.9950	8524
10.0000	8557
10.0050	8874
10.0100	8837
10.0150	9128
10.0200	8394
10.0250	8639
10.0300	8788
10.0350	8684
10.0400	8643
10.0450	8570
10.0500	8975
10.0550	8386
10.0600	8386
10.0650	8513
10.0700	8780
10.0750	9031
10.0800	8574
10.0850	8268
10.0900	8545
10.0950	8962
10.1000	8957
10.1050	8971
10.1100	8358
10.1150	8796
10.1200	8629
10.1250	8561
10.1300	8752
10.1350	8602
10.1400	9064
10.1450	8441
10.1500	8502
10.1550	8670
10.1600	8750
10.1650	8775
10.1700	8514
10.1750	8367
10.1800	8554
10.1850	9025
10.1900	8880
10.1950	8967
10.2000	8295
10.2050	8575
10.2100	8666
10.2150	8737
10.2200	8861
10.2250	8512
10.2300	8945
10.2350	8554
10.2400	8489
10.2450	8605
10.2500	8814
10.2550	8951
10.2600	8656
10.2650	8430
10.2700	8496
10.2750	9035
10.2800	8920
10.2850	8859
10.2900	8390
10.2950	8829
10.3000	8830
10.3050	8705
10.3100	8859
10.3150	8637
10.3200	8878
10.3250	8342
10.3300	8541
10.3350	8629
10.3400	8736
10.3450	9071
10.3500	8633
10.3550	8464
10.3600	8604
10.3650	8759
10.3700	9043
10.3750	8872
10.3800	8433
10.3850	8770
10.3900	8707
10.3950	8778
10.4000	8595
10.4050	8270
10.4100	8968
10.4150	8490
10.4200	8535
10.4250	8637
10.4300	8778
10.4350	9082
10.4400	8526
10.4450	8330
10.4500	8459
10.4550	9074
10.4600	8958
10.4650	8906
10.4700	8447
10.4750	8899
10.4800	8716
10.4850	8619
10.4900	8805
10.4950	8539
10.5000	9029
10.5050	8543
10.5100	8519
10.5150	8656
10.5200	8697
10.5250	8871
10.5300	8462
10.5350	8504
10.5400	8446
10.5450	8820
10.5500	9005
10.5550	8875
10.5600	8343
10.5650	8622
10.5700	8602
10.5750	8627
10.5800	8764
10.5850	8392
10.5900	8808
10.5950	8657
10.6000	8450
10.6050	8627
10.6100	8540
10.6150	8978
10.6200	8598
10.6250	8167
10.6300	8495
10.6350	8817
10.6400	8961
10.6450	8632
10.6500	8461
10.6550	8652
10.6600	8905
10.6650	8948
10.6700	9071
10.6750	8380
10.6800	8985
10.6850	8567
10.6900	8501
10.6950	8522
10.7000	8750
10.7050	8979
10.7100	8501
10.7150	8553
10.7200	8484
10.7250	8616
10.7300	8935
10.7350	8955
10.7400	8531
10.7450	8725
10.7500	8671
10.7550	8849
10.7600	8949
10.7650	8362
10.7700	8877
10.7750	8727
10.7800	8735
10.7850	8752
10.7900	8558
10.7950	8939
10.8000	8556
10.8050	8408
10.8100	8432
10.8150	8807
10.8200	9025
10.8250	8661
10.8300	8448
10.8350	8646
10.8400	8776
10.8450	8872
10.8500	8815
10.8550	8363
10.8600	8841
10.8650	8562
10.8700	8505
10.8750	8693
10.8800	8557
10.8850	8899
10.8900	8334
10.8950	8394
10.9000	8725
10.9050	8886
10.9100	8895
10.9150	8726
10.9200	8376
10.9250	8501
10.9300	8899
10.9350	8952
10.9400	8910
10.9450	8413
10.9500	8816
10.9550	8680
10.9600	8533
10.9650	8612
10.9700	8543
10.9750	9063
10.9800	8518
10.9850	8409
10.9900	8539
10.9950	8773
11.0000	9016
11.0050	8642
11.0100	8322
11.0150	8536
11.0200	8850
11.0250	8919
11.0300	8988
11.0350	8411
11.0400	8729
11.0450	8646
11.0500	8622
11.0550	8775
11.0600	8546
11.0650	9033
11.0700	8555
11.0750	8492
11.0800	8581
11.0850	8836
11.0900	8954
11.0950	8828
11.1000	8481
11.1050	8637
11.1100	8980
11.1150	9078
11.1200	8983
11.1250	8334
11.1300	8731
11.1350	8583
11.1400	8725
11.1450	8760
11.1500	8739
11.1550	8971
11.1600	8478
11.1650	8291
11.1700	8426
11.1750	8908
11.1800	8989
11.1850	8606
11.1900	8396
11.1950	8616
11.2000	8667
11.2050	8901
11.2100	8835
11.2150	8481
11.2200	8921
11.2250	8662
11.2300	8818
11.2350	8724
11.2400	8511
11.2450	8891
11.2500	8404
11.2550	8308
11.2600	8678
11.2650	8842
11.2700	8913
11.2750	8753
11.2800	8420
11.2850	8497
11.2900	8874
11.2950	8846
11.3000	8952
11.3050	8467
11.3100	8599
11.3150	8804
11.3200	8665
11.3250	8906
11.3300	8542
11.3350	9039
11.3400	8497
11.3450	8433
11.3500	8582
11.3550	9018
11.3600	9063
11.3650	8701
11.3700	8453
11.3750	8568
11.3800	8923
11.3850	9071
11.3900	8771
11.3950	8504
11.4000	8692
11.4050	8651
11.4100	8645
11.4150	8894
11.4200	8519
11.4250	8903
11.4300	8455
11.4350	8500
11.4400	8520
11.4450	8629
11.4500	8905
11.4550	8731
11.4600	8438
11.4650	8418
11.4700	8977
11.4750	8821
11.4800	8951
11.4850	8300
11.4900	8573
11.4950	8723
11.5000	8724
11.5050	8869
11.5100	8579
11.5150	9059
11.5200	8475
11.5250	8487
11.5300	8663
11.5350	8605
11.5400	9132
11.5450	8641
11.5500	8552
11.5550	8644
11.5600	8945
11.5650	8922
11.5700	8821
11.5750	8425
11.5800	8833
11.5850	8750
11.5900	8863
11.5950	8926
11.6000	8419
11.6050	8747
11.6100	8492
11.6150	8456
11.6200	8724
11.6250	8569
11.6300	8854
11.6350	8726
11.6400	8529
11.6450	8279
11.6500	8870
11.6550	8940
11.6600	8866
11.6650	8318
11.6700	8892
11.6750	8791
11.6800	8726
11.6850	8915
11.6900	8384
11.6950	9029
11.7000	8674
11.7050	8606
11.7100	8569
11.7150	8750
11.7200	8902
11.7250	8376
11.7300	8286
11.7350	8459
11.7400	9103
11.7450	9068
11.7500	8911
11.7550	8389
11.7600	8562
11.7650	8780
11.7700	8653
11.7750	8884
11.7800	8542
11.7850	8837
11.7900	8525
11.7950	8599
11.8000	8860
11.8050	8524
11.8100	8791
11.8150	8524
11.8200	8385
11.8250	8449
11.8300	8843
11.8350	9045
11.8400	8859
11.8450	8187
11.8500	8594
11.8550	8740
11.8600	8869
11.8650	9043
11.8700	8376
11.8750	8999
11.8800	8576
11.8850	8484
11.8900	8629
11.8950	8785
11.9000	9129
11.9050	8543
11.9100	8491
11.9150	8437
11.9200	8868
11.9250	8916
11.9300	8819
11.9350	8549
11.9400	8862
11.9450	8811
11.9500	8746
11.9550	8876
11.9600	8311
11.9650	8797
11.9700	8565
11.9750	8553
11.9800	8792
11.9850	8693
11.9900	8994
11.9950	8585
12.0000	8315
12.0050	8448
12.0100	8914
12.0150	8973
12.0200	8654
12.0250	8443
12.0300	8665
12.0350	8815
12.0400	8843
12.0450	8859
12.0500	8276
12.0550	9093
12.0600	8676
12.0650	8603
12.0700	8589
12.0750	8745
12.0800	8875
12.0850	8466
12.0900	8344
12.0950	8541
12.1000	8881
12.1050	9050
12.1100	8760
12.1150	8549
12.1200	8591
12.1250	8812
12.1300	8897
12.1350	9052
12.1400	8430
12.1450	8960
12.1500	8613
12.1550	8654
12.1600	8773
12.1650	8447
12.1700	9025
12.1750	8520
12.1800	8453
12.1850	8539
12.1900	8757
12.1950	9107
12.2000	8620
12.2050	8309
12.2100	8569
12.2150	8899
12.2200	8840
12.2250	9014
12.2300	8260
12.2350	8938
12.2400	8589
12.2450	8499
12.2500	8710
12.2550	8552
12.2600	9059
12.2650	8464
12.2700	8407
12.2750	8455
12.2800	8865
12.2850	8863
12.2900	8688
12.2950	8323
12.3000	8685
12.3050	8828
12.3100	8860
12.3150	9057
12.3200	8278
12.3250	8798
12.3300	8689
12.3350	8758
12.3400	8824
12.3450	8613
12.3500	8713
12.3550	8478
12.3600	8504
12.3650	8363
12.3700	8657
12.3750	9072
12.3800	8698
12.3850	8488
12.3900	8726
12.3950	8953
12.4000	8883
12.4050	8885
12.4100	8461
12.4150	8842
12.4200	8898
12.4250	8792
12.4300	8878
12.4350	8818
12.4400	8807
12.4450	8438
12.4500	8414
12.4550	8696
12.4600	8791
12.4650	9084
12.4700	8567
12.4750	8462
12.4800	8480
12.4850	8979
12.4900	8924
12.4950	8937
12.5000	8456
12.5050	8761
12.5100	8741
12.5150	8788
12.5200	8956
12.5250	8385
12.5300	9064
12.5350	8478
12.5400	8594
12.5450	8722
12.5500	8820
12.5550	9013
12.5600	8604
12.5650	8250
12.5700	8397
12.5750	8988
12.5800	8902
12.5850	8902
12.5900	8406
12.5950	9012
12.6000	8638
12.6050	8562
12.6100	8776
12.6150	8484
12.6200	8950
12.6250	8454
12.6300	8574
12.6350	8808
12.6400	8838
12.6450	8927
12.6500	8548
12.6550	8529
12.6600	8599
12.6650	9107
12.6700	9010
12.6750	8936
12.6800	8351
12.6850	8823
12.6900	8746
12.6950	8849
12.7000	8849
12.7050	8445
12.7100	9129
12.7150	8429
12.7200	8569
12.7250	8478
12.7300	8599
12.7350	8912
12.7400	8568
12.7450	8560
12.7500	8570
12.7550	8938
12.7600	8977
12.7650	8857
12.7700	8324
12.7750	8654
12.7800	8781
12.7850	8817
12.7900	8934
12.7950	8575
12.8000	8975
12.8050	8447
12.8100	8523
12.8150	8750
12.8200	8771
12.8250	8923
12.8300	8628
12.8350	8501
12.8400	8375
12.8450	9034
12.8500	9026
12.8550	8940
12.8600	8573
12.8650	8762
12.8700	8767
12.8750	8762
12.8800	8860
12.8850	8465
12.8900	8870
12.8950	8523
12.9000	8618
12.9050	8612
12.9100	8583
12.9150	9140
12.9200	8577
12.9250	8318
12.9300	8482
12.9350	9113
12.9400	8921
12.9450	8670
12.9500	8336
12.9550	8814
12.9600	8624
12.9650	8876
12.9700	8880
12.9750	8420
12.9800	9064
12.9850	8531
12.9900	8466
12.9950	8603
13.0000	8671
13.0050	8886
13.0100	8586
13.0150	8463
13.0200	8312
13.0250	8960
13.0300	8870
13.0350	8857
13.0400	8379
13.0450	8607
13.0500	8890
13.0550	8754
13.0600	8970
13.0650	8432
13.0700	8930
13.0750	8714
13.0800	8646
13.0850	8728
13.0900	8543
13.0950	9082
13.1000	8534
13.1050	8495
13.1100	8435
13.1150	8956
13.1200	9056
13.1250	8718
13.1300	8435
13.1350	8573
13.1400	8796
13.1450	8911
13.1500	8978
13.1550	8441
13.1600	8875
13.1650	8387
13.1700	8510
13.1750	8823
13.1800	8790
13.1850	8938
13.1900	8622
13.1950	8444
13.2000	8383
13.2050	8811
13.2100	8802
13.2150	8854
13.2200	8514
13.2250	8684
13.2300	8918
13.2350	8931
13.2400	9091
13.2450	8256
13.2500	8756
13.2550	8730
13.2600	8671
13.2650	8801
13.2700	8658
13.2750	9106
13.2800	8449
13.2850	8388
13.2900	8373
13.2950	9033
13.3000	8958
13.3050	8816
13.3100	8440
13.3150	8779
13.3200	8792
13.3250	8847
13.3300	8853
13.3350	8569
13.3400	8993
13.3450	8649
13.3500	8601
13.3550	8842
13.3600	8472
13.3650	8930
13.3700	8481
13.3750	8415
13.3800	8481
13.3850	8877
13.3900	8984
13.3950	8736
13.4000	8438
13.4050	8567
13.4100	8735
13.4150	8941
13.4200	9052
13.4250	8416
13.4300	8874
13.4350	8531
13.4400	8586
13.4450	8674
13.4500	8606
13.4550	8945
13.4600	8653
13.4650	8453
13.4700	8481
13.4750	8805
13.4800	8964
13.4850	8482
13.4900	8314
13.4950	8642
13.5000	9060
13.5050	8913
13.5100	8908
13.5150	8537
13.5200	8766
13.5250	8512
13.5300	8610
13.5350	8819
13.5400	8543
13.5450	9007
13.5500	8353
13.5550	8499
13.5600	8508
13.5650	8728
13.5700	8825
13.5750	8923
13.5800	8475
13.5850	8610
13.5900	9067
13.5950	8985
13.6000	8980
13.6050	8256
13.6100	8721
13.6150	8800
13.6200	8710
13.6250	8915
13.6300	8590
13.6350	9106
13.6400	8427
13.6450	8298
13.6500	8719
13.6550	8927
13.6600	9043
13.6650	8721
13.6700	8477
13.6750	8660
13.6800	9072
13.6850	8973
13.6900	8998
13.6950	8695
13.7000	8790
13.7050	8760
13.7100	8669
13.7150	8909
13.7200	8543
13.7250	8886
13.7300	8431
13.7350	8666
13.7400	8694
13.7450	8784
13.7500	8969
13.7550	8744
13.7600	8545
13.7650	8515
13.7700	8995
13.7750	9136
13.7800	8866
13.7850	8357
13.7900	8684
13.7950	8757
13.8000	8736
13.8050	8831
13.8100	8556
13.8150	9071
13.8200	8652
13.8250	8618
13.8300	8754
13.8350	8911
13.8400	8945
13.8450	8715
13.8500	8427
13.8550	8424
13.8600	8986
13.8650	8948
13.8700	8891
13.8750	8510
13.8800	8626
13.8850	8850
13.8900	8749
13.8950	8944
13.9000	8541
13.9050	9011
13.9100	8666
13.9150	8434
13.9200	8648
13.9250	8790
13.9300	9011
13.9350	8728
13.9400	8410
13.9450	8589
13.9500	8862
13.9550	9032
13.9600	8870
13.9650	8403
13.9700	8623
13.9750	8788
13.9800	8743
13.9850	8793
13.9900	8454
13.9950	9060
14.0000	8388
14.0050	8445
14.0100	8708
14.0150	8884
14.0200	8960
14.0250	8683
14.0300	8536
14.0350	8569
14.0400	8947
14.0450	8953
14.0500	8848
14.0550	8532
14.0600	8654
14.0650	8898
14.0700	8843
14.0750	8880
14.0800	8422
14.0850	8902
14.0900	8718
14.0950	8624
14.1000	8792
14.1050	8700
14.1100	9022
14.1150	8703
14.1200	8504
14.1250	8516
14.1300	8971
14.1350	9028
14.1400	8974
14.1450	8604
14.1500	8742
14.1550	8759
14.1600	8868
14.1650	8948
14.1700	8465
14.1750	9085
14.1800	8706
14.1850	8793
14.1900	8610
14.1950	8701
14.2000	9146
14.2050	8539
14.2100	8576
14.2150	8401
14.2200	9032
14.2250	9054
14.2300	8743
14.2350	8450
14.2400	8761
14.2450	8786
14.2500	8766
14.2550	8964
14.2600	8555
14.2650	8875
14.2700	8526
14.2750	8665
14.2800	8774
14.2850	8713
14.2900	9130
14.2950	8703
14.3000	8502
14.3050	8551
14.3100	8880
14.3150	9053
14.3200	8723
14.3250	8388
14.3300	8635
14.3350	8854
14.3400	8784
14.3450	9071
14.3500	8298
14.3550	8872
14.3600	8797
14.3650	8633
14.3700	8714
14.3750	8701
14.3800	9124
14.3850	8519
14.3900	8595
14.3950	8583
14.4000	8962
14.4050	8996
14.4100	8610
14.4150	8503
14.4200	8690
14.4250	8917
14.4300	8983
14.4350	9160
14.4400	8401
14.4450	8866
14.4500	8585
14.4550	8637
14.4600	9002
14.4650	8591
14.4700	8936
14.4750	8542
14.4800	8541
14.4850	8456
14.4900	8773
14.4950	9142
14.5000	8628
14.5050	8505
14.5100	8658
14.5150	8769
14.5200	8934
14.5250	8998
14.5300	8583
14.5350	8921
14.5400	8652
14.5450	8594
14.5500	8750
14.5550	8741
14.5600	8916
14.5650	8424
14.5700	8498
14.5750	8582
14.5800	9023
14.5850	8945
14.5900	8778
14.5950	8546
14.6000	8742
14.6050	8867
14.6100	8959
14.6150	9143
14.6200	8513
14.6250	8880
14.6300	8584
14.6350	8786
14.6400	8827
14.6450	8648
14.6500	9143
14.6550	8552
14.6600	8602
14.6650	8448
14.6700	8862
14.6750	9046
14.6800	8775
14.6850	8471
14.6900	8659
14.6950	9048
14.7000	8965
14.7050	8821
14.7100	8433
14.7150	8922
14.7200	8627
14.7250	8569
14.7300	8768
14.7350	8706
14.7400	9067
14.7450	8503
14.7500	8440
14.7550	8615
14.7600	8647
14.7650	8962
14.7700	8638
14.7750	8433
14.7800	8653
14.7850	9009
14.7900	8933
14.7950	9026
14.8000	8456
14.8050	8773
14.8100	8660
14.8150	8844
14.8200	8896
14.8250	8668
14.8300	8965
14.8350	8658
14.8400	8437
14.8450	8679
14.8500	8791
14.8550	8928
14.8600	8675
14.8650	8524
14.8700	8382
14.8750	9068
14.8800	8986
14.8850	8846
14.8900	8351
14.8950	8770
14.9000	8838
14.9050	8788
14.9100	8665
14.9150	8574
14.9200	9037
14.9250	8303
14.9300	8458
14.9350	8686
14.9400	8836
14.9450	9000
14.9500	8604
14.9550	8447
14.9600	8588
14.9650	8939
14.9700	8905
14.9750	8762
14.9800	8555
14.9850	8757
14.9900	8798
14.9950	8806
15.0000	8852
15.0050	8486
15.0100	8954
15.0150	8459
15.0200	8573
15.0250	8702
15.0300	8720
15.0350	8988
15.0400	8639
15.0450	8232
15.0500	8479
15.0550	8983
15.0600	8954
15.0650	8969
15.0700	8335
15.0750	8736
15.0800	8676
15.0850	8670
15.0900	8791
15.0950	8562
15.1000	9026
15.1050	8557
15.1100	8545
15.1150	8651
15.1200	8808
15.1250	9093
15.1300	8565
15.1350	8445
15.1400	8596
15.1450	8951
15.1500	8902
15.1550	8930
15.1600	8497
15.1650	8559
15.1700	8740
15.1750	8835
15.1800	8947
15.1850	8296
15.1900	9026
15.1950	8695
15.2000	8433
15.2050	8573
15.2100	8629
15.2150	9083
15.2200	8640
15.2250	8340
15.2300	8482
15.2350	9017
15.2400	8964
15.2450	8660
15.2500	8522
15.2550	8785
15.2600	8884
15.2650	8810
15.2700	8874
15.2750	8527
15.2800	8974
15.2850	8574
15.2900	8495
15.2950	8841
15.3000	8848
15.3050	8938
15.3100	8468
15.3150	8478
15.3200	8407
15.3250	8785
15.3300	8936
15.3350	8911
15.3400	8570
15.3450	8685
15.3500	8760
15.3550	8785
15.3600	8833
15.3650	8356
15.3700	8772
15.3750	8586
15.3800	8541
15.3850	8660
15.3900	8704
15.3950	8942
15.4000	8642
15.4050	8388
15.4100	8507
15.4150	9056
15.4200	8986
15.4250	8861
15.4300	8536
15.4350	8660
15.4400	8891
15.4450	8906
15.4500	8854
15.4550	8552
15.4600	8927
15.4650	8564
15.4700	8393
15.4750	8889
15.4800	8634
15.4850	8982
15.4900	8574
15.4950	8630
15.5000	8528
15.5050	8816
15.5100	8938
15.5150	8799
15.5200	8470
15.5250	8611
15.5300	8871
15.5350	9006
15.5400	9149
15.5450	8434
15.5500	8962
15.5550	8676
15.5600	8646
15.5650	8717
15.5700	8609
15.5750	9073
15.5800	8710
15.5850	8441
15.5900	8475
15.5950	8866
15.6000	9138
15.6050	8817
15.6100	8371
15.6150	8777
15.6200	9078
15.6250	8765
15.6300	8981
15.6350	8551
15.6400	8707
15.6450	8501
15.6500	8740
15.6550	8976
15.6600	8700
15.6650	9024
15.6700	8462
15.6750	8397
15.6800	8449
15.6850	8954
15.6900	8951
15.6950	8775
15.7000	8429
15.7050	8546
15.7100	8830
15.7150	8991
15.7200	9066
15.7250	8367
15.7300	8785
15.7350	8757
15.7400	8690
15.7450	8750
15.7500	8711
15.7550	9052
15.7600	8431
15.7650	8585
15.7700	8583
15.7750	8906
15.7800	9087
15.7850	8909
15.7900	8446
15.7950	8678
15.8000	9002
15.8050	8826
15.8100	8754
15.8150	8457
15.8200	8925
15.8250	8695
15.8300	8584
15.8350	8886
15.8400	8649
15.8450	8905
15.8500	8427
15.8550	8526
15.8600	8620
15.8650	8972
15.8700	8983
15.8750	8801
15.8800	8439
15.8850	8679
15.8900	8895
15.8950	9071
15.9000	8973
15.9050	8374
15.9100	8739
15.9150	8809
15.9200	8744
15.9250	8754
15.9300	8624
15.9350	9062
15.9400	8714
15.9450	8417
15.9500	8516
15.9550	8979
15.9600	9008
15.9650	8626
15.9700	8455
15.9750	8628
15.9800	9028
15.9850	8917
15.9900	8980
15.9950	8453
16.0000	8936
16.0050	8796
16.0100	8773
16.0150	8961
16.0200	8639
16.0250	9026
16.0300	8270
16.0350	8527
16.0400	8570
16.0450	8759
16.0500	8861
16.0550	8651
16.0600	8559
16.0650	8586
16.0700	8805
16.0750	9007
16.0800	8873
16.0850	8454
16.0900	8831
16.0950	8742
16.1000	8779
16.1050	8845
16.1100	8423
16.1150	9057
16.1200	8477
16.1250	8487
16.1300	8656
16.1350	8744
16.1400	8991
16.1450	8566
16.1500	8321
16.1550	8632
16.1600	8903
16.1650	8945
16.1700	8835
16.1750	8342
16.1800	8726
16.1850	8806
16.1900	8791
16.1950	8930
16.2000	8542
16.2050	8996
16.2100	8377
16.2150	8480
16.2200	8706
16.2250	8798
16.2300	9023
16.2350	8553
16.2400	8282
16.2450	8487
16.2500	8915
16.2550	9068
16.2600	8969
16.2650	8391
16.2700	8609
16.2750	8829
16.2800	8782
16.2850	8721
16.2900	8496
16.2950	9061
16.3000	8724
16.3050	8616
16.3100	8694
16.3150	8646
16.3200	9220
16.3250	8434
16.3300	8381
16.3350	8639
16.3400	8995
16.3450	9086
16.3500	8809
16.3550	8382
16.3600	8867
16.3650	8799
16.3700	8818
16.3750	8950
16.3800	8548
16.3850	9046
16.3900	8565
16.3950	8581
16.4000	8687
16.4050	8764
16.4100	9016
16.4150	8714
16.4200	8502
16.4250	8559
16.4300	8936
16.4350	8954
16.4400	8983
16.4450	8391
16.4500	8788
16.4550	8919
16.4600	8765
16.4650	8818
16.4700	8413
16.4750	9050
16.4800	8490
16.4850	8465
16.4900	8690
16.4950	8704
16.5000	8935
16.5050	8679
16.5100	8351
16.5150	8451
16.5200	8924
16.5250	8935
16.5300	8811
16.5350	8513
16.5400	8788
16.5450	8732
16.5500	8855
16.5550	8978
16.5600	8486
16.5650	9002
16.5700	8546
16.5750	8698
16.5800	8908
16.5850	8591
16.5900	8930
16.5950	8648
16.6000	8675
16.6050	8657
16.6100	8988
16.6150	8950
16.6200	8781
16.6250	8531
16.6300	8603
16.6350	8910
16.6400	9016
16.6450	8901
16.6500	8393
16.6550	9008
16.6600	8652
16.6650	8598
16.6700	8792
16.6750	8814
16.6800	9062
16.6850	8562
16.6900	8370
16.6950	8515
16.7000	8949
16.7050	9034
16.7100	8704
16.7150	8496
16.7200	8746
16.7250	8825
16.7300	8722
16.7350	9052
16.7400	8475
16.7450	8981
16.7500	8560
16.7550	8726
16.7600	8830
16.7650	8597
16.7700	9024
16.7750	8517
16.7800	8537
16.7850	8554
16.7900	9045
16.7950	9006
16.8000	8808
16.8050	8416
16.8100	8707
16.8150	8978
16.8200	8913
16.8250	8954
16.8300	8326
16.8350	8916
16.8400	8719
16.8450	8691
16.8500	8818
16.8550	8602
16.8600	9005
16.8650	8519
16.8700	8381
16.8750	8547
16.8800	8924
16.8850	8839
16.8900	8782
16.8950	8423
16.9000	8819
16.9050	8789
16.9100	8982
16.9150	9099
16.9200	8594
16.9250	8740
16.9300	8652
16.9350	8609
16.9400	8813
16.9450	8624
16.9500	9015
16.9550	8527
16.9600	8518
16.9650	8447
16.9700	8912
16.9750	9045
16.9800	8765
16.9850	8409
16.9900	8643
16.9950	8800
17.0000	8922
17.0050	8890
17.0100	8488
17.0150	9099
17.0200	8772
17.0250	8562
17.0300	8785
17.0350	8637
17.0400	9021
17.0450	8382
17.0500	8566
17.0550	8683
17.0600	8859
17.0650	9005
17.0700	8624
17.0750	8626
17.0800	8618
17.0850	8876
17.0900	8866
17.0950	9016
17.1000	8290
17.1050	8999
17.1100	8739
17.1150	8764
17.1200	8880
17.1250	8534
17.1300	8979
17.1350	8651
17.1400	8755
17.1450	8612
17.1500	8814
17.1550	8919
17.1600	8479
17.1650	8504
17.1700	8676
17.1750	9025
17.1800	9022
17.1850	8958
17.1900	8319
17.1950	8908
17.2000	8500
17.2050	8730
17.2100	8741
17.2150	8446
17.2200	9146
17.2250	8569
17.2300	8491
17.2350	8627
17.2400	8833
17.2450	8956
17.2500	8620
17.2550	8312
17.2600	8619
17.2650	9008
17.2700	8939
17.2750	8836
17.2800	8468
17.2850	8800
17.2900	8831
17.2950	8813
17.3000	8816
17.3050	8438
17.3100	8812
17.3150	8625
17.3200	8498
17.3250	8538
17.3300	8773
17.3350	8979
17.3400	8755
17.3450	8478
17.3500	8489
17.3550	8955
17.3600	8953
17.3650	8929
17.3700	8467
17.3750	8805
17.3800	8893
17.3850	8718
17.3900	8880
17.3950	8592
17.4000	8940
17.4050	8537
17.4100	8469
17.4150	8746
17.4200	8872
17.4250	9050
17.4300	8710
17.4350	8387
17.4400	8691
17.4450	8899
17.4500	9013
17.4550	8892
17.4600	8413
17.4650	8836
17.4700	8641
17.4750	8697
17.4800	8987
17.4850	8410
17.4900	8884
17.4950	8560
17.5000	8476
17.5050	8681
17.5100	8773
17.5150	8963
17.5200	8831
17.5250	8487
17.5300	8492
17.5350	9056
17.5400	8945
17.5450	8932
17.5500	8432
17.5550	8811
17.5600	8740
17.5650	8737
17.5700	8882
17.5750	8440
17.5800	9046
17.5850	8564
17.5900	8554
17.5950	8675
17.6000	8690
17.6050	8894
17.6100	8849
17.6150	8429
17.6200	8572
17.6250	8907
17.6300	8882
17.6350	8986
17.6400	8329
17.6450	8715
17.6500	8885
17.6550	8746
17.6600	9035
17.6650	8476
17.6700	9111
17.6750	8506
17.6800	8479
17.6850	8536
17.6900	8688
17.6950	9058
17.7000	8573
17.7050	8467
17.7100	8399
17.7150	8994
17.7200	8900
17.7250	8841
17.7300	8505
17.7350	8742
17.7400	8851
17.7450	8697
17.7500	8990
17.7550	8499
17.7600	9016
17.7650	8578
17.7700	8614
17.7750	8826
17.7800	8816
17.7850	8981
17.7900	8555
17.7950	8556
17.8000	8525
17.8050	8930
17.8100	8971
17.8150	8800
17.8200	8482
17.8250	8730
17.8300	8842
17.8350	9092
17.8400	9086
17.8450	8428
17.8500	8749
17.8550	8638
17.8600	8722
17.8650	8791
17.8700	8775
17.8750	8955
17.8800	8598
17.8850	8308
17.8900	8599
17.8950	8763
17.9000	8937
17.9050	8867
17.9100	8372
17.9150	8671
17.9200	8763
17.9250	8832
17.9300	8902
17.9350	8515
17.9400	8988
17.9450	8526
17.9500	8568
17.9550	8597
17.9600	8763
17.9650	8962
17.9700	8568
17.9750	8549
17.9800	8517
17.9850	8927
17.9900	8934
17.9950	8825
18.0000	8498
18.0050	8671
18.0100	8838
18.0150	9021
18.0200	9028
18.0250	8345
18.0300	8909
18.0350	8628
18.0400	8557
18.0450	8756
18.0500	8790
18.0550	8930
18.0600	8519
18.0650	8592
18.0700	8704
18.0750	8807
18.0800	8983
18.0850	8769
18.0900	8416
18.0950	8723
18.1000	9006
18.1050	9133
18.1100	8900
18.1150	8366
18.1200	8871
18.1250	8708
18.1300	8415
18.1350	8802
18.1400	8683
18.1450	8999
18.1500	8482
18.1550	8537
18.1600	8522
18.1650	8808
18.1700	8825
18.1750	8717
18.1800	8501
18.1850	8568
18.1900	8833
18.1950	8822
18.2000	8985
18.2050	8499
18.2100	8761
18.2150	8625
18.2200	8561
18.2250	8809
18.2300	8697
18.2350	8953
18.2400	8455
18.2450	8419
18.2500	8507
18.2550	8682
18.2600	9114
18.2650	8853
18.2700	8376
18.2750	8661
18.2800	8984
18.2850	8893
18.2900	8882
18.2950	8385
18.3000	8865
18.3050	8648
18.3100	8740
18.3150	8803
18.3200	8729
18.3250	8839
18.3300	8307
18.3350	8291
18.3400	8521
18.3450	8775
18.3500	8980
18.3550	8709
18.3600	8386
18.3650	8425
18.3700	8995
18.3750	8852
18.3800	8875
18.3850	8371
18.3900	8825
18.3950	8753
18.4000	8666
18.4050	8802
18.4100	8486
18.4150	9025
18.4200	8451
18.4250	8506
18.4300	8622
18.4350	8854
18.4400	8895
18.4450	8678
18.4500	8257
18.4550	8482
18.4600	9101
18.4650	9066
18.4700	8937
18.4750	8414
18.4800	8787
18.4850	8739
18.4900	8557
18.4950	9003
18.5000	8677
18.5050	8898
18.5100	8340
18.5150	8365
18.5200	8721
18.5250	8674
18.5300	8943
18.5350	8658
18.5400	8589
18.5450	8632
18.5500	9025
18.5550	8977
18.5600	8949
18.5650	8375
18.5700	8725
18.5750	8708
18.5800	8896
18.5850	8819
18.5900	8538
18.5950	9109
18.6000	8451
18.6050	8348
18.6100	8491
18.6150	8717
18.6200	9072
18.6250	8654
18.6300	8401
18.6350	8696
18.6400	9038
18.6450	9029
18.6500	8636
18.6550	8415
18.6600	8815
18.6650	8826
18.6700	8810
18.6750	9039
18.6800	8492
18.6850	8942
18.6900	8454
18.6950	8496
18.7000	8774
18.7050	8749
18.7100	8940
18.7150	8585
18.7200	8330
18.7250	8418
18.7300	8987
18.7350	8883
18.7400	8923
18.7450	8439
18.7500	8576
18.7550	8787
18.7600	8618
18.7650	8986
18.7700	8219
18.7750	8888
18.7800	8560
18.7850	8598
18.7900	8597
18.7950	8687
18.8000	9014
18.8050	8614
18.8100	8280
18.8150	8325
18.8200	9164
18.8250	8904
18.8300	8784
18.8350	8422
18.8400	8625
18.8450	8783
18.8500	8706
18.8550	8954
18.8600	8657
18.8650	9009
18.8700	8541
18.8750	8495
18.8800	8507
18.8850	8640
18.8900	8824
18.8950	8579
18.9000	8632
18.9050	8572
18.9100	8914
18.9150	9014
18.9200	8757
18.9250	8449
18.9300	8562
18.9350	8839
18.9400	8710
18.9450	8963
18.9500	8461
18.9550	9027
18.9600	8516
18.9650	8577
18.9700	8615
18.9750	8683
18.9800	8954
18.9850	8646
18.9900	8401
18.9950	8262
19.0000	8994
19.0050	8815
19.0100	8714
19.0150	8446
19.0200	8635
19.0250	8802
19.0300	8879
19.0350	8969
19.0400	8374
19.0450	8923
19.0500	8400
19.0550	8523
19.0600	8871
19.0650	8675
19.0700	9000
19.0750	8608
19.0800	8426
19.0850	8472
19.0900	8863
19.0950	9026
19.1000	8817
19.1050	8484
19.1100	8578
19.1150	8923
19.1200	8913
19.1250	8764
19.1300	8383
19.1350	8963
19.1400	8706
19.1450	8664
19.1500	8774
19.1550	8605
19.1600	8889
19.1650	8595
19.1700	8330
19.1750	8490
19.1800	8997
19.1850	9047
19.1900	8826
19.1950	8318
19.2000	8652
19.2050	8864
19.2100	8773
19.2150	8816
19.2200	8630
19.2250	8913
19.2300	8618
19.2350	8657
19.2400	8924
19.2450	8538
19.2500	8916
19.2550	8520
19.2600	8554
19.2650	8696
19.2700	8969
19.2750	9001
19.2800	8729
19.2850	8455
19.2900	8602
19.2950	8685
19.3000	8932
19.3050	8914
19.3100	8322
19.3150	8857
19.3200	8685
19.3250	8545
19.3300	8748
19.3350	8679
19.3400	9021
19.3450	8694
19.3500	8486
19.3550	8533
19.3600	8858
19.3650	8972
19.3700	8549
19.3750	8458
19.3800	8618
19.3850	8895
19.3900	8875
19.3950	8949
19.4000	8355
19.4050	8775
19.4100	8649
19.4150	8653
19.4200	9035
19.4250	8761
19.4300	8874
19.4350	8452
19.4400	8483
19.4450	8717
19.4500	8777
19.4550	9049
19.4600	8860
19.4650	8616
19.4700	8657
19.4750	8899
19.4800	8974
19.4850	8944
19.4900	8510
19.4950	8880
19.5000	8676
19.5050	8835
19.5100	8850
19.5150	8518
19.5200	8907
19.5250	8458
19.5300	8315
19.5350	8629
19.5400	8957
19.5450	8888
19.5500	8674
19.5550	8374
19.5600	8628
19.5650	8934
19.5700	8749
19.5750	8689
19.5800	8410
19.5850	8763
19.5900	8721
19.5950	8721
19.6000	8907
19.6050	8549
19.6100	8939
19.6150	8404
19.6200	8526
19.6250	8762
19.6300	8684
19.6350	8993
19.6400	8661
19.6450	8449
19.6500	8449
19.6550	8843
19.6600	9163
19.6650	8892
19.6700	8503
19.6750	8772
19.6800	8718
19.6850	8688
19.6900	8745
19.6950	8565
19.7000	9218
19.7050	8558
19.7100	8460
19.7150	8717
19.7200	8785
19.7250	8989
19.7300	8696
19.7350	8422
19.7400	8553
19.7450	9219
19.7500	8995
19.7550	8851
19.7600	8493
19.7650	8796
19.7700	8647
19.7750	8675
19.7800	8885
19.7850	8546
19.7900	9023
19.7950	8568
19.8000	8426
19.8050	8580
19.8100	8698
19.8150	9114
19.8200	8752
19.8250	8386
19.8300	8535
19.8350	8950
19.8400	8952
19.8450	8762
19.8500	8191
19.8550	8709
19.8600	8761
19.8650	8754
19.8700	8847
19.8750	8522
19.8800	8991
19.8850	8603
19.8900	8552
19.8950	8563
19.9000	8810
19.9050	8904
19.9100	8579
19.9150	8407
19.9200	8429
19.9250	8889
19.9300	8976
19.9350	8774
19.9400	8482
19.9450	8926
19.9500	8780
19.9550	8955
19.9600	8911
19.9650	8416
19.9700	8853
19.9750	8428
19.9800	8602
19.9850	8649
19.9900	8617
19.9950	9110
