0.0000	8892
0.0050	8468
0.0100	8519
0.0150	8610
0.0200	8882
0.0250	8886
0.0300	8927
0.0350	8353
0.0400	8787
0.0450	8608
0.0500	8696
0.0550	8857
0.0600	8565
0.0650	9004
0.0700	8628
0.0750	8480
0.0800	8651
0.0850	8865
0.0900	9014
0.0950	8680
0.1000	8378
0.1050	8595
0.1100	8952
0.1150	8987
0.1200	8852
0.1250	8447
0.1300	8682
0.1350	8697
0.1400	8664
0.1450	8809
0.1500	8623
0.1550	9113
0.1600	8582
0.1650	8459
0.1700	8728
0.1750	8665
0.1800	9022
0.1850	8624
0.1900	8564
0.1950	8570
0.2000	8804
0.2050	8936
0.2100	8839
0.2150	8249
0.2200	8952
0.2250	8725
0.2300	8764
0.2350	8901
0.2400	8473
0.2450	8856
0.2500	8556
0.2550	8557
0.2600	8626
0.2650	8622
0.2700	9099
0.2750	8682
0.2800	8373
0.2850	8545
0.2900	8978
0.2950	8961
0.3000	8782
0.3050	8364
0.3100	8853
0.3150	8773
0.3200	8625
0.3250	8998
0.3300	8647
0.3350	9087
0.3400	8484
0.3450	8560
0.3500	8679
0.3550	8819
0.3600	8842
0.3650	8488
0.3700	8508
0.3750	8482
0.3800	8930
0.3850	8994
0.3900	8796
0.3950	8275
0.4000	8657
0.4050	8727
0.4100	8731
0.4150	9011
0.4200	8277
0.4250	9028
0.4300	8526
0.4350	8562
0.4400	8434
0.4450	8665
0.4500	9107
0.4550	8567
0.4600	8450
0.4650	8491
0.4700	8926
0.4750	9075
0.4800	8808
0.4850	8420
0.4900	8673
0.4950	8823
0.5000	8867
0.5050	8783
0.5100	8556
0.5150	8769
0.5200	8728
0.5250	8675
0.5300	8685
0.5350	8725
0.5400	8975
0.5450	8656
0.5500	8440
0.5550	8636
0.5600	9002
0.5650	9074
0.5700	8848
0.5750	8361
0.5800	8685
0.5850	8855
0.5900	8903
0.5950	8858
0.6000	8268
0.6050	9215
0.6100	8706
0.6150	8556
0.6200	8758
0.6250	8607
0.6300	8988
0.6350	8522
0.6400	8422
0.6450	8604
0.6500	9107
0.6550	9057
0.6600	8761
0.6650	8360
0.6700	8680
0.6750	8815
0.6800	8735
0.6850	8988
0.6900	8503
0.6950	8907
0.7000	8523
0.7050	8578
0.7100	8710
0.7150	8635
0.7200	8863
0.7250	8544
0.7300	8484
0.7350	8414
0.7400	8746
0.7450	9096
0.7500	8772
0.7550	8480
0.7600	8528
0.7650	8912
0.7700	9026
0.7750	9004
0.7800	8332
0.7850	8883
0.7900	8750
0.7950	8527
0.8000	8774
0.8050	8605
0.8100	8949
0.8150	8402
0.8200	8353
0.8250	8595
0.8300	8965
0.8350	9052
0.8400	8534
0.8450	8496
0.8500	8651
0.8550	8972
0.8600	8846
0.8650	9031
0.8700	8496
0.8750	8955
0.8800	8878
0.8850	8749
0.8900	8744
0.8950	8654
0.9000	8903
0.9050	8562
0.9100	8582
0.9150	8568
0.9200	8652
0.9250	8975
0.9300	8699
0.9350	8499
0.9400	8446
0.9450	9096
0.9500	9187
0.9550	8902
0.9600	8493
0.9650	8920
0.9700	8771
0.9750	8662
0.9800	8764
0.9850	8627
0.9900	9065
0.9950	8391
1.0000	8269
1.0050	8530
1.0100	8888
1.0150	8803
1.0200	8725
1.0250	8420
1.0300	8582
1.0350	9027
1.0400	8725
1.0450	8862
1.0500	8498
1.0550	8850
1.0600	8691
1.0650	8665
1.0700	8888
1.0750	8664
1.0800	9093
1.0850	8614
1.0900	8541
1.0950	8556
1.1000	8687
1.1050	8949
1.1100	8712
1.1150	8405
1.1200	8699
1.1250	9040
1.1300	8887
1.1350	8919
1.1400	8601
1.1450	8864
1.1500	8686
1.1550	8697
1.1600	8667
1.1650	8450
1.1700	9100
1.1750	8556
1.1800	8515
1.1850	8577
1.1900	8786
1.1950	8977
1.2000	8527
1.2050	8395
1.2100	8496
1.2150	8887
1.2200	8914
1.2250	8970
1.2300	8456
1.2350	8826
1.2400	8886
1.2450	8784
1.2500	8771
1.2550	8430
1.2600	9041
1.2650	8407
1.2700	8567
1.2750	8665
1.2800	8734
1.2850	8999
1.2900	8604
1.2950	8470
1.3000	8552
1.3050	9030
1.3100	9017
1.3150	8788
1.3200	8325
1.3250	8770
1.3300	8807
1.3350	8814
1.3400	8822
1.3450	8565
1.3500	9025
1.3550	8393
1.3600	8329
1.3650	8634
1.3700	8835
1.3750	9033
1.3800	8576
1.3850	8388
1.3900	8623
1.3950	9017
1.4000	8815
1.4050	8859
1.4100	8437
1.4150	8726
1.4200	8795
1.4250	8816
1.4300	8882
1.4350	8503
1.4400	9034
1.4450	8629
1.4500	8521
1.4550	8656
1.4600	8763
1.4650	8982
1.4700	8642
1.4750	8341
1.4800	8519
1.4850	9035
1.4900	8973
1.4950	8765
1.5000	8294
1.5050	8526
1.5100	8841
1.5150	8822
1.5200	8997
1.5250	8404
1.5300	8929
1.5350	8576
1.5400	8479
1.5450	8596
1.5500	8707
1.5550	9080
1.5600	8629
1.5650	8449
1.5700	8433
1.5750	8953
1.5800	8963
1.5850	8792
1.5900	8517
1.5950	8718
1.6000	8724
1.6050	8847
1.6100	8987
1.6150	8494
1.6200	8939
1.6250	8607
1.6300	8706
1.6350	8633
1.6400	8668
1.6450	8973
1.6500	8526
1.6550	8408
1.6600	8578
1.6650	8872
1.6700	9090
1.6750	8714
1.6800	8470
1.6850	8697
1.6900	8900
1.6950	8960
1.7000	8822
1.7050	8403
1.7100	9101
1.7150	8533
1.7200	8459
1.7250	8627
1.7300	8751
1.7350	8949
1.7400	8422
1.7450	8508
1.7500	8499
1.7550	8796
1.7600	9039
1.7650	8817
1.7700	8636
1.7750	8691
1.7800	8832
1.7850	8903
1.7900	9075
1.7950	8505
1.8000	8852
1.8050	8505
1.8100	8552
1.8150	8714
1.8200	8469
1.8250	8798
1.8300	8593
1.8350	8466
1.8400	8522
1.8450	8955
1.8500	9026
1.8550	8646
1.8600	8478
1.8650	8709
1.8700	8952
1.8750	8955
1.8800	8869
1.8850	8537
1.8900	8960
1.8950	8606
1.9000	8456
1.9050	8693
1.9100	8720
1.9150	8980
1.9200	8593
1.9250	8449
1.9300	8620
1.9350	8881
1.9400	8905
1.9450	8747
1.9500	8348
1.9550	8553
1.9600	8972
1.9650	8779
1.9700	9126
1.9750	8398
1.9800	8705
1.9850	8767
1.9900	8723
1.9950	8750
2.0000	8636
2.0050	8876
2.0100	8630
2.0150	8287
2.0200	8530
2.0250	9016
2.0300	8851
2.0350	8773
2.0400	8480
2.0450	8677
2.0500	8871
2.0550	8845
2.0600	8955
2.0650	8493
2.0700	8951
2.0750	8679
2.0800	8543
2.0850	8730
2.0900	8598
2.0950	9140
2.1000	8179
2.1050	8497
2.1100	8615
2.1150	8708
2.1200	9168
2.1250	8634
2.1300	8461
2.1350	8706
2.1400	8692
2.1450	9017
2.1500	8980
2.1550	8362
2.1600	8747
2.1650	8903
2.1700	8753
2.1750	8907
2.1800	8581
2.1850	8931
2.1900	8571
2.1950	8460
2.2000	8522
2.2050	8873
2.2100	9041
2.2150	8639
2.2200	8385
2.2250	8504
2.2300	8833
2.2350	8896
2.2400	8813
2.2450	8414
2.2500	8838
2.2550	8788
2.2600	8644
2.2650	8760
2.2700	8559
2.2750	8852
2.2800	8584
2.2850	8506
2.2900	8707
2.2950	8689
2.3000	8841
2.3050	8500
2.3100	8492
2.3150	8644
2.3200	9017
2.3250	9030
2.3300	8980
2.3350	8492
2.3400	8726
2.3450	8799
2.3500	8740
2.3550	8837
2.3600	8621
2.3650	8920
2.3700	8455
2.3750	8420
2.3800	8691
2.3850	8722
2.3900	9087
2.3950	8712
2.4000	8257
2.4050	8512
2.4100	8995
2.4150	8967
2.4200	8966
2.4250	8404
2.4300	8953
2.4350	8685
2.4400	8557
2.4450	8902
2.4500	8668
2.4550	9048
2.4600	8519
2.4650	8372
2.4700	8355
2.4750	8839
2.4800	8889
2.4850	8779
2.4900	8480
2.4950	8517
2.5000	8877
2.5050	8851
2.5100	8893
2.5150	8528
2.5200	8611
2.5250	8750
2.5300	8860
2.5350	8679
2.5400	8586
2.5450	9067
2.5500	8605
2.5550	8433
2.5600	8602
2.5650	8748
2.5700	8993
2.5750	8640
2.5800	8541
2.5850	8456
2.5900	9122
2.5950	9108
2.6000	8796
2.6050	8432
2.6100	8859
2.6150	8692
2.6200	8758
2.6250	9006
2.6300	8601
2.6350	8923
2.6400	8432
2.6450	8548
2.6500	8788
2.6550	8660
2.6600	9057
2.6650	8630
2.6700	8468
2.6750	8536
2.6800	9112
2.6850	8902
2.6900	8758
2.6950	8528
2.7000	8715
2.7050	8782
2.7100	8885
2.7150	8959
2.7200	8470
2.7250	8869
2.7300	8621
2.7350	8658
2.7400	8707
2.7450	8771
2.7500	9075
2.7550	8618
2.7600	8394
2.7650	8516
2.7700	9062
2.7750	9152
2.7800	8767
2.7850	8441
2.7900	8934
2.7950	8907
2.8000	8767
2.8050	9015
2.8100	8368
2.8150	8854
2.8200	8633
2.8250	8686
2.8300	8858
2.8350	8731
2.8400	8938
2.8450	8581
2.8500	8527
2.8550	8510
2.8600	8916
2.8650	8999
2.8700	8796
2.8750	8578
2.8800	8569
2.8850	8776
2.8900	8827
2.8950	8787
2.9000	8341
2.9050	9026
2.9100	8644
2.9150	8539
2.9200	8623
2.9250	8664
2.9300	9141
2.9350	8641
2.9400	8491
2.9450	8540
2.9500	8781
2.9550	9013
2.9600	8712
2.9650	8342
2.9700	8823
2.9750	8796
2.9800	8799
2.9850	9048
2.9900	8544
2.9950	9102
3.0000	8386
3.0050	8565
3.0100	8732
3.0150	8824
3.0200	8883
3.0250	8650
3.0300	8443
3.0350	8510
3.0400	8796
3.0450	8984
3.0500	8917
3.0550	8535
3.0600	8616
3.0650	8950
3.0700	8891
3.0750	8930
3.0800	8352
3.0850	9095
3.0900	8758
3.0950	8542
3.1000	8553
3.1050	8452
3.1100	9029
3.1150	8557
3.1200	8337
3.1250	8681
3.1300	8852
3.1350	8985
3.1400	8752
3.1450	8331
3.1500	8697
3.1550	8992
3.1600	8822
3.1650	8882
3.1700	8500
3.1750	8877
3.1800	8637
3.1850	8663
3.1900	8796
3.1950	8605
3.2000	8695
3.2050	8447
3.2100	8378
3.2150	8479
3.2200	8864
3.2250	9033
3.2300	8842
3.2350	8400
3.2400	8617
3.2450	8965
3.2500	8951
3.2550	9026
3.2600	8323
3.2650	8855
3.2700	8747
3.2750	8607
3.2800	8739
3.2850	8543
3.2900	9038
3.2950	8426
3.3000	8394
3.3050	8464
3.3100	8830
3.3150	8963
3.3200	8637
3.3250	8453
3.3300	8613
3.3350	8833
3.3400	8917
3.3450	9034
3.3500	8462
3.3550	8765
3.3600	8734
3.3650	8586
3.3700	8836
3.3750	8554
3.3800	9005
3.3850	8508
3.3900	8595
3.3950	8546
3.4000	8732
3.4050	8859
3.4100	8767
3.4150	8485
3.4200	8559
3.4250	9042
3.4300	8873
3.4350	8961
3.4400	8419
3.4450	8723
3.4500	8773
3.4550	8742
3.4600	8743
3.4650	8585
3.4700	8997
3.4750	8431
3.4800	8419
3.4850	8608
3.4900	8785
3.4950	9281
3.5000	8645
3.5050	8301
3.5100	8549
3.5150	8746
3.5200	8944
3.5250	8790
3.5300	8531
3.5350	8814
3.5400	8582
3.5450	8585
3.5500	8819
3.5550	8685
3.5600	8997
3.5650	8475
3.5700	8487
3.5750	8737
3.5800	8673
3.5850	8998
3.5900	8595
3.5950	8418
3.6000	8605
3.6050	8860
3.6100	8738
3.6150	8861
3.6200	8429
3.6250	8803
3.6300	8777
3.6350	8733
3.6400	8853
3.6450	8528
3.6500	9031
3.6550	8501
3.6600	8472
3.6650	8601
3.6700	8851
3.6750	9062
3.6800	8734
3.6850	8326
3.6900	8579
3.6950	9037
3.7000	8897
3.7050	8751
3.7100	8456
3.7150	8858
3.7200	8813
3.7250	8802
3.7300	8951
3.7350	8496
3.7400	9004
3.7450	8584
3.7500	8649
3.7550	8618
3.7600	8622
3.7650	9055
3.7700	8744
3.7750	8487
3.7800	8361
3.7850	8874
3.7900	9045
3.7950	8921
3.8000	8409
3.8050	8811
3.8100	8708
3.8150	8739
3.8200	8713
3.8250	8477
3.8300	8960
3.8350	8554
3.8400	8417
3.8450	8749
3.8500	8697
3.8550	9021
3.8600	8552
3.8650	8319
3.8700	8494
3.8750	8912
3.8800	8992
3.8850	8744
3.8900	8551
3.8950	8914
3.9000	8554
3.9050	8771
3.9100	8804
3.9150	8557
3.9200	8918
3.9250	8588
3.9300	8639
3.9350	8682
3.9400	8603
3.9450	8829
3.9500	8683
3.9550	8379
3.9600	8557
3.9650	8751
3.9700	9007
3.9750	8865
3.9800	8451
3.9850	8768
3.9900	9044
3.9950	8700
4.0000	9038
4.0050	8186
4.0100	9037
4.0150	8452
4.0200	8514
4.0250	8617
4.0300	8730
4.0350	8892
4.0400	8410
4.0450	8510
4.0500	8406
4.0550	8989
4.0600	8852
4.0650	8663
4.0700	8612
4.0750	8680
4.0800	8834
4.0850	8730
4.0900	9021
4.0950	8408
4.1000	8938
4.1050	8386
4.1100	8694
4.1150	8617
4.1200	8575
4.1250	9131
4.1300	8558
4.1350	8484
4.1400	8289
4.1450	8879
4.1500	9022
4.1550	8861
4.1600	8464
4.1650	8723
4.1700	9030
4.1750	8972
4.1800	8841
4.1850	8439
4.1900	8849
4.1950	8411
4.2000	8517
4.2050	8498
4.2100	8746
4.2150	9145
4.2200	8403
4.2250	8491
4.2300	8454
4.2350	8874
4.2400	8869
4.2450	8688
4.2500	8388
4.2550	8706
4.2600	8829
4.2650	9024
4.2700	9074
4.2750	8369
4.2800	8826
4.2850	8620
4.2900	8718
4.2950	8749
4.3000	8597
4.3050	8829
4.3100	8527
4.3150	8394
4.3200	8450
4.3250	8838
4.3300	8876
4.3350	8508
4.3400	8250
4.3450	8657
4.3500	8851
4.3550	8891
4.3600	8910
4.3650	8488
4.3700	8898
4.3750	8527
4.3800	8647
4.3850	8805
4.3900	8652
4.3950	9080
4.4000	8596
4.4050	8333
4.4100	8549
4.4150	8780
4.4200	8778
4.4250	8735
4.4300	8482
4.4350	8637
4.4400	8727
4.4450	8784
4.4500	8975
4.4550	8479
4.4600	8823
4.4650	8573
4.4700	8820
4.4750	8735
4.4800	8486
4.4850	8842
4.4900	8512
4.4950	8509
4.5000	8393
4.5050	8714
4.5100	9064
4.5150	8662
4.5200	8326
4.5250	8593
4.5300	8846
4.5350	8909
4.5400	8840
4.5450	8303
4.5500	8843
4.5550	8655
4.5600	8579
4.5650	8881
4.5700	8725
4.5750	9027
4.5800	8510
4.5850	8497
4.5900	8616
4.5950	8723
4.6000	8876
4.6050	8588
4.6100	8586
4.6150	8483
4.6200	8763
4.6250	8978
4.6300	9053
4.6350	8422
4.6400	8778
4.6450	8749
4.6500	8778
4.6550	8820
4.6600	8462
4.6650	8934
4.6700	8462
4.6750	8519
4.6800	8506
4.6850	8719
4.6900	8984
4.6950	8778
4.7000	8332
4.7050	8499
4.7100	8810
4.7150	9031
4.7200	8914
4.7250	8381
4.7300	8708
4.7350	8687
4.7400	8628
4.7450	8928
4.7500	8609
4.7550	8916
4.7600	8596
4.7650	8458
4.7700	8647
4.7750	8824
4.7800	8964
4.7850	8614
4.7900	8542
4.7950	8635
4.8000	8803
4.8050	8833
4.8100	8832
4.8150	8397
4.8200	8719
4.8250	8808
4.8300	8743
4.8350	8893
4.8400	8458
4.8450	9105
4.8500	8407
4.8550	8580
4.8600	8513
4.8650	8767
4.8700	9098
4.8750	8669
4.8800	8417
4.8850	8417
4.8900	8969
4.8950	9058
4.9000	8767
4.9050	8428
4.9100	8876
4.9150	8729
4.9200	8807
4.9250	8778
4.9300	8374
4.9350	8886
4.9400	8561
4.9450	8691
4.9500	8690
4.9550	8811
4.9600	9013
4.9650	8500
4.9700	8488
4.9750	8640
4.9800	9080
4.9850	9058
4.9900	8892
4.9950	8539
5.0000	8550
5.0050	8717
5.0100	8730
5.0150	8859
5.0200	8313
5.0250	8926
5.0300	8559
5.0350	8520
5.0400	8581
5.0450	8626
5.0500	8980
5.0550	8854
5.0600	8464
5.0650	8559
5.0700	9090
5.0750	9054
5.0800	8730
5.0850	8573
5.0900	8744
5.0950	8871
5.1000	8543
5.1050	8849
5.1100	8407
5.1150	8927
5.1200	8476
5.1250	8618
5.1300	8827
5.1350	8773
5.1400	8798
5.1450	8521
5.1500	8450
5.1550	8434
5.1600	8846
5.1650	8882
5.1700	8875
5.1750	8507
5.1800	8552
5.1850	8747
5.1900	8906
5.1950	8899
5.2000	8430
5.2050	8858
5.2100	8658
5.2150	8609
5.2200	8571
5.2250	8746
5.2300	9058
5.2350	8535
5.2400	8398
5.2450	8391
5.2500	8955
5.2550	9048
5.2600	8799
5.2650	8338
5.2700	8797
5.2750	8909
5.2800	8814
5.2850	8992
5.2900	8482
5.2950	8919
5.3000	8403
5.3050	8595
5.3100	8747
5.3150	8602
5.3200	9028
5.3250	8458
5.3300	8549
5.3350	8556
5.3400	8832
5.3450	8944
5.3500	8838
5.3550	8646
5.3600	8701
5.3650	8844
5.3700	8972
5.3750	8968
5.3800	8323
5.3850	8879
5.3900	8593
5.3950	8584
5.4000	8623
5.4050	8423
5.4100	8994
5.4150	8570
5.4200	8410
5.4250	8462
5.4300	9014
5.4350	9045
5.4400	8800
5.4450	8567
5.4500	8740
5.4550	8744
5.4600	8808
5.4650	9053
5.4700	8385
5.4750	8843
5.4800	8636
5.4850	8573
5.4900	8800
5.4950	8575
5.5000	8980
5.5050	8458
5.5100	8298
5.5150	8545
5.5200	8971
5.5250	8981
5.5300	8763
5.5350	8453
5.5400	8610
5.5450	8946
5.5500	8801
5.5550	9057
5.5600	8330
5.5650	8756
5.5700	8649
5.5750	8542
5.5800	8735
5.5850	8745
5.5900	8913
5.5950	8468
5.6000	8323
5.6050	8557
5.6100	8842
5.6150	8953
5.6200	8568
5.6250	8499
5.6300	8825
5.6350	8947
5.6400	8919
5.6450	8972
5.6500	8286
5.6550	8975
5.6600	8568
5.6650	8613
5.6700	8743
5.6750	8693
5.6800	8814
5.6850	8510
5.6900	8415
5.6950	8554
5.7000	8734
5.7050	8836
5.7100	8573
5.7150	8370
5.7200	8686
5.7250	8932
5.7300	8952
5.7350	8948
5.7400	8443
5.7450	8824
5.7500	8668
5.7550	8717
5.7600	8867
5.7650	8510
5.7700	8955
5.7750	8512
5.7800	8412
5.7850	8623
5.7900	8931
5.7950	8981
5.8000	8524
5.8050	8266
5.8100	8574
5.8150	8965
5.8200	8834
5.8250	9008
5.8300	8413
5.8350	8824
5.8400	8714
5.8450	8729
5.8500	8869
5.8550	8526
5.8600	8993
5.8650	8503
5.8700	8391
5.8750	8587
5.8800	8585
5.8850	9013
5.8900	8784
5.8950	8393
5.9000	8388
5.9050	8759
5.9100	8886
5.9150	8859
5.9200	8303
5.9250	8829
5.9300	8968
5.9350	8748
5.9400	8791
5.9450	8595
5.9500	9111
5.9550	8528
5.9600	8478
5.9650	8569
5.9700	8716
5.9750	8943
5.9800	8559
5.9850	8307
5.9900	8587
5.9950	8988
6.0000	8894
6.0050	8871
6.0100	8351
6.0150	8875
6.0200	8674
6.0250	8668
6.0300	8987
6.0350	8573
6.0400	8864
6.0450	8532
6.0500	8597
6.0550	8752
6.0600	8673
6.0650	8948
6.0700	8595
6.0750	8344
6.0800	8468
6.0850	8881
6.0900	8958
6.0950	8869
6.1000	8477
6.1050	8642
6.1100	8746
6.1150	8727
6.1200	8706
6.1250	8581
6.1300	8968
6.1350	8684
6.1400	8515
6.1450	8643
6.1500	8674
6.1550	8940
6.1600	8614
6.1650	8420
6.1700	8501
6.1750	9007
6.1800	8866
6.1850	9006
6.1900	8536
6.1950	8757
6.2000	8720
6.2050	8707
6.2100	8883
6.2150	8465
6.2200	8939
6.2250	8616
6.2300	8598
6.2350	8783
6.2400	8649
6.2450	9076
6.2500	8561
6.2550	8510
6.2600	8516
6.2650	8961
6.2700	9201
6.2750	8666
6.2800	8341
6.2850	8704
6.2900	8855
6.2950	8666
6.3000	8786
6.3050	8376
6.3100	9070
6.3150	8573
6.3200	8506
6.3250	8763
6.3300	8695
6.3350	9173
6.3400	8615
6.3450	8371
6.3500	8389
6.3550	9037
6.3600	8959
6.3650	8705
6.3700	8560
6.3750	8853
6.3800	8769
6.3850	8861
6.3900	9041
6.3950	8289
6.4000	8883
6.4050	8487
6.4100	8515
6.4150	8753
6.4200	8628
6.4250	8956
6.4300	8546
6.4350	8417
6.4400	8396
6.4450	8893
6.4500	8838
6.4550	8948
6.4600	8445
6.4650	8721
6.4700	8681
6.4750	8954
6.4800	8978
6.4850	8443
6.4900	9018
6.4950	8576
6.5000	8419
6.5050	8654
6.5100	8614
6.5150	9017
6.5200	8590
6.5250	8256
6.5300	8647
6.5350	8925
6.5400	8768
6.5450	8747
6.5500	8447
6.5550	8474
6.5600	8852
6.5650	8767
6.5700	9048
6.5750	8361
6.5800	8996
6.5850	8683
6.5900	8487
6.5950	8819
6.6000	8698
6.6050	8809
6.6100	8522
6.6150	8363
6.6200	8405
6.6250	9042
6.6300	9087
6.6350	8677
6.6400	8364
6.6450	8632
6.6500	8959
6.6550	8832
6.6600	9033
6.6650	8347
6.6700	8802
6.6750	8673
6.6800	8745
6.6850	8643
6.6900	8831
6.6950	9070
6.7000	8433
6.7050	8499
6.7100	8488
6.7150	8913
6.7200	8883
6.7250	8595
6.7300	8532
6.7350	8722
6.7400	8640
6.7450	8935
6.7500	9199
6.7550	8550
6.7600	8947
6.7650	8663
6.7700	8700
6.7750	8805
6.7800	8621
6.7850	8940
6.7900	8582
6.7950	8438
6.8000	8469
6.8050	8888
6.8100	8908
6.8150	8721
6.8200	8487
6.8250	8645
6.8300	8839
6.8350	8981
6.8400	8945
6.8450	8482
6.8500	8969
6.8550	8744
6.8600	8610
6.8650	8689
6.8700	8688
6.8750	8958
6.8800	8340
6.8850	8381
6.8900	8722
6.8950	8788
6.9000	8868
6.9050	8743
6.9100	8593
6.9150	8668
6.9200	9025
6.9250	9095
6.9300	9018
6.9350	8526
6.9400	8802
6.9450	8575
6.9500	8720
6.9550	8639
6.9600	8485
6.9650	8945
6.9700	8398
6.9750	8474
6.9800	8465
6.9850	8798
6.9900	9088
6.9950	8728
7.0000	8420
7.0050	8473
7.0100	8696
7.0150	8940
7.0200	8871
7.0250	8548
7.0300	8896
7.0350	8704
7.0400	8826
7.0450	8839
7.0500	8605
7.0550	8980
7.0600	8334
7.0650	8429
7.0700	8616
7.0750	8786
7.0800	9024
7.0850	8559
7.0900	8686
7.0950	8487
7.1000	8930
7.1050	8812
7.1100	8820
7.1150	8390
7.1200	8698
7.1250	8843
7.1300	8802
7.1350	8932
7.1400	8446
7.1450	8935
7.1500	8413
7.1550	8402
7.1600	8515
7.1650	8726
7.1700	9103
7.1750	8636
7.1800	8415
7.1850	8484
7.1900	9061
7.1950	8942
7.2000	8768
7.2050	8297
7.2100	8908
7.2150	8619
7.2200	8687
7.2250	8865
7.2300	8614
7.2350	8981
7.2400	8477
7.2450	8561
7.2500	8748
7.2550	8782
7.2600	8833
7.2650	8679
7.2700	8376
7.2750	8473
7.2800	8797
7.2850	9125
7.2900	8906
7.2950	8373
7.3000	8741
7.3050	8651
7.3100	8802
7.3150	8949
7.3200	8587
7.3250	8886
7.3300	8605
7.3350	8534
7.3400	8492
7.3450	8744
7.3500	9138
7.3550	8597
7.3600	8257
7.3650	8495
7.3700	9085
7.3750	8983
7.3800	8868
7.3850	8517
7.3900	8670
7.3950	8687
7.4000	8719
7.4050	8960
7.4100	8439
7.4150	9065
7.4200	8548
7.4250	8536
7.4300	8770
7.4350	8776
7.4400	9053
7.4450	8586
7.4500	8495
7.4550	8627
7.4600	8959
7.4650	8977
7.4700	8770
7.4750	8353
7.4800	8580
7.4850	8749
7.4900	8817
7.4950	8965
7.5000	8370
7.5050	9032
7.5100	8545
7.5150	8604
7.5200	8590
7.5250	8769
7.5300	9021
7.5350	8599
7.5400	8474
7.5450	8467
7.5500	8938
7.5550	9061
7.5600	8761
7.5650	8387
7.5700	8690
7.5750	8904
7.5800	8810
7.5850	9003
7.5900	8535
7.5950	8887
7.6000	8589
7.6050	8448
7.6100	8788
7.6150	8657
7.6200	8859
7.6250	8537
7.6300	8406
7.6350	8442
7.6400	8909
7.6450	8959
7.6500	8865
7.6550	8446
7.6600	8510
7.6650	8934
7.6700	8890
7.6750	8940
7.6800	8471
7.6850	8875
7.6900	8702
7.6950	8679
7.7000	8568
7.7050	8554
7.7100	9008
7.7150	8486
7.7200	8492
7.7250	8518
7.7300	9016
7.7350	9030
7.7400	8808
7.7450	8474
7.7500	8664
7.7550	8976
7.7600	8761
7.7650	8856
7.7700	8438
7.7750	8981
7.7800	8530
7.7850	8575
7.7900	8715
7.7950	8712
7.8000	8958
7.8050	8514
7.8100	8455
7.8150	8466
7.8200	8872
7.8250	9108
7.8300	8677
7.8350	8403
7.8400	8681
7.8450	8885
7.8500	8860
7.8550	9061
7.8600	8357
7.8650	8991
7.8700	8740
7.8750	8703
7.8800	8697
7.8850	8602
7.8900	8856
7.8950	8477
7.9000	8514
7.9050	8349
7.9100	8904
7.9150	8993
7.9200	8710
7.9250	8461
7.9300	8811
7.9350	8961
7.9400	8924
7.9450	9009
7.9500	8470
7.9550	8799
7.9600	8570
7.9650	8708
7.9700	8887
7.9750	8665
7.9800	8965
7.9850	8574
7.9900	8528
7.9950	8523
8.0000	8745
8.0050	8789
8.0100	8611
8.0150	8567
8.0200	8609
8.0250	9024
8.0300	8977
8.0350	8996
8.0400	8444
8.0450	8822
8.0500	8551
8.0550	8843
8.0600	8908
8.0650	8506
8.0700	9035
8.0750	8551
8.0800	8427
8.0850	8477
8.0900	8771
8.0950	9008
8.1000	8601
8.1050	8417
8.1100	8317
8.1150	8865
8.1200	8845
8.1250	8944
8.1300	8494
8.1350	8690
8.1400	8819
8.1450	8731
8.1500	8858
8.1550	8655
8.1600	8801
8.1650	8462
8.1700	8428
8.1750	8733
8.1800	8908
8.1850	9002
8.1900	8718
8.1950	8425
8.2000	8480
8.2050	8915
8.2100	8895
8.2150	8876
8.2200	8479
8.2250	8839
8.2300	8892
8.2350	8736
8.2400	8632
8.2450	8551
8.2500	9024
8.2550	8507
8.2600	8537
8.2650	8597
8.2700	8729
8.2750	9080
8.2800	8628
8.2850	8365
8.2900	8727
8.2950	8933
8.3000	8835
8.3050	8774
8.3100	8423
8.3150	8721
8.3200	8778
8.3250	8576
8.3300	8884
8.3350	8482
8.3400	8895
8.3450	8430
8.3500	8476
8.3550	8641
8.3600	8633
8.3650	9073
8.3700	8646
8.3750	8453
8.3800	8514
8.3850	9096
8.3900	8933
8.3950	8838
8.4000	8465
8.4050	8621
8.4100	8799
8.4150	8771
8.4200	8882
8.4250	8501
8.4300	9102
8.4350	8445
8.4400	8463
8.4450	8494
8.4500	8817
8.4550	8989
8.4600	8583
8.4650	8297
8.4700	8583
8.4750	8956
8.4800	9003
8.4850	8887
8.4900	8508
8.4950	8679
8.5000	8553
8.5050	8574
8.5100	8857
8.5150	8455
8.5200	9044
8.5250	8497
8.5300	8518
8.5350	8754
8.5400	8691
8.5450	8981
8.5500	8647
8.5550	8456
8.5600	8494
8.5650	8935
8.5700	9069
8.5750	8830
8.5800	8475
8.5850	8726
8.5900	8801
8.5950	8627
8.6000	8844
8.6050	8422
8.6100	9108
8.6150	8483
8.6200	8426
8.6250	8675
8.6300	8794
8.6350	9156
8.6400	8508
8.6450	8508
8.6500	8502
8.6550	8876
8.6600	8968
8.6650	8881
8.6700	8322
8.6750	8796
8.6800	8947
8.6850	8751
8.6900	9044
8.6950	8339
8.7000	9033
8.7050	8573
8.7100	8621
8.7150	8762
8.7200	8638
8.7250	8942
8.7300	8678
8.7350	8434
8.7400	8409
8.7450	8769
8.7500	9035
8.7550	8789
8.7600	8319
8.7650	8631
8.7700	8750
8.7750	8743
8.7800	9031
8.7850	8443
8.7900	9044
8.7950	8488
8.8000	8425
8.8050	8532
8.8100	8753
8.8150	9011
8.8200	8675
8.8250	8442
8.8300	8611
8.8350	8971
8.8400	8984
8.8450	8832
8.8500	8507
8.8550	8814
8.8600	8833
8.8650	8745
8.8700	8975
8.8750	8364
8.8800	8951
8.8850	8461
8.8900	8662
8.8950	8775
8.9000	8612
8.9050	8905
8.9100	8615
8.9150	8439
8.9200	8446
8.9250	8946
8.9300	8920
8.9350	8636
8.9400	8405
8.9450	8794
8.9500	8804
8.9550	8933
8.9600	8915
8.9650	8476
8.9700	8774
8.9750	8666
8.9800	8590
8.9850	8777
8.9900	8757
8.9950	9138
9.0000	8456
9.0050	8299
9.0100	8547
9.0150	9164
9.0200	9102
9.0250	8789
9.0300	8381
9.0350	8713
9.0400	8992
9.0450	8841
9.0500	8949
9.0550	8492
9.0600	8936
9.0650	8641
9.0700	8581
9.0750	8817
9.0800	8510
9.0850	8983
9.0900	8508
9.0950	8438
9.1000	8350
9.1050	8805
9.1100	9040
9.1150	8735
9.1200	8476
9.1250	8634
9.1300	8926
9.1350	8874
9.1400	8750
9.1450	8369
9.1500	8890
9.1550	8629
9.1600	8601
9.1650	8852
9.1700	8674
9.1750	8987
9.1800	8502
9.1850	8421
9.1900	8543
9.1950	8775
9.2000	8899
9.2050	8603
9.2100	8407
9.2150	8487
9.2200	8903
9.2250	8992
9.2300	9019
9.2350	8389
9.2400	8825
9.2450	8743
9.2500	8807
9.2550	8784
9.2600	8649
9.2650	9106
9.2700	8455
9.2750	8436
9.2800	8517
9.2850	8913
9.2900	9007
9.2950	8804
9.3000	8300
9.3050	8530
9.3100	8941
9.3150	9063
9.3200	8879
9.3250	8449
9.3300	8923
9.3350	8634
9.3400	8667
9.3450	8905
9.3500	8577
9.3550	9010
9.3600	8587
9.3650	8518
9.3700	8643
9.3750	8818
9.3800	8900
9.3850	8626
9.3900	8536
9.3950	8719
9.4000	8883
9.4050	8772
9.4100	8931
9.4150	8438
9.4200	8839
9.4250	8681
9.4300	8669
9.4350	8910
9.4400	8600
9.4450	8944
9.4500	8440
9.4550	8483
9.4600	8571
9.4650	8795
9.4700	8948
9.4750	8544
9.4800	8477
9.4850	8492
9.4900	8930
9.4950	9002
9.5000	8783
9.5050	8387
9.5100	8935
9.5150	8788
9.5200	8852
9.5250	8801
9.5300	8671
9.5350	8994
9.5400	8524
9.5450	8618
9.5500	8626
9.5550	8876
9.5600	9117
9.5650	8715
9.5700	8590
9.5750	8436
9.5800	9024
9.5850	8935
9.5900	8874
9.5950	8476
9.6000	8597
9.6050	8880
9.6100	8730
9.6150	8909
9.6200	8344
9.6250	8821
9.6300	8573
9.6350	8469
9.6400	8615
9.6450	8857
9.6500	8973
9.6550	8641
9.6600	8392
9.6650	8559
9.6700	9015
9.6750	9095
9.6800	8834
9.6850	8342
9.6900	8868
9.6950	8836
9.7000	8666
9.7050	8847
9.7100	8577
9.7150	9016
9.7200	8505
9.7250	8650
9.7300	8698
9.7350	8675
9.7400	8949
9.7450	8593
9.7500	8591
9.7550	8532
9.7600	8918
9.7650	9002
9.7700	8858
9.7750	8482
9.7800	8818
9.7850	8871
9.7900	8863
9.7950	8915
9.8000	8480
9.8050	8942
9.8100	8711
9.8150	8467
9.8200	8625
9.8250	8807
9.8300	8921
9.8350	8596
9.8400	8457
9.8450	8423
9.8500	8869
9.8550	9140
9.8600	8817
9.8650	8572
9.8700	8848
9.8750	8814
9.8800	8895
9.8850	9022
9.8900	8488
9.8950	8963
9.9000	8546
9.9050	8495
9.9100	8756
9.9150	8576
9.9200	9072
9.9250	8719
9.9300	8501
9.9350	8594
9.9400	8896
9.9450	8980
9.9500	8926
9.9550	8480
9.9600	8731
9.9650	8857
9.9700	8882
9.9750	8872
9.9800	8468
9.9850	9036
9.9900	8663
9.9950	8637
10.0000	8619
10.0050	8683
10.0100	9040
10.0150	8620
10.0200	8342
10.0250	8555
10.0300	8855
10.0350	9011
10.0400	8855
10.0450	8436
10.0500	8862
10.0550	8796
10.0600	8851
10.0650	8770
10.0700	8571
10.0750	8901
10.0800	8507
10.0850	8602
10.0900	8730
10.0950	8767
10.1000	9070
10.1050	8650
10.1100	8456
10.1150	8623
10.1200	8919
10.1250	9151
10.1300	8852
10.1350	8580
10.1400	8640
10.1450	8927
10.1500	8860
10.1550	9062
10.1600	8438
10.1650	8951
10.1700	8616
10.1750	8559
10.1800	8707
10.1850	8541
10.1900	9041
10.1950	8417
10.2000	8348
10.2050	8585
10.2100	8974
10.2150	9017
10.2200	8685
10.2250	8477
10.2300	8642
10.2350	8672
10.2400	9001
10.2450	9002
10.2500	8506
10.2550	8991
10.2600	8581
10.2650	8693
10.2700	8684
10.2750	8595
10.2800	8844
10.2850	8449
10.2900	8502
10.2950	8508
10.3000	8869
10.3050	9091
10.3100	8826
10.3150	8523
10.3200	8640
10.3250	8960
10.3300	9074
10.3350	9083
10.3400	8398
10.3450	8920
10.3500	8652
10.3550	8655
10.3600	8773
10.3650	8498
10.3700	9012
10.3750	8543
10.3800	8527
10.3850	8404
10.3900	8804
10.3950	8806
10.4000	8567
10.4050	8427
10.4100	8652
10.4150	8901
10.4200	8922
10.4250	8847
10.4300	8440
10.4350	8843
10.4400	8789
10.4450	8858
10.4500	8981
10.4550	8754
10.4600	8980
10.4650	8458
10.4700	8592
10.4750	8547
10.4800	8894
10.4850	9114
10.4900	8714
10.4950	8382
10.5000	8445
10.5050	8983
10.5100	8845
10.5150	9050
10.5200	8576
10.5250	8885
10.5300	8880
10.5350	8808
10.5400	8768
10.5450	8413
10.5500	8927
10.5550	8559
10.5600	8529
10.5650	8501
10.5700	8872
10.5750	8976
10.5800	8784
10.5850	8385
10.5900	8674
10.5950	9095
10.6000	8972
10.6050	8861
10.6100	8489
10.6150	8892
10.6200	8846
10.6250	8601
10.6300	8923
10.6350	8473
10.6400	8991
10.6450	8425
10.6500	8480
10.6550	8641
10.6600	8802
10.6650	9096
10.6700	8953
10.6750	8586
10.6800	8527
10.6850	9016
10.6900	9033
10.6950	8921
10.7000	8444
10.7050	8790
10.7100	8735
10.7150	8672
10.7200	8890
10.7250	8557
10.7300	9079
10.7350	8539
10.7400	8618
10.7450	8597
10.7500	8807
10.7550	9008
10.7600	8508
10.7650	8409
10.7700	8650
10.7750	9105
10.7800	8908
10.7850	8805
10.7900	8586
10.7950	8748
10.8000	8706
10.8050	8715
10.8100	9064
10.8150	8554
10.8200	8993
10.8250	8419
10.8300	8554
10.8350	8752
10.8400	8738
10.8450	9083
10.8500	8689
10.8550	8563
10.8600	8429
10.8650	8962
10.8700	9114
10.8750	8915
10.8800	8495
10.8850	8792
10.8900	8756
10.8950	8746
10.9000	8860
10.9050	8427
10.9100	8999
10.9150	8515
10.9200	8452
10.9250	8689
10.9300	8878
10.9350	8998
10.9400	8660
10.9450	8595
10.9500	8553
10.9550	9082
10.9600	9020
10.9650	8873
10.9700	8619
10.9750	8753
10.9800	8843
10.9850	8870
10.9900	9058
10.9950	8580
11.0000	8972
11.0050	8457
11.0100	8594
11.0150	8638
11.0200	8707
11.0250	9077
11.0300	8676
11.0350	8417
11.0400	8505
11.0450	8873
11.0500	9103
11.0550	9032
11.0600	8452
11.0650	8816
11.0700	8900
11.0750	8819
11.0800	8812
11.0850	8384
11.0900	8990
11.0950	8614
11.1000	8454
11.1050	8576
11.1100	8740
11.1150	9095
11.1200	8701
11.1250	8478
11.1300	8626
11.1350	9019
11.1400	9014
11.1450	8836
11.1500	8531
11.1550	8742
11.1600	8876
11.1650	8893
11.1700	8951
11.1750	8470
11.1800	8929
11.1850	8651
11.1900	8533
11.1950	8697
11.2000	8596
11.2050	9105
11.2100	8586
11.2150	8396
11.2200	8560
11.2250	9113
11.2300	9075
11.2350	9019
11.2400	8425
11.2450	8727
11.2500	8794
11.2550	8817
11.2600	8938
11.2650	8466
11.2700	8962
11.2750	8621
11.2800	8643
11.2850	8589
11.2900	8775
11.2950	9006
11.3000	8405
11.3050	8502
11.3100	8569
11.3150	8946
11.3200	8953
11.3250	8865
11.3300	8489
11.3350	8553
11.3400	8844
11.3450	8896
11.3500	9142
11.3550	8452
11.3600	8825
11.3650	8644
11.3700	8713
11.3750	8767
11.3800	8620
11.3850	9060
11.3900	8577
11.3950	8521
11.4000	8486
11.4050	8702
11.4100	9187
11.4150	8837
11.4200	8424
11.4250	8699
11.4300	9063
11.4350	8874
11.4400	8891
11.4450	8367
11.4500	8937
11.4550	8721
11.4600	8517
11.4650	8718
11.4700	8639
11.4750	9027
11.4800	8418
11.4850	8445
11.4900	8697
11.4950	8821
11.5000	8793
11.5050	8756
11.5100	8460
11.5150	8687
11.5200	8876
11.5250	8847
11.5300	9031
11.5350	8499
11.5400	8920
11.5450	8638
11.5500	8756
11.5550	8769
11.5600	8637
11.5650	9070
11.5700	8559
11.5750	8529
11.5800	8645
11.5850	8916
11.5900	8961
11.5950	8690
11.6000	8369
11.6050	8552
11.6100	9016
11.6150	9100
11.6200	9033
11.6250	8418
11.6300	8880
11.6350	8822
11.6400	8694
11.6450	8824
11.6500	8701
11.6550	9228
11.6600	8358
11.6650	8346
11.6700	8655
11.6750	8906
11.6800	9129
11.6850	8781
11.6900	8458
11.6950	8529
11.7000	8798
11.7050	9029
11.7100	8982
11.7150	8385
11.7200	8833
11.7250	8765
11.7300	8705
11.7350	8959
11.7400	8648
11.7450	9020
11.7500	8656
11.7550	8520
11.7600	8545
11.7650	8806
11.7700	8996
11.7750	8799
11.7800	8395
11.7850	8568
11.7900	8902
11.7950	8996
11.8000	8881
11.8050	8437
11.8100	8846
11.8150	8826
11.8200	8758
11.8250	8786
11.8300	8516
11.8350	9109
11.8400	8535
11.8450	8593
11.8500	8694
11.8550	8784
11.8600	8943
11.8650	8746
11.8700	8425
11.8750	8590
11.8800	8833
11.8850	9045
11.8900	9012
11.8950	8419
11.9000	8610
11.9050	8614
11.9100	8785
11.9150	8940
11.9200	8667
11.9250	9014
11.9300	8679
11.9350	8584
11.9400	8569
11.9450	8776
11.9500	9035
11.9550	8828
11.9600	8437
11.9650	8409
11.9700	8998
11.9750	8975
11.9800	8871
11.9850	8344
11.9900	8888
11.9950	8810
12.0000	8818
12.0050	8752
12.0100	8634
12.0150	9082
12.0200	8587
12.0250	8525
12.0300	8790
12.0350	8757
12.0400	9079
12.0450	8560
12.0500	8445
12.0550	8574
12.0600	8884
12.0650	8971
12.0700	8983
12.0750	8339
12.0800	8835
12.0850	8629
12.0900	8935
12.0950	8819
12.1000	8396
12.1050	8936
12.1100	8715
12.1150	8559
12.1200	8697
12.1250	8876
12.1300	9042
12.1350	8662
12.1400	8530
12.1450	8559
12.1500	9044
12.1550	8975
12.1600	8924
12.1650	8515
12.1700	8802
12.1750	8950
12.1800	8746
12.1850	8870
12.1900	8711
12.1950	9097
12.2000	8419
12.2050	8691
12.2100	8819
12.2150	8755
12.2200	9003
12.2250	8695
12.2300	8629
12.2350	8481
12.2400	8916
12.2450	9076
12.2500	8865
12.2550	8506
12.2600	8720
12.2650	8766
12.2700	8784
12.2750	9001
12.2800	8399
12.2850	8888
12.2900	8552
12.2950	8675
12.3000	8702
12.3050	8649
12.3100	8950
12.3150	8723
12.3200	8440
12.3250	8549
12.3300	9052
12.3350	9007
12.3400	8853
12.3450	8489
12.3500	8785
12.3550	8814
12.3600	8805
12.3650	9020
12.3700	8573
12.3750	9082
12.3800	8626
12.3850	8626
12.3900	8744
12.3950	8759
12.4000	8991
12.4050	8564
12.4100	8614
12.4150	8439
12.4200	8924
12.4250	9165
12.4300	9002
12.4350	8509
12.4400	8777
12.4450	8932
12.4500	8897
12.4550	9018
12.4600	8354
12.4650	8777
12.4700	8727
12.4750	8704
12.4800	8819
12.4850	8637
12.4900	9071
12.4950	8541
12.5000	8480
12.5050	8410
12.5100	9124
12.5150	8982
12.5200	8881
12.5250	8516
12.5300	8735
12.5350	8977
12.5400	9046
12.5450	9028
12.5500	8496
12.5550	8976
12.5600	8580
12.5650	8687
12.5700	8632
12.5750	8691
12.5800	8945
12.5850	8548
12.5900	8536
12.5950	8542
12.6000	8853
12.6050	8973
12.6100	8988
12.6150	8388
12.6200	8584
12.6250	8816
12.6300	8989
12.6350	8810
12.6400	8433
12.6450	8774
12.6500	8657
12.6550	8753
12.6600	8787
12.6650	8616
12.6700	9022
12.6750	8556
12.6800	8412
12.6850	8458
12.6900	8995
12.6950	9125
12.7000	8609
12.7050	8260
12.7100	8784
12.7150	8989
12.7200	8912
12.7250	9030
12.7300	8501
12.7350	9013
12.7400	8635
12.7450	8610
12.7500	8894
12.7550	8715
12.7600	9026
12.7650	8430
12.7700	8488
12.7750	8549
12.7800	8754
12.7850	8929
12.7900	8746
12.7950	8534
12.8000	8606
12.8050	9073
12.8100	9021
12.8150	9086
12.8200	8592
12.8250	8951
12.8300	8763
12.8350	8713
12.8400	8845
12.8450	8581
12.8500	9056
12.8550	8471
12.8600	8401
12.8650	8553
12.8700	8854
12.8750	9038
12.8800	8768
12.8850	8415
12.8900	8620
12.8950	9072
12.9000	8896
12.9050	9004
12.9100	8459
12.9150	8783
12.9200	8849
12.9250	8623
12.9300	8920
12.9350	8620
12.9400	8887
12.9450	8583
12.9500	8559
12.9550	8647
12.9600	8717
12.9650	8952
12.9700	8745
12.9750	8528
12.9800	8361
12.9850	8831
12.9900	9161
12.9950	8911
13.0000	8310
13.0050	8674
13.0100	8751
13.0150	8735
13.0200	8841
13.0250	8664
13.0300	9298
13.0350	8518
13.0400	8648
13.0450	8651
13.0500	8744
13.0550	9079
13.0600	8732
13.0650	8534
13.0700	8786
13.0750	9011
13.0800	8899
13.0850	8849
13.0900	8468
13.0950	8792
13.1000	8650
13.1050	8650
13.1100	8983
13.1150	8514
13.1200	8980
13.1250	8544
13.1300	8619
13.1350	8651
13.1400	8828
13.1450	9052
13.1500	8616
13.1550	8421
13.1600	8432
13.1650	9049
13.1700	9148
13.1750	8999
13.1800	8450
13.1850	8875
13.1900	8767
13.1950	8773
13.2000	8821
13.2050	8527
13.2100	9183
13.2150	8474
13.2200	8631
13.2250	8733
13.2300	8788
13.2350	9133
13.2400	8704
13.2450	8674
13.2500	8692
13.2550	8985
13.2600	8978
13.2650	8810
13.2700	8424
13.2750	8819
13.2800	8795
13.2850	8808
13.2900	9109
13.2950	8582
13.3000	8926
13.3050	8572
13.3100	8714
13.3150	8659
13.3200	8798
13.3250	8923
13.3300	8791
13.3350	8531
13.3400	8569
13.3450	9205
13.3500	8910
13.3550	8939
13.3600	8418
13.3650	8634
13.3700	8852
13.3750	8856
13.3800	8894
13.3850	8463
13.3900	9002
13.3950	8584
13.4000	8403
13.4050	8651
13.4100	8688
13.4150	8973
13.4200	8688
13.4250	8410
13.4300	8606
13.4350	8943
13.4400	9004
13.4450	8811
13.4500	8436
13.4550	8664
13.4600	8765
13.4650	8709
13.4700	8908
13.4750	8376
13.4800	8954
13.4850	8633
13.4900	8549
13.4950	8760
13.5000	8469
13.5050	8980
13.5100	8585
13.5150	8564
13.5200	8521
13.5250	8975
13.5300	9017
13.5350	8876
13.5400	8553
13.5450	8703
13.5500	8936
13.5550	8939
13.5600	8842
13.5650	8369
13.5700	9108
13.5750	8663
13.5800	8489
13.5850	8702
13.5900	8637
13.5950	8969
13.6000	8531
13.6050	8444
13.6100	8401
13.6150	9089
13.6200	9087
13.6250	8806
13.6300	8543
13.6350	8678
13.6400	8715
13.6450	8854
13.6500	8944
13.6550	8527
13.6600	8920
13.6650	8619
13.6700	8652
13.6750	8788
13.6800	8476
13.6850	8898
13.6900	8511
13.6950	8368
13.7000	8397
13.7050	8742
13.7100	9039
13.7150	8671
13.7200	8324
13.7250	8687
13.7300	8937
13.7350	8992
13.7400	9099
13.7450	8718
13.7500	9137
13.7550	8636
13.7600	8427
13.7650	8673
13.7700	8728
13.7750	9050
13.7800	8634
13.7850	8407
13.7900	8541
13.7950	8983
13.8000	8873
13.8050	8790
13.8100	8560
13.8150	8587
13.8200	8906
13.8250	8895
13.8300	8894
13.8350	8349
13.8400	8820
13.8450	8587
13.8500	8696
13.8550	8792
13.8600	8566
13.8650	8991
13.8700	8684
13.8750	8422
13.8800	8508
13.8850	8808
13.8900	9081
13.8950	8844
13.9000	8302
13.9050	8484
13.9100	8901
13.9150	8881
13.9200	8954
13.9250	8649
13.9300	8968
13.9350	8821
13.9400	8711
13.9450	8754
13.9500	8781
13.9550	9076
13.9600	8575
13.9650	8579
13.9700	8637
13.9750	8944
13.9800	8914
13.9850	8815
13.9900	8564
13.9950	8541
14.0000	9016
14.0050	9008
14.0100	8955
14.0150	8499
14.0200	8914
14.0250	8731
14.0300	8713
14.0350	8859
14.0400	8528
14.0450	9057
14.0500	8661
14.0550	8540
14.0600	8520
14.0650	8836
14.0700	8930
14.0750	8567
14.0800	8527
14.0850	8565
14.0900	8937
14.0950	9030
14.1000	8906
14.1050	8370
14.1100	8816
14.1150	8771
14.1200	8683
14.1250	8772
14.1300	8567
14.1350	9002
14.1400	8461
14.1450	8467
14.1500	8780
14.1550	8870
14.1600	8983
14.1650	8636
14.1700	8453
14.1750	8668
14.1800	8954
14.1850	8994
14.1900	9252
14.1950	8473
14.2000	8797
14.2050	8677
14.2100	8881
14.2150	8957
14.2200	8512
14.2250	9009
14.2300	8526
14.2350	8547
14.2400	8539
14.2450	8834
14.2500	9054
14.2550	8809
14.2600	8470
14.2650	8651
14.2700	9095
14.2750	8955
14.2800	8926
14.2850	8537
14.2900	8997
14.2950	8774
14.3000	8695
14.3050	8629
14.3100	8575
14.3150	8997
14.3200	8473
14.3250	8418
14.3300	8646
14.3350	8812
14.3400	8984
14.3450	8805
14.3500	8618
14.3550	8594
14.3600	8973
14.3650	8960
14.3700	9065
14.3750	8432
14.3800	8759
14.3850	8719
14.3900	8792
14.3950	9010
14.4000	8370
14.4050	8813
14.4100	8533
14.4150	8500
14.4200	8624
14.4250	8574
14.4300	8954
14.4350	8615
14.4400	8499
14.4450	8740
14.4500	8982
14.4550	9094
14.4600	8882
14.4650	8378
14.4700	8944
14.4750	8630
14.4800	8754
14.4850	8964
14.4900	8505
14.4950	8934
14.5000	8371
14.5050	8616
14.5100	8666
14.5150	8840
14.5200	9027
14.5250	8643
14.5300	8546
14.5350	8540
14.5400	8896
14.5450	9109
14.5500	8897
14.5550	8418
14.5600	8732
14.5650	8695
14.5700	8706
14.5750	9147
14.5800	8478
14.5850	9056
14.5900	8630
14.5950	8578
14.6000	8630
14.6050	8650
14.6100	9018
14.6150	8651
14.6200	8441
14.6250	8711
14.6300	8996
14.6350	9158
14.6400	8759
14.6450	8394
14.6500	8672
14.6550	8769
14.6600	8793
14.6650	8945
14.6700	8417
14.6750	8993
14.6800	8676
14.6850	8660
14.6900	8736
14.6950	8728
14.7000	8956
14.7050	8653
14.7100	8433
14.7150	8651
14.7200	8891
14.7250	8908
14.7300	8993
14.7350	8343
14.7400	8696
14.7450	8970
14.7500	8938
14.7550	8947
14.7600	8457
14.7650	9052
14.7700	8653
14.7750	8661
14.7800	8733
14.7850	8747
14.7900	8927
14.7950	8648
14.8000	8250
14.8050	8438
14.8100	8893
14.8150	8950
14.8200	8718
14.8250	8510
14.8300	8710
14.8350	8989
14.8400	8790
14.8450	8893
14.8500	8481
14.8550	8977
14.8600	8636
14.8650	8614
14.8700	8781
14.8750	8608
14.8800	9102
14.8850	8562
14.8900	8445
14.8950	8489
14.9000	8778
14.9050	8848
14.9100	8761
14.9150	8441
14.9200	8724
14.9250	8843
14.9300	9024
14.9350	9081
14.9400	8476
14.9450	8991
14.9500	8571
14.9550	8685
14.9600	8664
14.9650	8661
14.9700	8968
14.9750	8592
14.9800	8426
14.9850	8526
14.9900	8941
14.9950	9138
15.0000	8758
15.0050	8195
15.0100	8647
15.0150	8902
15.0200	8799
15.0250	8943
15.0300	8651
15.0350	8905
15.0400	8681
15.0450	8777
15.0500	8796
15.0550	8653
15.0600	8899
15.0650	8502
15.0700	8448
15.0750	8468
15.0800	8941
15.0850	8921
15.0900	8856
15.0950	8444
15.1000	8462
15.1050	8842
15.1100	9005
15.1150	9001
15.1200	8443
15.1250	8980
15.1300	8696
15.1350	8930
15.1400	8937
15.1450	8558
15.1500	8965
15.1550	8604
15.1600	8437
15.1650	8469
15.1700	8790
15.1750	8976
15.1800	8630
15.1850	8298
15.1900	8583
15.1950	8902
15.2000	9007
15.2050	8916
15.2100	8601
15.2150	8938
15.2200	8795
15.2250	8778
15.2300	8853
15.2350	8569
15.2400	8937
15.2450	8536
15.2500	8476
15.2550	8530
15.2600	8743
15.2650	8968
15.2700	8769
15.2750	8489
15.2800	8627
15.2850	9020
15.2900	9015
15.2950	8945
15.3000	8323
15.3050	8779
15.3100	8686
15.3150	8662
15.3200	8902
15.3250	8581
15.3300	8969
15.3350	8551
15.3400	8536
15.3450	8789
15.3500	8960
15.3550	8891
15.3600	8675
15.3650	8523
15.3700	8618
15.3750	8994
15.3800	8856
15.3850	8871
15.3900	8528
15.3950	8915
15.4000	8602
15.4050	8623
15.4100	8872
15.4150	8536
15.4200	8848
15.4250	8390
15.4300	8509
15.4350	8635
15.4400	8793
15.4450	9074
15.4500	8767
15.4550	8489
15.4600	8511
15.4650	8856
15.4700	9055
15.4750	8947
15.4800	8395
15.4850	8779
15.4900	8739
15.4950	8834
15.5000	9044
15.5050	8339
15.5100	9031
15.5150	8530
15.5200	8564
15.5250	8712
15.5300	8918
15.5350	9006
15.5400	8585
15.5450	8331
15.5500	8567
15.5550	9095
15.5600	9087
15.5650	8982
15.5700	8410
15.5750	8898
15.5800	8865
15.5850	8920
15.5900	8932
15.5950	8645
15.6000	8962
15.6050	8248
15.6100	8566
15.6150	8682
15.6200	8817
15.6250	9080
15.6300	8721
15.6350	8525
15.6400	8517
15.6450	8894
15.6500	9094
15.6550	8838
15.6600	8482
15.6650	8774
15.6700	8800
15.6750	8688
15.6800	9011
15.6850	8489
15.6900	9166
15.6950	8502
15.7000	8492
15.7050	8586
15.7100	8750
15.7150	9028
15.7200	8635
15.7250	8305
15.7300	8373
15.7350	9102
15.7400	9000
15.7450	8793
15.7500	8403
15.7550	8655
15.7600	8773
15.7650	8831
15.7700	9009
15.7750	8518
15.7800	8803
15.7850	8721
15.7900	8757
15.7950	8749
15.8000	8686
15.8050	8907
15.8100	8654
15.8150	8456
15.8200	8611
15.8250	8959
15.8300	9168
15.8350	8985
15.8400	8538
15.8450	8750
15.8500	8884
15.8550	8900
15.8600	8984
15.8650	8540
15.8700	9033
15.8750	8657
15.8800	8532
15.8850	8733
15.8900	8780
15.8950	9009
15.9000	8523
15.9050	8505
15.9100	8524
15.9150	9037
15.9200	8918
15.9250	8801
15.9300	8562
15.9350	8676
15.9400	8886
15.9450	8820
15.9500	9025
15.9550	8484
15.9600	8820
15.9650	8608
15.9700	8634
15.9750	8853
15.9800	8599
15.9850	9020
15.9900	8533
15.9950	8472
16.0000	8323
16.0050	8782
16.0100	9001
16.0150	8725
16.0200	8517
16.0250	8679
16.0300	8759
16.0350	8990
16.0400	9008
16.0450	8587
16.0500	8905
16.0550	8649
16.0600	8578
16.0650	8762
16.0700	8718
16.0750	9056
16.0800	8658
16.0850	8484
16.0900	8516
16.0950	8953
16.1000	8922
16.1050	8776
16.1100	8474
16.1150	8762
16.1200	8969
16.1250	8965
16.1300	9105
16.1350	8558
16.1400	8883
16.1450	8703
16.1500	8575
16.1550	8904
16.1600	8724
16.1650	9013
16.1700	8632
16.1750	8448
16.1800	8387
16.1850	8918
16.1900	8974
16.1950	8826
16.2000	8505
16.2050	8529
16.2100	8831
16.2150	8832
16.2200	8967
16.2250	8326
16.2300	8943
16.2350	8670
16.2400	8688
16.2450	8975
16.2500	8749
16.2550	8878
16.2600	8416
16.2650	8520
16.2700	8741
16.2750	8749
16.2800	9198
16.2850	8628
16.2900	8532
16.2950	8645
16.3000	8767
16.3050	8822
16.3100	9033
16.3150	8264
16.3200	8827
16.3250	8651
16.3300	8724
16.3350	8794
16.3400	8603
16.3450	9052
16.3500	8489
16.3550	8483
16.3600	8503
16.3650	8901
16.3700	8875
16.3750	8825
16.3800	8456
16.3850	8594
16.3900	8867
16.3950	9013
16.4000	8884
16.4050	8280
16.4100	8720
16.4150	8562
16.4200	8687
16.4250	8852
16.4300	8501
16.4350	9080
16.4400	8385
16.4450	8587
16.4500	8508
16.4550	8943
16.4600	9064
16.4650	8575
16.4700	8512
16.4750	8618
16.4800	8886
16.4850	8861
16.4900	8921
16.4950	8593
16.5000	8792
16.5050	8581
16.5100	8766
16.5150	8780
16.5200	8598
16.5250	8954
16.5300	8521
16.5350	8426
16.5400	8469
16.5450	8749
16.5500	8980
16.5550	8830
16.5600	8559
16.5650	8520
16.5700	9011
16.5750	9031
16.5800	8889
16.5850	8440
16.5900	8747
16.5950	8760
16.6000	8600
16.6050	8860
16.6100	8496
16.6150	9095
16.6200	8501
16.6250	8434
16.6300	8648
16.6350	8872
16.6400	8908
16.6450	8603
16.6500	8367
16.6550	8569
16.6600	8971
16.6650	8839
16.6700	8901
16.6750	8390
16.6800	8814
16.6850	8623
16.6900	8932
16.6950	8840
16.7000	8406
16.7050	9026
16.7100	8410
16.7150	8409
16.7200	8781
16.7250	8671
16.7300	8945
16.7350	8626
16.7400	8524
16.7450	8512
16.7500	9013
16.7550	8970
16.7600	8877
16.7650	8420
16.7700	8893
16.7750	8884
16.7800	8688
16.7850	8928
16.7900	8500
16.7950	8939
16.8000	8473
16.8050	8505
16.8100	8662
16.8150	8765
16.8200	8986
16.8250	8632
16.8300	8502
16.8350	8557
16.8400	8921
16.8450	9089
16.8500	8885
16.8550	8578
16.8600	8597
16.8650	8699
16.8700	8874
16.8750	9009
16.8800	8329
16.8850	9003
16.8900	8459
16.8950	8484
16.9000	8645
16.9050	8604
16.9100	9172
16.9150	8667
16.9200	8489
16.9250	8639
16.9300	9044
16.9350	9258
16.9400	8781
16.9450	8416
16.9500	8906
16.9550	8897
16.9600	8807
16.9650	8869
16.9700	8525
16.9750	9055
16.9800	8549
16.9850	8529
16.9900	8764
16.9950	8835
17.0000	8962
17.0050	8530
17.0100	8363
17.0150	8478
17.0200	8882
17.0250	9005
17.0300	8853
17.0350	8414
17.0400	8644
17.0450	8818
17.0500	8869
17.0550	8929
17.0600	8421
17.0650	8962
17.0700	8617
17.0750	8633
17.0800	8631
17.0850	8700
17.0900	9047
17.0950	8582
17.1000	8359
17.1050	8262
17.1100	9013
17.1150	8967
17.1200	8744
17.1250	8494
17.1300	8626
17.1350	8829
17.1400	8668
17.1450	9101
17.1500	8576
17.1550	8995
17.1600	8603
17.1650	8581
17.1700	8726
17.1750	8797
17.1800	8816
17.1850	8553
17.1900	8546
17.1950	8512
17.2000	8831
17.2050	9003
17.2100	8706
17.2150	8412
17.2200	8751
17.2250	8702
17.2300	8933
17.2350	9095
17.2400	8496
17.2450	8973
17.2500	8742
17.2550	8480
17.2600	8842
17.2650	8586
17.2700	9163
17.2750	8629
17.2800	8531
17.2850	8598
17.2900	8852
17.2950	9089
17.3000	8723
17.3050	8308
17.3100	8735
17.3150	8918
17.3200	8823
17.3250	9063
17.3300	8624
17.3350	8755
17.3400	8594
17.3450	8615
17.3500	8820
17.3550	8559
17.3600	9025
17.3650	8549
17.3700	8472
17.3750	8555
17.3800	8835
17.3850	8856
17.3900	8851
17.3950	8478
17.4000	8553
17.4050	8846
17.4100	8870
17.4150	9050
17.4200	8484
17.4250	8985
17.4300	8680
17.4350	8708
17.4400	8729
17.4450	8661
17.4500	9060
17.4550	8583
17.4600	8445
17.4650	8612
17.4700	8996
17.4750	9112
17.4800	8860
17.4850	8525
17.4900	8649
17.4950	8945
17.5000	8792
17.5050	9000
17.5100	8452
17.5150	8906
17.5200	8629
17.5250	8525
17.5300	8796
17.5350	8744
17.5400	9005
17.5450	8487
17.5500	8569
17.5550	8583
17.5600	8751
17.5650	8834
17.5700	8859
17.5750	8636
17.5800	8598
17.5850	8731
17.5900	9024
17.5950	9084
17.6000	8453
17.6050	8800
17.6100	8902
17.6150	8775
17.6200	9029
17.6250	8680
17.6300	9011
17.6350	8541
17.6400	8460
17.6450	8423
17.6500	8857
17.6550	8994
17.6600	8794
17.6650	8440
17.6700	8642
17.6750	9136
17.6800	9014
17.6850	8823
17.6900	8489
17.6950	8925
17.7000	8703
17.7050	8580
17.7100	8930
17.7150	8542
17.7200	8913
17.7250	8374
17.7300	8639
17.7350	8689
17.7400	8659
17.7450	8913
17.7500	8701
17.7550	8517
17.7600	8555
17.7650	8897
17.7700	9092
17.7750	9135
17.7800	8513
17.7850	8657
17.7900	8719
17.7950	8793
17.8000	8892
17.8050	8568
17.8100	8954
17.8150	8687
17.8200	8459
17.8250	8625
17.8300	8791
17.8350	9020
17.8400	8667
17.8450	8514
17.8500	8636
17.8550	9013
17.8600	8941
17.8650	8937
17.8700	8468
17.8750	8904
17.8800	8728
17.8850	8628
17.8900	8879
17.8950	8563
17.9000	8906
17.9050	8457
17.9100	8601
17.9150	8589
17.9200	8781
17.9250	9093
17.9300	8830
17.9350	8564
17.9400	8426
17.9450	9017
17.9500	9054
17.9550	8969
17.9600	8413
17.9650	8786
17.9700	8903
17.9750	8725
17.9800	8664
17.9850	8466
17.9900	8971
17.9950	8761
18.0000	8354
18.0050	8639
18.0100	8659
18.0150	9003
18.0200	8808
18.0250	8465
18.0300	8595
18.0350	9083
18.0400	8950
18.0450	8868
18.0500	8335
18.0550	8770
18.0600	8733
18.0650	8828
18.0700	9085
18.0750	8544
18.0800	8911
18.0850	8470
18.0900	8484
18.0950	8654
18.1000	8669
18.1050	8782
18.1100	8541
18.1150	8556
18.1200	8440
18.1250	8950
18.1300	9136
18.1350	8940
18.1400	8369
18.1450	8767
18.1500	8810
18.1550	8938
18.1600	8821
18.1650	8539
18.1700	9019
18.1750	8580
18.1800	8619
18.1850	8690
18.1900	8756
18.1950	8846
18.2000	8366
18.2050	8364
18.2100	8586
18.2150	8987
18.2200	9091
18.2250	8843
18.2300	8460
18.2350	8671
18.2400	8898
18.2450	8778
18.2500	9008
18.2550	8509
18.2600	8915
18.2650	8547
18.2700	8548
18.2750	8835
18.2800	8732
18.2850	8977
18.2900	8535
18.2950	8543
18.3000	8390
18.3050	8800
18.3100	9029
18.3150	8788
18.3200	8371
18.3250	8440
18.3300	8870
18.3350	8961
18.3400	9010
18.3450	8558
18.3500	8971
18.3550	8716
18.3600	8536
18.3650	8793
18.3700	8704
18.3750	9184
18.3800	8564
18.3850	8390
18.3900	8477
18.3950	8843
18.4000	8913
18.4050	8614
18.4100	8415
18.4150	8656
18.4200	8649
18.4250	9027
18.4300	8976
18.4350	8521
18.4400	9040
18.4450	8582
18.4500	8512
18.4550	8947
18.4600	8749
18.4650	8983
18.4700	8719
18.4750	8353
18.4800	8365
18.4850	8810
18.4900	8996
18.4950	8950
18.5000	8199
18.5050	8572
18.5100	8874
18.5150	8831
18.5200	8922
18.5250	8471
18.5300	8948
18.5350	8612
18.5400	8502
18.5450	8738
18.5500	8851
18.5550	9117
18.5600	8491
18.5650	8516
18.5700	8402
18.5750	8812
18.5800	8993
18.5850	8661
18.5900	8458
18.5950	8781
18.6000	8870
18.6050	8938
18.6100	8927
18.6150	8411
18.6200	9041
18.6250	8672
18.6300	8884
18.6350	8742
18.6400	8751
18.6450	8936
18.6500	8559
18.6550	8531
18.6600	8349
18.6650	8890
18.6700	9072
18.6750	8907
18.6800	8442
18.6850	8626
18.6900	8885
18.6950	8957
18.7000	8754
18.7050	8311
18.7100	9029
18.7150	8792
18.7200	8777
18.7250	8859
18.7300	8515
18.7350	9084
18.7400	8603
18.7450	8427
18.7500	8597
18.7550	8971
18.7600	8961
18.7650	8705
18.7700	8617
18.7750	8606
18.7800	8880
18.7850	8875
18.7900	8899
18.7950	8408
18.8000	8679
18.8050	8561
18.8100	8706
18.8150	8761
18.8200	8582
18.8250	9148
18.8300	8552
18.8350	8495
18.8400	8461
18.8450	8775
18.8500	8950
18.8550	8916
18.8600	8334
18.8650	8545
18.8700	8920
18.8750	9011
18.8800	8857
18.8850	8324
18.8900	8814
18.8950	8567
18.9000	8757
18.9050	8800
18.9100	8629
18.9150	8911
18.9200	8420
18.9250	8318
18.9300	8619
18.9350	8794
18.9400	9114
18.9450	8533
18.9500	8432
18.9550	8590
18.9600	8850
18.9650	8992
18.9700	8939
18.9750	8424
18.9800	8743
18.9850	8907
18.9900	8738
18.9950	8895
19.0000	8403
19.0050	8903
19.0100	8437
19.0150	8542
19.0200	8703
19.0250	8885
19.0300	8922
19.0350	8849
19.0400	8576
19.0450	8627
19.0500	9020
19.0550	8954
19.0600	8989
19.0650	8266
19.0700	8735
19.0750	8834
19.0800	8720
19.0850	8859
19.0900	8545
19.0950	9118
19.1000	8537
19.1050	8343
19.1100	8726
19.1150	8855
19.1200	9006
19.1250	8788
19.1300	8472
19.1350	8676
19.1400	8952
19.1450	9064
19.1500	8908
19.1550	8499
19.1600	8775
19.1650	8810
19.1700	8852
19.1750	8888
19.1800	8563
19.1850	8929
19.1900	8487
19.1950	8553
19.2000	8646
19.2050	8625
19.2100	9131
19.2150	8512
19.2200	8517
19.2250	8452
19.2300	8907
19.2350	9123
19.2400	8949
19.2450	8347
19.2500	8827
19.2550	8751
19.2600	8859
19.2650	8910
19.2700	8447
19.2750	9008
19.2800	8626
19.2850	8349
19.2900	8756
19.2950	8628
19.3000	8998
19.3050	8495
19.3100	8506
19.3150	8557
19.3200	8931
19.3250	9013
19.3300	8909
19.3350	8492
19.3400	8846
19.3450	8834
19.3500	8820
19.3550	9020
19.3600	8322
19.3650	8882
19.3700	8489
19.3750	8784
19.3800	8814
19.3850	8704
19.3900	8878
19.3950	8611
19.4000	8343
19.4050	8228
19.4100	8851
19.4150	8928
19.4200	8782
19.4250	8471
19.4300	8798
19.4350	8833
19.4400	8811
19.4450	8945
19.4500	8433
19.4550	8988
19.4600	8609
19.4650	8560
19.4700	8786
19.4750	8804
19.4800	9044
19.4850	8633
19.4900	8482
19.4950	8484
19.5000	8873
19.5050	8988
19.5100	8767
19.5150	8499
19.5200	8659
19.5250	8968
19.5300	8837
19.5350	8958
19.5400	8485
19.5450	8945
19.5500	8533
19.5550	8708
19.5600	8657
19.5650	8673
19.5700	9049
19.5750	8584
19.5800	8538
19.5850	8552
19.5900	8964
19.5950	8877
19.6000	8670
19.6050	8439
19.6100	8784
19.6150	8882
19.6200	8845
19.6250	8934
19.6300	8431
19.6350	8963
19.6400	8612
19.6450	8555
19.6500	8668
19.6550	8798
19.6600	9158
19.6650	8494
19.6700	8692
19.6750	8721
19.6800	8855
19.6850	8907
19.6900	8897
19.6950	8484
19.7000	8567
19.7050	8762
19.7100	8951
19.7150	8891
19.7200	8481
19.7250	9008
19.7300	8751
19.7350	8581
19.7400	8661
19.7450	8729
19.7500	9016
19.7550	8453
19.7600	8567
19.7650	8507
19.7700	8854
19.7750	8959
19.7800	8700
19.7850	8393
19.7900	8702
19.7950	8892
19.8000	8676
19.8050	8770
19.8100	8487
19.8150	8959
19.8200	8588
19.8250	8689
19.8300	8678
19.8350	8586
19.8400	8935
19.8450	8554
19.8500	8561
19.8550	8551
19.8600	8797
19.8650	8925
19.8700	8863
19.8750	8440
19.8800	8664
19.8850	9007
19.8900	8829
19.8950	9057
19.9000	8363
19.9050	8779
19.9100	8696
19.9150	8741
19.9200	8720
19.9250	8640
19.9300	8983
19.9350	8522
19.9400	8441
19.9450	8485
19.9500	8910
19.9550	9102
19.9600	8791
19.9650	8450
19.9700	8648
19.9750	8952
19.9800	8892
19.9850	8889
19.9900	8492
19.9950	8855
