0.0000	8385
0.0040	9019
0.0080	8572
0.0120	8961
0.0160	8707
0.0200	8851
0.0240	8902
0.0280	8937
0.0320	8963
0.0360	8925
0.0400	8846
0.0440	8683
0.0480	8696
0.0520	8681
0.0560	8660
0.0600	8679
0.0640	8587
0.0680	8608
0.0720	8462
0.0760	8338
0.0800	8345
0.0840	8593
0.0880	8264
0.0920	8589
0.0960	8360
0.1000	8778
0.1040	8470
0.1080	8666
0.1120	8338
0.1160	8772
0.1200	8332
0.1240	8932
0.1280	8605
0.1320	8868
0.1360	8614
0.1400	8736
0.1440	8600
0.1480	8667
0.1520	8769
0.1560	8579
0.1600	8855
0.1640	8466
0.1680	8966
0.1720	8486
0.1760	8995
0.1800	8611
0.1840	8992
0.1880	8740
0.1920	8992
0.1960	8757
0.2000	8953
0.2040	8966
0.2080	8951
0.2120	8878
0.2160	8875
0.2200	8799
0.2240	8699
0.2280	8583
0.2320	8674
0.2360	8613
0.2400	8481
0.2440	8407
0.2480	8674
0.2520	8474
0.2560	8299
0.2600	8386
0.2640	8449
0.2680	8524
0.2720	8676
0.2760	8395
0.2800	8513
0.2840	8280
0.2880	8920
0.2920	8399
0.2960	8787
0.3000	8218
0.3040	8960
0.3080	8421
0.3120	8743
0.3160	8497
0.3200	8699
0.3240	8712
0.3280	8417
0.3320	8928
0.3360	8426
0.3400	8681
0.3440	8393
0.3480	8910
0.3520	8525
0.3560	8957
0.3600	8458
0.3640	8916
0.3680	8751
0.3720	9050
0.3760	8867
0.3800	8862
0.3840	8808
0.3880	8802
0.3920	9033
0.3960	8848
0.4000	8863
0.4040	8801
0.4080	8828
0.4120	8727
0.4160	8561
0.4200	8528
0.4240	8515
0.4280	8577
0.4320	8643
0.4360	8374
0.4400	8391
0.4440	8588
0.4480	8455
0.4520	8786
0.4560	8297
0.4600	8697
0.4640	8438
0.4680	8939
0.4720	8438
0.4760	9005
0.4800	8387
0.4840	8900
0.4880	8430
0.4920	8783
0.4960	8696
0.5000	8719
0.5040	8595
0.5080	8633
0.5120	9038
0.5160	8564
0.5200	8933
0.5240	8559
0.5280	8984
0.5320	8647
0.5360	9012
0.5400	8704
0.5440	8915
0.5480	8948
0.5520	8949
0.5560	8921
0.5600	9080
0.5640	8918
0.5680	9077
0.5720	9110
0.5760	8938
0.5800	8866
0.5840	8836
0.5880	8747
0.5920	8661
0.5960	8597
0.6000	8569
0.6040	8530
0.6080	8676
0.6120	8508
0.6160	8602
0.6200	8218
0.6240	8649
0.6280	8415
0.6320	8779
0.6360	8500
0.6400	8840
0.6440	8460
0.6480	8926
0.6520	8548
0.6560	8991
0.6600	8503
0.6640	8730
0.6680	8633
0.6720	8864
0.6760	8801
0.6800	8676
0.6840	8761
0.6880	8587
0.6920	8833
0.6960	8447
0.7000	8968
0.7040	8434
0.7080	8909
0.7120	8734
0.7160	9089
0.7200	8782
0.7240	8826
0.7280	8673
0.7320	8961
0.7360	9003
0.7400	8969
0.7440	8870
0.7480	8907
0.7520	8966
0.7560	8932
0.7600	8632
0.7640	8796
0.7680	8658
0.7720	8553
0.7760	8584
0.7800	8419
0.7840	8407
0.7880	8625
0.7920	8410
0.7960	8713
0.8000	8326
0.8040	8679
0.8080	8465
0.8120	8832
0.8160	8465
0.8200	8982
0.8240	8437
0.8280	9119
0.8320	8550
0.8360	9007
0.8400	8526
0.8440	8743
0.8480	8666
0.8520	8777
0.8560	8843
0.8600	8696
0.8640	8835
0.8680	8605
0.8720	9030
0.8760	8423
0.8800	9059
0.8840	8576
0.8880	8899
0.8920	8850
0.8960	8894
0.9000	8762
0.9040	9142
0.9080	8909
0.9120	9051
0.9160	8940
0.9200	9015
0.9240	8945
0.9280	8865
0.9320	8939
0.9360	8909
0.9400	8600
0.9440	8607
0.9480	8677
0.9520	8610
0.9560	8404
0.9600	8461
0.9640	8350
0.9680	8575
0.9720	8516
0.9760	8558
0.9800	8409
0.9840	8496
0.9880	8426
0.9920	8921
0.9960	8478
1.0000	8744
1.0040	8302
1.0080	8971
1.0120	8351
1.0160	8877
1.0200	8506
1.0240	8562
1.0280	8519
1.0320	8787
1.0360	8643
1.0400	8645
1.0440	8842
1.0480	8488
1.0520	9029
1.0560	8442
1.0600	8904
1.0640	8601
1.0680	9065
1.0720	8767
1.0760	8980
1.0800	8640
1.0840	8880
1.0880	8937
1.0920	8935
1.0960	8809
1.1000	8856
1.1040	8785
1.1080	8787
1.1120	8860
1.1160	8573
1.1200	8605
1.1240	8536
1.1280	8490
1.1320	8617
1.1360	8439
1.1400	8373
1.1440	8270
1.1480	8556
1.1520	8520
1.1560	8704
1.1600	8390
1.1640	8595
1.1680	8439
1.1720	8727
1.1760	8424
1.1800	8914
1.1840	8308
1.1880	9013
1.1920	8523
1.1960	8748
1.2000	8591
1.2040	8719
1.2080	8634
1.2120	8616
1.2160	8591
1.2200	8397
1.2240	8757
1.2280	8399
1.2320	8807
1.2360	8494
1.2400	8906
1.2440	8650
1.2480	8947
1.2520	8691
1.2560	8889
1.2600	8633
1.2640	8916
1.2680	8901
1.2720	8959
1.2760	8894
1.2800	8824
1.2840	8874
1.2880	8725
1.2920	8708
1.2960	8814
1.3000	8522
1.3040	8576
1.3080	8597
1.3120	8452
1.3160	8515
1.3200	8389
1.3240	8249
1.3280	8432
1.3320	8402
1.3360	8572
1.3400	8333
1.3440	8518
1.3480	8423
1.3520	8960
1.3560	8367
1.3600	8912
1.3640	8311
1.3680	8895
1.3720	8399
1.3760	8755
1.3800	8600
1.3840	8474
1.3880	8811
1.3920	8390
1.3960	8730
1.4000	8550
1.4040	8766
1.4080	8376
1.4120	8981
1.4160	8620
1.4200	8982
1.4240	8717
1.4280	8996
1.4320	8825
1.4360	8817
1.4400	8745
1.4440	8977
1.4480	9007
1.4520	8942
1.4560	8877
1.4600	8836
1.4640	8800
1.4680	8723
1.4720	8822
1.4760	8630
1.4800	8435
1.4840	8585
1.4880	8626
1.4920	8349
1.4960	8531
1.5000	8429
1.5040	8295
1.5080	8558
1.5120	8632
1.5160	8720
1.5200	8462
1.5240	8817
1.5280	8440
1.5320	8885
1.5360	8514
1.5400	9054
1.5440	8521
1.5480	8905
1.5520	8552
1.5560	8801
1.5600	8762
1.5640	8542
1.5680	8908
1.5720	8580
1.5760	8944
1.5800	8542
1.5840	8967
1.5880	8536
1.5920	9175
1.5960	8664
1.6000	9058
1.6040	8770
1.6080	8962
1.6120	9006
1.6160	9030
1.6200	8891
1.6240	9078
1.6280	9105
1.6320	9116
1.6360	8879
1.6400	8998
1.6440	8714
1.6480	8824
1.6520	8681
1.6560	8502
1.6600	8693
1.6640	8455
1.6680	8567
1.6720	8585
1.6760	8431
1.6800	8429
1.6840	8410
1.6880	8776
1.6920	8515
1.6960	8845
1.7000	8341
1.7040	8866
1.7080	8461
1.7120	9096
1.7160	8391
1.7200	8866
1.7240	8613
1.7280	8968
1.7320	8735
1.7360	8885
1.7400	8583
1.7440	8631
1.7480	8861
1.7520	8649
1.7560	8917
1.7600	8469
1.7640	8985
1.7680	8610
1.7720	9150
1.7760	8711
1.7800	8977
1.7840	8742
1.7880	8889
1.7920	8906
1.7960	8906
1.8000	9046
1.8040	9029
1.8080	9011
1.8120	8936
1.8160	8876
1.8200	8782
1.8240	8800
1.8280	8831
1.8320	8667
1.8360	8667
1.8400	8491
1.8440	8548
1.8480	8523
1.8520	8490
1.8560	8449
1.8600	8604
1.8640	8472
1.8680	8686
1.8720	8348
1.8760	8856
1.8800	8493
1.8840	8976
1.8880	8622
1.8920	9034
1.8960	8619
1.9000	8891
1.9040	8413
1.9080	8850
1.9120	8721
1.9160	8776
1.9200	8658
1.9240	8635
1.9280	8889
1.9320	8576
1.9360	8922
1.9400	8472
1.9440	8938
1.9480	8579
1.9520	9177
1.9560	8590
1.9600	8984
1.9640	8881
1.9680	9056
1.9720	8785
1.9760	9015
1.9800	8850
1.9840	9036
1.9880	9148
1.9920	8793
1.9960	8727
2.0000	8730
2.0040	8584
2.0080	8632
2.0120	8618
2.0160	8504
2.0200	8418
2.0240	8572
2.0280	8488
2.0320	8488
2.0360	8301
2.0400	8602
2.0440	8287
2.0480	8694
2.0520	8494
2.0560	8840
2.0600	8192
2.0640	8788
2.0680	8414
2.0720	8893
2.0760	8400
2.0800	8673
2.0840	8369
2.0880	8698
2.0920	8814
2.0960	8468
2.1000	8604
2.1040	8450
2.1080	8867
2.1120	8381
2.1160	8943
2.1200	8455
2.1240	8907
2.1280	8667
2.1320	9195
2.1360	8746
2.1400	8843
2.1440	8693
2.1480	9089
2.1520	8798
2.1560	8816
2.1600	8908
2.1640	8859
2.1680	8767
2.1720	8760
2.1760	8658
2.1800	8551
2.1840	8725
2.1880	8749
2.1920	8492
2.1960	8641
2.2000	8451
2.2040	8477
2.2080	8491
2.2120	8734
2.2160	8461
2.2200	8631
2.2240	8380
2.2280	8734
2.2320	8380
2.2360	8881
2.2400	8445
2.2440	8904
2.2480	8528
2.2520	8986
2.2560	8349
2.2600	8618
2.2640	8509
2.2680	8690
2.2720	8804
2.2760	8626
2.2800	8664
2.2840	8427
2.2880	8913
2.2920	8450
2.2960	8994
2.3000	8480
2.3040	8899
2.3080	8798
2.3120	9110
2.3160	8762
2.3200	8980
2.3240	8834
2.3280	9139
2.3320	8878
2.3360	9054
2.3400	8683
2.3440	8866
2.3480	8759
2.3520	8613
2.3560	8740
2.3600	8659
2.3640	8595
2.3680	8624
2.3720	8672
2.3760	8507
2.3800	8175
2.3840	8356
2.3880	8430
2.3920	8581
2.3960	8451
2.4000	8670
2.4040	8307
2.4080	8836
2.4120	8315
2.4160	8921
2.4200	8396
2.4240	8805
2.4280	8539
2.4320	8881
2.4360	8635
2.4400	8781
2.4440	8609
2.4480	8618
2.4520	8862
2.4560	8729
2.4600	8837
2.4640	8371
2.4680	9033
2.4720	8500
2.4760	9008
2.4800	8454
2.4840	8923
2.4880	8745
2.4920	8974
2.4960	8786
2.5000	9001
2.5040	8923
2.5080	9053
2.5120	9148
2.5160	8949
2.5200	8910
2.5240	8784
2.5280	8943
2.5320	8835
2.5360	8733
2.5400	8719
2.5440	8724
2.5480	8727
2.5520	8462
2.5560	8512
2.5600	8476
2.5640	8605
2.5680	8477
2.5720	8603
2.5760	8355
2.5800	8670
2.5840	8433
2.5880	8862
2.5920	8381
2.5960	8945
2.6000	8406
2.6040	8992
2.6080	8600
2.6120	9010
2.6160	8707
2.6200	8637
2.6240	8749
2.6280	8687
2.6320	8797
2.6360	8664
2.6400	8900
2.6440	8397
2.6480	9017
2.6520	8446
2.6560	8842
2.6600	8640
2.6640	8989
2.6680	8901
2.6720	9167
2.6760	8970
2.6800	9094
2.6840	8875
2.6880	8861
2.6920	9014
2.6960	8997
2.7000	8948
2.7040	8788
2.7080	8797
2.7120	8758
2.7160	8659
2.7200	8463
2.7240	8593
2.7280	8775
2.7320	8493
2.7360	8667
2.7400	8348
2.7440	8590
2.7480	8249
2.7520	8712
2.7560	8537
2.7600	8947
2.7640	8502
2.7680	8814
2.7720	8697
2.7760	8929
2.7800	8610
2.7840	8784
2.7880	8608
2.7920	8923
2.7960	8648
2.8000	8626
2.8040	8788
2.8080	8662
2.8120	8940
2.8160	8484
2.8200	9027
2.8240	8444
2.8280	9020
2.8320	8545
2.8360	8967
2.8400	8682
2.8440	8997
2.8480	8735
2.8520	9026
2.8560	8842
2.8600	8882
2.8640	8936
2.8680	9176
2.8720	8863
2.8760	8890
2.8800	8747
2.8840	8783
2.8880	8748
2.8920	8748
2.8960	8741
2.9000	8395
2.9040	8554
2.9080	8508
2.9120	8350
2.9160	8745
2.9200	8520
2.9240	8696
2.9280	8487
2.9320	8645
2.9360	8401
2.9400	8983
2.9440	8290
2.9480	8925
2.9520	8616
2.9560	8972
2.9600	8452
2.9640	8885
2.9680	8473
2.9720	8822
2.9760	8603
2.9800	8640
2.9840	8722
2.9880	8576
2.9920	8971
2.9960	8460
3.0000	8933
3.0040	8448
3.0080	8880
3.0120	8679
3.0160	8922
3.0200	8800
3.0240	8906
3.0280	8895
3.0320	8962
3.0360	8980
3.0400	8880
3.0440	8727
3.0480	8861
3.0520	8709
3.0560	8764
3.0600	8695
3.0640	8683
3.0680	8690
3.0720	8638
3.0760	8511
3.0800	8497
3.0840	8201
3.0880	8651
3.0920	8503
3.0960	8612
3.1000	8267
3.1040	8606
3.1080	8444
3.1120	8620
3.1160	8263
3.1200	8982
3.1240	8321
3.1280	9152
3.1320	8433
3.1360	8981
3.1400	8373
3.1440	8792
3.1480	8595
3.1520	8831
3.1560	8657
3.1600	8668
3.1640	8720
3.1680	8470
3.1720	8695
3.1760	8359
3.1800	8875
3.1840	8493
3.1880	8975
3.1920	8700
3.1960	8835
3.2000	8652
3.2040	8976
3.2080	8625
3.2120	8846
3.2160	8917
3.2200	8880
3.2240	8853
3.2280	8776
3.2320	8809
3.2360	8737
3.2400	8548
3.2440	8659
3.2480	8564
3.2520	8583
3.2560	8409
3.2600	8349
3.2640	8320
3.2680	8494
3.2720	8411
3.2760	8522
3.2800	8377
3.2840	8663
3.2880	8519
3.2920	8866
3.2960	8438
3.3000	8726
3.3040	8250
3.3080	8984
3.3120	8342
3.3160	8881
3.3200	8471
3.3240	8917
3.3280	8584
3.3320	8627
3.3360	8678
3.3400	8497
3.3440	8726
3.3480	8522
3.3520	8880
3.3560	8638
3.3600	8979
3.3640	8507
3.3680	8823
3.3720	8659
3.3760	8867
3.3800	8613
3.3840	8941
3.3880	8838
3.3920	9240
3.3960	8989
3.4000	9096
3.4040	8757
3.4080	8842
3.4120	8763
3.4160	8676
3.4200	8545
3.4240	8530
3.4280	8653
3.4320	8454
3.4360	8507
3.4400	8363
3.4440	8313
3.4480	8585
3.4520	8494
3.4560	8728
3.4600	8408
3.4640	8704
3.4680	8291
3.4720	8813
3.4760	8431
3.4800	8740
3.4840	8376
3.4880	8921
3.4920	8407
3.4960	8795
3.5000	8333
3.5040	8618
3.5080	8713
3.5120	8881
3.5160	8915
3.5200	8496
3.5240	8902
3.5280	8391
3.5320	9028
3.5360	8594
3.5400	8889
3.5440	8543
3.5480	9061
3.5520	8880
3.5560	8971
3.5600	8686
3.5640	8937
3.5680	9086
3.5720	9070
3.5760	8864
3.5800	8782
3.5840	8773
3.5880	8909
3.5920	8759
3.5960	8692
3.6000	8466
3.6040	8647
3.6080	8541
3.6120	8730
3.6160	8470
3.6200	8574
3.6240	8453
3.6280	8533
3.6320	8465
3.6360	8594
3.6400	8447
3.6440	8755
3.6480	8430
3.6520	8869
3.6560	8440
3.6600	8965
3.6640	8435
3.6680	8856
3.6720	8515
3.6760	8956
3.6800	8483
3.6840	8752
3.6880	8768
3.6920	8678
3.6960	8808
3.7000	8500
3.7040	8857
3.7080	8635
3.7120	8978
3.7160	8582
3.7200	9124
3.7240	8687
3.7280	8980
3.7320	8937
3.7360	9229
3.7400	8865
3.7440	8959
3.7480	8982
3.7520	9139
3.7560	8970
3.7600	8981
3.7640	8857
3.7680	8715
3.7720	8674
3.7760	8598
3.7800	8603
3.7840	8446
3.7880	8572
3.7920	8623
3.7960	8559
3.8000	8401
3.8040	8380
3.8080	8610
3.8120	8568
3.8160	8752
3.8200	8465
3.8240	8781
3.8280	8546
3.8320	9061
3.8360	8476
3.8400	8998
3.8440	8339
3.8480	9040
3.8520	8671
3.8560	8928
3.8600	8798
3.8640	8570
3.8680	8744
3.8720	8727
3.8760	8875
3.8800	8548
3.8840	9112
3.8880	8612
3.8920	9081
3.8960	8668
3.9000	8972
3.9040	8787
3.9080	9039
3.9120	8876
3.9160	8875
3.9200	8767
3.9240	8921
3.9280	8934
3.9320	8910
3.9360	8785
3.9400	8822
3.9440	8806
3.9480	8737
3.9520	8706
3.9560	8619
3.9600	8396
3.9640	8457
3.9680	8607
3.9720	8405
3.9760	8406
3.9800	8416
3.9840	8441
3.9880	8575
3.9920	8584
3.9960	8878
4.0000	8262
4.0040	8905
4.0080	8311
4.0120	8916
4.0160	8283
4.0200	8979
4.0240	8439
4.0280	8959
4.0320	8533
4.0360	8756
4.0400	8640
4.0440	8445
4.0480	8680
4.0520	8682
4.0560	8862
4.0600	8295
4.0640	9176
4.0680	8526
4.0720	8935
4.0760	8713
4.0800	8653
4.0840	8526
4.0880	8944
4.0920	8761
4.0960	9051
4.1000	8851
4.1040	8910
4.1080	8912
4.1120	8849
4.1160	8631
4.1200	8654
4.1240	8683
4.1280	8591
4.1320	8685
4.1360	8678
4.1400	8273
4.1440	8477
4.1480	8532
4.1520	8596
4.1560	8313
4.1600	8297
4.1640	8215
4.1680	8782
4.1720	8530
4.1760	8744
4.1800	8317
4.1840	8928
4.1880	8357
4.1920	8768
4.1960	8443
4.2000	8792
4.2040	8507
4.2080	8778
4.2120	8751
4.2160	8648
4.2200	8682
4.2240	8552
4.2280	8708
4.2320	8574
4.2360	8947
4.2400	8295
4.2440	8930
4.2480	8525
4.2520	8974
4.2560	8589
4.2600	8831
4.2640	8747
4.2680	8904
4.2720	8840
4.2760	8904
4.2800	8930
4.2840	8833
4.2880	8794
4.2920	8902
4.2960	8797
4.3000	8634
4.3040	8611
4.3080	8704
4.3120	8546
4.3160	8458
4.3200	8456
4.3240	8393
4.3280	8472
4.3320	8512
4.3360	8546
4.3400	8700
4.3440	8307
4.3480	8708
4.3520	8386
4.3560	8684
4.3600	8412
4.3640	8749
4.3680	8432
4.3720	8929
4.3760	8485
4.3800	8817
4.3840	8528
4.3880	8737
4.3920	8573
4.3960	8643
4.4000	8633
4.4040	8609
4.4080	8932
4.4120	8645
4.4160	9027
4.4200	8428
4.4240	8933
4.4280	8566
4.4320	8930
4.4360	8645
4.4400	8749
4.4440	8869
4.4480	8916
4.4520	8931
4.4560	8980
4.4600	8858
4.4640	8859
4.4680	8883
4.4720	8733
4.4760	8676
4.4800	8782
4.4840	8627
4.4880	8557
4.4920	8611
4.4960	8627
4.5000	8302
4.5040	8339
4.5080	8447
4.5120	8653
4.5160	8444
4.5200	8635
4.5240	8381
4.5280	8958
4.5320	8475
4.5360	8881
4.5400	8452
4.5440	8858
4.5480	8484
4.5520	9077
4.5560	8442
4.5600	8502
4.5640	8607
4.5680	8852
4.5720	8816
4.5760	8654
4.5800	8764
4.5840	8560
4.5880	9022
4.5920	8509
4.5960	9012
4.6000	8393
4.6040	9053
4.6080	8740
4.6120	9004
4.6160	8796
4.6200	9057
4.6240	9068
4.6280	9013
4.6320	8929
4.6360	8977
4.6400	8846
4.6440	8980
4.6480	8984
4.6520	8733
4.6560	8628
4.6600	8724
4.6640	8588
4.6680	8622
4.6720	8715
4.6760	8571
4.6800	8466
4.6840	8399
4.6880	8521
4.6920	8603
4.6960	8449
4.7000	8733
4.7040	8385
4.7080	8932
4.7120	8493
4.7160	8784
4.7200	8421
4.7240	8777
4.7280	8577
4.7320	9099
4.7360	8610
4.7400	8869
4.7440	8671
4.7480	8723
4.7520	8778
4.7560	8653
4.7600	8918
4.7640	8430
4.7680	9000
4.7720	8581
4.7760	8963
4.7800	8653
4.7840	8992
4.7880	8644
4.7920	8958
4.7960	8769
4.8000	8964
4.8040	8970
4.8080	8989
4.8120	9022
4.8160	8929
4.8200	8895
4.8240	8670
4.8280	8893
4.8320	8838
4.8360	8658
4.8400	8649
4.8440	8517
4.8480	8471
4.8520	8820
4.8560	8515
4.8600	8432
4.8640	8468
4.8680	8447
4.8720	8741
4.8760	8378
4.8800	8779
4.8840	8473
4.8880	8891
4.8920	8609
4.8960	8872
4.9000	8291
4.9040	8827
4.9080	8503
4.9120	8893
4.9160	8468
4.9200	8699
4.9240	8626
4.9280	8686
4.9320	8930
4.9360	8469
4.9400	8926
4.9440	8391
4.9480	9090
4.9520	8738
4.9560	9036
4.9600	8600
4.9640	8915
4.9680	8797
4.9720	8998
4.9760	8821
4.9800	9016
4.9840	8882
4.9880	9007
4.9920	9127
4.9960	8912
5.0000	8734
5.0040	8806
5.0080	8848
5.0120	8532
5.0160	8664
5.0200	8446
5.0240	8508
5.0280	8518
5.0320	8470
5.0360	8380
5.0400	8431
5.0440	8471
5.0480	8373
5.0520	8645
5.0560	8460
5.0600	8817
5.0640	8374
5.0680	8841
5.0720	8433
5.0760	8809
5.0800	8328
5.0840	8817
5.0880	8363
5.0920	8733
5.0960	8695
5.1000	8631
5.1040	8686
5.1080	8561
5.1120	8774
5.1160	8513
5.1200	8969
5.1240	8482
5.1280	8884
5.1320	8637
5.1360	8943
5.1400	8493
5.1440	8851
5.1480	8670
5.1520	8719
5.1560	8805
5.1600	8799
5.1640	8950
5.1680	8893
5.1720	8877
5.1760	8826
5.1800	8759
5.1840	8639
5.1880	8740
5.1920	8665
5.1960	8521
5.2000	8555
5.2040	8433
5.2080	8462
5.2120	8344
5.2160	8459
5.2200	8360
5.2240	8585
5.2280	8234
5.2320	8772
5.2360	8294
5.2400	8798
5.2440	8432
5.2480	8876
5.2520	8340
5.2560	8828
5.2600	8371
5.2640	8762
5.2680	8465
5.2720	8714
5.2760	8651
5.2800	8525
5.2840	8692
5.2880	8465
5.2920	8887
5.2960	8382
5.3000	8886
5.3040	8576
5.3080	8852
5.3120	8582
5.3160	8878
5.3200	8462
5.3240	8769
5.3280	8724
5.3320	8766
5.3360	8832
5.3400	8837
5.3440	8834
5.3480	8862
5.3520	8669
5.3560	8613
5.3600	8688
5.3640	8643
5.3680	8683
5.3720	8632
5.3760	8551
5.3800	8374
5.3840	8313
5.3880	8474
5.3920	8451
5.3960	8594
5.4000	8320
5.4040	8585
5.4080	8361
5.4120	8689
5.4160	8350
5.4200	8685
5.4240	8350
5.4280	8945
5.4320	8445
5.4360	8969
5.4400	8474
5.4440	8675
5.4480	8503
5.4520	8790
5.4560	8601
5.4600	8481
5.4640	8645
5.4680	8529
5.4720	8892
5.4760	8409
5.4800	8964
5.4840	8388
5.4880	8845
5.4920	8647
5.4960	8881
5.5000	8771
5.5040	8901
5.5080	8772
5.5120	9011
5.5160	8912
5.5200	8885
5.5240	9044
5.5280	8902
5.5320	8847
5.5360	8887
5.5400	8604
5.5440	8745
5.5480	8797
5.5520	8588
5.5560	8591
5.5600	8517
5.5640	8365
5.5680	8371
5.5720	8404
5.5760	8625
5.5800	8530
5.5840	8608
5.5880	8489
5.5920	8826
5.5960	8461
5.6000	8954
5.6040	8381
5.6080	8905
5.6120	8514
5.6160	8885
5.6200	8570
5.6240	8693
5.6280	8729
5.6320	8766
5.6360	8703
5.6400	8598
5.6440	8734
5.6480	8500
5.6520	8741
5.6560	8521
5.6600	8898
5.6640	8477
5.6680	9047
5.6720	8760
5.6760	8918
5.6800	8810
5.6840	9014
5.6880	8947
5.6920	9057
5.6960	9014
5.7000	8911
5.7040	8889
5.7080	9001
5.7120	8739
5.7160	8798
5.7200	8803
5.7240	8699
5.7280	8615
5.7320	8602
5.7360	8516
5.7400	8572
5.7440	8476
5.7480	8404
5.7520	8376
5.7560	8677
5.7600	8464
5.7640	8621
5.7680	8448
5.7720	9016
5.7760	8504
5.7800	8835
5.7840	8441
5.7880	9050
5.7920	8510
5.7960	8892
5.8000	8664
5.8040	8791
5.8080	8698
5.8120	8688
5.8160	8666
5.8200	8624
5.8240	8968
5.8280	8459
5.8320	8928
5.8360	8532
5.8400	9114
5.8440	8546
5.8480	8980
5.8520	8661
5.8560	8768
5.8600	8808
5.8640	9025
5.8680	8965
5.8720	8989
5.8760	9002
5.8800	8848
5.8840	8911
5.8880	8873
5.8920	8869
5.8960	8709
5.9000	8603
5.9040	8639
5.9080	8729
5.9120	8478
5.9160	8595
5.9200	8451
5.9240	8369
5.9280	8493
5.9320	8562
5.9360	8744
5.9400	8459
5.9440	8627
5.9480	8455
5.9520	8931
5.9560	8503
5.9600	8908
5.9640	8419
5.9680	8812
5.9720	8471
5.9760	8875
5.9800	8731
5.9840	8670
5.9880	8697
5.9920	8693
5.9960	8667
6.0000	8345
6.0040	8966
6.0080	8457
6.0120	8873
6.0160	8562
6.0200	8992
6.0240	8750
6.0280	9004
6.0320	8661
6.0360	9012
6.0400	8608
6.0440	9040
6.0480	8843
6.0520	9003
6.0560	8912
6.0600	8750
6.0640	8637
6.0680	8818
6.0720	8813
6.0760	8681
6.0800	8392
6.0840	8424
6.0880	8475
6.0920	8364
6.0960	8402
6.1000	8462
6.1040	8303
6.1080	8530
6.1120	8464
6.1160	8682
6.1200	8557
6.1240	8704
6.1280	8369
6.1320	9000
6.1360	8419
6.1400	8927
6.1440	8397
6.1480	8781
6.1520	8418
6.1560	8828
6.1600	8492
6.1640	8728
6.1680	8750
6.1720	8541
6.1760	8852
6.1800	8375
6.1840	8899
6.1880	8588
6.1920	8997
6.1960	8525
6.2000	9108
6.2040	8613
6.2080	8821
6.2120	8831
6.2160	8978
6.2200	8758
6.2240	8740
6.2280	8894
6.2320	8899
6.2360	8858
6.2400	8904
6.2440	8596
6.2480	8660
6.2520	8828
6.2560	8630
6.2600	8484
6.2640	8621
6.2680	8514
6.2720	8449
6.2760	8294
6.2800	8459
6.2840	8209
6.2880	8659
6.2920	8375
6.2960	8647
6.3000	8424
6.3040	8737
6.3080	8289
6.3120	8876
6.3160	8385
6.3200	8927
6.3240	8420
6.3280	8844
6.3320	8570
6.3360	8683
6.3400	8564
6.3440	8632
6.3480	8609
6.3520	8636
6.3560	8800
6.3600	8513
6.3640	8890
6.3680	8670
6.3720	9028
6.3760	8717
6.3800	9050
6.3840	8610
6.3880	8863
6.3920	8748
6.3960	8962
6.4000	8693
6.4040	8905
6.4080	8937
6.4120	8995
6.4160	8936
6.4200	8844
6.4240	8686
6.4280	8686
6.4320	8632
6.4360	8632
6.4400	8432
6.4440	8423
6.4480	8495
6.4520	8430
6.4560	8436
6.4600	8477
6.4640	8315
6.4680	8903
6.4720	8478
6.4760	8745
6.4800	8362
6.4840	8818
6.4880	8428
6.4920	9002
6.4960	8447
6.5000	8884
6.5040	8472
6.5080	8889
6.5120	8650
6.5160	8654
6.5200	8731
6.5240	8602
6.5280	8862
6.5320	8514
6.5360	8830
6.5400	8494
6.5440	9017
6.5480	8498
6.5520	8993
6.5560	8692
6.5600	8918
6.5640	8671
6.5680	9043
6.5720	8881
6.5760	8995
6.5800	8927
6.5840	8981
6.5880	9045
6.5920	8992
6.5960	8790
6.6000	8750
6.6040	8617
6.6080	8878
6.6120	8583
6.6160	8631
6.6200	8549
6.6240	8327
6.6280	8518
6.6320	8540
6.6360	8435
6.6400	8696
6.6440	8501
6.6480	8716
6.6520	8473
6.6560	8849
6.6600	8463
6.6640	8957
6.6680	8538
6.6720	9108
6.6760	8455
6.6800	8782
6.6840	8591
6.6880	8801
6.6920	8690
6.6960	8738
6.7000	8600
6.7040	8511
6.7080	8902
6.7120	8684
6.7160	9046
6.7200	8536
6.7240	8999
6.7280	8598
6.7320	8937
6.7360	8708
6.7400	8890
6.7440	8654
6.7480	8885
6.7520	8954
6.7560	8991
6.7600	8872
6.7640	9024
6.7680	8989
6.7720	8900
6.7760	8829
6.7800	8658
6.7840	8698
6.7880	8672
6.7920	8628
6.7960	8602
6.8000	8386
6.8040	8373
6.8080	8537
6.8120	8612
6.8160	8452
6.8200	8680
6.8240	8261
6.8280	8710
6.8320	8485
6.8360	8862
6.8400	8421
6.8440	8774
6.8480	8395
6.8520	9051
6.8560	8378
6.8600	8833
6.8640	8546
6.8680	8847
6.8720	8832
6.8760	8554
6.8800	8826
6.8840	8452
6.8880	8877
6.8920	8312
6.8960	8978
6.9000	8488
6.9040	8933
6.9080	8723
6.9120	8908
6.9160	8623
6.9200	8960
6.9240	8824
6.9280	9071
6.9320	8952
6.9360	9059
6.9400	8956
6.9440	8868
6.9480	8828
6.9520	8913
6.9560	8958
6.9600	8749
6.9640	8521
6.9680	8633
6.9720	8560
6.9760	8482
6.9800	8352
6.9840	8530
6.9880	8469
6.9920	8641
6.9960	8512
7.0000	8508
7.0040	8258
7.0080	8763
7.0120	8647
7.0160	8965
7.0200	8244
7.0240	8853
7.0280	8396
7.0320	8989
7.0360	8493
7.0400	8555
7.0440	8584
7.0480	8643
7.0520	8865
7.0560	8575
7.0600	8735
7.0640	8393
7.0680	8967
7.0720	8332
7.0760	8874
7.0800	8469
7.0840	8866
7.0880	8622
7.0920	9065
7.0960	8780
7.1000	8824
7.1040	8714
7.1080	9010
7.1120	9113
7.1160	8980
7.1200	8842
7.1240	8665
7.1280	8832
7.1320	8637
7.1360	8699
7.1400	8424
7.1440	8541
7.1480	8530
7.1520	8527
7.1560	8495
7.1600	8384
7.1640	8426
7.1680	8370
7.1720	8542
7.1760	8574
7.1800	8817
7.1840	8428
7.1880	8799
7.1920	8545
7.1960	8845
7.2000	8513
7.2040	8822
7.2080	8431
7.2120	9066
7.2160	8505
7.2200	8658
7.2240	8603
7.2280	8545
7.2320	8653
7.2360	8458
7.2400	8839
7.2440	8522
7.2480	9011
7.2520	8620
7.2560	9045
7.2600	8607
7.2640	8915
7.2680	8713
7.2720	8975
7.2760	8792
7.2800	8942
7.2840	8770
7.2880	8943
7.2920	9033
7.2960	8984
7.3000	8765
7.3040	8769
7.3080	8748
7.3120	8730
7.3160	8725
7.3200	8520
7.3240	8465
7.3280	8442
7.3320	8424
7.3360	8387
7.3400	8361
7.3440	8581
7.3480	8400
7.3520	8524
7.3560	8331
7.3600	8629
7.3640	8393
7.3680	8947
7.3720	8483
7.3760	8894
7.3800	8465
7.3840	9052
7.3880	8429
7.3920	8844
7.3960	8497
7.4000	8662
7.4040	8606
7.4080	8624
7.4120	8797
7.4160	8344
7.4200	8859
7.4240	8383
7.4280	9011
7.4320	8618
7.4360	8882
7.4400	8511
7.4440	8788
7.4480	8760
7.4520	9043
7.4560	8788
7.4600	8922
7.4640	8882
7.4680	8985
7.4720	9013
7.4760	8808
7.4800	8840
7.4840	8669
7.4880	8816
7.4920	8642
7.4960	8518
7.5000	8568
7.5040	8528
7.5080	8532
7.5120	8546
7.5160	8664
7.5200	8352
7.5240	8484
7.5280	8590
7.5320	8559
7.5360	8479
7.5400	8608
7.5440	8400
7.5480	8909
7.5520	8479
7.5560	8927
7.5600	8464
7.5640	8712
7.5680	8543
7.5720	8983
7.5760	8556
7.5800	8556
7.5840	8637
7.5880	8689
7.5920	8886
7.5960	8540
7.6000	8971
7.6040	8525
7.6080	9038
7.6120	8693
7.6160	9032
7.6200	8729
7.6240	9085
7.6280	8800
7.6320	9054
7.6360	8986
7.6400	8957
7.6440	8963
7.6480	8954
7.6520	8975
7.6560	8919
7.6600	8864
7.6640	8813
7.6680	8905
7.6720	8754
7.6760	8586
7.6800	8584
7.6840	8450
7.6880	8542
7.6920	8504
7.6960	8412
7.7000	8362
7.7040	8607
7.7080	8437
7.7120	8829
7.7160	8553
7.7200	8896
7.7240	8376
7.7280	9053
7.7320	8562
7.7360	8836
7.7400	8447
7.7440	8659
7.7480	8569
7.7520	8894
7.7560	8682
7.7600	8684
7.7640	8844
7.7680	8484
7.7720	8797
7.7760	8486
7.7800	8840
7.7840	8467
7.7880	9151
7.7920	8643
7.7960	9139
7.8000	8804
7.8040	9004
7.8080	8946
7.8120	8909
7.8160	8906
7.8200	8868
7.8240	9016
7.8280	8914
7.8320	8976
7.8360	8896
7.8400	8743
7.8440	8773
7.8480	8571
7.8520	8578
7.8560	8596
7.8600	8412
7.8640	8318
7.8680	8494
7.8720	8439
7.8760	8513
7.8800	8407
7.8840	8727
7.8880	8564
7.8920	8770
7.8960	8430
7.9000	8854
7.9040	8447
7.9080	8927
7.9120	8670
7.9160	9081
7.9200	8331
7.9240	8834
7.9280	8525
7.9320	8756
7.9360	8739
7.9400	8509
7.9440	8690
7.9480	8483
7.9520	8917
7.9560	8516
7.9600	9008
7.9640	8522
7.9680	8935
7.9720	8726
7.9760	9055
7.9800	8634
7.9840	9034
7.9880	9020
7.9920	8962
7.9960	9131
8.0000	8804
8.0040	8899
8.0080	8758
8.0120	8842
8.0160	8862
8.0200	8630
8.0240	8644
8.0280	8545
8.0320	8425
8.0360	8370
8.0400	8435
8.0440	8293
8.0480	8544
8.0520	8469
8.0560	8581
8.0600	8229
8.0640	8463
8.0680	8218
8.0720	8721
8.0760	8407
8.0800	8710
8.0840	8474
8.0880	8756
8.0920	8511
8.0960	8913
8.1000	8305
8.1040	8544
8.1080	8580
8.1120	8712
8.1160	8668
8.1200	8533
8.1240	8763
8.1280	8419
8.1320	8889
8.1360	8539
8.1400	8831
8.1440	8658
8.1480	8911
8.1520	8638
8.1560	8982
8.1600	8757
8.1640	8899
8.1680	8871
8.1720	8844
8.1760	8849
8.1800	8808
8.1840	8636
8.1880	8635
8.1920	8654
8.1960	8670
8.2000	8505
8.2040	8378
8.2080	8573
8.2120	8533
8.2160	8486
8.2200	8328
8.2240	8424
8.2280	8505
8.2320	8365
8.2360	8748
8.2400	8399
8.2440	8615
8.2480	8370
8.2520	8754
8.2560	8428
8.2600	8846
8.2640	8360
8.2680	8871
8.2720	8469
8.2760	8819
8.2800	8346
8.2840	8548
8.2880	8598
8.2920	8637
8.2960	8809
8.3000	8530
8.3040	8796
8.3080	8387
8.3120	8790
8.3160	8742
8.3200	9008
8.3240	8492
8.3280	9039
8.3320	8802
8.3360	8872
8.3400	8692
8.3440	8840
8.3480	8903
8.3520	8996
8.3560	8758
8.3600	8840
8.3640	8704
8.3680	8683
8.3720	8773
8.3760	8604
8.3800	8518
8.3840	8354
8.3880	8564
8.3920	8501
8.3960	8404
8.4000	8277
8.4040	8354
8.4080	8589
8.4120	8283
8.4160	8616
8.4200	8242
8.4240	8569
8.4280	8399
8.4320	8944
8.4360	8491
8.4400	8892
8.4440	8445
8.4480	8913
8.4520	8361
8.4560	8803
8.4600	8416
8.4640	8770
8.4680	8670
8.4720	8699
8.4760	8773
8.4800	8454
8.4840	8979
8.4880	8392
8.4920	9006
8.4960	8629
8.5000	8920
8.5040	8581
8.5080	9058
8.5120	8674
8.5160	8960
8.5200	8712
8.5240	8866
8.5280	8867
8.5320	9073
8.5360	8925
8.5400	8824
8.5440	8535
8.5480	8802
8.5520	8818
8.5560	8667
8.5600	8546
8.5640	8515
8.5680	8543
8.5720	8589
8.5760	8402
8.5800	8421
8.5840	8426
8.5880	8638
8.5920	8468
8.5960	8759
8.6000	8468
8.6040	8759
8.6080	8437
8.6120	8887
8.6160	8665
8.6200	8983
8.6240	8706
8.6280	8907
8.6320	8669
8.6360	8889
8.6400	8552
8.6440	8622
8.6480	8707
8.6520	8659
8.6560	8938
8.6600	8470
8.6640	8886
8.6680	8588
8.6720	9030
8.6760	8666
8.6800	9075
8.6840	8643
8.6880	8995
8.6920	9028
8.6960	9051
8.7000	8916
8.7040	8940
8.7080	8948
8.7120	8989
8.7160	8876
8.7200	8821
8.7240	8671
8.7280	8532
8.7320	8770
8.7360	8681
8.7400	8483
8.7440	8551
8.7480	8596
8.7520	8533
8.7560	8378
8.7600	8361
8.7640	8421
8.7680	8757
8.7720	8369
8.7760	8849
8.7800	8507
8.7840	8801
8.7880	8610
8.7920	8884
8.7960	8573
8.8000	8871
8.8040	8376
8.8080	8804
8.8120	8798
8.8160	8651
8.8200	8661
8.8240	8586
8.8280	8802
8.8320	8657
8.8360	8858
8.8400	8413
8.8440	9124
8.8480	8631
8.8520	9135
8.8560	8831
8.8600	8844
8.8640	8791
8.8680	8970
8.8720	9010
8.8760	8936
8.8800	8943
8.8840	9073
8.8880	9003
8.8920	9077
8.8960	8776
8.9000	8768
8.9040	8663
8.9080	8777
8.9120	8562
8.9160	8605
8.9200	8484
8.9240	8497
8.9280	8445
8.9320	8628
8.9360	8534
8.9400	8536
8.9440	8374
8.9480	8715
8.9520	8488
8.9560	8872
8.9600	8374
8.9640	8966
8.9680	8402
8.9720	8934
8.9760	8513
8.9800	8979
8.9840	8527
8.9880	8918
8.9920	8888
8.9960	8740
9.0000	8626
9.0040	8387
9.0080	8715
9.0120	8544
9.0160	8982
9.0200	8421
9.0240	8738
9.0280	8613
9.0320	9071
9.0360	8605
9.0400	8868
9.0440	8581
9.0480	8842
9.0520	8926
9.0560	8968
9.0600	8954
9.0640	8780
9.0680	8762
9.0720	8818
9.0760	8672
9.0800	8612
9.0840	8659
9.0880	8469
9.0920	8518
9.0960	8545
9.1000	8376
9.1040	8393
9.1080	8412
9.1120	8614
9.1160	8453
9.1200	8459
9.1240	8296
9.1280	8568
9.1320	8288
9.1360	8597
9.1400	8351
9.1440	8930
9.1480	8511
9.1520	8897
9.1560	8367
9.1600	8763
9.1640	8398
9.1680	8626
9.1720	8575
9.1760	8517
9.1800	8731
9.1840	8524
9.1880	8748
9.1920	8448
9.1960	9019
9.2000	8493
9.2040	8901
9.2080	8593
9.2120	9083
9.2160	8635
9.2200	9020
9.2240	8699
9.2280	8780
9.2320	8805
9.2360	8914
9.2400	8754
9.2440	8871
9.2480	8899
9.2520	8855
9.2560	8685
9.2600	8690
9.2640	8556
9.2680	8521
9.2720	8643
9.2760	8454
9.2800	8452
9.2840	8355
9.2880	8212
9.2920	8603
9.2960	8343
9.3000	8592
9.3040	8120
9.3080	8839
9.3120	8462
9.3160	8865
9.3200	8375
9.3240	8859
9.3280	8532
9.3320	9000
9.3360	8537
9.3400	8722
9.3440	8513
9.3480	8511
9.3520	8816
9.3560	8481
9.3600	8617
9.3640	8415
9.3680	8869
9.3720	8291
9.3760	8959
9.3800	8450
9.3840	8846
9.3880	8580
9.3920	9069
9.3960	8736
9.4000	8954
9.4040	8852
9.4080	8890
9.4120	8938
9.4160	8871
9.4200	8860
9.4240	8786
9.4280	8740
9.4320	8615
9.4360	8717
9.4400	8648
9.4440	8603
9.4480	8594
9.4520	8460
9.4560	8494
9.4600	8572
9.4640	8545
9.4680	8317
9.4720	8624
9.4760	8350
9.4800	8455
9.4840	8214
9.4880	8742
9.4920	8490
9.4960	8897
9.5000	8422
9.5040	8876
9.5080	8330
9.5120	8875
9.5160	8477
9.5200	8646
9.5240	8732
9.5280	8715
9.5320	8865
9.5360	8664
9.5400	8789
9.5440	8536
9.5480	8943
9.5520	8612
9.5560	9057
9.5600	8522
9.5640	9140
9.5680	8674
9.5720	9139
9.5760	8885
9.5800	8975
9.5840	8866
9.5880	8920
9.5920	9023
9.5960	9056
9.6000	9004
9.6040	8579
9.6080	8812
9.6120	8879
9.6160	8742
9.6200	8595
9.6240	8497
9.6280	8583
9.6320	8525
9.6360	8577
9.6400	8327
9.6440	8463
9.6480	8461
9.6520	8748
9.6560	8423
9.6600	8855
9.6640	8419
9.6680	8780
9.6720	8406
9.6760	9015
9.6800	8421
9.6840	8928
9.6880	8455
9.6920	8736
9.6960	8547
9.7000	8737
9.7040	8605
9.7080	8693
9.7120	8798
9.7160	8485
9.7200	8863
9.7240	8328
9.7280	8861
9.7320	8598
9.7360	8838
9.7400	8604
9.7440	8771
9.7480	8747
9.7520	8984
9.7560	8853
9.7600	9023
9.7640	8912
9.7680	9058
9.7720	9051
9.7760	8938
9.7800	8793
9.7840	8843
9.7880	8675
9.7920	8784
9.7960	8557
9.8000	8592
9.8040	8403
9.8080	8515
9.8120	8387
9.8160	8420
9.8200	8244
9.8240	8653
9.8280	8575
9.8320	8656
9.8360	8455
9.8400	8690
9.8440	8443
9.8480	8825
9.8520	8629
9.8560	8932
9.8600	8599
9.8640	8817
9.8680	8737
9.8720	8776
9.8760	8634
9.8800	8748
9.8840	8679
9.8880	8655
9.8920	8804
9.8960	8511
9.9000	8931
9.9040	8450
9.9080	9134
9.9120	8595
9.9160	8915
9.9200	8593
9.9240	8951
9.9280	8779
9.9320	9084
9.9360	8915
9.9400	8783
9.9440	8899
9.9480	9028
9.9520	8943
9.9560	8907
9.9600	8839
9.9640	8794
9.9680	8797
9.9720	8716
9.9760	8737
9.9800	8554
9.9840	8500
9.9880	8545
9.9920	8338
9.9960	8585
10.0000	8330
10.0040	8504
10.0080	8362
10.0120	8795
10.0160	8576
10.0200	8570
10.0240	8261
10.0280	8832
10.0320	8487
10.0360	8993
10.0400	8376
10.0440	8605
10.0480	8496
10.0520	8643
10.0560	8790
10.0600	8695
10.0640	8839
10.0680	8600
10.0720	8777
10.0760	8533
10.0800	8831
10.0840	8463
10.0880	8877
10.0920	8662
10.0960	8969
10.1000	8745
10.1040	8787
10.1080	8697
10.1120	8891
10.1160	8787
10.1200	8897
10.1240	8821
10.1280	8744
10.1320	8817
10.1360	8975
10.1400	8616
10.1440	8566
10.1480	8563
10.1520	8643
10.1560	8405
10.1600	8356
10.1640	8393
10.1680	8458
10.1720	8464
10.1760	8645
10.1800	8319
10.1840	8459
10.1880	8383
10.1920	8626
10.1960	8311
10.2000	8947
10.2040	8412
10.2080	8988
10.2120	8519
10.2160	8817
10.2200	8283
10.2240	8739
10.2280	8643
10.2320	8647
10.2360	8718
10.2400	8547
10.2440	8792
10.2480	8502
10.2520	8843
10.2560	8513
10.2600	8853
10.2640	8353
10.2680	8862
10.2720	8758
10.2760	8783
10.2800	8749
10.2840	8828
10.2880	8752
10.2920	9023
10.2960	8892
10.3000	9023
10.3040	8784
10.3080	8878
10.3120	8688
10.3160	8817
10.3200	8709
10.3240	8535
10.3280	8715
10.3320	8559
10.3360	8549
10.3400	8550
10.3440	8420
10.3480	8414
10.3520	8579
10.3560	8665
10.3600	8316
10.3640	8674
10.3680	8285
10.3720	8873
10.3760	8367
10.3800	8751
10.3840	8379
10.3880	8732
10.3920	8517
10.3960	8981
10.4000	8418
10.4040	8749
10.4080	8523
10.4120	8691
10.4160	8656
10.4200	8376
10.4240	8782
10.4280	8394
10.4320	8871
10.4360	8527
10.4400	8890
10.4440	8520
10.4480	8799
10.4520	8741
10.4560	8917
10.4600	8731
10.4640	8848
10.4680	8817
10.4720	9032
10.4760	8855
10.4800	8919
10.4840	8878
10.4880	8667
10.4920	8845
10.4960	8691
10.5000	8723
10.5040	8725
10.5080	8572
10.5120	8553
10.5160	8497
10.5200	8474
10.5240	8557
10.5280	8469
10.5320	8530
10.5360	8622
10.5400	8285
10.5440	8686
10.5480	8570
10.5520	8800
10.5560	8450
10.5600	8867
10.5640	8444
10.5680	9012
10.5720	8486
10.5760	8804
10.5800	8632
10.5840	8665
10.5880	8683
10.5920	8715
10.5960	8930
10.6000	8592
10.6040	8818
10.6080	8514
10.6120	9026
10.6160	8552
10.6200	9023
10.6240	8552
10.6280	9102
10.6320	8809
10.6360	8917
10.6400	8902
10.6440	9011
10.6480	9008
10.6520	9005
10.6560	8822
10.6600	8716
10.6640	8696
10.6680	8798
10.6720	8803
10.6760	8759
10.6800	8673
10.6840	8591
10.6880	8629
10.6920	8705
10.6960	8474
10.7000	8614
10.7040	8481
10.7080	8600
10.7120	8596
10.7160	8699
10.7200	8371
10.7240	8921
10.7280	8422
10.7320	9030
10.7360	8398
10.7400	8870
10.7440	8426
10.7480	8799
10.7520	8493
10.7560	8721
10.7600	8589
10.7640	8742
10.7680	8877
10.7720	8615
10.7760	8935
10.7800	8623
10.7840	8748
10.7880	8492
10.7920	9064
10.7960	8660
10.8000	8869
10.8040	8615
10.8080	8958
10.8120	8935
10.8160	9161
10.8200	8785
10.8240	9050
10.8280	9089
10.8320	8924
10.8360	8864
10.8400	8962
10.8440	8736
10.8480	8906
10.8520	8781
10.8560	8617
10.8600	8654
10.8640	8555
10.8680	8578
10.8720	8421
10.8760	8371
10.8800	8512
10.8840	8300
10.8880	8594
10.8920	8490
10.8960	8707
10.9000	8421
10.9040	8719
10.9080	8511
10.9120	8882
10.9160	8576
10.9200	8910
10.9240	8533
10.9280	8806
10.9320	8630
10.9360	8838
10.9400	8606
10.9440	8618
10.9480	8670
10.9520	8604
10.9560	8851
10.9600	8449
10.9640	8961
10.9680	8618
10.9720	9212
10.9760	8584
10.9800	8814
10.9840	8551
10.9880	9073
10.9920	8860
10.9960	9040
11.0000	8881
11.0040	8940
11.0080	8871
11.0120	8769
11.0160	8746
11.0200	8732
11.0240	8562
11.0280	8602
11.0320	8653
11.0360	8603
11.0400	8453
11.0440	8581
11.0480	8247
11.0520	8467
11.0560	8472
11.0600	8539
11.0640	8227
11.0680	8658
11.0720	8431
11.0760	8746
11.0800	8400
11.0840	8607
11.0880	8380
11.0920	8759
11.0960	8368
11.1000	8783
11.1040	8281
11.1080	8703
11.1120	8493
11.1160	8667
11.1200	8652
11.1240	8480
11.1280	8741
11.1320	8503
11.1360	8666
11.1400	8228
11.1440	8988
11.1480	8492
11.1520	9071
11.1560	8679
11.1600	8959
11.1640	8637
11.1680	9093
11.1720	8734
11.1760	8890
11.1800	8724
11.1840	8660
11.1880	8790
11.1920	8939
11.1960	8845
11.2000	8770
11.2040	8628
11.2080	8619
11.2120	8502
11.2160	8572
11.2200	8432
11.2240	8364
11.2280	8461
11.2320	8401
11.2360	8472
11.2400	8509
11.2440	8352
11.2480	8514
11.2520	8480
11.2560	8686
11.2600	8318
11.2640	8880
11.2680	8340
11.2720	9007
11.2760	8367
11.2800	8853
11.2840	8270
11.2880	8648
11.2920	8586
11.2960	8575
11.3000	8588
11.3040	8385
11.3080	8667
11.3120	8469
11.3160	9013
11.3200	8516
11.3240	8883
11.3280	8604
11.3320	8882
11.3360	8587
11.3400	8956
11.3440	8711
11.3480	8847
11.3520	8816
11.3560	8959
11.3600	8799
11.3640	8862
11.3680	8803
11.3720	8852
11.3760	8611
11.3800	8636
11.3840	8490
11.3880	8608
11.3920	8596
11.3960	8542
11.4000	8511
11.4040	8369
11.4080	8469
11.4120	8439
11.4160	8426
11.4200	8514
11.4240	8438
11.4280	8628
11.4320	8490
11.4360	8592
11.4400	8483
11.4440	8792
11.4480	8326
11.4520	8905
11.4560	8414
11.4600	8795
11.4640	8600
11.4680	8834
11.4720	8572
11.4760	8782
11.4800	8731
11.4840	8477
11.4880	8742
11.4920	8518
11.4960	8952
11.5000	8548
11.5040	8990
11.5080	8619
11.5120	9074
11.5160	8832
11.5200	8960
11.5240	8741
11.5280	9006
11.5320	8990
11.5360	9061
11.5400	9009
11.5440	9046
11.5480	8846
11.5520	8863
11.5560	8802
11.5600	8667
11.5640	8670
11.5680	8588
11.5720	8690
11.5760	8470
11.5800	8502
11.5840	8477
11.5880	8411
11.5920	8706
11.5960	8329
11.6000	8558
11.6040	8270
11.6080	8784
11.6120	8441
11.6160	8795
11.6200	8385
11.6240	8908
11.6280	8381
11.6320	8944
11.6360	8522
11.6400	8712
11.6440	8426
11.6480	8895
11.6520	8850
11.6560	8615
11.6600	8734
11.6640	8484
11.6680	8821
11.6720	8640
11.6760	8982
11.6800	8565
11.6840	8955
11.6880	8739
11.6920	9101
11.6960	8838
11.7000	8890
11.7040	8899
11.7080	8865
11.7120	8898
11.7160	9036
11.7200	8880
11.7240	8817
11.7280	8900
11.7320	8967
11.7360	8805
11.7400	8750
11.7440	8596
11.7480	8577
11.7520	8747
11.7560	8461
11.7600	8372
11.7640	8501
11.7680	8548
11.7720	8783
11.7760	8445
11.7800	8738
11.7840	8304
11.7880	8800
11.7920	8511
11.7960	8772
11.8000	8507
11.8040	8968
11.8080	8369
11.8120	8979
11.8160	8617
11.8200	8853
11.8240	8659
11.8280	8671
11.8320	8635
11.8360	8576
11.8400	8858
11.8440	8577
11.8480	8930
11.8520	8516
11.8560	8943
11.8600	8655
11.8640	8824
11.8680	8677
11.8720	8989
11.8760	8867
11.8800	8999
11.8840	8767
11.8880	8936
11.8920	8922
11.8960	8993
11.9000	8951
11.9040	8820
11.9080	8845
11.9120	8822
11.9160	8671
11.9200	8783
11.9240	8574
11.9280	8574
11.9320	8634
11.9360	8517
11.9400	8313
11.9440	8508
11.9480	8386
11.9520	8594
11.9560	8516
11.9600	8711
11.9640	8299
11.9680	8848
11.9720	8560
11.9760	8855
11.9800	8370
11.9840	8956
11.9880	8561
11.9920	8934
11.9960	8645
12.0000	8600
12.0040	8720
12.0080	8863
12.0120	8782
12.0160	8591
12.0200	8895
12.0240	8450
12.0280	8853
12.0320	8523
12.0360	8957
12.0400	8570
12.0440	8891
12.0480	8635
12.0520	8943
12.0560	8678
12.0600	8868
12.0640	8955
12.0680	8992
12.0720	8797
12.0760	8703
12.0800	8735
12.0840	8738
12.0880	8776
12.0920	8544
12.0960	8679
12.1000	8494
12.1040	8372
12.1080	8612
12.1120	8518
12.1160	8351
12.1200	8306
12.1240	8458
12.1280	8196
12.1320	8536
12.1360	8339
12.1400	8625
12.1440	8315
12.1480	8728
12.1520	8393
12.1560	8940
12.1600	8402
12.1640	8695
12.1680	8576
12.1720	8858
12.1760	8698
12.1800	8565
12.1840	8520
12.1880	8548
12.1920	8792
12.1960	8522
12.2000	8754
12.2040	8294
12.2080	8873
12.2120	8530
12.2160	9035
12.2200	8620
12.2240	8816
12.2280	8529
12.2320	8984
12.2360	8766
12.2400	8962
12.2440	8972
12.2480	8780
12.2520	8838
12.2560	8748
12.2600	8724
12.2640	8615
12.2680	8689
12.2720	8537
12.2760	8644
12.2800	8513
12.2840	8638
12.2880	8483
12.2920	8452
12.2960	8572
12.3000	8320
12.3040	8360
12.3080	8390
12.3120	8623
12.3160	8507
12.3200	8737
12.3240	8432
12.3280	8824
12.3320	8360
12.3360	8905
12.3400	8466
12.3440	8915
12.3480	8461
12.3520	8673
12.3560	8534
12.3600	8629
12.3640	8752
12.3680	8654
12.3720	8947
12.3760	8359
12.3800	8960
12.3840	8508
12.3880	9011
12.3920	8567
12.3960	8971
12.4000	8670
12.4040	8847
12.4080	8727
12.4120	9047
12.4160	9031
12.4200	8874
12.4240	8791
12.4280	8890
12.4320	8929
12.4360	8747
12.4400	8744
12.4440	8677
12.4480	8595
12.4520	8531
12.4560	8509
12.4600	8528
12.4640	8478
12.4680	8552
12.4720	8445
12.4760	8550
12.4800	8366
12.4840	8478
12.4880	8417
12.4920	8731
12.4960	8482
12.5000	8822
12.5040	8372
12.5080	8908
12.5120	8507
12.5160	9085
12.5200	8562
12.5240	8709
12.5280	8562
12.5320	8917
12.5360	8772
12.5400	8650
12.5440	8674
12.5480	8594
12.5520	9065
12.5560	8646
12.5600	9017
12.5640	8252
12.5680	9099
12.5720	8805
12.5760	9091
12.5800	8901
12.5840	8899
12.5880	8976
12.5920	8991
12.5960	9026
12.6000	8780
12.6040	8862
12.6080	8930
12.6120	9036
12.6160	8738
12.6200	8777
12.6240	8546
12.6280	8657
12.6320	8563
12.6360	8599
12.6400	8543
12.6440	8333
12.6480	8443
12.6520	8497
12.6560	8575
12.6600	8432
12.6640	8707
12.6680	8480
12.6720	8788
12.6760	8555
12.6800	8866
12.6840	8340
12.6880	9046
12.6920	8435
12.6960	8966
12.7000	8575
12.7040	8828
12.7080	8530
12.7120	8876
12.7160	8654
12.7200	8649
12.7240	8791
12.7280	8602
12.7320	9141
12.7360	8488
12.7400	9022
12.7440	8778
12.7480	9002
12.7520	8721
12.7560	8961
12.7600	8888
12.7640	8949
12.7680	8949
12.7720	8933
12.7760	9126
12.7800	8949
12.7840	8844
12.7880	8881
12.7920	8938
12.7960	8959
12.8000	8624
12.8040	8654
12.8080	8591
12.8120	8530
12.8160	8473
12.8200	8533
12.8240	8375
12.8280	8518
12.8320	8475
12.8360	8611
12.8400	8452
12.8440	8619
12.8480	8448
12.8520	8809
12.8560	8404
12.8600	8876
12.8640	8480
12.8680	9065
12.8720	8581
12.8760	8801
12.8800	8668
12.8840	8694
12.8880	8662
12.8920	8916
12.8960	8790
12.9000	8536
12.9040	8759
12.9080	8489
12.9120	8987
12.9160	8567
12.9200	8899
12.9240	8627
12.9280	9056
12.9320	8750
12.9360	9223
12.9400	8834
12.9440	8832
12.9480	8957
12.9520	9040
12.9560	9093
12.9600	9007
12.9640	8893
12.9680	8809
12.9720	8787
12.9760	8832
12.9800	8589
12.9840	8732
12.9880	8518
12.9920	8627
12.9960	8575
13.0000	8311
13.0040	8420
13.0080	8454
13.0120	8227
13.0160	8518
13.0200	8357
13.0240	8776
13.0280	8424
13.0320	8816
13.0360	8364
13.0400	8902
13.0440	8362
13.0480	8968
13.0520	8459
13.0560	8732
13.0600	8515
13.0640	8598
13.0680	8831
13.0720	8628
13.0760	8815
13.0800	8398
13.0840	8868
13.0880	8407
13.0920	8965
13.0960	8492
13.1000	8801
13.1040	8561
13.1080	8837
13.1120	8752
13.1160	9008
13.1200	8706
13.1240	8973
13.1280	8982
13.1320	8967
13.1360	8975
13.1400	8832
13.1440	8624
13.1480	8722
13.1520	8798
13.1560	8734
13.1600	8525
13.1640	8507
13.1680	8327
13.1720	8421
13.1760	8269
13.1800	8471
13.1840	8422
13.1880	8560
13.1920	8315
13.1960	8491
13.2000	8350
13.2040	8792
13.2080	8398
13.2120	8908
13.2160	8486
13.2200	8910
13.2240	8367
13.2280	8755
13.2320	8443
13.2360	8776
13.2400	8546
13.2440	8681
13.2480	8672
13.2520	8570
13.2560	8820
13.2600	8462
13.2640	8765
13.2680	8522
13.2720	8836
13.2760	8693
13.2800	8928
13.2840	8644
13.2880	9010
13.2920	8660
13.2960	8940
13.3000	8811
13.3040	9051
13.3080	8881
13.3120	8777
13.3160	8738
13.3200	8884
13.3240	8638
13.3280	8713
13.3320	8724
13.3360	8495
13.3400	8598
13.3440	8351
13.3480	8514
13.3520	8365
13.3560	8344
13.3600	8312
13.3640	8342
13.3680	8625
13.3720	8342
13.3760	8725
13.3800	8363
13.3840	8841
13.3880	8559
13.3920	9073
13.3960	8418
13.4000	8652
13.4040	8356
13.4080	8875
13.4120	8509
13.4160	8598
13.4200	8686
13.4240	8610
13.4280	8669
13.4320	8669
13.4360	8699
13.4400	8390
13.4440	8884
13.4480	8555
13.4520	9138
13.4560	8784
13.4600	8939
13.4640	8634
13.4680	9079
13.4720	8735
13.4760	8905
13.4800	8860
13.4840	8788
13.4880	8977
13.4920	9120
13.4960	8781
13.5000	8674
13.5040	8654
13.5080	8668
13.5120	8729
13.5160	8534
13.5200	8575
13.5240	8493
13.5280	8453
13.5320	8615
13.5360	8376
13.5400	8508
13.5440	8519
13.5480	8605
13.5520	8508
13.5560	8828
13.5600	8432
13.5640	8868
13.5680	8490
13.5720	9093
13.5760	8558
13.5800	8893
13.5840	8543
13.5880	8854
13.5920	8792
13.5960	8841
13.6000	8791
13.6040	8730
13.6080	8758
13.6120	8580
13.6160	9077
13.6200	8468
13.6240	8986
13.6280	8514
13.6320	9192
13.6360	8697
13.6400	9012
13.6440	8775
13.6480	8970
13.6520	8975
13.6560	8998
13.6600	8835
13.6640	8812
13.6680	8883
13.6720	8883
13.6760	8891
13.6800	8853
13.6840	8686
13.6880	8790
13.6920	8773
13.6960	8624
13.7000	8334
13.7040	8380
13.7080	8472
13.7120	8635
13.7160	8411
13.7200	8559
13.7240	8342
13.7280	8748
13.7320	8482
13.7360	8664
13.7400	8447
13.7440	8697
13.7480	8429
13.7520	9038
13.7560	8493
13.7600	8918
13.7640	8483
13.7680	8915
13.7720	8952
13.7760	8582
13.7800	8777
13.7840	8545
13.7880	8856
13.7920	8460
13.7960	8944
13.8000	8502
13.8040	8939
13.8080	8641
13.8120	8931
13.8160	8793
13.8200	9076
13.8240	8833
13.8280	8966
13.8320	8891
13.8360	9025
13.8400	8878
13.8440	8721
13.8480	8897
13.8520	8950
13.8560	8885
13.8600	8657
13.8640	8587
13.8680	8644
13.8720	8496
13.8760	8574
13.8800	8416
13.8840	8548
13.8880	8444
13.8920	8751
13.8960	8536
13.9000	8677
13.9040	8357
13.9080	8816
13.9120	8423
13.9160	8841
13.9200	8454
13.9240	8834
13.9280	8557
13.9320	9001
13.9360	8654
13.9400	8781
13.9440	8464
13.9480	8773
13.9520	8764
13.9560	8677
13.9600	8755
13.9640	8548
13.9680	8920
13.9720	8489
13.9760	9030
13.9800	8526
13.9840	8902
13.9880	8417
13.9920	8990
13.9960	8816
14.0000	8898
14.0040	8787
14.0080	8831
14.0120	9056
14.0160	8842
14.0200	8771
14.0240	8772
14.0280	8778
14.0320	8800
14.0360	8665
14.0400	8605
14.0440	8406
14.0480	8509
14.0520	8493
14.0560	8536
14.0600	8254
14.0640	8422
14.0680	8430
14.0720	8593
14.0760	8305
14.0800	8585
14.0840	8299
14.0880	8701
14.0920	8472
14.0960	8863
14.1000	8301
14.1040	8880
14.1080	8373
14.1120	8934
14.1160	8547
14.1200	8791
14.1240	8534
14.1280	8699
14.1320	8601
14.1360	8659
14.1400	8665
14.1440	8475
14.1480	8917
14.1520	8506
14.1560	9006
14.1600	8601
14.1640	9060
14.1680	8575
14.1720	8965
14.1760	8748
14.1800	8754
14.1840	8718
14.1880	8897
14.1920	8942
14.1960	8880
14.2000	8541
14.2040	8912
14.2080	8830
14.2120	8862
14.2160	8661
14.2200	8760
14.2240	8537
14.2280	8518
14.2320	8635
14.2360	8488
14.2400	8318
14.2440	8319
14.2480	8517
14.2520	8716
14.2560	8479
14.2600	8579
14.2640	8498
14.2680	8839
14.2720	8447
14.2760	8899
14.2800	8259
14.2840	8874
14.2880	8430
14.2920	8746
14.2960	8370
14.3000	8834
14.3040	8685
14.3080	8700
14.3120	8878
14.3160	8507
14.3200	8796
14.3240	8421
14.3280	9078
14.3320	8487
14.3360	8871
14.3400	8652
14.3440	8871
14.3480	8714
14.3520	9087
14.3560	8791
14.3600	8878
14.3640	8816
14.3680	8839
14.3720	8983
14.3760	8907
14.3800	8680
14.3840	8704
14.3880	8904
14.3920	8676
14.3960	8594
14.4000	8599
14.4040	8570
14.4080	8347
14.4120	8498
14.4160	8518
14.4200	8370
14.4240	8479
14.4280	8371
14.4320	8485
14.4360	8443
14.4400	8592
14.4440	8422
14.4480	8807
14.4520	8377
14.4560	8838
14.4600	8397
14.4640	8780
14.4680	8502
14.4720	8800
14.4760	8577
14.4800	8621
14.4840	8466
14.4880	8678
14.4920	8726
14.4960	8481
14.5000	8730
14.5040	8355
14.5080	8996
14.5120	8536
14.5160	9064
14.5200	8544
14.5240	8978
14.5280	8692
14.5320	9028
14.5360	8948
14.5400	8916
14.5440	9037
14.5480	8867
14.5520	8976
14.5560	8887
14.5600	8769
14.5640	8677
14.5680	8728
14.5720	8730
14.5760	8764
14.5800	8435
14.5840	8609
14.5880	8519
14.5920	8437
14.5960	8577
14.6000	8430
14.6040	8553
14.6080	8447
14.6120	8828
14.6160	8404
14.6200	8697
14.6240	8587
14.6280	8944
14.6320	8517
14.6360	8949
14.6400	8529
14.6440	8783
14.6480	8504
14.6520	8883
14.6560	8647
14.6600	8617
14.6640	8881
14.6680	8617
14.6720	8908
14.6760	8645
14.6800	8842
14.6840	8666
14.6880	9043
14.6920	8781
14.6960	8981
14.7000	8739
14.7040	8948
14.7080	8922
14.7120	9164
14.7160	8873
14.7200	8973
14.7240	8996
14.7280	8975
14.7320	8841
14.7360	8792
14.7400	8819
14.7440	8691
14.7480	8819
14.7520	8596
14.7560	8624
14.7600	8476
14.7640	8456
14.7680	8625
14.7720	8505
14.7760	8570
14.7800	8525
14.7840	8754
14.7880	8387
14.7920	8823
14.7960	8387
14.8000	8779
14.8040	8304
14.8080	8917
14.8120	8534
14.8160	8996
14.8200	8431
14.8240	8844
14.8280	8572
14.8320	8843
14.8360	8786
14.8400	8617
14.8440	8587
14.8480	8530
14.8520	8971
14.8560	8527
14.8600	9071
14.8640	8451
14.8680	8924
14.8720	8456
14.8760	8993
14.8800	8612
14.8840	8992
14.8880	8860
14.8920	9101
14.8960	8940
14.9000	8967
14.9040	8958
14.9080	8881
14.9120	8889
14.9160	8800
14.9200	8735
14.9240	8660
14.9280	8518
14.9320	8619
14.9360	8606
14.9400	8384
14.9440	8392
14.9480	8403
14.9520	8376
14.9560	8736
14.9600	8519
14.9640	8602
14.9680	8417
14.9720	8710
14.9760	8496
14.9800	8906
14.9840	8241
14.9880	8940
14.9920	8540
14.9960	8892
15.0000	8336
15.0040	8878
15.0080	8531
15.0120	8671
15.0160	8632
15.0200	8527
15.0240	8694
15.0280	8716
15.0320	8942
15.0360	8396
15.0400	8893
15.0440	8534
15.0480	8952
15.0520	8566
15.0560	9028
15.0600	8496
15.0640	8866
15.0680	8904
15.0720	8967
15.0760	8722
15.0800	8993
15.0840	8816
15.0880	8862
15.0920	8846
15.0960	8690
15.1000	8674
15.1040	8383
15.1080	8568
15.1120	8548
15.1160	8589
15.1200	8417
15.1240	8273
15.1280	8319
15.1320	8527
15.1360	8512
15.1400	8447
15.1440	8589
15.1480	8613
15.1520	8838
15.1560	8277
15.1600	8697
15.1640	8357
15.1680	8807
15.1720	8554
15.1760	8935
15.1800	8401
15.1840	8633
15.1880	8651
15.1920	8846
15.1960	8566
15.2000	8399
15.2040	8772
15.2080	8453
15.2120	8906
15.2160	8357
15.2200	8954
15.2240	8495
15.2280	8845
15.2320	8761
15.2360	8878
15.2400	8702
15.2440	8885
15.2480	8833
15.2520	9013
15.2560	8907
15.2600	8967
15.2640	8818
15.2680	8772
15.2720	8651
15.2760	8842
15.2800	8622
15.2840	8547
15.2880	8424
15.2920	8532
15.2960	8456
15.3000	8408
15.3040	8377
15.3080	8624
15.3120	8492
15.3160	8567
15.3200	8356
15.3240	8751
15.3280	8482
15.3320	8898
15.3360	8310
15.3400	8970
15.3440	8470
15.3480	8929
15.3520	8480
15.3560	8747
15.3600	8478
15.3640	8563
15.3680	8889
15.3720	8679
15.3760	8832
15.3800	8379
15.3840	8702
15.3880	8476
15.3920	9028
15.3960	8476
15.4000	8879
15.4040	8395
15.4080	8898
15.4120	8894
15.4160	8903
15.4200	8697
15.4240	8968
15.4280	8846
15.4320	9055
15.4360	8966
15.4400	8758
15.4440	8753
15.4480	8805
15.4520	8817
15.4560	8700
15.4600	8551
15.4640	8660
15.4680	8446
15.4720	8337
15.4760	8432
15.4800	8394
15.4840	8314
15.4880	8630
15.4920	8385
15.4960	8770
15.5000	8323
15.5040	8905
15.5080	8590
15.5120	8939
15.5160	8369
15.5200	8762
15.5240	8348
15.5280	8950
15.5320	8597
15.5360	8869
15.5400	8472
15.5440	8871
15.5480	8831
15.5520	8609
15.5560	8779
15.5600	8555
15.5640	8952
15.5680	8592
15.5720	8977
15.5760	8710
15.5800	8949
15.5840	8605
15.5880	9092
15.5920	8796
15.5960	9096
15.6000	8909
15.6040	8948
15.6080	8899
15.6120	9054
15.6160	8917
15.6200	8866
15.6240	8784
15.6280	8782
15.6320	8657
15.6360	8782
15.6400	8427
15.6440	8686
15.6480	8599
15.6520	8449
15.6560	8396
15.6600	8372
15.6640	8457
15.6680	8672
15.6720	8576
15.6760	8786
15.6800	8416
15.6840	8823
15.6880	8548
15.6920	8912
15.6960	8527
15.7000	8784
15.7040	8513
15.7080	8838
15.7120	8510
15.7160	8872
15.7200	8629
15.7240	8640
15.7280	8827
15.7320	8697
15.7360	8798
15.7400	8373
15.7440	8910
15.7480	8620
15.7520	9089
15.7560	8709
15.7600	8999
15.7640	8603
15.7680	8994
15.7720	8945
15.7760	8872
15.7800	8878
15.7840	8961
15.7880	8962
15.7920	8940
15.7960	9016
15.8000	8950
15.8040	8699
15.8080	8853
15.8120	8738
15.8160	8715
15.8200	8618
15.8240	8566
15.8280	8522
15.8320	8529
15.8360	8475
15.8400	8576
15.8440	8510
15.8480	8643
15.8520	8469
15.8560	8808
15.8600	8392
15.8640	8973
15.8680	8460
15.8720	8940
15.8760	8430
15.8800	8913
15.8840	8536
15.8880	8937
15.8920	8638
15.8960	8695
15.9000	8638
15.9040	8663
15.9080	8881
15.9120	8595
15.9160	8869
15.9200	8340
15.9240	8940
15.9280	8566
15.9320	9033
15.9360	8640
15.9400	8976
15.9440	8731
15.9480	8990
15.9520	8853
15.9560	9045
15.9600	8917
15.9640	8852
15.9680	8913
15.9720	8982
15.9760	8852
15.9800	8787
15.9840	8594
15.9880	8639
15.9920	8645
15.9960	8737
16.0000	8518
16.0040	8512
16.0080	8355
16.0120	8512
16.0160	8351
16.0200	8555
16.0240	8252
16.0280	8647
16.0320	8386
16.0360	8580
16.0400	8256
16.0440	8747
16.0480	8525
16.0520	8969
16.0560	8488
16.0600	8747
16.0640	8308
16.0680	8814
16.0720	8685
16.0760	8702
16.0800	8673
16.0840	8524
16.0880	8686
16.0920	8386
16.0960	8873
16.1000	8567
16.1040	8955
16.1080	8550
16.1120	8997
16.1160	8625
16.1200	9025
16.1240	8551
16.1280	8923
16.1320	8960
16.1360	8955
16.1400	8822
16.1440	8764
16.1480	8886
16.1520	8841
16.1560	8640
16.1600	8767
16.1640	8512
16.1680	8705
16.1720	8620
16.1760	8592
16.1800	8443
16.1840	8484
16.1880	8358
16.1920	8543
16.1960	8332
16.2000	8516
16.2040	8338
16.2080	8676
16.2120	8423
16.2160	8722
16.2200	8278
16.2240	8869
16.2280	8379
16.2320	9140
16.2360	8466
16.2400	8688
16.2440	8489
16.2480	8918
16.2520	8724
16.2560	8695
16.2600	8742
16.2640	8515
16.2680	8816
16.2720	8447
16.2760	8932
16.2800	8427
16.2840	8868
16.2880	8560
16.2920	8836
16.2960	8681
16.3000	8908
16.3040	8633
16.3080	8940
16.3120	8838
16.3160	8848
16.3200	8789
16.3240	8722
16.3280	8751
16.3320	8743
16.3360	8692
16.3400	8660
16.3440	8512
16.3480	8718
16.3520	8622
16.3560	8441
16.3600	8228
16.3640	8502
16.3680	8346
16.3720	8683
16.3760	8348
16.3800	8689
16.3840	8274
16.3880	8741
16.3920	8408
16.3960	8958
16.4000	8393
16.4040	8867
16.4080	8483
16.4120	8893
16.4160	8541
16.4200	8791
16.4240	8567
16.4280	8646
16.4320	8759
16.4360	8528
16.4400	8757
16.4440	8306
16.4480	8853
16.4520	8493
16.4560	8991
16.4600	8559
16.4640	8934
16.4680	8751
16.4720	8962
16.4760	8788
16.4800	8978
16.4840	8692
16.4880	8993
16.4920	9046
16.4960	8970
16.5000	8889
16.5040	8816
16.5080	8734
16.5120	8808
16.5160	8780
16.5200	8674
16.5240	8596
16.5280	8658
16.5320	8643
16.5360	8489
16.5400	8392
16.5440	8407
16.5480	8512
16.5520	8744
16.5560	8529
16.5600	8610
16.5640	8359
16.5680	8857
16.5720	8391
16.5760	8977
16.5800	8512
16.5840	9032
16.5880	8507
16.5920	8957
16.5960	8461
16.6000	8713
16.6040	8614
16.6080	8721
16.6120	8729
16.6160	8519
16.6200	8730
16.6240	8396
16.6280	8944
16.6320	8570
16.6360	9008
16.6400	8512
16.6440	9093
16.6480	8675
16.6520	9066
16.6560	8783
16.6600	9035
16.6640	8984
16.6680	8917
16.6720	8959
16.6760	8799
16.6800	8745
16.6840	8860
16.6880	8871
16.6920	8845
16.6960	8731
16.7000	8473
16.7040	8654
16.7080	8620
16.7120	8609
16.7160	8591
16.7200	8331
16.7240	8546
16.7280	8584
16.7320	8763
16.7360	8342
16.7400	8609
16.7440	8365
16.7480	8870
16.7520	8354
16.7560	9028
16.7600	8435
16.7640	9012
16.7680	8539
16.7720	8816
16.7760	8675
16.7800	8747
16.7840	8587
16.7880	8731
16.7920	8772
16.7960	8538
16.8000	8900
16.8040	8362
16.8080	9074
16.8120	8665
16.8160	8922
16.8200	8656
16.8240	8895
16.8280	8862
16.8320	8972
16.8360	8876
16.8400	9004
16.8440	8887
16.8480	9019
16.8520	8981
16.8560	9055
16.8600	8898
16.8640	8716
16.8680	8809
16.8720	8829
16.8760	8679
16.8800	8713
16.8840	8559
16.8880	8651
16.8920	8581
16.8960	8414
16.9000	8292
16.9040	8531
16.9080	8496
16.9120	8803
16.9160	8663
16.9200	8692
16.9240	8345
16.9280	8916
16.9320	8611
16.9360	9008
16.9400	8497
16.9440	8973
16.9480	8641
16.9520	8873
16.9560	8668
16.9600	8656
16.9640	8826
16.9680	8733
16.9720	8929
16.9760	8499
16.9800	8748
16.9840	8462
16.9880	9044
16.9920	8608
16.9960	9005
17.0000	8597
17.0040	8852
17.0080	8758
17.0120	8998
17.0160	9022
17.0200	8884
17.0240	9006
17.0280	9075
17.0320	8937
17.0360	8811
17.0400	8756
17.0440	8766
17.0480	8764
17.0520	8767
17.0560	8532
17.0600	8449
17.0640	8423
17.0680	8422
17.0720	8505
17.0760	8668
17.0800	8296
17.0840	8714
17.0880	8380
17.0920	8758
17.0960	8463
17.1000	8815
17.1040	8444
17.1080	8914
17.1120	8340
17.1160	8966
17.1200	8335
17.1240	8897
17.1280	8517
17.1320	8824
17.1360	8824
17.1400	8584
17.1440	8805
17.1480	8575
17.1520	8954
17.1560	8504
17.1600	8868
17.1640	8484
17.1680	9016
17.1720	8849
17.1760	8856
17.1800	8663
17.1840	9020
17.1880	8844
17.1920	9069
17.1960	8952
17.2000	9012
17.2040	8930
17.2080	9020
17.2120	9016
17.2160	8932
17.2200	8685
17.2240	8718
17.2280	8795
17.2320	8678
17.2360	8586
17.2400	8590
17.2440	8448
17.2480	8542
17.2520	8472
17.2560	8725
17.2600	8326
17.2640	8602
17.2680	8424
17.2720	8643
17.2760	8562
17.2800	8760
17.2840	8437
17.2880	8843
17.2920	8512
17.2960	8996
17.3000	8444
17.3040	8844
17.3080	8587
17.3120	8690
17.3160	8682
17.3200	8547
17.3240	8701
17.3280	8566
17.3320	8916
17.3360	8484
17.3400	8984
17.3440	8532
17.3480	8792
17.3520	8675
17.3560	8995
17.3600	8803
17.3640	9105
17.3680	8689
17.3720	8982
17.3760	8899
17.3800	9000
17.3840	8890
17.3880	8895
17.3920	8845
17.3960	8852
17.4000	8655
17.4040	8608
17.4080	8531
17.4120	8670
17.4160	8573
17.4200	8413
17.4240	8351
17.4280	8525
17.4320	8398
17.4360	8524
17.4400	8294
17.4440	8608
17.4480	8481
17.4520	8922
17.4560	8451
17.4600	8822
17.4640	8438
17.4680	8873
17.4720	8487
17.4760	8893
17.4800	8586
17.4840	8700
17.4880	8657
17.4920	8711
17.4960	8730
17.5000	8517
17.5040	8833
17.5080	8525
17.5120	9030
17.5160	8604
17.5200	9013
17.5240	8584
17.5280	8927
17.5320	8824
17.5360	8927
17.5400	8865
17.5440	8771
17.5480	8991
17.5520	9205
17.5560	9034
17.5600	8856
17.5640	8693
17.5680	9010
17.5720	8853
17.5760	8810
17.5800	8636
17.5840	8618
17.5880	8695
17.5920	8669
17.5960	8661
17.6000	8349
17.6040	8490
17.6080	8574
17.6120	8510
17.6160	8686
17.6200	8448
17.6240	8742
17.6280	8486
17.6320	8924
17.6360	8593
17.6400	8807
17.6440	8613
17.6480	8968
17.6520	8498
17.6560	8856
17.6600	8401
17.6640	8741
17.6680	8720
17.6720	8750
17.6760	8824
17.6800	8568
17.6840	8845
17.6880	8603
17.6920	9139
17.6960	8488
17.7000	8960
17.7040	8621
17.7080	9103
17.7120	8834
17.7160	8924
17.7200	8837
17.7240	8963
17.7280	9003
17.7320	9033
17.7360	9001
17.7400	8852
17.7440	8968
17.7480	8953
17.7520	8951
17.7560	8927
17.7600	8729
17.7640	8640
17.7680	8671
17.7720	8538
17.7760	8495
17.7800	8457
17.7840	8319
17.7880	8487
17.7920	8637
17.7960	8772
17.8000	8456
17.8040	8702
17.8080	8425
17.8120	8922
17.8160	8462
17.8200	9050
17.8240	8488
17.8280	8943
17.8320	8594
17.8360	9035
17.8400	8422
17.8440	8744
17.8480	8842
17.8520	8728
17.8560	8759
17.8600	8570
17.8640	8976
17.8680	8589
17.8720	9061
17.8760	8710
17.8800	9000
17.8840	8648
17.8880	8930
17.8920	8765
17.8960	9043
17.9000	8873
17.9040	9033
17.9080	8931
17.9120	8894
17.9160	8908
17.9200	8818
17.9240	8872
17.9280	8845
17.9320	8785
17.9360	8653
17.9400	8543
17.9440	8583
17.9480	8733
17.9520	8539
17.9560	8458
17.9600	8518
17.9640	8322
17.9680	8625
17.9720	8495
17.9760	8933
17.9800	8379
17.9840	8785
17.9880	8512
17.9920	9109
17.9960	8475
18.0000	8901
18.0040	8314
18.0080	8823
18.0120	8608
18.0160	8556
18.0200	8592
18.0240	8669
18.0280	8800
18.0320	8535
18.0360	8866
18.0400	8454
18.0440	8858
18.0480	8505
18.0520	8887
18.0560	8470
18.0600	8984
18.0640	8724
18.0680	9062
18.0720	8786
18.0760	8885
18.0800	8931
18.0840	8998
18.0880	8989
18.0920	8970
18.0960	8779
18.1000	8719
18.1040	8793
18.1080	8673
18.1120	8762
18.1160	8711
18.1200	8536
18.1240	8475
18.1280	8481
18.1320	8426
18.1360	8421
18.1400	8579
18.1440	8469
18.1480	8599
18.1520	8335
18.1560	8725
18.1600	8368
18.1640	8894
18.1680	8421
18.1720	8913
18.1760	8358
18.1800	8758
18.1840	8276
18.1880	8668
18.1920	8536
18.1960	8626
18.2000	8666
18.2040	8728
18.2080	8668
18.2120	8486
18.2160	8784
18.2200	8290
18.2240	8885
18.2280	8402
18.2320	8895
18.2360	8622
18.2400	8929
18.2440	8642
18.2480	8887
18.2520	8919
18.2560	8880
18.2600	8808
18.2640	8873
18.2680	8946
18.2720	8852
18.2760	8838
18.2800	8574
18.2840	8600
18.2880	8642
18.2920	8701
18.2960	8523
18.3000	8386
18.3040	8494
18.3080	8413
18.3120	8567
18.3160	8477
18.3200	8583
18.3240	8267
18.3280	8626
18.3320	8471
18.3360	8896
18.3400	8307
18.3440	8840
18.3480	8356
18.3520	8889
18.3560	8377
18.3600	8903
18.3640	8314
18.3680	8725
18.3720	8637
18.3760	8660
18.3800	8637
18.3840	8524
18.3880	8882
18.3920	8470
18.3960	8910
18.4000	8424
18.4040	8880
18.4080	8546
18.4120	8805
18.4160	8647
18.4200	8949
18.4240	8617
18.4280	8839
18.4320	9014
18.4360	8990
18.4400	8783
18.4440	8956
18.4480	8844
18.4520	8778
18.4560	8840
18.4600	8684
18.4640	8686
18.4680	8746
18.4720	8532
18.4760	8535
18.4800	8535
18.4840	8492
18.4880	8418
18.4920	8593
18.4960	8409
18.5000	8461
18.5040	8560
18.5080	8661
18.5120	8309
18.5160	8719
18.5200	8416
18.5240	8753
18.5280	8390
18.5320	9050
18.5360	8377
18.5400	8858
18.5440	8693
18.5480	8829
18.5520	8825
18.5560	8706
18.5600	8676
18.5640	8533
18.5680	8808
18.5720	8581
18.5760	9009
18.5800	8818
18.5840	8991
18.5880	8709
18.5920	8908
18.5960	8829
18.6000	8836
18.6040	8812
18.6080	9014
18.6120	8932
18.6160	8965
18.6200	8918
18.6240	8958
18.6280	8841
18.6320	8894
18.6360	8888
18.6400	8694
18.6440	8685
18.6480	8624
18.6520	8614
18.6560	8616
18.6600	8366
18.6640	8455
18.6680	8528
18.6720	8648
18.6760	8293
18.6800	8671
18.6840	8377
18.6880	8692
18.6920	8545
18.6960	8919
18.7000	8596
18.7040	8753
18.7080	8454
18.7120	8905
18.7160	8505
18.7200	8893
18.7240	8561
18.7280	8716
18.7320	8743
18.7360	8729
18.7400	8787
18.7440	8452
18.7480	8950
18.7520	8471
18.7560	8905
18.7600	8506
18.7640	8948
18.7680	8701
18.7720	9111
18.7760	8720
18.7800	9070
18.7840	8902
18.7880	9069
18.7920	9016
18.7960	9102
18.8000	8998
18.8040	8848
18.8080	8821
18.8120	8740
18.8160	8826
18.8200	8751
18.8240	8673
18.8280	8630
18.8320	8475
18.8360	8574
18.8400	8463
18.8440	8624
18.8480	8520
18.8520	8685
18.8560	8501
18.8600	8725
18.8640	8279
18.8680	8841
18.8720	8449
18.8760	8765
18.8800	8366
18.8840	8895
18.8880	8415
18.8920	9005
18.8960	8594
18.9000	8682
18.9040	8674
18.9080	8752
18.9120	8814
18.9160	8692
18.9200	8890
18.9240	8558
18.9280	9075
18.9320	8535
18.9360	9210
18.9400	8592
18.9440	8806
18.9480	8659
18.9520	9130
18.9560	8844
18.9600	8936
18.9640	8651
18.9680	9068
18.9720	8929
18.9760	9010
18.9800	8952
18.9840	8770
18.9880	8792
18.9920	8735
18.9960	8778
19.0000	8435
19.0040	8485
19.0080	8409
19.0120	8550
19.0160	8453
19.0200	8365
19.0240	8431
19.0280	8348
19.0320	8614
19.0360	8323
19.0400	8696
19.0440	8379
19.0480	8936
19.0520	8517
19.0560	8788
19.0600	8342
19.0640	8768
19.0680	8497
19.0720	8798
19.0760	8583
19.0800	8576
19.0840	8619
19.0880	8816
19.0920	8733
19.0960	8487
19.1000	8905
19.1040	8245
19.1080	8809
19.1120	8440
19.1160	9019
19.1200	8609
19.1240	8884
19.1280	8778
19.1320	8798
19.1360	8765
19.1400	8919
19.1440	8800
19.1480	8985
19.1520	8764
19.1560	8829
19.1600	8909
19.1640	8734
19.1680	8798
19.1720	8515
19.1760	8562
19.1800	8526
19.1840	8467
19.1880	8451
19.1920	8508
19.1960	8479
19.2000	8386
19.2040	8505
19.2080	8345
19.2120	8659
19.2160	8444
19.2200	8684
19.2240	8401
19.2280	8949
19.2320	8501
19.2360	8941
19.2400	8352
19.2440	8916
19.2480	8510
19.2520	8807
19.2560	8580
19.2600	8692
19.2640	8608
19.2680	8594
19.2720	8878
19.2760	8476
19.2800	8811
19.2840	8264
19.2880	9098
19.2920	8495
19.2960	8921
19.3000	8724
19.3040	8873
19.3080	8671
19.3120	9012
19.3160	8751
19.3200	8958
19.3240	8935
19.3280	9024
19.3320	8843
19.3360	8952
19.3400	8773
19.3440	8657
19.3480	8595
19.3520	8716
19.3560	8566
19.3600	8473
19.3640	8426
19.3680	8282
19.3720	8332
19.3760	8417
19.3800	8318
19.3840	8609
19.3880	8529
19.3920	8657
19.3960	8377
19.4000	8819
19.4040	8271
19.4080	8863
19.4120	8447
19.4160	8971
19.4200	8370
19.4240	8783
19.4280	8413
19.4320	8824
19.4360	8650
19.4400	8654
19.4440	8675
19.4480	8552
19.4520	8852
19.4560	8618
19.4600	8934
19.4640	8306
19.4680	9044
19.4720	8733
19.4760	8847
19.4800	8648
19.4840	8734
19.4880	8741
19.4920	8982
19.4960	8810
19.5000	8998
19.5040	9010
19.5080	9061
19.5120	8898
19.5160	8832
19.5200	8809
19.5240	8675
19.5280	8721
19.5320	8688
19.5360	8636
19.5400	8575
19.5440	8544
19.5480	8577
19.5520	8481
19.5560	8566
19.5600	8583
19.5640	8590
19.5680	8351
19.5720	8836
19.5760	8538
19.5800	8795
19.5840	8337
19.5880	8964
19.5920	8586
19.5960	9009
19.6000	8531
19.6040	8838
19.6080	8630
19.6120	8782
19.6160	8701
19.6200	8720
19.6240	8815
19.6280	8490
19.6320	9058
19.6360	8556
19.6400	8993
19.6440	8563
19.6480	9089
19.6520	8900
19.6560	9051
19.6600	8759
19.6640	8945
19.6680	8948
19.6720	9002
19.6760	8900
19.6800	8957
19.6840	8915
19.6880	9080
19.6920	8868
19.6960	8900
19.7000	8687
19.7040	8752
19.7080	8761
19.7120	8667
19.7160	8627
19.7200	8504
19.7240	8433
19.7280	8520
19.7320	8404
19.7360	8589
19.7400	8465
19.7440	8676
19.7480	8445
19.7520	8812
19.7560	8471
19.7600	8955
19.7640	8345
19.7680	8851
19.7720	8601
19.7760	8971
19.7800	8506
19.7840	8862
19.7880	8704
19.7920	8749
19.7960	8681
19.8000	8486
19.8040	8752
19.8080	8587
19.8120	9097
19.8160	8481
19.8200	8979
19.8240	8437
19.8280	8978
19.8320	8583
19.8360	9010
19.8400	8707
19.8440	8888
19.8480	8829
19.8520	9041
19.8560	8999
19.8600	8845
19.8640	8814
19.8680	9026
19.8720	8961
19.8760	8668
19.8800	8654
19.8840	8821
19.8880	8621
19.8920	8780
19.8960	8589
19.9000	8416
19.9040	8474
19.9080	8547
19.9120	8521
19.9160	8726
19.9200	8394
19.9240	8656
19.9280	8517
19.9320	8877
19.9360	8502
19.9400	8860
19.9440	8488
19.9480	8954
19.9520	8526
19.9560	8853
19.9600	8595
19.9640	8838
19.9680	8690
19.9720	8844
19.9760	8838
19.9800	8634
19.9840	8808
19.9880	8463
19.9920	9083
19.9960	8533
