0.0000	8783
0.0050	8540
0.0100	8919
0.0150	8573
0.0200	8384
0.0250	8527
0.0300	8753
0.0350	8939
0.0400	8595
0.0450	8453
0.0500	8477
0.0550	8914
0.0600	8919
0.0650	8898
0.0700	8345
0.0750	8779
0.0800	8584
0.0850	8523
0.0900	8795
0.0950	8543
0.1000	8932
0.1050	8484
0.1100	8429
0.1150	8591
0.1200	8689
0.1250	8761
0.1300	8570
0.1350	8312
0.1400	8449
0.1450	8946
0.1500	8870
0.1550	8926
0.1600	8553
0.1650	8659
0.1700	8702
0.1750	8641
0.1800	8748
0.1850	8382
0.1900	9040
0.1950	8442
0.2000	8510
0.2050	8584
0.2100	8734
0.2150	9104
0.2200	8646
0.2250	8339
0.2300	8652
0.2350	8809
0.2400	8877
0.2450	8755
0.2500	8386
0.2550	8958
0.2600	8697
0.2650	8714
0.2700	8829
0.2750	8371
0.2800	8953
0.2850	8442
0.2900	8421
0.2950	8644
0.3000	8789
0.3050	8859
0.3100	8640
0.3150	8402
0.3200	8446
0.3250	8945
0.3300	9114
0.3350	8894
0.3400	8302
0.3450	8801
0.3500	8908
0.3550	8632
0.3600	8902
0.3650	8459
0.3700	9006
0.3750	8528
0.3800	8410
0.3850	8648
0.3900	8710
0.3950	9069
0.4000	8466
0.4050	8396
0.4100	8394
0.4150	8791
0.4200	8955
0.4250	8764
0.4300	8422
0.4350	8691
0.4400	8588
0.4450	8705
0.4500	8976
0.4550	8505
0.4600	8931
0.4650	8329
0.4700	8549
0.4750	8713
0.4800	8706
0.4850	9015
0.4900	8466
0.4950	8480
0.5000	8586
0.5050	8816
0.5100	9207
0.5150	8880
0.5200	8440
0.5250	8768
0.5300	8910
0.5350	8942
0.5400	8922
0.5450	8402
0.5500	8966
0.5550	8625
0.5600	8593
0.5650	8540
0.5700	8652
0.5750	9127
0.5800	8579
0.5850	8425
0.5900	8609
0.5950	8983
0.6000	9125
0.6050	8812
0.6100	8520
0.6150	8785
0.6200	8754
0.6250	8823
0.6300	8969
0.6350	8373
0.6400	8937
0.6450	8718
0.6500	8663
0.6550	8711
0.6600	8745
0.6650	9013
0.6700	8630
0.6750	8460
0.6800	8600
0.6850	8817
0.6900	9049
0.6950	8734
0.7000	8473
0.7050	8651
0.7100	8953
0.7150	9073
0.7200	9097
0.7250	8359
0.7300	8864
0.7350	8704
0.7400	8529
0.7450	8640
0.7500	8740
0.7550	9002
0.7600	8550
0.7650	8488
0.7700	8632
0.7750	8920
0.7800	8849
0.7850	8739
0.7900	8544
0.7950	8878
0.8000	8836
0.8050	8846
0.8100	9087
0.8150	8537
0.8200	8995
0.8250	8665
0.8300	8732
0.8350	8908
0.8400	8665
0.8450	8899
0.8500	8475
0.8550	8449
0.8600	8548
0.8650	8917
0.8700	9007
0.8750	8671
0.8800	8442
0.8850	8728
0.8900	9135
0.8950	8904
0.9000	8959
0.9050	8427
0.9100	8825
0.9150	8642
0.9200	8642
0.9250	8736
0.9300	8613
0.9350	8939
0.9400	8506
0.9450	8427
0.9500	8558
0.9550	8894
0.9600	9060
0.9650	8761
0.9700	8475
0.9750	8766
0.9800	8984
0.9850	8879
0.9900	9006
0.9950	8372
1.0000	8758
1.0050	8760
1.0100	8582
1.0150	8667
1.0200	8556
1.0250	8799
1.0300	8339
1.0350	8261
1.0400	8380
1.0450	8713
1.0500	8905
1.0550	8624
1.0600	8474
1.0650	8545
1.0700	8794
1.0750	8956
1.0800	8915
1.0850	8262
1.0900	8779
1.0950	8646
1.1000	8396
1.1050	8511
1.1100	8637
1.1150	9019
1.1200	8398
1.1250	8349
1.1300	8600
1.1350	8791
1.1400	8949
1.1450	8682
1.1500	8227
1.1550	8481
1.1600	8796
1.1650	8867
1.1700	9050
1.1750	8313
1.1800	8504
1.1850	8635
1.1900	8561
1.1950	8719
1.2000	8478
1.2050	8925
1.2100	8547
1.2150	8365
1.2200	8481
1.2250	8628
1.2300	8875
1.2350	8637
1.2400	8327
1.2450	8364
1.2500	9128
1.2550	8834
1.2600	8890
1.2650	8494
1.2700	8715
1.2750	8669
1.2800	8620
1.2850	8926
1.2900	8497
1.2950	8925
1.3000	8503
1.3050	8321
1.3100	8394
1.3150	8729
1.3200	8847
1.3250	8459
1.3300	8315
1.3350	8763
1.3400	8849
1.3450	8929
1.3500	8923
1.3550	8481
1.3600	8808
1.3650	8773
1.3700	8746
1.3750	8972
1.3800	8488
1.3850	9052
1.3900	8737
1.3950	8522
1.4000	8606
1.4050	8700
1.4100	8902
1.4150	8671
1.4200	8439
1.4250	8594
1.4300	8827
1.4350	8978
1.4400	8804
1.4450	8331
1.4500	8797
1.4550	8807
1.4600	8695
1.4650	8712
1.4700	8473
1.4750	9019
1.4800	8353
1.4850	8575
1.4900	8645
1.4950	8680
1.5000	8976
1.5050	8729
1.5100	8531
1.5150	8796
1.5200	9113
1.5250	8936
1.5300	8858
1.5350	8463
1.5400	8759
1.5450	8774
1.5500	8751
1.5550	8832
1.5600	8515
1.5650	8992
1.5700	8632
1.5750	8568
1.5800	8739
1.5850	8752
1.5900	9059
1.5950	8701
1.6000	8525
1.6050	8532
1.6100	9062
1.6150	9101
1.6200	8812
1.6250	8391
1.6300	8873
1.6350	8799
1.6400	8920
1.6450	8850
1.6500	8560
1.6550	8999
1.6600	8562
1.6650	8586
1.6700	8588
1.6750	8789
1.6800	8920
1.6850	8598
1.6900	8591
1.6950	8446
1.7000	8957
1.7050	9083
1.7100	8912
1.7150	8455
1.7200	8674
1.7250	8836
1.7300	8812
1.7350	8979
1.7400	8291
1.7450	9038
1.7500	8571
1.7550	8618
1.7600	8599
1.7650	8591
1.7700	9094
1.7750	8612
1.7800	8410
1.7850	8381
1.7900	8989
1.7950	8958
1.8000	8944
1.8050	8401
1.8100	8806
1.8150	9027
1.8200	8787
1.8250	8847
1.8300	8432
1.8350	8907
1.8400	8660
1.8450	8632
1.8500	8651
1.8550	8741
1.8600	9047
1.8650	8478
1.8700	8506
1.8750	8497
1.8800	8881
1.8850	9052
1.8900	8880
1.8950	8602
1.9000	8604
1.9050	8932
1.9100	8963
1.9150	8903
1.9200	8363
1.9250	8835
1.9300	8655
1.9350	8694
1.9400	8689
1.9450	8740
1.9500	9066
1.9550	8651
1.9600	8373
1.9650	8362
1.9700	8960
1.9750	9041
1.9800	8738
1.9850	8427
1.9900	8775
1.9950	8915
2.0000	8746
2.0050	8892
2.0100	8210
2.0150	8954
2.0200	8587
2.0250	8639
2.0300	8767
2.0350	8585
2.0400	8776
2.0450	8384
2.0500	8497
2.0550	8528
2.0600	8695
2.0650	9039
2.0700	8755
2.0750	8484
2.0800	8655
2.0850	8831
2.0900	8845
2.0950	8980
2.1000	8519
2.1050	8763
2.1100	8569
2.1150	8503
2.1200	8753
2.1250	8527
2.1300	8960
2.1350	8401
2.1400	8453
2.1450	8549
2.1500	8730
2.1550	8750
2.1600	8580
2.1650	8340
2.1700	8773
2.1750	8910
2.1800	8704
2.1850	8845
2.1900	8518
2.1950	8724
2.2000	8605
2.2050	8537
2.2100	8703
2.2150	8901
2.2200	8871
2.2250	8571
2.2300	8380
2.2350	8677
2.2400	8752
2.2450	8908
2.2500	8606
2.2550	8194
2.2600	8409
2.2650	8745
2.2700	8938
2.2750	8891
2.2800	8385
2.2850	8649
2.2900	8619
2.2950	8630
2.3000	8815
2.3050	8549
2.3100	9000
2.3150	8410
2.3200	8260
2.3250	8639
2.3300	8893
2.3350	8956
2.3400	8531
2.3450	8372
2.3500	8444
2.3550	8954
2.3600	8833
2.3650	8925
2.3700	8342
2.3750	8755
2.3800	8706
2.3850	8580
2.3900	8833
2.3950	8544
2.4000	8879
2.4050	8338
2.4100	8540
2.4150	8590
2.4200	8689
2.4250	8804
2.4300	8603
2.4350	8391
2.4400	8277
2.4450	8811
2.4500	8775
2.4550	9005
2.4600	8428
2.4650	8663
2.4700	8769
2.4750	8624
2.4800	8590
2.4850	8421
2.4900	8951
2.4950	8335
2.5000	8389
2.5050	8592
2.5100	8719
2.5150	8971
2.5200	8554
2.5250	8460
2.5300	8629
2.5350	9010
2.5400	8979
2.5450	8925
2.5500	8482
2.5550	8728
2.5600	8963
2.5650	8736
2.5700	8940
2.5750	8511
2.5800	9000
2.5850	8383
2.5900	8478
2.5950	8571
2.6000	8719
2.6050	8939
2.6100	8720
2.6150	8527
2.6200	8528
2.6250	8871
2.6300	9056
2.6350	8765
2.6400	8597
2.6450	8591
2.6500	8792
2.6550	8823
2.6600	8749
2.6650	8541
2.6700	9097
2.6750	8538
2.6800	8532
2.6850	8607
2.6900	9016
2.6950	9049
2.7000	8571
2.7050	8388
2.7100	8473
2.7150	8992
2.7200	9125
2.7250	8874
2.7300	8290
2.7350	8780
2.7400	8791
2.7450	8626
2.7500	8985
2.7550	8571
2.7600	9017
2.7650	8538
2.7700	8432
2.7750	8547
2.7800	8714
2.7850	8867
2.7900	8671
2.7950	8488
2.8000	8602
2.8050	8897
2.8100	9090
2.8150	8864
2.8200	8358
2.8250	8665
2.8300	8755
2.8350	8798
2.8400	8966
2.8450	8531
2.8500	8977
2.8550	8612
2.8600	8554
2.8650	8751
2.8700	8626
2.8750	8989
2.8800	8621
2.8850	8489
2.8900	8412
2.8950	8858
2.9000	8805
2.9050	8764
2.9100	8614
2.9150	9001
2.9200	8712
2.9250	8579
2.9300	8979
2.9350	8384
2.9400	8882
2.9450	8469
2.9500	8605
2.9550	8783
2.9600	8586
2.9650	8978
2.9700	8715
2.9750	8525
2.9800	8351
2.9850	8959
2.9900	8961
2.9950	8744
3.0000	8484
3.0050	8560
3.0100	8935
3.0150	8965
3.0200	8853
3.0250	8460
3.0300	8893
3.0350	8518
3.0400	8469
3.0450	8739
3.0500	8673
3.0550	8837
3.0600	8602
3.0650	8320
3.0700	8467
3.0750	8881
3.0800	8922
3.0850	8766
3.0900	8437
3.0950	8699
3.1000	8775
3.1050	8767
3.1100	9020
3.1150	8372
3.1200	8925
3.1250	8570
3.1300	8515
3.1350	8729
3.1400	8527
3.1450	9003
3.1500	8604
3.1550	8418
3.1600	8427
3.1650	8704
3.1700	8862
3.1750	8700
3.1800	8240
3.1850	8566
3.1900	8989
3.1950	8949
3.2000	8858
3.2050	8229
3.2100	8770
3.2150	8619
3.2200	8743
3.2250	8627
3.2300	8735
3.2350	8977
3.2400	8547
3.2450	8426
3.2500	8510
3.2550	8801
3.2600	8881
3.2650	8576
3.2700	8451
3.2750	8703
3.2800	8733
3.2850	8790
3.2900	8993
3.2950	8376
3.3000	8814
3.3050	8610
3.3100	8630
3.3150	8810
3.3200	8385
3.3250	9010
3.3300	8557
3.3350	8487
3.3400	8519
3.3450	8845
3.3500	8911
3.3550	8785
3.3600	8522
3.3650	8538
3.3700	8867
3.3750	8849
3.3800	9018
3.3850	8412
3.3900	8904
3.3950	8623
3.4000	8570
3.4050	8729
3.4100	8667
3.4150	8790
3.4200	8354
3.4250	8421
3.4300	8610
3.4350	8818
3.4400	8949
3.4450	8719
3.4500	8365
3.4550	8535
3.4600	8818
3.4650	8950
3.4700	8966
3.4750	8330
3.4800	8641
3.4850	8688
3.4900	8541
3.4950	8710
3.5000	8754
3.5050	9081
3.5100	8533
3.5150	8447
3.5200	8482
3.5250	8685
3.5300	9129
3.5350	8625
3.5400	8443
3.5450	8643
3.5500	9025
3.5550	9023
3.5600	9040
3.5650	8506
3.5700	8871
3.5750	8762
3.5800	8711
3.5850	8747
3.5900	8618
3.5950	8935
3.6000	8554
3.6050	8479
3.6100	8704
3.6150	8852
3.6200	8933
3.6250	8517
3.6300	8423
3.6350	8702
3.6400	8952
3.6450	8935
3.6500	8964
3.6550	8452
3.6600	8757
3.6650	8774
3.6700	8734
3.6750	8894
3.6800	8424
3.6850	8968
3.6900	8444
3.6950	8488
3.7000	8461
3.7050	8879
3.7100	9087
3.7150	8553
3.7200	8431
3.7250	8528
3.7300	9112
3.7350	8925
3.7400	8950
3.7450	8627
3.7500	8904
3.7550	8668
3.7600	8750
3.7650	8893
3.7700	8552
3.7750	8931
3.7800	8455
3.7850	8326
3.7900	8732
3.7950	8752
3.8000	8899
3.8050	8605
3.8100	8466
3.8150	8660
3.8200	8859
3.8250	9027
3.8300	8881
3.8350	8529
3.8400	8645
3.8450	8742
3.8500	8892
3.8550	8834
3.8600	8536
3.8650	8901
3.8700	8595
3.8750	8468
3.8800	8723
3.8850	8769
3.8900	8988
3.8950	8641
3.9000	8404
3.9050	8454
3.9100	8962
3.9150	9131
3.9200	8742
3.9250	8402
3.9300	8801
3.9350	8892
3.9400	8644
3.9450	8903
3.9500	8489
3.9550	9047
3.9600	8399
3.9650	8597
3.9700	8717
3.9750	8778
3.9800	8942
3.9850	8581
3.9900	8321
3.9950	8573
4.0000	8835
4.0050	8809
4.0100	8766
4.0150	8533
4.0200	8680
4.0250	8793
4.0300	8583
4.0350	8885
4.0400	8454
4.0450	8893
4.0500	8603
4.0550	8585
4.0600	8665
4.0650	8597
4.0700	9021
4.0750	8526
4.0800	8444
4.0850	8472
4.0900	8873
4.0950	8889
4.1000	8689
4.1050	8436
4.1100	8816
4.1150	8723
4.1200	8776
4.1250	8890
4.1300	8357
4.1350	8721
4.1400	8473
4.1450	8499
4.1500	8583
4.1550	8778
4.1600	8822
4.1650	8247
4.1700	8372
4.1750	8364
4.1800	8754
4.1850	9092
4.1900	8730
4.1950	8379
4.2000	8702
4.2050	8819
4.2100	8693
4.2150	8797
4.2200	8456
4.2250	8873
4.2300	8631
4.2350	8678
4.2400	8749
4.2450	8581
4.2500	8923
4.2550	8453
4.2600	8359
4.2650	8236
4.2700	8890
4.2750	9021
4.2800	8607
4.2850	8320
4.2900	8615
4.2950	8797
4.3000	8798
4.3050	8748
4.3100	8393
4.3150	8829
4.3200	8593
4.3250	8561
4.3300	8806
4.3350	8530
4.3400	8871
4.3450	8485
4.3500	8533
4.3550	8431
4.3600	8709
4.3650	9104
4.3700	8923
4.3750	8502
4.3800	8487
4.3850	8747
4.3900	8866
4.3950	8955
4.4000	8417
4.4050	9008
4.4100	8675
4.4150	8763
4.4200	8677
4.4250	8571
4.4300	9064
4.4350	8528
4.4400	8540
4.4450	8716
4.4500	8930
4.4550	9064
4.4600	8712
4.4650	8463
4.4700	8732
4.4750	8946
4.4800	8922
4.4850	9000
4.4900	8447
4.4950	8926
4.5000	8544
4.5050	8687
4.5100	8889
4.5150	8695
4.5200	8807
4.5250	8480
4.5300	8359
4.5350	8605
4.5400	8870
4.5450	8995
4.5500	8789
4.5550	8414
4.5600	8656
4.5650	8857
4.5700	9063
4.5750	8915
4.5800	8250
4.5850	8833
4.5900	8731
4.5950	8642
4.6000	8630
4.6050	8481
4.6100	8926
4.6150	8537
4.6200	8598
4.6250	8623
4.6300	8924
4.6350	9044
4.6400	8654
4.6450	8469
4.6500	8720
4.6550	8992
4.6600	8864
4.6650	8838
4.6700	8431
4.6750	8815
4.6800	8697
4.6850	8645
4.6900	8888
4.6950	8674
4.7000	8888
4.7050	8519
4.7100	8398
4.7150	8625
4.7200	8867
4.7250	8894
4.7300	8923
4.7350	8499
4.7400	8462
4.7450	8831
4.7500	8869
4.7550	9033
4.7600	8414
4.7650	8885
4.7700	8710
4.7750	8761
4.7800	8902
4.7850	8588
4.7900	9183
4.7950	8519
4.8000	8461
4.8050	8491
4.8100	8957
4.8150	9002
4.8200	8617
4.8250	8457
4.8300	8594
4.8350	8950
4.8400	8945
4.8450	8944
4.8500	8452
4.8550	8743
4.8600	8629
4.8650	8548
4.8700	8832
4.8750	8625
4.8800	8934
4.8850	8540
4.8900	8327
4.8950	8605
4.9000	8651
4.9050	9017
4.9100	8645
4.9150	8301
4.9200	8606
4.9250	8941
4.9300	9066
4.9350	8894
4.9400	8453
4.9450	8835
4.9500	8839
4.9550	8542
4.9600	8778
4.9650	8589
4.9700	9067
4.9750	8588
4.9800	8487
4.9850	8640
4.9900	8786
4.9950	8909
5.0000	8595
5.0050	8440
5.0100	8434
5.0150	8804
5.0200	8884
5.0250	8800
5.0300	8393
5.0350	8675
5.0400	8737
5.0450	8528
5.0500	8897
5.0550	8339
5.0600	8906
5.0650	8306
5.0700	8545
5.0750	8567
5.0800	8695
5.0850	8988
5.0900	8698
5.0950	8302
5.1000	8356
5.1050	8966
5.1100	9055
5.1150	8754
5.1200	8304
5.1250	8681
5.1300	8740
5.1350	8594
5.1400	8816
5.1450	8419
5.1500	8984
5.1550	8446
5.1600	8547
5.1650	8515
5.1700	8760
5.1750	8986
5.1800	8353
5.1850	8435
5.1900	8514
5.1950	8884
5.2000	8971
5.2050	8901
5.2100	8370
5.2150	8560
5.2200	8669
5.2250	8752
5.2300	8852
5.2350	8308
5.2400	9016
5.2450	8613
5.2500	8714
5.2550	8666
5.2600	8649
5.2650	9013
5.2700	8526
5.2750	8344
5.2800	8344
5.2850	8918
5.2900	8844
5.2950	8808
5.3000	8306
5.3050	8726
5.3100	8690
5.3150	8695
5.3200	8810
5.3250	8291
5.3300	9077
5.3350	8496
5.3400	8506
5.3450	8797
5.3500	8681
5.3550	8958
5.3600	8464
5.3650	8546
5.3700	8524
5.3750	9004
5.3800	9013
5.3850	8633
5.3900	8450
5.3950	8511
5.4000	8644
5.4050	8691
5.4100	9194
5.4150	8472
5.4200	8951
5.4250	8537
5.4300	8589
5.4350	8680
5.4400	8503
5.4450	8995
5.4500	8670
5.4550	8345
5.4600	8473
5.4650	8886
5.4700	9001
5.4750	8590
5.4800	8326
5.4850	8676
5.4900	8723
5.4950	8945
5.5000	9020
5.5050	8382
5.5100	9079
5.5150	8634
5.5200	8478
5.5250	8703
5.5300	8749
5.5350	9135
5.5400	8494
5.5450	8436
5.5500	8576
5.5550	8769
5.5600	9105
5.5650	8747
5.5700	8638
5.5750	8656
5.5800	8782
5.5850	8707
5.5900	8978
5.5950	8374
5.6000	8820
5.6050	8779
5.6100	8769
5.6150	8689
5.6200	8566
5.6250	8944
5.6300	8585
5.6350	8379
5.6400	8537
5.6450	8892
5.6500	9095
5.6550	8768
5.6600	8496
5.6650	8705
5.6700	9003
5.6750	8946
5.6800	9007
5.6850	8471
5.6900	9032
5.6950	8702
5.7000	8663
5.7050	8832
5.7100	8616
5.7150	8980
5.7200	8370
5.7250	8497
5.7300	8519
5.7350	8807
5.7400	9019
5.7450	8746
5.7500	8623
5.7550	8657
5.7600	8937
5.7650	8834
5.7700	9061
5.7750	8500
5.7800	8723
5.7850	8673
5.7900	8708
5.7950	8812
5.8000	8515
5.8050	9198
5.8100	8614
5.8150	8428
5.8200	8519
5.8250	8869
5.8300	9090
5.8350	8763
5.8400	8516
5.8450	8689
5.8500	8895
5.8550	8927
5.8600	8912
5.8650	8504
5.8700	8884
5.8750	8710
5.8800	8578
5.8850	8768
5.8900	8705
5.8950	8844
5.9000	8481
5.9050	8510
5.9100	8768
5.9150	8868
5.9200	8918
5.9250	8575
5.9300	8574
5.9350	8614
5.9400	8895
5.9450	8979
5.9500	8962
5.9550	8447
5.9600	8866
5.9650	8641
5.9700	8717
5.9750	8726
5.9800	8355
5.9850	9111
5.9900	8559
5.9950	8509
6.0000	8528
6.0050	8913
6.0100	9001
6.0150	8662
6.0200	8424
6.0250	8573
6.0300	8896
6.0350	8889
6.0400	8833
6.0450	8615
6.0500	8777
6.0550	8644
6.0600	8700
6.0650	8857
6.0700	8536
6.0750	8988
6.0800	8432
6.0850	8337
6.0900	8655
6.0950	8785
6.1000	8845
6.1050	8665
6.1100	8328
6.1150	8331
6.1200	8822
6.1250	8864
6.1300	8899
6.1350	8259
6.1400	8783
6.1450	8609
6.1500	8722
6.1550	8784
6.1600	8475
6.1650	8951
6.1700	8422
6.1750	8471
6.1800	8646
6.1850	8799
6.1900	9097
6.1950	8588
6.2000	8410
6.2050	8471
6.2100	9047
6.2150	8917
6.2200	8610
6.2250	8291
6.2300	8986
6.2350	8742
6.2400	8662
6.2450	8762
6.2500	8395
6.2550	9051
6.2600	8428
6.2650	8574
6.2700	8690
6.2750	8693
6.2800	8869
6.2850	8592
6.2900	8563
6.2950	8309
6.3000	9024
6.3050	9061
6.3100	8917
6.3150	8351
6.3200	8699
6.3250	8824
6.3300	8935
6.3350	8976
6.3400	8613
6.3450	9281
6.3500	8657
6.3550	8528
6.3600	8747
6.3650	8765
6.3700	9093
6.3750	8542
6.3800	8547
6.3850	8603
6.3900	9162
6.3950	9009
6.4000	8898
6.4050	8574
6.4100	8787
6.4150	8860
6.4200	8854
6.4250	8970
6.4300	8459
6.4350	8906
6.4400	8629
6.4450	8654
6.4500	8740
6.4550	8682
6.4600	8963
6.4650	8666
6.4700	8396
6.4750	8597
6.4800	8824
6.4850	9036
6.4900	8788
6.4950	8551
6.5000	8717
6.5050	8869
6.5100	8899
6.5150	8801
6.5200	8272
6.5250	8959
6.5300	8641
6.5350	8626
6.5400	8774
6.5450	8650
6.5500	9011
6.5550	8519
6.5600	8430
6.5650	8643
6.5700	9021
6.5750	8945
6.5800	8752
6.5850	8601
6.5900	8708
6.5950	8851
6.6000	8745
6.6050	9089
6.6100	8365
6.6150	8964
6.6200	8493
6.6250	8642
6.6300	8705
6.6350	8666
6.6400	8884
6.6450	8675
6.6500	8431
6.6550	8454
6.6600	8704
6.6650	9051
6.6700	8630
6.6750	8444
6.6800	8625
6.6850	8925
6.6900	8735
6.6950	8987
6.7000	8413
6.7050	8985
6.7100	8679
6.7150	8609
6.7200	8750
6.7250	8735
6.7300	9096
6.7350	8491
6.7400	8361
6.7450	8561
6.7500	9078
6.7550	9049
6.7600	8857
6.7650	8419
6.7700	8745
6.7750	8901
6.7800	8753
6.7850	8918
6.7900	8641
6.7950	8755
6.8000	8712
6.8050	8634
6.8100	8897
6.8150	8653
6.8200	8836
6.8250	8678
6.8300	8550
6.8350	8546
6.8400	8850
6.8450	8932
6.8500	8901
6.8550	8300
6.8600	8564
6.8650	9020
6.8700	9003
6.8750	9025
6.8800	8352
6.8850	8977
6.8900	8568
6.8950	8652
6.9000	8781
6.9050	8710
6.9100	9045
6.9150	8476
6.9200	8632
6.9250	8562
6.9300	8882
6.9350	8860
6.9400	8656
6.9450	8508
6.9500	8745
6.9550	8922
6.9600	8894
6.9650	8995
6.9700	8550
6.9750	8814
6.9800	8623
6.9850	8689
6.9900	8972
6.9950	8666
7.0000	8946
7.0050	8435
7.0100	8371
7.0150	8330
7.0200	8760
7.0250	9010
7.0300	8722
7.0350	8282
7.0400	8656
7.0450	8817
7.0500	9016
7.0550	8814
7.0600	8401
7.0650	8739
7.0700	8824
7.0750	8608
7.0800	8873
7.0850	8744
7.0900	8919
7.0950	8466
7.1000	8349
7.1050	8656
7.1100	8909
7.1150	9190
7.1200	8379
7.1250	8511
7.1300	8644
7.1350	8868
7.1400	8834
7.1450	9018
7.1500	8449
7.1550	8803
7.1600	8526
7.1650	8675
7.1700	8808
7.1750	8627
7.1800	8956
7.1850	8535
7.1900	8423
7.1950	8691
7.2000	8846
7.2050	9054
7.2100	8805
7.2150	8405
7.2200	8542
7.2250	8824
7.2300	8907
7.2350	8874
7.2400	8283
7.2450	8869
7.2500	8724
7.2550	8670
7.2600	8816
7.2650	8688
7.2700	9129
7.2750	8411
7.2800	8355
7.2850	8753
7.2900	8726
7.2950	9014
7.3000	8621
7.3050	8466
7.3100	8509
7.3150	9001
7.3200	9015
7.3250	8840
7.3300	8406
7.3350	8619
7.3400	8664
7.3450	8754
7.3500	8964
7.3550	8583
7.3600	8870
7.3650	8596
7.3700	8641
7.3750	8609
7.3800	8789
7.3850	9042
7.3900	8618
7.3950	8507
7.4000	8491
7.4050	8996
7.4100	9065
7.4150	8816
7.4200	8467
7.4250	8691
7.4300	8767
7.4350	8846
7.4400	8896
7.4450	8506
7.4500	8963
7.4550	8572
7.4600	8460
7.4650	8753
7.4700	8754
7.4750	9023
7.4800	8621
7.4850	8599
7.4900	8524
7.4950	9012
7.5000	9091
7.5050	8940
7.5100	8551
7.5150	8792
7.5200	8735
7.5250	8800
7.5300	8847
7.5350	8542
7.5400	8941
7.5450	8589
7.5500	8625
7.5550	8661
7.5600	8662
7.5650	8981
7.5700	8631
7.5750	8629
7.5800	8580
7.5850	8972
7.5900	8889
7.5950	8839
7.6000	8498
7.6050	8811
7.6100	8868
7.6150	8841
7.6200	8900
7.6250	8535
7.6300	9164
7.6350	8510
7.6400	8573
7.6450	8855
7.6500	8797
7.6550	8932
7.6600	8546
7.6650	8495
7.6700	8584
7.6750	8850
7.6800	8934
7.6850	8923
7.6900	8451
7.6950	8731
7.7000	8838
7.7050	8791
7.7100	8926
7.7150	8437
7.7200	8828
7.7250	8650
7.7300	8583
7.7350	8624
7.7400	8659
7.7450	9084
7.7500	8539
7.7550	8390
7.7600	8616
7.7650	8934
7.7700	9081
7.7750	8864
7.7800	8404
7.7850	8752
7.7900	8824
7.7950	8992
7.8000	8938
7.8050	8456
7.8100	8959
7.8150	8568
7.8200	8672
7.8250	8799
7.8300	8849
7.8350	8923
7.8400	8490
7.8450	8488
7.8500	8680
7.8550	9023
7.8600	8908
7.8650	8877
7.8700	8466
7.8750	8613
7.8800	8782
7.8850	8827
7.8900	9109
7.8950	8516
7.9000	8967
7.9050	8685
7.9100	8776
7.9150	8659
7.9200	8612
7.9250	9158
7.9300	8793
7.9350	8477
7.9400	8461
7.9450	8942
7.9500	8996
7.9550	8698
7.9600	8447
7.9650	8748
7.9700	8916
7.9750	8829
7.9800	8995
7.9850	8452
7.9900	8896
7.9950	8556
8.0000	8638
8.0050	8669
8.0100	8810
8.0150	8880
8.0200	8447
8.0250	8478
8.0300	8578
8.0350	8766
8.0400	8949
8.0450	8796
8.0500	8444
8.0550	8715
8.0600	8813
8.0650	8905
8.0700	8947
8.0750	8560
8.0800	8600
8.0850	8794
8.0900	8689
8.0950	8641
8.1000	8465
8.1050	9025
8.1100	8457
8.1150	8476
8.1200	8563
8.1250	8868
8.1300	8948
8.1350	8755
8.1400	8345
8.1450	8606
8.1500	8944
8.1550	9067
8.1600	9008
8.1650	8594
8.1700	8892
8.1750	8801
8.1800	8729
8.1850	8809
8.1900	8750
8.1950	9010
8.2000	8571
8.2050	8422
8.2100	8720
8.2150	8887
8.2200	8965
8.2250	8700
8.2300	8580
8.2350	8505
8.2400	8954
8.2450	8973
8.2500	9163
8.2550	8333
8.2600	8893
8.2650	8832
8.2700	8702
8.2750	8862
8.2800	8492
8.2850	9037
8.2900	8503
8.2950	8406
8.3000	8619
8.3050	8866
8.3100	9100
8.3150	8796
8.3200	8441
8.3250	8605
8.3300	8989
8.3350	9131
8.3400	8937
8.3450	8559
8.3500	8950
8.3550	8747
8.3600	8644
8.3650	8931
8.3700	8636
8.3750	8999
8.3800	8448
8.3850	8501
8.3900	8740
8.3950	8775
8.4000	8990
8.4050	8595
8.4100	8622
8.4150	8599
8.4200	9014
8.4250	9170
8.4300	9127
8.4350	8304
8.4400	8836
8.4450	8751
8.4500	8840
8.4550	8879
8.4600	8604
8.4650	9014
8.4700	8533
8.4750	8418
8.4800	8657
8.4850	8743
8.4900	9099
8.4950	8469
8.5000	8275
8.5050	8624
8.5100	9057
8.5150	9011
8.5200	8912
8.5250	8401
8.5300	8814
8.5350	8724
8.5400	8666
8.5450	8926
8.5500	8618
8.5550	9015
8.5600	8397
8.5650	8590
8.5700	8712
8.5750	8818
8.5800	9088
8.5850	8471
8.5900	8354
8.5950	8497
8.6000	9068
8.6050	9036
8.6100	8765
8.6150	8476
8.6200	8605
8.6250	8755
8.6300	8790
8.6350	8828
8.6400	8519
8.6450	8956
8.6500	8628
8.6550	8435
8.6600	8585
8.6650	8704
8.6700	8840
8.6750	8707
8.6800	8438
8.6850	8545
8.6900	9037
8.6950	8965
8.7000	8836
8.7050	8390
8.7100	8635
8.7150	8752
8.7200	8737
8.7250	9021
8.7300	8597
8.7350	8783
8.7400	8491
8.7450	8601
8.7500	8642
8.7550	8597
8.7600	8920
8.7650	8588
8.7700	8484
8.7750	8521
8.7800	8827
8.7850	8945
8.7900	8792
8.7950	8494
8.8000	8676
8.8050	8847
8.8100	8864
8.8150	8811
8.8200	8369
8.8250	9023
8.8300	8522
8.8350	8518
8.8400	8663
8.8450	8792
8.8500	9011
8.8550	8519
8.8600	8358
8.8650	8333
8.8700	8979
8.8750	9076
8.8800	8902
8.8850	8375
8.8900	8749
8.8950	8709
8.9000	8782
8.9050	8887
8.9100	8470
8.9150	9007
8.9200	8566
8.9250	8620
8.9300	8824
8.9350	8586
8.9400	9084
8.9450	8621
8.9500	8462
8.9550	8420
8.9600	9008
8.9650	9082
8.9700	8873
8.9750	8451
8.9800	8638
8.9850	8921
8.9900	9003
8.9950	8940
9.0000	8325
9.0050	8843
9.0100	8565
9.0150	8376
9.0200	8654
9.0250	8698
9.0300	8930
9.0350	8557
9.0400	8455
9.0450	8387
9.0500	8810
9.0550	8783
9.0600	8816
9.0650	8404
9.0700	8528
9.0750	8768
9.0800	8733
9.0850	8824
9.0900	8495
9.0950	8775
9.1000	8815
9.1050	8727
9.1100	8805
9.1150	8695
9.1200	8966
9.1250	8597
9.1300	8590
9.1350	8551
9.1400	8918
9.1450	9100
9.1500	8766
9.1550	8480
9.1600	8743
9.1650	9012
9.1700	9012
9.1750	8927
9.1800	8589
9.1850	9018
9.1900	8826
9.1950	8719
9.2000	8818
9.2050	8670
9.2100	9155
9.2150	8479
9.2200	8465
9.2250	8622
9.2300	8936
9.2350	8936
9.2400	8796
9.2450	8629
9.2500	8706
9.2550	8957
9.2600	9068
9.2650	8959
9.2700	8662
9.2750	8840
9.2800	8815
9.2850	8809
9.2900	9012
9.2950	8727
9.3000	8839
9.3050	8665
9.3100	8430
9.3150	8661
9.3200	8957
9.3250	9187
9.3300	8904
9.3350	8436
9.3400	8575
9.3450	9036
9.3500	8914
9.3550	8947
9.3600	8437
9.3650	8872
9.3700	8652
9.3750	8733
9.3800	8792
9.3850	8543
9.3900	8911
9.3950	8327
9.4000	8480
9.4050	8510
9.4100	8677
9.4150	8879
9.4200	8538
9.4250	8355
9.4300	8486
9.4350	8741
9.4400	8847
9.4450	8831
9.4500	8392
9.4550	8857
9.4600	8747
9.4650	8677
9.4700	8904
9.4750	8632
9.4800	8999
9.4850	8590
9.4900	8514
9.4950	8468
9.5000	8844
9.5050	8980
9.5100	8811
9.5150	8413
9.5200	8580
9.5250	9096
9.5300	8901
9.5350	8962
9.5400	8451
9.5450	8785
9.5500	8768
9.5550	8681
9.5600	8895
9.5650	8614
9.5700	9048
9.5750	8482
9.5800	8388
9.5850	8609
9.5900	8779
9.5950	9059
9.6000	8455
9.6050	8458
9.6100	8491
9.6150	8918
9.6200	8970
9.6250	9042
9.6300	8538
9.6350	8766
9.6400	8847
9.6450	8971
9.6500	8840
9.6550	8516
9.6600	9059
9.6650	8632
9.6700	8525
9.6750	8658
9.6800	8736
9.6850	8927
9.6900	8703
9.6950	8385
9.7000	8537
9.7050	9049
9.7100	9021
9.7150	8898
9.7200	8513
9.7250	8949
9.7300	8798
9.7350	8700
9.7400	8974
9.7450	8700
9.7500	9031
9.7550	8570
9.7600	8396
9.7650	8778
9.7700	8857
9.7750	8860
9.7800	8721
9.7850	8617
9.7900	8625
9.7950	8879
9.8000	8871
9.8050	8991
9.8100	8455
9.8150	8775
9.8200	8802
9.8250	8719
9.8300	8961
9.8350	8523
9.8400	8946
9.8450	8544
9.8500	8418
9.8550	8670
9.8600	8769
9.8650	9044
9.8700	8656
9.8750	8475
9.8800	8504
9.8850	9123
9.8900	9052
9.8950	8851
9.9000	8504
9.9050	8772
9.9100	8756
9.9150	8746
9.9200	8811
9.9250	8717
9.9300	8975
9.9350	8516
9.9400	8581
9.9450	8788
9.9500	8850
9.9550	8916
9.9600	8547
9.9650	8573
9.9700	8583
9.9750	8900
9.9800	9034
9.9850	9018
9.9900	8358
9.9950	8791
10.0000	8590
10.0050	8936
10.0100	8930
10.0150	8321
10.0200	8998
10.0250	8573
10.0300	8603
10.0350	8755
10.0400	8791
10.0450	9119
10.0500	8628
10.0550	8502
10.0600	8399
10.0650	9003
10.0700	9026
10.0750	8803
10.0800	8600
10.0850	8858
10.0900	8813
10.0950	8789
10.1000	9046
10.1050	8579
10.1100	8993
10.1150	8554
10.1200	8614
10.1250	8870
10.1300	8616
10.1350	9021
10.1400	8433
10.1450	8447
10.1500	8514
10.1550	8942
10.1600	8990
10.1650	8868
10.1700	8493
10.1750	8687
10.1800	8600
10.1850	8827
10.1900	8931
10.1950	8530
10.2000	8987
10.2050	8614
10.2100	8662
10.2150	8750
10.2200	8548
10.2250	8898
10.2300	8644
10.2350	8537
10.2400	8510
10.2450	8817
10.2500	9049
10.2550	8735
10.2600	8382
10.2650	8709
10.2700	8896
10.2750	8917
10.2800	8946
10.2850	8613
10.2900	8869
10.2950	8737
10.3000	8727
10.3050	8895
10.3100	8673
10.3150	9069
10.3200	8596
10.3250	8533
10.3300	8591
10.3350	8971
10.3400	9057
10.3450	8779
10.3500	8515
10.3550	8622
10.3600	8823
10.3650	8900
10.3700	9034
10.3750	8410
10.3800	8801
10.3850	8694
10.3900	8770
10.3950	8835
10.4000	8923
10.4050	8996
10.4100	8652
10.4150	8495
10.4200	8662
10.4250	8976
10.4300	9177
10.4350	8669
10.4400	8529
10.4450	8804
10.4500	8891
10.4550	8874
10.4600	8908
10.4650	8558
10.4700	9003
10.4750	8580
10.4800	8702
10.4850	8911
10.4900	8691
10.4950	9065
10.5000	8490
10.5050	8671
10.5100	8567
10.5150	8945
10.5200	9116
10.5250	8884
10.5300	8523
10.5350	8509
10.5400	8916
10.5450	8968
10.5500	8973
10.5550	8365
10.5600	8734
10.5650	8771
10.5700	8598
10.5750	8822
10.5800	8602
10.5850	8948
10.5900	8633
10.5950	8319
10.6000	8583
10.6050	9075
10.6100	9007
10.6150	8568
10.6200	8560
10.6250	8658
10.6300	8953
10.6350	8889
10.6400	8962
10.6450	8639
10.6500	8919
10.6550	8567
10.6600	8566
10.6650	8840
10.6700	8626
10.6750	8999
10.6800	8485
10.6850	8569
10.6900	8705
10.6950	8713
10.7000	9024
10.7050	8829
10.7100	8604
10.7150	8657
10.7200	9063
10.7250	8935
10.7300	8935
10.7350	8336
10.7400	8907
10.7450	8692
10.7500	8843
10.7550	8609
10.7600	8661
10.7650	9060
10.7700	8569
10.7750	8533
10.7800	8516
10.7850	8910
10.7900	9152
10.7950	8754
10.8000	8415
10.8050	8631
10.8100	9092
10.8150	9054
10.8200	8746
10.8250	8437
10.8300	8801
10.8350	8530
10.8400	8699
10.8450	8889
10.8500	8644
10.8550	8878
10.8600	8476
10.8650	8609
10.8700	8565
10.8750	8917
10.8800	8984
10.8850	8641
10.8900	8563
10.8950	8645
10.9000	8935
10.9050	8909
10.9100	8889
10.9150	8409
10.9200	8834
10.9250	8715
10.9300	8742
10.9350	8837
10.9400	8485
10.9450	8943
10.9500	8657
10.9550	8523
10.9600	8780
10.9650	8824
10.9700	9001
10.9750	8376
10.9800	8525
10.9850	8682
10.9900	9093
10.9950	9086
11.0000	8859
11.0050	8538
11.0100	8674
11.0150	8794
11.0200	8799
11.0250	9019
11.0300	8579
11.0350	9055
11.0400	8652
11.0450	8723
11.0500	8540
11.0550	8675
11.0600	9098
11.0650	8858
11.0700	8639
11.0750	8610
11.0800	9057
11.0850	9102
11.0900	8833
11.0950	8465
11.1000	8799
11.1050	8929
11.1100	8906
11.1150	8957
11.1200	8430
11.1250	8998
11.1300	8526
11.1350	8692
11.1400	8645
11.1450	8877
11.1500	8951
11.1550	8713
11.1600	8516
11.1650	8434
11.1700	8972
11.1750	8881
11.1800	8690
11.1850	8513
11.1900	8625
11.1950	8788
11.2000	8789
11.2050	8895
11.2100	8522
11.2150	8916
11.2200	8426
11.2250	8599
11.2300	8596
11.2350	8713
11.2400	9017
11.2450	8428
11.2500	8322
11.2550	8394
11.2600	8930
11.2650	9176
11.2700	8852
11.2750	8441
11.2800	8710
11.2850	9058
11.2900	8795
11.2950	9004
11.3000	8667
11.3050	8951
11.3100	8635
11.3150	8565
11.3200	8769
11.3250	8685
11.3300	9113
11.3350	8648
11.3400	8550
11.3450	8578
11.3500	8961
11.3550	9057
11.3600	8814
11.3650	8656
11.3700	8702
11.3750	8734
11.3800	8765
11.3850	9097
11.3900	8586
11.3950	8900
11.4000	8598
11.4050	8680
11.4100	8917
11.4150	8712
11.4200	8932
11.4250	8625
11.4300	8456
11.4350	8391
11.4400	8992
11.4450	8920
11.4500	8792
11.4550	8446
11.4600	8973
11.4650	8911
11.4700	8929
11.4750	9018
11.4800	8475
11.4850	8892
11.4900	8672
11.4950	8607
11.5000	8712
11.5050	8779
11.5100	9024
11.5150	8501
11.5200	8304
11.5250	8643
11.5300	8896
11.5350	9000
11.5400	8863
11.5450	8542
11.5500	8708
11.5550	8981
11.5600	8797
11.5650	9110
11.5700	8516
11.5750	8940
11.5800	8663
11.5850	8681
11.5900	8764
11.5950	8615
11.6000	9009
11.6050	8576
11.6100	8434
11.6150	8465
11.6200	8924
11.6250	9089
11.6300	8699
11.6350	8348
11.6400	8707
11.6450	9090
11.6500	8899
11.6550	8946
11.6600	8454
11.6650	8876
11.6700	8708
11.6750	8574
11.6800	8862
11.6850	8708
11.6900	8984
11.6950	8537
11.7000	8453
11.7050	8566
11.7100	8828
11.7150	8930
11.7200	8654
11.7250	8405
11.7300	8678
11.7350	8827
11.7400	8968
11.7450	9000
11.7500	8456
11.7550	8866
11.7600	8614
11.7650	8810
11.7700	8804
11.7750	8461
11.7800	9157
11.7850	8511
11.7900	8444
11.7950	8459
11.8000	8786
11.8050	9049
11.8100	8756
11.8150	8336
11.8200	8646
11.8250	8947
11.8300	9114
11.8350	8759
11.8400	8441
11.8450	8927
11.8500	8803
11.8550	8660
11.8600	8871
11.8650	8627
11.8700	8897
11.8750	8478
11.8800	8485
11.8850	8712
11.8900	8766
11.8950	9041
11.9000	8639
11.9050	8504
11.9100	8559
11.9150	8914
11.9200	8801
11.9250	8978
11.9300	8367
11.9350	8911
11.9400	8707
11.9450	8638
11.9500	9003
11.9550	8562
11.9600	9085
11.9650	8542
11.9700	8456
11.9750	8545
11.9800	8920
11.9850	9018
11.9900	8911
11.9950	8412
12.0000	8521
12.0050	9180
12.0100	8974
12.0150	8922
12.0200	8524
12.0250	8960
12.0300	8694
12.0350	8747
12.0400	8937
12.0450	8557
12.0500	9086
12.0550	8457
12.0600	8678
12.0650	8812
12.0700	8884
12.0750	9012
12.0800	8660
12.0850	8602
12.0900	8575
12.0950	9063
12.1000	9167
12.1050	9007
12.1100	8367
12.1150	8909
12.1200	8734
12.1250	8979
12.1300	8830
12.1350	8706
12.1400	9042
12.1450	8704
12.1500	8633
12.1550	8576
12.1600	8770
12.1650	9134
12.1700	8660
12.1750	8481
12.1800	8625
12.1850	9224
12.1900	9137
12.1950	8880
12.2000	8439
12.2050	8847
12.2100	8889
12.2150	8691
12.2200	8858
12.2250	8606
12.2300	9029
12.2350	8589
12.2400	8449
12.2450	8761
12.2500	8706
12.2550	9003
12.2600	8691
12.2650	8536
12.2700	8514
12.2750	9046
12.2800	9069
12.2850	9049
12.2900	8551
12.2950	8885
12.3000	8785
12.3050	8800
12.3100	9117
12.3150	8417
12.3200	9077
12.3250	8653
12.3300	8777
12.3350	8681
12.3400	8858
12.3450	9151
12.3500	8713
12.3550	8451
12.3600	8674
12.3650	9122
12.3700	9150
12.3750	9000
12.3800	8598
12.3850	8950
12.3900	8920
12.3950	8866
12.4000	8891
12.4050	8515
12.4100	8961
12.4150	8574
12.4200	8877
12.4250	8736
12.4300	8688
12.4350	8849
12.4400	8789
12.4450	8495
12.4500	8611
12.4550	9028
12.4600	9082
12.4650	8925
12.4700	8513
12.4750	8835
12.4800	8801
12.4850	9067
12.4900	8937
12.4950	8520
12.5000	9052
12.5050	8609
12.5100	8634
12.5150	8681
12.5200	8666
12.5250	9212
12.5300	8553
12.5350	8494
12.5400	8595
12.5450	9058
12.5500	9029
12.5550	8614
12.5600	8618
12.5650	8831
12.5700	9006
12.5750	8764
12.5800	9088
12.5850	8624
12.5900	9073
12.5950	8532
12.6000	8657
12.6050	8752
12.6100	8719
12.6150	8920
12.6200	8572
12.6250	8542
12.6300	8626
12.6350	8925
12.6400	9106
12.6450	8955
12.6500	8444
12.6550	8729
12.6600	8862
12.6650	9038
12.6700	8896
12.6750	8317
12.6800	8822
12.6850	8801
12.6900	8644
12.6950	8750
12.7000	8773
12.7050	9097
12.7100	8621
12.7150	8477
12.7200	8616
12.7250	8907
12.7300	9070
12.7350	8862
12.7400	8476
12.7450	8856
12.7500	8887
12.7550	8820
12.7600	9044
12.7650	8373
12.7700	8946
12.7750	8622
12.7800	8564
12.7850	8849
12.7900	8686
12.7950	9004
12.8000	8626
12.8050	8469
12.8100	8580
12.8150	8695
12.8200	9160
12.8250	8803
12.8300	8415
12.8350	8552
12.8400	8945
12.8450	8914
12.8500	8920
12.8550	8407
12.8600	8844
12.8650	8746
12.8700	8863
12.8750	8987
12.8800	8675
12.8850	9029
12.8900	8662
12.8950	8356
12.9000	8706
12.9050	9056
12.9100	9065
12.9150	8851
12.9200	8561
12.9250	8614
12.9300	8866
12.9350	8987
12.9400	9060
12.9450	8530
12.9500	8906
12.9550	8569
12.9600	8577
12.9650	8941
12.9700	8696
12.9750	9078
12.9800	8472
12.9850	8460
12.9900	8676
12.9950	8827
13.0000	8963
13.0050	8704
13.0100	8362
13.0150	8755
13.0200	8948
13.0250	8921
13.0300	8986
13.0350	8503
13.0400	9054
13.0450	8707
13.0500	8765
13.0550	8838
13.0600	8738
13.0650	9011
13.0700	8573
13.0750	8568
13.0800	8526
13.0850	8925
13.0900	9020
13.0950	8805
13.1000	8595
13.1050	8628
13.1100	8924
13.1150	9022
13.1200	9000
13.1250	8506
13.1300	8990
13.1350	8786
13.1400	8852
13.1450	8922
13.1500	8589
13.1550	9077
13.1600	8524
13.1650	8672
13.1700	8600
13.1750	8756
13.1800	9094
13.1850	8930
13.1900	8367
13.1950	8656
13.2000	8941
13.2050	9018
13.2100	9042
13.2150	8435
13.2200	8971
13.2250	8757
13.2300	8827
13.2350	8778
13.2400	8523
13.2450	9096
13.2500	8729
13.2550	8531
13.2600	8695
13.2650	8916
13.2700	9077
13.2750	8725
13.2800	8600
13.2850	8646
13.2900	9055
13.2950	8936
13.3000	9080
13.3050	8530
13.3100	8887
13.3150	8806
13.3200	8903
13.3250	9063
13.3300	8466
13.3350	9261
13.3400	8603
13.3450	8532
13.3500	8624
13.3550	8915
13.3600	8991
13.3650	8717
13.3700	8437
13.3750	8476
13.3800	9076
13.3850	9203
13.3900	9008
13.3950	8498
13.4000	8796
13.4050	8746
13.4100	8930
13.4150	8991
13.4200	8380
13.4250	9073
13.4300	8662
13.4350	8587
13.4400	8778
13.4450	8957
13.4500	9072
13.4550	8825
13.4600	8731
13.4650	8638
13.4700	8992
13.4750	9010
13.4800	8830
13.4850	8470
13.4900	8775
13.4950	8757
13.5000	8910
13.5050	9031
13.5100	8460
13.5150	8954
13.5200	8545
13.5250	8645
13.5300	8525
13.5350	8740
13.5400	9109
13.5450	8655
13.5500	8612
13.5550	8606
13.5600	9090
13.5650	9211
13.5700	8881
13.5750	8403
13.5800	8800
13.5850	8944
13.5900	8726
13.5950	8980
13.6000	8628
13.6050	8984
13.6100	8710
13.6150	8586
13.6200	8693
13.6250	8738
13.6300	8906
13.6350	8654
13.6400	8619
13.6450	8475
13.6500	8997
13.6550	8924
13.6600	8717
13.6650	8582
13.6700	8786
13.6750	8756
13.6800	8790
13.6850	9054
13.6900	8559
13.6950	8922
13.7000	8687
13.7050	8688
13.7100	8894
13.7150	8586
13.7200	9148
13.7250	8759
13.7300	8505
13.7350	8451
13.7400	8957
13.7450	9034
13.7500	8698
13.7550	8454
13.7600	8699
13.7650	8948
13.7700	8871
13.7750	8914
13.7800	8346
13.7850	8815
13.7900	8602
13.7950	8698
13.8000	8828
13.8050	8745
13.8100	9024
13.8150	8470
13.8200	8511
13.8250	8528
13.8300	8965
13.8350	8885
13.8400	8850
13.8450	8454
13.8500	8637
13.8550	8815
13.8600	9027
13.8650	9034
13.8700	8474
13.8750	8920
13.8800	8819
13.8850	8629
13.8900	8862
13.8950	8527
13.9000	9156
13.9050	8632
13.9100	8429
13.9150	8504
13.9200	8982
13.9250	8985
13.9300	8828
13.9350	8301
13.9400	8683
13.9450	8932
13.9500	8811
13.9550	9105
13.9600	8450
13.9650	9004
13.9700	8720
13.9750	8675
13.9800	8854
13.9850	8732
13.9900	9033
13.9950	8389
14.0000	8506
14.0050	8642
14.0100	8834
14.0150	8856
14.0200	8845
14.0250	8435
14.0300	8612
14.0350	8961
14.0400	9011
14.0450	9048
14.0500	8407
14.0550	8800
14.0600	8577
14.0650	8595
14.0700	8675
14.0750	8534
14.0800	9016
14.0850	8466
14.0900	8375
14.0950	8334
14.1000	8739
14.1050	9164
14.1100	8675
14.1150	8316
14.1200	8566
14.1250	8876
14.1300	8875
14.1350	8973
14.1400	8514
14.1450	8841
14.1500	8544
14.1550	8707
14.1600	8805
14.1650	8850
14.1700	8959
14.1750	8440
14.1800	8268
14.1850	8636
14.1900	8724
14.1950	9040
14.2000	8703
14.2050	8494
14.2100	8488
14.2150	8959
14.2200	8733
14.2250	8924
14.2300	8433
14.2350	8716
14.2400	8655
14.2450	8892
14.2500	8680
14.2550	8442
14.2600	9045
14.2650	8433
14.2700	8444
14.2750	8651
14.2800	8875
14.2850	9011
14.2900	8542
14.2950	8262
14.3000	8573
14.3050	8944
14.3100	8858
14.3150	8828
14.3200	8365
14.3250	8969
14.3300	8787
14.3350	8490
14.3400	8918
14.3450	8602
14.3500	8957
14.3550	8614
14.3600	8564
14.3650	8709
14.3700	8831
14.3750	9088
14.3800	8590
14.3850	8381
14.3900	8540
14.3950	8956
14.4000	8941
14.4050	8889
14.4100	8549
14.4150	8630
14.4200	8829
14.4250	8658
14.4300	8734
14.4350	8464
14.4400	9062
14.4450	8699
14.4500	8657
14.4550	8468
14.4600	8668
14.4650	9010
14.4700	8448
14.4750	8512
14.4800	8604
14.4850	9106
14.4900	9036
14.4950	8887
14.5000	8394
14.5050	8752
14.5100	8839
14.5150	8737
14.5200	8978
14.5250	8622
14.5300	9020
14.5350	8521
14.5400	8622
14.5450	8804
14.5500	8975
14.5550	9046
14.5600	8672
14.5650	8485
14.5700	8551
14.5750	8930
14.5800	9099
14.5850	8909
14.5900	8383
14.5950	8780
14.6000	8820
14.6050	8958
14.6100	8870
14.6150	8471
14.6200	9023
14.6250	8682
14.6300	8466
14.6350	8726
14.6400	8765
14.6450	9175
14.6500	8644
14.6550	8408
14.6600	8636
14.6650	9001
14.6700	9007
14.6750	8884
14.6800	8576
14.6850	8693
14.6900	8871
14.6950	8796
14.7000	8907
14.7050	8615
14.7100	8991
14.7150	8644
14.7200	8713
14.7250	8691
14.7300	8692
14.7350	9068
14.7400	8659
14.7450	8488
14.7500	8542
14.7550	9085
14.7600	9082
14.7650	8975
14.7700	8412
14.7750	8786
14.7800	8931
14.7850	8956
14.7900	9064
14.7950	8435
14.8000	9096
14.8050	8620
14.8100	8516
14.8150	8664
14.8200	8721
14.8250	9084
14.8300	8546
14.8350	8435
14.8400	8477
14.8450	8930
14.8500	8932
14.8550	8831
14.8600	8459
14.8650	8819
14.8700	8786
14.8750	8743
14.8800	9005
14.8850	8534
14.8900	8891
14.8950	8594
14.9000	8591
14.9050	8672
14.9100	8548
14.9150	8924
14.9200	8353
14.9250	8516
14.9300	8529
14.9350	8925
14.9400	9043
14.9450	8837
14.9500	8520
14.9550	8601
14.9600	8942
14.9650	8866
14.9700	8933
14.9750	8347
14.9800	8906
14.9850	8849
14.9900	8601
14.9950	8650
15.0000	8771
15.0050	8940
15.0100	8545
15.0150	8314
15.0200	8533
15.0250	8914
15.0300	8998
15.0350	8724
15.0400	8507
15.0450	8680
15.0500	8862
15.0550	8796
15.0600	9111
15.0650	8626
15.0700	8924
15.0750	8636
15.0800	8553
15.0850	8820
15.0900	8602
15.0950	8912
15.1000	8457
15.1050	8514
15.1100	8471
15.1150	8874
15.1200	9119
15.1250	8780
15.1300	8431
15.1350	8693
15.1400	8793
15.1450	8994
15.1500	8965
15.1550	8436
15.1600	8960
15.1650	8741
15.1700	8734
15.1750	8971
15.1800	8681
15.1850	9048
15.1900	8538
15.1950	8434
15.2000	8727
15.2050	9116
15.2100	8981
15.2150	8742
15.2200	8526
15.2250	8657
15.2300	8928
15.2350	8837
15.2400	9070
15.2450	8584
15.2500	8893
15.2550	8755
15.2600	8801
15.2650	8804
15.2700	8596
15.2750	8995
15.2800	8571
15.2850	8608
15.2900	8437
15.2950	8743
15.3000	8892
15.3050	8825
15.3100	8603
15.3150	8554
15.3200	9101
15.3250	9082
15.3300	8866
15.3350	8448
15.3400	8823
15.3450	8613
15.3500	8558
15.3550	8714
15.3600	8608
15.3650	9025
15.3700	8570
15.3750	8440
15.3800	8672
15.3850	8984
15.3900	8957
15.3950	8646
15.4000	8709
15.4050	8604
15.4100	8963
15.4150	8912
15.4200	9085
15.4250	8626
15.4300	8808
15.4350	8725
15.4400	8872
15.4450	8789
15.4500	8591
15.4550	8918
15.4600	8535
15.4650	8519
15.4700	8639
15.4750	8866
15.4800	9037
15.4850	8768
15.4900	8383
15.4950	8721
15.5000	8992
15.5050	8938
15.5100	8996
15.5150	8483
15.5200	8804
15.5250	8772
15.5300	8680
15.5350	8689
15.5400	8608
15.5450	8867
15.5500	8465
15.5550	8469
15.5600	8655
15.5650	8800
15.5700	9095
15.5750	8624
15.5800	8529
15.5850	8475
15.5900	9015
15.5950	8990
15.6000	9036
15.6050	8543
15.6100	8642
15.6150	8642
15.6200	8909
15.6250	8972
15.6300	8545
15.6350	8828
15.6400	8656
15.6450	8454
15.6500	8682
15.6550	8773
15.6600	9051
15.6650	8711
15.6700	8718
15.6750	8454
15.6800	9050
15.6850	9123
15.6900	8947
15.6950	8423
15.7000	8753
15.7050	8848
15.7100	8705
15.7150	8983
15.7200	8461
15.7250	8934
15.7300	8574
15.7350	8616
15.7400	8666
15.7450	8858
15.7500	8990
15.7550	8516
15.7600	8595
15.7650	8689
15.7700	8964
15.7750	8973
15.7800	8884
15.7850	8555
15.7900	8793
15.7950	8632
15.8000	8820
15.8050	8859
15.8100	8615
15.8150	8851
15.8200	8719
15.8250	8585
15.8300	8647
15.8350	8791
15.8400	8919
15.8450	8614
15.8500	8520
15.8550	8520
15.8600	9074
15.8650	8973
15.8700	8854
15.8750	8434
15.8800	8792
15.8850	8855
15.8900	8680
15.8950	8817
15.9000	8550
15.9050	9190
15.9100	8409
15.9150	8457
15.9200	8823
15.9250	8835
15.9300	9129
15.9350	8653
15.9400	8435
15.9450	8574
15.9500	8824
15.9550	8873
15.9600	8808
15.9650	8560
15.9700	8797
15.9750	8777
15.9800	8856
15.9850	9099
15.9900	8361
15.9950	9086
16.0000	8566
16.0050	8721
16.0100	8695
16.0150	8715
16.0200	9048
16.0250	8537
16.0300	8304
16.0350	8489
16.0400	8937
16.0450	9006
16.0500	8682
16.0550	8467
16.0600	8761
16.0650	8870
16.0700	8882
16.0750	9075
16.0800	8398
16.0850	9045
16.0900	8543
16.0950	8596
16.1000	8792
16.1050	8756
16.1100	8921
16.1150	8606
16.1200	8404
16.1250	8605
16.1300	8905
16.1350	9029
16.1400	8758
16.1450	8497
16.1500	8735
16.1550	8710
16.1600	8965
16.1650	9044
16.1700	8479
16.1750	8878
16.1800	8588
16.1850	8666
16.1900	8850
16.1950	8587
16.2000	8964
16.2050	8598
16.2100	8375
16.2150	8450
16.2200	8960
16.2250	9015
16.2300	8751
16.2350	8591
16.2400	8716
16.2450	8859
16.2500	8827
16.2550	8965
16.2600	8587
16.2650	8887
16.2700	8594
16.2750	8751
16.2800	8768
16.2850	8865
16.2900	9120
16.2950	8508
16.3000	8429
16.3050	8603
16.3100	8866
16.3150	9061
16.3200	8827
16.3250	8446
16.3300	8644
16.3350	8938
16.3400	8941
16.3450	9134
16.3500	8367
16.3550	8934
16.3600	8559
16.3650	8701
16.3700	8833
16.3750	8612
16.3800	8939
16.3850	8548
16.3900	8473
16.3950	8438
16.4000	8927
16.4050	8942
16.4100	8766
16.4150	8484
16.4200	8676
16.4250	9000
16.4300	8827
16.4350	8961
16.4400	8447
16.4450	8994
16.4500	8750
16.4550	8547
16.4600	8744
16.4650	8713
16.4700	8991
16.4750	8575
16.4800	8524
16.4850	8760
16.4900	8775
16.4950	9011
16.5000	8805
16.5050	8401
16.5100	8537
16.5150	8898
16.5200	8997
16.5250	8953
16.5300	8360
16.5350	8995
16.5400	8838
16.5450	8779
16.5500	8799
16.5550	8729
16.5600	9216
16.5650	8411
16.5700	8444
16.5750	8739
16.5800	8877
16.5850	9062
16.5900	8656
16.5950	8382
16.6000	8680
16.6050	9002
16.6100	8977
16.6150	8824
16.6200	8386
16.6250	8871
16.6300	8801
16.6350	8738
16.6400	9027
16.6450	8577
16.6500	9060
16.6550	8332
16.6600	8665
16.6650	8653
16.6700	8795
16.6750	8922
16.6800	8776
16.6850	8583
16.6900	8481
16.6950	8926
16.7000	9001
16.7050	8854
16.7100	8353
16.7150	8678
16.7200	8804
16.7250	8709
16.7300	8725
16.7350	8565
16.7400	8885
16.7450	8523
16.7500	8483
16.7550	8655
16.7600	8659
16.7650	9073
16.7700	8498
16.7750	8547
16.7800	8708
16.7850	8960
16.7900	9079
16.7950	8793
16.8000	8413
16.8050	8800
16.8100	8560
16.8150	8726
16.8200	8963
16.8250	8645
16.8300	8764
16.8350	8478
16.8400	8524
16.8450	8677
16.8500	8867
16.8550	9176
16.8600	8916
16.8650	8518
16.8700	8775
16.8750	8956
16.8800	9203
16.8850	8974
16.8900	8536
16.8950	8699
16.9000	8833
16.9050	8933
16.9100	8942
16.9150	8536
16.9200	8907
16.9250	8611
16.9300	8445
16.9350	8692
16.9400	8768
16.9450	8993
16.9500	8594
16.9550	8596
16.9600	8629
16.9650	9077
16.9700	9014
16.9750	8866
16.9800	8619
16.9850	8713
16.9900	8813
16.9950	8718
17.0000	8952
17.0050	8427
17.0100	9013
17.0150	8378
17.0200	8644
17.0250	8683
17.0300	8808
17.0350	8959
17.0400	8720
17.0450	8540
17.0500	8495
17.0550	9154
17.0600	8995
17.0650	8864
17.0700	8531
17.0750	8797
17.0800	8950
17.0850	8764
17.0900	8855
17.0950	8510
17.1000	9063
17.1050	8665
17.1100	8670
17.1150	8738
17.1200	8839
17.1250	9021
17.1300	8717
17.1350	8554
17.1400	8530
17.1450	9007
17.1500	9049
17.1550	8866
17.1600	8427
17.1650	8594
17.1700	8894
17.1750	8790
17.1800	8810
17.1850	8539
17.1900	8955
17.1950	8639
17.2000	8791
17.2050	8719
17.2100	8657
17.2150	8996
17.2200	8731
17.2250	8644
17.2300	8528
17.2350	8691
17.2400	9014
17.2450	8742
17.2500	8364
17.2550	8597
17.2600	8801
17.2650	8848
17.2700	8868
17.2750	8566
17.2800	9052
17.2850	8498
17.2900	8570
17.2950	8732
17.3000	8682
17.3050	8976
17.3100	8434
17.3150	8460
17.3200	8433
17.3250	8883
17.3300	9028
17.3350	8688
17.3400	8390
17.3450	8565
17.3500	8668
17.3550	8822
17.3600	9001
17.3650	8458
17.3700	8894
17.3750	8652
17.3800	8620
17.3850	8908
17.3900	8604
17.3950	8913
17.4000	8443
17.4050	8389
17.4100	8498
17.4150	8587
17.4200	8966
17.4250	8857
17.4300	8448
17.4350	8663
17.4400	9023
17.4450	8857
17.4500	8932
17.4550	8334
17.4600	9014
17.4650	8608
17.4700	8556
17.4750	8547
17.4800	8594
17.4850	8955
17.4900	8531
17.4950	8446
17.5000	8600
17.5050	8893
17.5100	9151
17.5150	8692
17.5200	8506
17.5250	8685
17.5300	8814
17.5350	8843
17.5400	9020
17.5450	8449
17.5500	8889
17.5550	8617
17.5600	8752
17.5650	8869
17.5700	8531
17.5750	8868
17.5800	8592
17.5850	8477
17.5900	8508
17.5950	8978
17.6000	9070
17.6050	8826
17.6100	8443
17.6150	8611
17.6200	8882
17.6250	8896
17.6300	8756
17.6350	8515
17.6400	8864
17.6450	8850
17.6500	8694
17.6550	8714
17.6600	8754
17.6650	9015
17.6700	8503
17.6750	8449
17.6800	8576
17.6850	8788
17.6900	9041
17.6950	8654
17.7000	8423
17.7050	8723
17.7100	9130
17.7150	9104
17.7200	9104
17.7250	8471
17.7300	8684
17.7350	8704
17.7400	8750
17.7450	8811
17.7500	8513
17.7550	8998
17.7600	8491
17.7650	8614
17.7700	8582
17.7750	8806
17.7800	9113
17.7850	8743
17.7900	8209
17.7950	8712
17.8000	9130
17.8050	8913
17.8100	8847
17.8150	8441
17.8200	8837
17.8250	8965
17.8300	8745
17.8350	8943
17.8400	8712
17.8450	9073
17.8500	8389
17.8550	8424
17.8600	8657
17.8650	8746
17.8700	8853
17.8750	8605
17.8800	8567
17.8850	8554
17.8900	9035
17.8950	9056
17.9000	8959
17.9050	8382
17.9100	8709
17.9150	8810
17.9200	8836
17.9250	8914
17.9300	8653
17.9350	9065
17.9400	8641
17.9450	8427
17.9500	8472
17.9550	8746
17.9600	9116
17.9650	8685
17.9700	8486
17.9750	8352
17.9800	8904
17.9850	9139
17.9900	8762
17.9950	8292
18.0000	8830
18.0050	8733
18.0100	8662
18.0150	8833
18.0200	8682
18.0250	9053
18.0300	8482
18.0350	8530
18.0400	8717
18.0450	8771
18.0500	8872
18.0550	8566
18.0600	8470
18.0650	8507
18.0700	8939
18.0750	8970
18.0800	9017
18.0850	8552
18.0900	8819
18.0950	8789
18.1000	8850
18.1050	8914
18.1100	8541
18.1150	8935
18.1200	8595
18.1250	8572
18.1300	8556
18.1350	8687
18.1400	9045
18.1450	8609
18.1500	8437
18.1550	8639
18.1600	8917
18.1650	9057
18.1700	8840
18.1750	8347
18.1800	8911
18.1850	8953
18.1900	8864
18.1950	8979
18.2000	8596
18.2050	9124
18.2100	8710
18.2150	8534
18.2200	8812
18.2250	9039
18.2300	8989
18.2350	8611
18.2400	8594
18.2450	8359
18.2500	9004
18.2550	9025
18.2600	8971
18.2650	8442
18.2700	8657
18.2750	8892
18.2800	8807
18.2850	8866
18.2900	8479
18.2950	8991
18.3000	8653
18.3050	8531
18.3100	8739
18.3150	8882
18.3200	9174
18.3250	8515
18.3300	8439
18.3350	8568
18.3400	8998
18.3450	8981
18.3500	8860
18.3550	8550
18.3600	8932
18.3650	8821
18.3700	8833
18.3750	8924
18.3800	8470
18.3850	8886
18.3900	8776
18.3950	8667
18.4000	8657
18.4050	8728
18.4100	8906
18.4150	8451
18.4200	8323
18.4250	8467
18.4300	8716
18.4350	8954
18.4400	8734
18.4450	8465
18.4500	8558
18.4550	8888
18.4600	8917
18.4650	9080
18.4700	8459
18.4750	8885
18.4800	8625
18.4850	8633
18.4900	8770
18.4950	8666
18.5000	9044
18.5050	8622
18.5100	8350
18.5150	8453
18.5200	8846
18.5250	8891
18.5300	8656
18.5350	8476
18.5400	8788
18.5450	8946
18.5500	8762
18.5550	9127
18.5600	8423
18.5650	8928
18.5700	8587
18.5750	8538
18.5800	8645
18.5850	8785
18.5900	9052
18.5950	8519
18.6000	8524
18.6050	8657
18.6100	8839
18.6150	8998
18.6200	8809
18.6250	8531
18.6300	8576
18.6350	8839
18.6400	8849
18.6450	8924
18.6500	8201
18.6550	8783
18.6600	8701
18.6650	8634
18.6700	8897
18.6750	8676
18.6800	9138
18.6850	8395
18.6900	8238
18.6950	8547
18.7000	8988
18.7050	8957
18.7100	8649
18.7150	8340
18.7200	8756
18.7250	8865
18.7300	8906
18.7350	9001
18.7400	8465
18.7450	9035
18.7500	8757
18.7550	8649
18.7600	8932
18.7650	8636
18.7700	8928
18.7750	8484
18.7800	8661
18.7850	8530
18.7900	8848
18.7950	8920
18.8000	8744
18.8050	8418
18.8100	8637
18.8150	9079
18.8200	9030
18.8250	8881
18.8300	8359
18.8350	8878
18.8400	8673
18.8450	8683
18.8500	8750
18.8550	8691
18.8600	8990
18.8650	8587
18.8700	8324
18.8750	8643
18.8800	8954
18.8850	8904
18.8900	8789
18.8950	8418
18.9000	8683
18.9050	8919
18.9100	8907
18.9150	8756
18.9200	8454
18.9250	8817
18.9300	8547
18.9350	8793
18.9400	8942
18.9450	8669
18.9500	8802
18.9550	8482
18.9600	8668
18.9650	8665
18.9700	8813
18.9750	8993
18.9800	8672
18.9850	8416
18.9900	8600
18.9950	8977
19.0000	8895
19.0050	8896
19.0100	8369
19.0150	8833
19.0200	8606
19.0250	8827
19.0300	8738
19.0350	8568
19.0400	9054
19.0450	8517
19.0500	8479
19.0550	8546
19.0600	8768
19.0650	9084
19.0700	8719
19.0750	8205
19.0800	8713
19.0850	8997
19.0900	8794
19.0950	8956
19.1000	8454
19.1050	8766
19.1100	8740
19.1150	8623
19.1200	8832
19.1250	8427
19.1300	8914
19.1350	8529
19.1400	8534
19.1450	8735
19.1500	8720
19.1550	9030
19.1600	8736
19.1650	8426
19.1700	8449
19.1750	9006
19.1800	9044
19.1850	8850
19.1900	8431
19.1950	8864
19.2000	8925
19.2050	8826
19.2100	8868
19.2150	8514
19.2200	8943
19.2250	8610
19.2300	8522
19.2350	8525
19.2400	8880
19.2450	8995
19.2500	8517
19.2550	8399
19.2600	8556
19.2650	8954
19.2700	8752
19.2750	8886
19.2800	8482
19.2850	8751
19.2900	8687
19.2950	8943
19.3000	9138
19.3050	8356
19.3100	8929
19.3150	8484
19.3200	8675
19.3250	8636
19.3300	8641
19.3350	9129
19.3400	8700
19.3450	8587
19.3500	8509
19.3550	9024
19.3600	8875
19.3650	8755
19.3700	8336
19.3750	8765
19.3800	8761
19.3850	8872
19.3900	8879
19.3950	8313
19.4000	9115
19.4050	8803
19.4100	8587
19.4150	8748
19.4200	8673
19.4250	8980
19.4300	8499
19.4350	8616
19.4400	8640
19.4450	9017
19.4500	8958
19.4550	8807
19.4600	8581
19.4650	8701
19.4700	8820
19.4750	8890
19.4800	9104
19.4850	8563
19.4900	8884
19.4950	8570
19.5000	8600
19.5050	8665
19.5100	8665
19.5150	9086
19.5200	8625
19.5250	8471
19.5300	8616
19.5350	8945
19.5400	9029
19.5450	8884
19.5500	8239
19.5550	8854
19.5600	8930
19.5650	8707
19.5700	8854
19.5750	8316
19.5800	8999
19.5850	8677
19.5900	8408
19.5950	8660
19.6000	8707
19.6050	8992
19.6100	8638
19.6150	8477
19.6200	8613
19.6250	8834
19.6300	8927
19.6350	8884
19.6400	8492
19.6450	8745
19.6500	8920
19.6550	8659
19.6600	8768
19.6650	8431
19.6700	8954
19.6750	8443
19.6800	8561
19.6850	8718
19.6900	8658
19.6950	8927
19.7000	8693
19.7050	8491
19.7100	8540
19.7150	8950
19.7200	9235
19.7250	8948
19.7300	8234
19.7350	8664
19.7400	8969
19.7450	8860
19.7500	8871
19.7550	8432
19.7600	8938
19.7650	8683
19.7700	8568
19.7750	8834
19.7800	8579
19.7850	8934
19.7900	8451
19.7950	8522
19.8000	8600
19.8050	8988
19.8100	9042
19.8150	8853
19.8200	8518
19.8250	8836
19.8300	8886
19.8350	8918
19.8400	9039
19.8450	8511
19.8500	8888
19.8550	8589
19.8600	8802
19.8650	8743
19.8700	8486
19.8750	9021
19.8800	8561
19.8850	8448
19.8900	8465
19.8950	8947
19.9000	9088
19.9050	8861
19.9100	8343
19.9150	8680
19.9200	8852
19.9250	8882
19.9300	8984
19.9350	8320
19.9400	9005
19.9450	8521
19.9500	8476
19.9550	8803
19.9600	8784
19.9650	8983
19.9700	8368
19.9750	8448
19.9800	8678
19.9850	8882
19.9900	8944
19.9950	8782
