0.0000	8374
0.0040	8755
0.0080	8438
0.0120	8856
0.0160	8391
0.0200	8986
0.0240	8309
0.0280	9010
0.0320	8485
0.0360	8853
0.0400	8751
0.0440	8672
0.0480	8410
0.0520	8689
0.0560	8769
0.0600	8525
0.0640	8895
0.0680	8482
0.0720	8960
0.0760	8603
0.0800	8815
0.0840	8574
0.0880	8977
0.0920	8724
0.0960	8904
0.1000	8776
0.1040	9014
0.1080	8785
0.1120	9095
0.1160	9132
0.1200	9090
0.1240	8760
0.1280	8903
0.1320	8874
0.1360	8830
0.1400	8585
0.1440	8598
0.1480	8561
0.1520	8558
0.1560	8651
0.1600	8494
0.1640	8386
0.1680	8647
0.1720	8348
0.1760	8759
0.1800	8591
0.1840	8799
0.1880	8472
0.1920	8968
0.1960	8402
0.2000	8978
0.2040	8302
0.2080	8850
0.2120	8435
0.2160	8993
0.2200	8438
0.2240	8748
0.2280	8539
0.2320	8529
0.2360	8708
0.2400	8496
0.2440	8857
0.2480	8467
0.2520	9023
0.2560	8468
0.2600	8884
0.2640	8563
0.2680	8690
0.2720	8879
0.2760	8982
0.2800	8889
0.2840	9032
0.2880	8851
0.2920	8908
0.2960	8858
0.3000	9055
0.3040	8724
0.3080	8874
0.3120	8621
0.3160	8856
0.3200	8660
0.3240	8566
0.3280	8537
0.3320	8446
0.3360	8439
0.3400	8558
0.3440	8294
0.3480	8665
0.3520	8564
0.3560	8843
0.3600	8463
0.3640	8714
0.3680	8432
0.3720	8950
0.3760	8458
0.3800	9113
0.3840	8298
0.3880	8759
0.3920	8744
0.3960	8910
0.4000	8663
0.4040	8669
0.4080	8644
0.4120	8447
0.4160	8943
0.4200	8427
0.4240	8850
0.4280	8445
0.4320	8907
0.4360	8592
0.4400	8909
0.4440	8869
0.4480	9018
0.4520	8734
0.4560	8895
0.4600	9064
0.4640	8827
0.4680	8863
0.4720	8905
0.4760	8848
0.4800	8982
0.4840	8836
0.4880	8557
0.4920	8615
0.4960	8733
0.5000	8687
0.5040	8619
0.5080	8319
0.5120	8493
0.5160	8482
0.5200	8601
0.5240	8440
0.5280	8582
0.5320	8479
0.5360	8793
0.5400	8439
0.5440	8938
0.5480	8425
0.5520	8985
0.5560	8511
0.5600	8950
0.5640	8592
0.5680	8959
0.5720	8602
0.5760	8766
0.5800	8654
0.5840	8611
0.5880	8794
0.5920	8523
0.5960	8965
0.6000	8299
0.6040	8964
0.6080	8394
0.6120	8797
0.6160	8678
0.6200	8968
0.6240	8551
0.6280	8955
0.6320	8742
0.6360	9061
0.6400	8884
0.6440	8959
0.6480	8934
0.6520	8830
0.6560	8920
0.6600	8705
0.6640	8649
0.6680	8780
0.6720	8610
0.6760	8584
0.6800	8649
0.6840	8433
0.6880	8330
0.6920	8401
0.6960	8376
0.7000	8539
0.7040	8513
0.7080	8692
0.7120	8400
0.7160	8893
0.7200	8446
0.7240	8896
0.7280	8422
0.7320	8962
0.7360	8384
0.7400	8755
0.7440	8623
0.7480	8802
0.7520	8636
0.7560	8785
0.7600	8563
0.7640	8621
0.7680	8786
0.7720	8542
0.7760	8936
0.7800	8477
0.7840	9168
0.7880	8577
0.7920	9131
0.7960	8813
0.8000	8973
0.8040	8643
0.8080	8820
0.8120	8719
0.8160	8944
0.8200	8964
0.8240	9059
0.8280	8863
0.8320	8797
0.8360	8705
0.8400	8925
0.8440	8814
0.8480	8479
0.8520	8522
0.8560	8466
0.8600	8530
0.8640	8420
0.8680	8391
0.8720	8517
0.8760	8491
0.8800	8819
0.8840	8195
0.8880	8654
0.8920	8611
0.8960	8941
0.9000	8482
0.9040	8878
0.9080	8451
0.9120	8906
0.9160	8414
0.9200	8895
0.9240	8622
0.9280	8707
0.9320	8638
0.9360	8872
0.9400	8787
0.9440	8589
0.9480	8808
0.9520	8704
0.9560	9048
0.9600	8637
0.9640	8944
0.9680	8569
0.9720	8985
0.9760	8670
0.9800	8963
0.9840	8814
0.9880	8964
0.9920	9062
0.9960	8930
1.0000	8916
1.0040	8838
1.0080	8855
1.0120	8789
1.0160	8713
1.0200	8580
1.0240	8687
1.0280	8369
1.0320	8538
1.0360	8490
1.0400	8389
1.0440	8302
1.0480	8250
1.0520	8348
1.0560	8405
1.0600	8742
1.0640	8474
1.0680	8928
1.0720	8357
1.0760	8738
1.0800	8435
1.0840	8795
1.0880	8518
1.0920	8806
1.0960	8556
1.1000	8945
1.1040	8497
1.1080	8723
1.1120	8578
1.1160	8747
1.1200	8697
1.1240	8454
1.1280	8921
1.1320	8468
1.1360	8997
1.1400	8621
1.1440	8956
1.1480	8705
1.1520	8910
1.1560	8918
1.1600	9063
1.1640	8840
1.1680	9000
1.1720	8895
1.1760	8935
1.1800	8791
1.1840	8744
1.1880	8626
1.1920	8905
1.1960	9048
1.2000	8678
1.2040	8590
1.2080	8438
1.2120	8498
1.2160	8595
1.2200	8423
1.2240	8456
1.2280	8318
1.2320	8564
1.2360	8464
1.2400	8675
1.2440	8297
1.2480	8676
1.2520	8412
1.2560	8817
1.2600	8435
1.2640	8946
1.2680	8386
1.2720	8887
1.2760	8531
1.2800	8903
1.2840	8565
1.2880	8678
1.2920	8587
1.2960	8528
1.3000	8820
1.3040	8477
1.3080	8925
1.3120	8620
1.3160	9077
1.3200	8558
1.3240	8960
1.3280	8826
1.3320	8897
1.3360	8769
1.3400	8945
1.3440	8828
1.3480	8875
1.3520	9037
1.3560	9056
1.3600	8993
1.3640	8836
1.3680	8940
1.3720	8729
1.3760	8780
1.3800	8775
1.3840	8580
1.3880	8632
1.3920	8442
1.3960	8581
1.4000	8407
1.4040	8329
1.4080	8347
1.4120	8622
1.4160	8384
1.4200	8743
1.4240	8271
1.4280	8629
1.4320	8336
1.4360	8883
1.4400	8306
1.4440	8807
1.4480	8349
1.4520	8890
1.4560	8595
1.4600	8744
1.4640	8493
1.4680	8647
1.4720	8796
1.4760	8581
1.4800	8820
1.4840	8375
1.4880	8871
1.4920	8265
1.4960	8927
1.5000	8589
1.5040	8799
1.5080	8627
1.5120	8840
1.5160	8916
1.5200	9025
1.5240	8812
1.5280	9052
1.5320	9012
1.5360	8949
1.5400	9066
1.5440	8818
1.5480	8735
1.5520	8810
1.5560	8758
1.5600	8704
1.5640	8515
1.5680	8495
1.5720	8553
1.5760	8490
1.5800	8467
1.5840	8779
1.5880	8496
1.5920	8736
1.5960	8431
1.6000	8722
1.6040	8314
1.6080	8617
1.6120	8320
1.6160	8919
1.6200	8332
1.6240	8823
1.6280	8379
1.6320	8568
1.6360	8593
1.6400	8618
1.6440	8524
1.6480	8580
1.6520	8857
1.6560	8634
1.6600	8819
1.6640	8463
1.6680	8738
1.6720	8475
1.6760	8879
1.6800	8650
1.6840	8894
1.6880	8751
1.6920	8810
1.6960	8748
1.7000	9134
1.7040	8900
1.7080	8862
1.7120	9047
1.7160	8847
1.7200	8759
1.7240	8741
1.7280	8660
1.7320	8747
1.7360	8570
1.7400	8575
1.7440	8593
1.7480	8633
1.7520	8380
1.7560	8612
1.7600	8487
1.7640	8323
1.7680	8430
1.7720	8701
1.7760	8393
1.7800	8873
1.7840	8419
1.7880	8896
1.7920	8519
1.7960	8919
1.8000	8395
1.8040	8890
1.8080	8586
1.8120	8817
1.8160	8579
1.8200	8646
1.8240	8805
1.8280	8623
1.8320	8818
1.8360	8514
1.8400	8834
1.8440	8379
1.8480	8769
1.8520	8641
1.8560	9016
1.8600	8613
1.8640	8945
1.8680	8796
1.8720	8954
1.8760	8834
1.8800	8917
1.8840	8944
1.8880	8823
1.8920	8816
1.8960	8839
1.9000	8836
1.9040	8699
1.9080	8670
1.9120	8661
1.9160	8719
1.9200	8507
1.9240	8447
1.9280	8472
1.9320	8501
1.9360	8626
1.9400	8488
1.9440	8700
1.9480	8254
1.9520	8776
1.9560	8586
1.9600	8912
1.9640	8347
1.9680	8937
1.9720	8452
1.9760	8981
1.9800	8560
1.9840	8835
1.9880	8586
1.9920	8703
1.9960	8822
2.0000	8423
2.0040	8800
2.0080	8336
2.0120	8854
2.0160	8590
2.0200	9009
2.0240	8228
2.0280	8964
2.0320	8534
2.0360	8851
2.0400	8714
2.0440	8836
2.0480	8738
2.0520	8752
2.0560	8859
2.0600	8870
2.0640	8737
2.0680	8886
2.0720	8737
2.0760	8780
2.0800	8796
2.0840	8517
2.0880	8439
2.0920	8589
2.0960	8571
2.1000	8673
2.1040	8316
2.1080	8465
2.1120	8371
2.1160	8634
2.1200	8397
2.1240	8620
2.1280	8544
2.1320	8966
2.1360	8408
2.1400	8922
2.1440	8423
2.1480	8873
2.1520	8439
2.1560	8856
2.1600	8420
2.1640	8714
2.1680	8545
2.1720	8678
2.1760	8797
2.1800	8840
2.1840	8718
2.1880	8287
2.1920	8886
2.1960	8453
2.2000	9033
2.2040	8474
2.2080	8930
2.2120	8753
2.2160	9121
2.2200	8611
2.2240	8942
2.2280	8711
2.2320	8953
2.2360	8968
2.2400	8762
2.2440	8878
2.2480	8892
2.2520	8790
2.2560	8736
2.2600	8680
2.2640	8640
2.2680	8562
2.2720	8502
2.2760	8424
2.2800	8362
2.2840	8334
2.2880	8446
2.2920	8396
2.2960	8525
2.3000	8443
2.3040	8751
2.3080	8402
2.3120	8892
2.3160	8492
2.3200	8818
2.3240	8497
2.3280	8921
2.3320	8558
2.3360	8971
2.3400	8636
2.3440	8655
2.3480	8540
2.3520	8694
2.3560	8806
2.3600	8527
2.3640	8696
2.3680	8455
2.3720	9037
2.3760	8551
2.3800	9031
2.3840	8635
2.3880	8893
2.3920	8694
2.3960	8918
2.4000	8761
2.4040	8725
2.4080	8677
2.4120	8889
2.4160	8951
2.4200	9005
2.4240	8743
2.4280	8780
2.4320	8636
2.4360	8750
2.4400	8572
2.4440	8525
2.4480	8264
2.4520	8337
2.4560	8481
2.4600	8388
2.4640	8390
2.4680	8492
2.4720	8373
2.4760	8615
2.4800	8367
2.4840	8712
2.4880	8359
2.4920	8837
2.4960	8354
2.5000	8981
2.5040	8364
2.5080	8824
2.5120	8515
2.5160	8782
2.5200	8470
2.5240	8924
2.5280	8705
2.5320	8591
2.5360	8904
2.5400	8571
2.5440	8838
2.5480	8432
2.5520	8906
2.5560	8622
2.5600	9128
2.5640	8627
2.5680	8993
2.5720	8717
2.5760	8972
2.5800	8901
2.5840	8858
2.5880	8853
2.5920	8948
2.5960	8898
2.6000	8822
2.6040	8873
2.6080	8770
2.6120	8712
2.6160	8685
2.6200	8570
2.6240	8436
2.6280	8300
2.6320	8410
2.6360	8436
2.6400	8354
2.6440	8385
2.6480	8448
2.6520	8417
2.6560	8608
2.6600	8325
2.6640	8659
2.6680	8252
2.6720	8830
2.6760	8554
2.6800	8880
2.6840	8296
2.6880	8840
2.6920	8638
2.6960	8829
2.7000	8732
2.7040	8770
2.7080	8617
2.7120	8613
2.7160	8790
2.7200	8465
2.7240	8837
2.7280	8573
2.7320	9203
2.7360	8661
2.7400	8934
2.7440	8571
2.7480	8913
2.7520	8806
2.7560	9033
2.7600	8811
2.7640	8971
2.7680	8943
2.7720	8940
2.7760	8989
2.7800	8874
2.7840	8874
2.7880	8702
2.7920	8820
2.7960	8799
2.8000	8662
2.8040	8348
2.8080	8277
2.8120	8192
2.8160	8328
2.8200	8398
2.8240	8403
2.8280	8593
2.8320	8467
2.8360	8872
2.8400	8301
2.8440	8779
2.8480	8316
2.8520	8878
2.8560	8493
2.8600	8967
2.8640	8421
2.8680	8704
2.8720	8491
2.8760	8646
2.8800	8461
2.8840	8441
2.8880	8736
2.8920	8570
2.8960	8961
2.9000	8578
2.9040	8831
2.9080	8574
2.9120	8966
2.9160	8648
2.9200	9026
2.9240	8727
2.9280	8812
2.9320	8789
2.9360	9060
2.9400	8904
2.9440	9021
2.9480	8987
2.9520	8994
2.9560	8928
2.9600	8867
2.9640	8571
2.9680	8870
2.9720	8675
2.9760	8844
2.9800	8511
2.9840	8458
2.9880	8486
2.9920	8394
2.9960	8611
3.0000	8669
3.0040	8412
3.0080	8616
3.0120	8387
3.0160	8805
3.0200	8275
3.0240	8814
3.0280	8435
3.0320	8979
3.0360	8340
3.0400	8908
3.0440	8350
3.0480	8830
3.0520	8620
3.0560	8697
3.0600	8654
3.0640	8628
3.0680	8576
3.0720	8520
3.0760	8845
3.0800	8466
3.0840	8950
3.0880	8509
3.0920	8961
3.0960	8582
3.1000	8999
3.1040	8825
3.1080	9043
3.1120	8892
3.1160	9234
3.1200	9033
3.1240	9008
3.1280	8803
3.1320	8981
3.1360	8799
3.1400	8749
3.1440	8651
3.1480	8677
3.1520	8664
3.1560	8677
3.1600	8483
3.1640	8278
3.1680	8424
3.1720	8565
3.1760	8466
3.1800	8557
3.1840	8381
3.1880	8585
3.1920	8541
3.1960	8952
3.2000	8333
3.2040	8823
3.2080	8348
3.2120	8918
3.2160	8454
3.2200	8880
3.2240	8506
3.2280	8664
3.2320	8574
3.2360	8696
3.2400	8642
3.2440	8519
3.2480	8677
3.2520	8696
3.2560	8978
3.2600	8497
3.2640	8861
3.2680	8578
3.2720	8904
3.2760	8693
3.2800	8839
3.2840	8607
3.2880	8988
3.2920	8947
3.2960	8931
3.3000	8887
3.3040	8917
3.3080	8862
3.3120	8885
3.3160	8749
3.3200	8695
3.3240	8552
3.3280	8625
3.3320	8604
3.3360	8605
3.3400	8540
3.3440	8415
3.3480	8463
3.3520	8785
3.3560	8555
3.3600	8579
3.3640	8487
3.3680	8788
3.3720	8525
3.3760	9076
3.3800	8432
3.3840	9009
3.3880	8459
3.3920	9053
3.3960	8546
3.4000	8785
3.4040	8479
3.4080	8636
3.4120	8580
3.4160	8621
3.4200	8743
3.4240	8548
3.4280	9001
3.4320	8451
3.4360	8942
3.4400	8433
3.4440	8870
3.4480	8627
3.4520	8944
3.4560	8712
3.4600	8887
3.4640	8786
3.4680	8836
3.4720	8887
3.4760	8899
3.4800	8843
3.4840	8702
3.4880	8855
3.4920	8713
3.4960	8835
3.5000	8867
3.5040	8638
3.5080	8623
3.5120	8391
3.5160	8498
3.5200	8323
3.5240	8457
3.5280	8450
3.5320	8686
3.5360	8374
3.5400	8663
3.5440	8413
3.5480	8732
3.5520	8519
3.5560	8884
3.5600	8205
3.5640	8872
3.5680	8481
3.5720	9007
3.5760	8624
3.5800	8803
3.5840	8507
3.5880	8567
3.5920	8609
3.5960	8702
3.6000	8635
3.6040	8313
3.6080	8775
3.6120	8396
3.6160	8885
3.6200	8602
3.6240	8963
3.6280	8657
3.6320	8899
3.6360	8767
3.6400	9005
3.6440	8867
3.6480	8963
3.6520	8945
3.6560	8976
3.6600	8816
3.6640	8847
3.6680	8567
3.6720	8723
3.6760	8663
3.6800	8589
3.6840	8540
3.6880	8470
3.6920	8612
3.6960	8685
3.7000	8410
3.7040	8477
3.7080	8447
3.7120	8675
3.7160	8445
3.7200	8653
3.7240	8372
3.7280	8822
3.7320	8422
3.7360	8891
3.7400	8433
3.7440	8890
3.7480	8508
3.7520	8996
3.7560	8604
3.7600	8902
3.7640	8530
3.7680	8548
3.7720	8784
3.7760	8484
3.7800	8941
3.7840	8409
3.7880	8805
3.7920	8585
3.7960	8938
3.8000	8753
3.8040	8931
3.8080	8597
3.8120	9087
3.8160	8872
3.8200	8844
3.8240	8787
3.8280	8823
3.8320	8888
3.8360	8963
3.8400	8730
3.8440	8700
3.8480	8804
3.8520	8677
3.8560	8585
3.8600	8613
3.8640	8546
3.8680	8501
3.8720	8452
3.8760	8623
3.8800	8370
3.8840	8581
3.8880	8434
3.8920	8676
3.8960	8534
3.9000	8712
3.9040	8337
3.9080	8798
3.9120	8431
3.9160	9202
3.9200	8335
3.9240	8836
3.9280	8413
3.9320	8793
3.9360	8603
3.9400	8736
3.9440	8625
3.9480	8670
3.9520	8732
3.9560	8572
3.9600	9010
3.9640	8463
3.9680	8996
3.9720	8647
3.9760	9045
3.9800	8617
3.9840	9068
3.9880	8740
3.9920	8936
3.9960	8926
4.0000	8894
4.0040	8844
4.0080	9019
4.0120	8906
4.0160	8851
4.0200	8664
4.0240	8707
4.0280	8658
4.0320	8640
4.0360	8632
4.0400	8520
4.0440	8448
4.0480	8439
4.0520	8492
4.0560	8498
4.0600	8451
4.0640	8515
4.0680	8441
4.0720	8767
4.0760	8446
4.0800	8691
4.0840	8324
4.0880	8859
4.0920	8459
4.0960	9040
4.1000	8481
4.1040	8845
4.1080	8625
4.1120	8797
4.1160	8576
4.1200	8674
4.1240	8562
4.1280	8637
4.1320	8904
4.1360	8578
4.1400	8903
4.1440	8449
4.1480	8814
4.1520	8581
4.1560	9070
4.1600	8737
4.1640	8893
4.1680	8748
4.1720	9042
4.1760	9015
4.1800	8956
4.1840	8814
4.1880	8926
4.1920	8862
4.1960	8938
4.2000	8913
4.2040	8677
4.2080	8666
4.2120	8598
4.2160	8579
4.2200	8637
4.2240	8426
4.2280	8352
4.2320	8352
4.2360	8622
4.2400	8426
4.2440	8560
4.2480	8354
4.2520	8725
4.2560	8426
4.2600	8792
4.2640	8417
4.2680	8806
4.2720	8480
4.2760	9106
4.2800	8417
4.2840	8751
4.2880	8543
4.2920	8727
4.2960	8831
4.3000	8705
4.3040	8631
4.3080	8364
4.3120	8990
4.3160	8638
4.3200	9261
4.3240	8434
4.3280	9012
4.3320	8672
4.3360	9089
4.3400	8719
4.3440	9019
4.3480	8893
4.3520	9051
4.3560	8990
4.3600	9044
4.3640	8758
4.3680	8826
4.3720	8979
4.3760	8946
4.3800	8780
4.3840	8589
4.3880	8586
4.3920	8792
4.3960	8651
4.4000	8542
4.4040	8394
4.4080	8425
4.4120	8455
4.4160	8519
4.4200	8565
4.4240	8486
4.4280	8470
4.4320	8732
4.4360	8463
4.4400	8973
4.4440	8342
4.4480	8898
4.4520	8586
4.4560	8976
4.4600	8480
4.4640	8645
4.4680	8565
4.4720	8743
4.4760	8645
4.4800	8498
4.4840	8746
4.4880	8496
4.4920	8979
4.4960	8557
4.5000	9015
4.5040	8631
4.5080	8961
4.5120	8595
4.5160	9210
4.5200	8753
4.5240	9023
4.5280	8844
4.5320	9019
4.5360	8939
4.5400	9034
4.5440	8731
4.5480	8881
4.5520	8820
4.5560	8854
4.5600	8886
4.5640	8664
4.5680	8739
4.5720	8673
4.5760	8574
4.5800	8464
4.5840	8495
4.5880	8514
4.5920	8308
4.5960	8747
4.6000	8343
4.6040	8637
4.6080	8299
4.6120	8922
4.6160	8338
4.6200	8871
4.6240	8376
4.6280	8921
4.6320	8328
4.6360	8858
4.6400	8592
4.6440	8755
4.6480	8598
4.6520	8696
4.6560	8712
4.6600	8509
4.6640	8788
4.6680	8501
4.6720	8940
4.6760	8384
4.6800	9076
4.6840	8629
4.6880	8870
4.6920	8703
4.6960	8897
4.7000	8635
4.7040	8968
4.7080	8870
4.7120	9018
4.7160	9152
4.7200	9041
4.7240	8715
4.7280	8759
4.7320	8865
4.7360	8808
4.7400	8847
4.7440	8503
4.7480	8588
4.7520	8520
4.7560	8647
4.7600	8636
4.7640	8321
4.7680	8504
4.7720	8474
4.7760	8705
4.7800	8453
4.7840	8768
4.7880	8384
4.7920	8851
4.7960	8480
4.8000	8809
4.8040	8503
4.8080	8873
4.8120	8570
4.8160	8708
4.8200	8449
4.8240	8683
4.8280	8712
4.8320	8645
4.8360	8818
4.8400	8498
4.8440	8711
4.8480	8530
4.8520	8647
4.8560	8523
4.8600	9042
4.8640	8414
4.8680	8832
4.8720	8729
4.8760	8992
4.8800	8669
4.8840	8874
4.8880	8910
4.8920	8820
4.8960	8977
4.9000	8885
4.9040	8912
4.9080	8909
4.9120	8803
4.9160	8741
4.9200	8617
4.9240	8602
4.9280	8489
4.9320	8560
4.9360	8585
4.9400	8494
4.9440	8447
4.9480	8615
4.9520	8426
4.9560	8722
4.9600	8345
4.9640	8700
4.9680	8727
4.9720	8986
4.9760	8467
4.9800	9172
4.9840	8478
4.9880	8901
4.9920	8473
4.9960	9029
5.0000	8568
5.0040	8647
5.0080	8617
5.0120	8713
5.0160	8905
5.0200	8510
5.0240	8901
5.0280	8348
5.0320	8884
5.0360	8487
5.0400	8886
5.0440	8659
5.0480	8757
5.0520	8774
5.0560	8958
5.0600	8913
5.0640	8956
5.0680	8977
5.0720	8814
5.0760	8890
5.0800	8873
5.0840	8710
5.0880	8610
5.0920	8601
5.0960	8831
5.1000	8630
5.1040	8693
5.1080	8392
5.1120	8426
5.1160	8439
5.1200	8523
5.1240	8505
5.1280	8679
5.1320	8519
5.1360	8810
5.1400	8503
5.1440	8816
5.1480	8366
5.1520	8979
5.1560	8532
5.1600	8972
5.1640	8496
5.1680	8792
5.1720	8571
5.1760	8888
5.1800	8583
5.1840	8656
5.1880	8819
5.1920	8548
5.1960	8823
5.2000	8415
5.2040	8679
5.2080	8401
5.2120	8922
5.2160	8598
5.2200	9038
5.2240	8547
5.2280	8915
5.2320	8565
5.2360	8997
5.2400	8984
5.2440	8906
5.2480	8870
5.2520	8970
5.2560	9004
5.2600	8785
5.2640	8721
5.2680	8739
5.2720	8635
5.2760	8861
5.2800	8630
5.2840	8530
5.2880	8612
5.2920	8535
5.2960	8312
5.3000	8793
5.3040	8437
5.3080	8566
5.3120	8402
5.3160	8902
5.3200	8544
5.3240	8961
5.3280	8442
5.3320	9075
5.3360	8531
5.3400	8942
5.3440	8415
5.3480	8795
5.3520	8551
5.3560	8859
5.3600	8753
5.3640	8600
5.3680	8904
5.3720	8624
5.3760	8967
5.3800	8516
5.3840	8989
5.3880	8471
5.3920	9022
5.3960	8715
5.4000	8948
5.4040	8600
5.4080	8888
5.4120	8822
5.4160	8972
5.4200	8904
5.4240	8930
5.4280	8875
5.4320	8927
5.4360	8745
5.4400	8663
5.4440	8591
5.4480	8594
5.4520	8698
5.4560	8562
5.4600	8503
5.4640	8411
5.4680	8284
5.4720	8499
5.4760	8447
5.4800	8518
5.4840	8441
5.4880	8740
5.4920	8423
5.4960	8914
5.5000	8371
5.5040	8904
5.5080	8291
5.5120	9122
5.5160	8431
5.5200	8744
5.5240	8476
5.5280	8803
5.5320	8603
5.5360	8784
5.5400	8890
5.5440	8605
5.5480	8857
5.5520	8596
5.5560	8846
5.5600	8594
5.5640	8895
5.5680	8710
5.5720	9006
5.5760	8765
5.5800	9103
5.5840	8911
5.5880	9136
5.5920	8863
5.5960	9089
5.6000	8954
5.6040	8840
5.6080	8872
5.6120	8773
5.6160	8767
5.6200	8622
5.6240	8658
5.6280	8617
5.6320	8433
5.6360	8645
5.6400	8586
5.6440	8375
5.6480	8395
5.6520	8359
5.6560	8556
5.6600	8521
5.6640	8304
5.6680	8743
5.6720	8344
5.6760	8855
5.6800	8241
5.6840	8841
5.6880	8378
5.6920	8960
5.6960	8259
5.7000	8903
5.7040	8524
5.7080	8810
5.7120	8758
5.7160	8731
5.7200	8672
5.7240	8392
5.7280	8755
5.7320	8546
5.7360	9098
5.7400	8573
5.7440	9001
5.7480	8566
5.7520	8975
5.7560	8724
5.7600	9024
5.7640	8733
5.7680	8943
5.7720	8937
5.7760	8877
5.7800	9128
5.7840	8988
5.7880	8852
5.7920	8965
5.7960	8807
5.8000	8655
5.8040	8610
5.8080	8444
5.8120	8439
5.8160	8434
5.8200	8377
5.8240	8359
5.8280	8231
5.8320	8589
5.8360	8369
5.8400	8634
5.8440	8325
5.8480	8570
5.8520	8429
5.8560	8752
5.8600	8327
5.8640	8776
5.8680	8447
5.8720	9133
5.8760	8444
5.8800	8803
5.8840	8716
5.8880	8621
5.8920	8777
5.8960	8730
5.9000	8793
5.9040	8436
5.9080	9030
5.9120	8505
5.9160	9065
5.9200	8578
5.9240	8936
5.9280	8729
5.9320	8987
5.9360	8704
5.9400	8894
5.9440	8979
5.9480	9019
5.9520	8939
5.9560	9050
5.9600	8983
5.9640	8960
5.9680	8825
5.9720	8827
5.9760	8721
5.9800	8614
5.9840	8630
5.9880	8628
5.9920	8655
5.9960	8463
6.0000	8270
6.0040	8451
6.0080	8400
6.0120	8495
6.0160	8143
6.0200	8692
6.0240	8368
6.0280	8670
6.0320	8508
6.0360	8788
6.0400	8397
6.0440	9006
6.0480	8274
6.0520	8853
6.0560	8478
6.0600	8751
6.0640	8453
6.0680	8554
6.0720	8602
6.0760	8559
6.0800	8746
6.0840	8536
6.0880	9014
6.0920	8406
6.0960	8943
6.1000	8494
6.1040	8864
6.1080	8779
6.1120	9081
6.1160	8993
6.1200	8901
6.1240	8805
6.1280	8806
6.1320	9203
6.1360	9030
6.1400	8772
6.1440	8796
6.1480	8783
6.1520	8796
6.1560	8561
6.1600	8592
6.1640	8435
6.1680	8543
6.1720	8568
6.1760	8428
6.1800	8512
6.1840	8610
6.1880	8564
6.1920	8583
6.1960	8470
6.2000	8612
6.2040	8312
6.2080	8654
6.2120	8456
6.2160	8903
6.2200	8392
6.2240	8848
6.2280	8421
6.2320	8756
6.2360	8570
6.2400	8590
6.2440	8535
6.2480	8660
6.2520	8735
6.2560	8560
6.2600	8829
6.2640	8478
6.2680	8904
6.2720	8480
6.2760	8926
6.2800	8751
6.2840	8885
6.2880	8734
6.2920	8933
6.2960	8918
6.3000	8858
6.3040	8813
6.3080	8794
6.3120	9056
6.3160	9063
6.3200	8998
6.3240	8878
6.3280	8666
6.3320	8911
6.3360	8609
6.3400	8523
6.3440	8489
6.3480	8586
6.3520	8494
6.3560	8573
6.3600	8466
6.3640	8467
6.3680	8618
6.3720	8762
6.3760	8305
6.3800	8841
6.3840	8476
6.3880	8797
6.3920	8388
6.3960	9026
6.4000	8427
6.4040	8967
6.4080	8515
6.4120	8699
6.4160	8559
6.4200	8694
6.4240	8525
6.4280	8533
6.4320	8749
6.4360	8636
6.4400	8860
6.4440	8493
6.4480	8942
6.4520	8555
6.4560	8999
6.4600	8655
6.4640	8892
6.4680	8689
6.4720	8973
6.4760	8972
6.4800	8951
6.4840	8672
6.4880	8828
6.4920	8971
6.4960	8926
6.5000	8741
6.5040	8729
6.5080	8773
6.5120	8762
6.5160	8702
6.5200	8483
6.5240	8475
6.5280	8513
6.5320	8495
6.5360	8729
6.5400	8366
6.5440	8690
6.5480	8477
6.5520	8641
6.5560	8519
6.5600	8901
6.5640	8433
6.5680	8773
6.5720	8596
6.5760	8975
6.5800	8440
6.5840	8892
6.5880	8520
6.5920	8804
6.5960	8607
6.6000	8653
6.6040	8724
6.6080	8388
6.6120	8862
6.6160	8522
6.6200	8842
6.6240	8470
6.6280	8933
6.6320	8638
6.6360	9060
6.6400	8722
6.6440	8950
6.6480	8766
6.6520	9043
6.6560	8854
6.6600	8982
6.6640	8889
6.6680	8919
6.6720	8961
6.6760	8841
6.6800	9010
6.6840	8801
6.6880	8513
6.6920	8605
6.6960	8576
6.7000	8627
6.7040	8442
6.7080	8599
6.7120	8490
6.7160	8702
6.7200	8356
6.7240	8595
6.7280	8513
6.7320	8805
6.7360	8419
6.7400	8688
6.7440	8387
6.7480	8995
6.7520	8428
6.7560	8942
6.7600	8496
6.7640	8688
6.7680	8453
6.7720	8721
6.7760	8775
6.7800	8718
6.7840	8662
6.7880	8614
6.7920	8992
6.7960	8546
6.8000	8789
6.8040	8528
6.8080	8823
6.8120	8648
6.8160	9062
6.8200	8633
6.8240	9047
6.8280	8862
6.8320	8978
6.8360	8844
6.8400	8899
6.8440	9034
6.8480	8766
6.8520	8689
6.8560	8845
6.8600	8521
6.8640	8668
6.8680	8702
6.8720	8450
6.8760	8493
6.8800	8507
6.8840	8346
6.8880	8418
6.8920	8365
6.8960	8521
6.9000	8479
6.9040	8697
6.9080	8476
6.9120	8917
6.9160	8612
6.9200	9037
6.9240	8397
6.9280	9160
6.9320	8413
6.9360	8913
6.9400	8586
6.9440	8763
6.9480	8749
6.9520	8770
6.9560	8740
6.9600	8556
6.9640	8819
6.9680	8494
6.9720	8796
6.9760	8509
6.9800	9101
6.9840	8570
6.9880	9047
6.9920	8774
6.9960	9075
7.0000	8760
7.0040	8920
7.0080	8719
7.0120	8903
7.0160	8909
7.0200	8883
7.0240	8795
7.0280	8722
7.0320	8833
7.0360	8588
7.0400	8599
7.0440	8454
7.0480	8472
7.0520	8417
7.0560	8384
7.0600	8438
7.0640	8390
7.0680	8527
7.0720	8228
7.0760	8478
7.0800	8451
7.0840	8547
7.0880	8448
7.0920	8765
7.0960	8417
7.1000	8857
7.1040	8407
7.1080	8901
7.1120	8607
7.1160	8967
7.1200	8501
7.1240	8709
7.1280	8676
7.1320	8642
7.1360	8900
7.1400	8558
7.1440	8935
7.1480	8518
7.1520	8965
7.1560	8460
7.1600	8916
7.1640	8595
7.1680	9006
7.1720	8794
7.1760	9043
7.1800	8901
7.1840	9024
7.1880	8829
7.1920	8977
7.1960	8957
7.2000	8832
7.2040	8720
7.2080	8749
7.2120	8771
7.2160	8686
7.2200	8557
7.2240	8594
7.2280	8422
7.2320	8503
7.2360	8568
7.2400	8425
7.2440	8330
7.2480	8438
7.2520	8458
7.2560	8623
7.2600	8310
7.2640	8645
7.2680	8277
7.2720	8929
7.2760	8361
7.2800	8974
7.2840	8485
7.2880	8837
7.2920	8593
7.2960	8803
7.3000	8718
7.3040	8573
7.3080	8717
7.3120	8737
7.3160	8833
7.3200	8570
7.3240	8976
7.3280	8453
7.3320	9074
7.3360	8484
7.3400	8939
7.3440	8722
7.3480	8969
7.3520	8682
7.3560	9066
7.3600	8875
7.3640	8996
7.3680	8798
7.3720	8942
7.3760	8983
7.3800	8970
7.3840	8720
7.3880	8688
7.3920	8777
7.3960	8631
7.4000	8495
7.4040	8414
7.4080	8454
7.4120	8402
7.4160	8379
7.4200	8489
7.4240	8368
7.4280	8482
7.4320	8485
7.4360	8687
7.4400	8427
7.4440	8708
7.4480	8386
7.4520	8910
7.4560	8373
7.4600	8801
7.4640	8428
7.4680	8829
7.4720	8535
7.4760	8861
7.4800	8510
7.4840	8551
7.4880	8648
7.4920	8657
7.4960	9051
7.5000	8629
7.5040	9023
7.5080	8626
7.5120	9066
7.5160	8774
7.5200	8783
7.5240	8623
7.5280	8985
7.5320	8696
7.5360	8923
7.5400	8993
7.5440	8887
7.5480	9054
7.5520	8890
7.5560	9059
7.5600	8699
7.5640	8744
7.5680	8717
7.5720	8827
7.5760	8671
7.5800	8513
7.5840	8381
7.5880	8408
7.5920	8513
7.5960	8551
7.6000	8539
7.6040	8463
7.6080	8443
7.6120	8463
7.6160	8754
7.6200	8360
7.6240	8662
7.6280	8405
7.6320	8875
7.6360	8413
7.6400	8746
7.6440	8377
7.6480	8832
7.6520	8465
7.6560	8752
7.6600	8628
7.6640	8619
7.6680	8655
7.6720	8571
7.6760	8855
7.6800	8502
7.6840	8818
7.6880	8573
7.6920	8843
7.6960	8558
7.7000	8885
7.7040	8617
7.7080	8986
7.7120	8893
7.7160	9076
7.7200	8841
7.7240	9007
7.7280	8918
7.7320	8870
7.7360	8929
7.7400	8878
7.7440	8678
7.7480	8735
7.7520	8594
7.7560	8728
7.7600	8580
7.7640	8497
7.7680	8563
7.7720	8638
7.7760	8467
7.7800	8457
7.7840	8378
7.7880	8585
7.7920	8440
7.7960	8867
7.8000	8267
7.8040	8937
7.8080	8343
7.8120	9034
7.8160	8405
7.8200	8762
7.8240	8191
7.8280	8752
7.8320	8547
7.8360	8629
7.8400	8618
7.8440	8686
7.8480	8815
7.8520	8570
7.8560	8940
7.8600	8464
7.8640	8888
7.8680	8589
7.8720	9050
7.8760	8824
7.8800	8895
7.8840	8627
7.8880	8956
7.8920	8912
7.8960	8975
7.9000	8965
7.9040	8950
7.9080	8839
7.9120	9009
7.9160	8861
7.9200	8887
7.9240	8682
7.9280	8565
7.9320	8686
7.9360	8544
7.9400	8498
7.9440	8459
7.9480	8469
7.9520	8559
7.9560	8437
7.9600	8697
7.9640	8473
7.9680	8736
7.9720	8369
7.9760	8906
7.9800	8441
7.9840	8971
7.9880	8580
7.9920	9086
7.9960	8353
8.0000	8882
8.0040	8423
8.0080	8709
8.0120	8676
8.0160	8737
8.0200	8683
8.0240	8363
8.0280	8662
8.0320	8500
8.0360	8929
8.0400	8524
8.0440	8874
8.0480	8585
8.0520	8897
8.0560	8821
8.0600	8830
8.0640	8679
8.0680	8858
8.0720	8871
8.0760	8978
8.0800	8872
8.0840	8885
8.0880	8685
8.0920	8880
8.0960	8816
8.1000	8593
8.1040	8745
8.1080	8719
8.1120	8706
8.1160	8636
8.1200	8392
8.1240	8363
8.1280	8294
8.1320	8560
8.1360	8529
8.1400	8707
8.1440	8463
8.1480	8825
8.1520	8498
8.1560	8920
8.1600	8410
8.1640	8800
8.1680	8370
8.1720	9046
8.1760	8585
8.1800	8877
8.1840	8473
8.1880	8746
8.1920	8714
8.1960	8732
8.2000	8704
8.2040	8423
8.2080	8783
8.2120	8477
8.2160	8994
8.2200	8572
8.2240	9040
8.2280	8581
8.2320	9034
8.2360	8697
8.2400	8989
8.2440	8649
8.2480	8876
8.2520	9016
8.2560	9123
8.2600	8804
8.2640	8847
8.2680	8862
8.2720	8912
8.2760	8869
8.2800	8563
8.2840	8524
8.2880	8449
8.2920	8454
8.2960	8567
8.3000	8294
8.3040	8395
8.3080	8381
8.3120	8758
8.3160	8449
8.3200	8535
8.3240	8437
8.3280	8724
8.3320	8446
8.3360	9024
8.3400	8548
8.3440	8888
8.3480	8428
8.3520	9038
8.3560	8508
8.3600	8755
8.3640	8594
8.3680	8635
8.3720	8863
8.3760	8594
8.3800	8826
8.3840	8570
8.3880	8964
8.3920	8514
8.3960	9208
8.4000	8450
8.4040	8881
8.4080	8570
8.4120	8894
8.4160	8671
8.4200	8882
8.4240	8879
8.4280	8989
8.4320	8986
8.4360	8904
8.4400	8885
8.4440	8820
8.4480	8728
8.4520	8662
8.4560	8698
8.4600	8640
8.4640	8499
8.4680	8457
8.4720	8390
8.4760	8468
8.4800	8338
8.4840	8596
8.4880	8427
8.4920	8627
8.4960	8453
8.5000	8813
8.5040	8442
8.5080	8821
8.5120	8602
8.5160	8787
8.5200	8397
8.5240	8941
8.5280	8543
8.5320	8819
8.5360	8708
8.5400	8744
8.5440	8563
8.5480	8639
8.5520	8801
8.5560	8614
8.5600	8997
8.5640	8540
8.5680	8979
8.5720	8535
8.5760	9033
8.5800	8569
8.5840	9018
8.5880	8786
8.5920	9057
8.5960	8833
8.6000	9079
8.6040	8813
8.6080	9046
8.6120	8997
8.6160	8923
8.6200	8796
8.6240	8686
8.6280	8786
8.6320	8726
8.6360	8589
8.6400	8671
8.6440	8457
8.6480	8510
8.6520	8337
8.6560	8525
8.6600	8452
8.6640	8578
8.6680	8418
8.6720	8622
8.6760	8499
8.6800	8716
8.6840	8325
8.6880	8845
8.6920	8422
8.6960	8932
8.7000	8344
8.7040	8888
8.7080	8502
8.7120	8713
8.7160	8601
8.7200	8640
8.7240	8596
8.7280	8662
8.7320	8756
8.7360	8536
8.7400	8961
8.7440	8507
8.7480	9100
8.7520	8644
8.7560	9029
8.7600	8729
8.7640	9102
8.7680	8683
8.7720	9083
8.7760	8888
8.7800	8971
8.7840	8974
8.7880	8946
8.7920	9077
8.7960	8946
8.8000	8739
8.8040	8778
8.8080	8701
8.8120	8892
8.8160	8682
8.8200	8552
8.8240	8579
8.8280	8447
8.8320	8389
8.8360	8596
8.8400	8151
8.8440	8633
8.8480	8250
8.8520	8684
8.8560	8293
8.8600	8699
8.8640	8337
8.8680	8815
8.8720	8413
8.8760	9031
8.8800	8287
8.8840	8766
8.8880	8381
8.8920	8835
8.8960	8600
8.9000	8648
8.9040	8541
8.9080	8586
8.9120	8874
8.9160	8438
8.9200	8896
8.9240	8611
8.9280	8909
8.9320	8631
8.9360	9117
8.9400	8623
8.9440	8956
8.9480	8746
8.9520	9111
8.9560	8965
8.9600	8926
8.9640	8902
8.9680	8951
8.9720	9034
8.9760	9068
8.9800	8759
8.9840	8799
8.9880	8680
8.9920	8660
8.9960	8486
9.0000	8473
9.0040	8201
9.0080	8384
9.0120	8312
9.0160	8633
9.0200	8465
9.0240	8696
9.0280	8483
9.0320	8738
9.0360	8367
9.0400	8861
9.0440	8322
9.0480	8838
9.0520	8400
9.0560	8815
9.0600	8453
9.0640	8780
9.0680	8683
9.0720	8668
9.0760	8661
9.0800	8572
9.0840	8773
9.0880	8511
9.0920	8874
9.0960	8464
9.1000	8860
9.1040	8631
9.1080	8908
9.1120	8656
9.1160	8939
9.1200	8760
9.1240	9056
9.1280	8862
9.1320	9026
9.1360	8981
9.1400	8787
9.1440	8845
9.1480	8955
9.1520	9006
9.1560	8819
9.1600	8735
9.1640	8683
9.1680	8602
9.1720	8501
9.1760	8674
9.1800	8515
9.1840	8464
9.1880	8510
9.1920	8697
9.1960	8686
9.2000	8423
9.2040	8510
9.2080	8416
9.2120	8726
9.2160	8500
9.2200	8789
9.2240	8312
9.2280	8895
9.2320	8412
9.2360	8807
9.2400	8436
9.2440	8830
9.2480	8624
9.2520	8634
9.2560	8769
9.2600	8587
9.2640	8751
9.2680	8561
9.2720	8853
9.2760	8359
9.2800	8877
9.2840	8549
9.2880	8914
9.2920	8544
9.2960	9120
9.3000	8704
9.3040	8974
9.3080	8870
9.3120	9041
9.3160	9067
9.3200	8902
9.3240	8876
9.3280	8734
9.3320	9026
9.3360	8891
9.3400	8730
9.3440	8702
9.3480	8653
9.3520	8616
9.3560	8664
9.3600	8477
9.3640	8343
9.3680	8629
9.3720	8586
9.3760	8627
9.3800	8458
9.3840	8696
9.3880	8540
9.3920	8966
9.3960	8597
9.4000	8862
9.4040	8386
9.4080	8928
9.4120	8498
9.4160	8809
9.4200	8417
9.4240	8538
9.4280	8762
9.4320	8733
9.4360	8666
9.4400	8524
9.4440	8699
9.4480	8393
9.4520	8839
9.4560	8483
9.4600	9000
9.4640	8379
9.4680	8911
9.4720	8686
9.4760	8980
9.4800	8788
9.4840	8863
9.4880	8849
9.4920	9050
9.4960	9018
9.5000	8845
9.5040	8891
9.5080	8998
9.5120	8820
9.5160	8860
9.5200	8609
9.5240	8513
9.5280	8492
9.5320	8463
9.5360	8489
9.5400	8436
9.5440	8473
9.5480	8631
9.5520	8433
9.5560	8831
9.5600	8381
9.5640	8702
9.5680	8497
9.5720	8757
9.5760	8490
9.5800	9000
9.5840	8325
9.5880	8851
9.5920	8503
9.5960	8844
9.6000	8497
9.6040	8549
9.6080	8645
9.6120	8558
9.6160	8903
9.6200	8519
9.6240	8722
9.6280	8359
9.6320	9004
9.6360	8483
9.6400	8908
9.6440	8625
9.6480	8888
9.6520	8698
9.6560	8910
9.6600	8818
9.6640	8881
9.6680	8884
9.6720	9069
9.6760	8871
9.6800	8878
9.6840	8773
9.6880	8590
9.6920	8796
9.6960	8724
9.7000	8619
9.7040	8724
9.7080	8517
9.7120	8588
9.7160	8504
9.7200	8596
9.7240	8448
9.7280	8650
9.7320	8517
9.7360	8882
9.7400	8356
9.7440	8809
9.7480	8492
9.7520	8788
9.7560	8441
9.7600	8933
9.7640	8461
9.7680	8991
9.7720	8522
9.7760	8918
9.7800	8639
9.7840	8741
9.7880	8814
9.7920	8660
9.7960	8790
9.8000	8480
9.8040	8990
9.8080	8520
9.8120	8902
9.8160	8549
9.8200	8903
9.8240	8749
9.8280	8970
9.8320	8706
9.8360	8913
9.8400	8832
9.8440	8790
9.8480	8864
9.8520	8958
9.8560	8821
9.8600	8810
9.8640	8513
9.8680	8693
9.8720	8726
9.8760	8612
9.8800	8526
9.8840	8411
9.8880	8334
9.8920	8642
9.8960	8458
9.9000	8668
9.9040	8458
9.9080	8619
9.9120	8433
9.9160	8804
9.9200	8382
9.9240	8869
9.9280	8384
9.9320	9104
9.9360	8490
9.9400	8937
9.9440	8615
9.9480	9079
9.9520	8602
9.9560	8828
9.9600	8613
9.9640	8568
9.9680	8788
9.9720	8600
9.9760	8982
9.9800	8616
9.9840	8997
9.9880	8552
9.9920	8892
9.9960	8733
10.0000	8898
10.0040	8625
10.0080	9017
10.0120	8802
10.0160	8932
10.0200	8784
10.0240	8724
10.0280	8864
10.0320	8894
10.0360	8779
10.0400	8844
10.0440	8709
10.0480	8688
10.0520	8722
10.0560	8717
10.0600	8480
10.0640	8540
10.0680	8373
10.0720	8423
10.0760	8430
10.0800	8592
10.0840	8230
10.0880	8463
10.0920	8541
10.0960	8765
10.1000	8371
10.1040	8915
10.1080	8531
10.1120	9083
10.1160	8418
10.1200	8911
10.1240	8376
10.1280	8810
10.1320	8594
10.1360	8690
10.1400	8716
10.1440	8527
10.1480	8866
10.1520	8501
10.1560	8985
10.1600	8333
10.1640	9017
10.1680	8645
10.1720	8948
10.1760	8740
10.1800	8786
10.1840	8821
10.1880	8992
10.1920	8880
10.1960	9079
10.2000	8784
10.2040	8793
10.2080	8802
10.2120	8928
10.2160	8854
10.2200	8637
10.2240	8479
10.2280	8683
10.2320	8608
10.2360	8504
10.2400	8601
10.2440	8348
10.2480	8407
10.2520	8499
10.2560	8454
10.2600	8567
10.2640	8418
10.2680	8753
10.2720	8408
10.2760	8704
10.2800	8458
10.2840	8794
10.2880	8397
10.2920	8789
10.2960	8408
10.3000	8797
10.3040	8431
10.3080	8753
10.3120	8648
10.3160	8669
10.3200	8705
10.3240	8469
10.3280	8881
10.3320	8477
10.3360	8968
10.3400	8519
10.3440	8909
10.3480	8552
10.3520	9210
10.3560	8741
10.3600	8958
10.3640	8808
10.3680	8943
10.3720	9005
10.3760	9024
10.3800	9002
10.3840	8859
10.3880	8861
10.3920	8954
10.3960	8904
10.4000	8698
10.4040	8615
10.4080	8610
10.4120	8419
10.4160	8613
10.4200	8327
10.4240	8335
10.4280	8418
10.4320	8662
10.4360	8424
10.4400	8576
10.4440	8103
10.4480	8493
10.4520	8376
10.4560	8737
10.4600	8291
10.4640	8789
10.4680	8428
10.4720	8763
10.4760	8521
10.4800	8740
10.4840	8512
10.4880	8618
10.4920	8473
10.4960	8675
10.5000	8865
10.5040	8671
10.5080	9000
10.5120	8589
10.5160	9007
10.5200	8605
10.5240	8860
10.5280	8569
10.5320	9025
10.5360	8753
10.5400	8854
10.5440	8919
10.5480	9012
10.5520	9002
10.5560	9051
10.5600	8910
10.5640	8729
10.5680	8975
10.5720	8924
10.5760	8726
10.5800	8730
10.5840	8638
10.5880	8787
10.5920	8563
10.5960	8648
10.6000	8427
10.6040	8450
10.6080	8429
10.6120	8774
10.6160	8331
10.6200	8637
10.6240	8300
10.6280	8775
10.6320	8482
10.6360	8798
10.6400	8375
10.6440	8806
10.6480	8350
10.6520	9005
10.6560	8417
10.6600	8635
10.6640	8468
10.6680	8715
10.6720	8745
10.6760	8567
10.6800	8786
10.6840	8409
10.6880	8925
10.6920	8459
10.6960	8873
10.7000	8504
10.7040	8906
10.7080	8704
10.7120	9061
10.7160	8854
10.7200	8957
10.7240	8778
10.7280	8870
10.7320	8981
10.7360	9124
10.7400	8783
10.7440	8945
10.7480	8799
10.7520	8623
10.7560	8661
10.7600	8685
10.7640	8579
10.7680	8601
10.7720	8689
10.7760	8476
10.7800	8437
10.7840	8459
10.7880	8492
10.7920	8567
10.7960	8500
10.8000	8600
10.8040	8176
10.8080	8682
10.8120	8317
10.8160	8911
10.8200	8337
10.8240	8961
10.8280	8512
10.8320	8898
10.8360	8452
10.8400	8770
10.8440	8571
10.8480	8540
10.8520	8797
10.8560	8462
10.8600	8826
10.8640	8490
10.8680	8879
10.8720	8603
10.8760	9232
10.8800	8589
10.8840	8920
10.8880	8659
10.8920	8915
10.8960	8904
10.9000	8986
10.9040	8859
10.9080	8938
10.9120	9036
10.9160	9001
10.9200	8775
10.9240	8656
10.9280	8907
10.9320	8704
10.9360	8623
10.9400	8560
10.9440	8485
10.9480	8561
10.9520	8648
10.9560	8548
10.9600	8347
10.9640	8557
10.9680	8511
10.9720	8744
10.9760	8525
10.9800	8820
10.9840	8346
10.9880	8827
10.9920	8532
10.9960	9113
11.0000	8300
11.0040	8829
11.0080	8467
11.0120	8780
11.0160	8670
11.0200	8686
11.0240	8553
11.0280	8495
11.0320	8812
11.0360	8564
11.0400	8672
11.0440	8359
11.0480	9002
11.0520	8546
11.0560	8935
11.0600	8651
11.0640	8937
11.0680	8612
11.0720	8893
11.0760	8774
11.0800	8978
11.0840	8756
11.0880	8811
11.0920	8850
11.0960	8639
11.1000	8801
11.1040	8681
11.1080	8728
11.1120	8817
11.1160	8681
11.1200	8632
11.1240	8498
11.1280	8443
11.1320	8402
11.1360	8518
11.1400	8428
11.1440	8744
11.1480	8347
11.1520	8682
11.1560	8641
11.1600	8800
11.1640	8295
11.1680	8939
11.1720	8569
11.1760	8995
11.1800	8512
11.1840	8901
11.1880	8535
11.1920	8812
11.1960	8734
11.2000	8693
11.2040	8537
11.2080	8428
11.2120	8681
11.2160	8581
11.2200	8727
11.2240	8346
11.2280	8843
11.2320	8540
11.2360	8857
11.2400	8682
11.2440	8942
11.2480	8711
11.2520	9039
11.2560	8874
11.2600	8839
11.2640	8859
11.2680	8932
11.2720	8844
11.2760	8790
11.2800	8884
11.2840	8698
11.2880	8645
11.2920	8709
11.2960	8621
11.3000	8675
11.3040	8456
11.3080	8442
11.3120	8487
11.3160	8631
11.3200	8386
11.3240	8660
11.3280	8477
11.3320	8898
11.3360	8454
11.3400	8911
11.3440	8373
11.3480	8971
11.3520	8559
11.3560	8900
11.3600	8476
11.3640	8866
11.3680	8660
11.3720	8859
11.3760	8800
11.3800	8628
11.3840	8656
11.3880	8718
11.3920	8885
11.3960	8538
11.4000	8870
11.4040	8492
11.4080	9091
11.4120	8470
11.4160	9001
11.4200	8739
11.4240	8933
11.4280	8798
11.4320	9115
11.4360	8841
11.4400	8780
11.4440	8844
11.4480	8935
11.4520	8807
11.4560	8727
11.4600	8535
11.4640	8531
11.4680	8589
11.4720	8646
11.4760	8444
11.4800	8471
11.4840	8486
11.4880	8435
11.4920	8302
11.4960	8412
11.5000	8425
11.5040	8619
11.5080	8468
11.5120	8800
11.5160	8459
11.5200	8868
11.5240	8426
11.5280	8995
11.5320	8533
11.5360	8887
11.5400	8563
11.5440	8776
11.5480	8567
11.5520	8640
11.5560	8830
11.5600	8537
11.5640	8694
11.5680	8552
11.5720	8949
11.5760	8526
11.5800	8901
11.5840	8539
11.5880	8910
11.5920	8680
11.5960	8972
11.6000	8632
11.6040	8917
11.6080	8796
11.6120	8832
11.6160	8868
11.6200	8910
11.6240	8912
11.6280	8876
11.6320	8944
11.6360	8694
11.6400	8691
11.6440	8585
11.6480	8604
11.6520	8616
11.6560	8371
11.6600	8334
11.6640	8425
11.6680	8574
11.6720	8237
11.6760	8621
11.6800	8225
11.6840	8467
11.6880	8458
11.6920	8758
11.6960	8341
11.7000	9065
11.7040	8402
11.7080	8966
11.7120	8507
11.7160	9009
11.7200	8727
11.7240	8822
11.7280	8652
11.7320	8733
11.7360	8784
11.7400	8660
11.7440	8891
11.7480	8749
11.7520	8969
11.7560	8375
11.7600	8937
11.7640	8459
11.7680	9050
11.7720	8724
11.7760	8995
11.7800	8738
11.7840	8962
11.7880	8832
11.7920	9133
11.7960	9118
11.8000	8845
11.8040	8977
11.8080	8794
11.8120	8809
11.8160	8718
11.8200	8623
11.8240	8514
11.8280	8495
11.8320	8431
11.8360	8378
11.8400	8301
11.8440	8291
11.8480	8501
11.8520	8290
11.8560	8541
11.8600	8378
11.8640	8680
11.8680	8293
11.8720	8884
11.8760	8318
11.8800	8881
11.8840	8347
11.8880	8797
11.8920	8417
11.8960	8900
11.9000	8434
11.9040	8701
11.9080	8703
11.9120	8606
11.9160	8710
11.9200	8497
11.9240	8833
11.9280	8503
11.9320	8908
11.9360	8587
11.9400	9077
11.9440	8632
11.9480	8957
11.9520	8726
11.9560	9104
11.9600	8718
11.9640	8916
11.9680	9086
11.9720	9068
11.9760	8970
11.9800	8904
11.9840	8762
11.9880	8831
11.9920	8938
11.9960	8802
12.0000	8649
12.0040	8586
12.0080	8571
12.0120	8660
12.0160	8364
12.0200	8525
12.0240	8315
12.0280	8470
12.0320	8321
12.0360	8615
12.0400	8336
12.0440	8619
12.0480	8430
12.0520	8913
12.0560	8399
12.0600	8887
12.0640	8261
12.0680	8828
12.0720	8472
12.0760	8635
12.0800	8452
12.0840	8582
12.0880	8591
12.0920	8764
12.0960	8765
12.1000	8538
12.1040	8938
12.1080	8419
12.1120	9002
12.1160	8533
12.1200	8850
12.1240	8743
12.1280	9086
12.1320	8901
12.1360	9060
12.1400	8882
12.1440	8770
12.1480	9011
12.1520	9016
12.1560	8938
12.1600	8844
12.1640	8650
12.1680	8867
12.1720	8802
12.1760	8788
12.1800	8678
12.1840	8738
12.1880	8503
12.1920	8448
12.1960	8533
12.2000	8445
12.2040	8255
12.2080	8579
12.2120	8501
12.2160	8588
12.2200	8350
12.2240	8778
12.2280	8270
12.2320	8828
12.2360	8434
12.2400	8889
12.2440	8376
12.2480	8952
12.2520	8467
12.2560	8795
12.2600	8513
12.2640	8399
12.2680	8567
12.2720	8543
12.2760	8764
12.2800	8325
12.2840	8829
12.2880	8466
12.2920	9010
12.2960	8559
12.3000	8798
12.3040	8700
12.3080	8959
12.3120	8746
12.3160	9062
12.3200	8959
12.3240	8889
12.3280	9074
12.3320	8980
12.3360	8862
12.3400	8955
12.3440	8703
12.3480	9006
12.3520	8677
12.3560	8627
12.3600	8476
12.3640	8635
12.3680	8453
12.3720	8473
12.3760	8369
12.3800	8570
12.3840	8383
12.3880	8789
12.3920	8530
12.3960	8875
12.4000	8426
12.4040	8805
12.4080	8373
12.4120	8975
12.4160	8485
12.4200	8852
12.4240	8368
12.4280	8664
12.4320	8734
12.4360	8658
12.4400	8587
12.4440	8368
12.4480	8691
12.4520	8468
12.4560	8765
12.4600	8409
12.4640	8863
12.4680	8641
12.4720	9070
12.4760	8581
12.4800	8923
12.4840	8711
12.4880	9006
12.4920	8771
12.4960	8996
12.5000	8885
12.5040	8804
12.5080	8841
12.5120	8951
12.5160	8880
12.5200	8838
12.5240	8727
12.5280	8783
12.5320	8641
12.5360	8594
12.5400	8470
12.5440	8428
12.5480	8510
12.5520	8496
12.5560	8288
12.5600	8614
12.5640	8452
12.5680	8713
12.5720	8636
12.5760	8927
12.5800	8548
12.5840	8888
12.5880	8482
12.5920	9080
12.5960	8531
12.6000	8713
12.6040	8300
12.6080	8624
12.6120	8689
12.6160	8628
12.6200	8597
12.6240	8491
12.6280	8888
12.6320	8537
12.6360	8821
12.6400	8384
12.6440	8886
12.6480	8396
12.6520	9007
12.6560	8513
12.6600	9076
12.6640	8657
12.6680	8981
12.6720	8905
12.6760	9043
12.6800	8730
12.6840	8743
12.6880	8888
12.6920	8815
12.6960	8766
12.7000	8766
12.7040	8618
12.7080	8795
12.7120	8549
12.7160	8511
12.7200	8397
12.7240	8549
12.7280	8300
12.7320	8452
12.7360	8492
12.7400	8655
12.7440	8413
12.7480	8679
12.7520	8532
12.7560	8834
12.7600	8541
12.7640	8936
12.7680	8354
12.7720	9063
12.7760	8478
12.7800	8805
12.7840	8474
12.7880	8835
12.7920	8658
12.7960	8634
12.8000	8870
12.8040	8571
12.8080	8929
12.8120	8482
12.8160	8988
12.8200	8527
12.8240	8941
12.8280	8697
12.8320	9016
12.8360	8684
12.8400	8925
12.8440	8726
12.8480	8956
12.8520	8892
12.8560	8909
12.8600	8822
12.8640	9007
12.8680	8781
12.8720	8871
12.8760	8688
12.8800	8710
12.8840	8546
12.8880	8604
12.8920	8576
12.8960	8494
12.9000	8431
12.9040	8282
12.9080	8317
12.9120	8712
12.9160	8474
12.9200	8569
12.9240	8352
12.9280	8882
12.9320	8426
12.9360	8888
12.9400	8291
12.9440	8890
12.9480	8464
12.9520	8984
12.9560	8434
12.9600	8851
12.9640	8563
12.9680	8821
12.9720	8619
12.9760	8525
12.9800	8696
12.9840	8452
12.9880	8703
12.9920	8615
12.9960	9053
13.0000	8399
13.0040	8852
13.0080	8595
13.0120	8832
13.0160	8753
13.0200	8871
13.0240	8761
13.0280	8960
13.0320	8968
13.0360	8898
13.0400	8837
13.0440	8709
13.0480	8922
13.0520	8647
13.0560	8683
13.0600	8560
13.0640	8567
13.0680	8504
13.0720	8572
13.0760	8489
13.0800	8373
13.0840	8416
13.0880	8263
13.0920	8565
13.0960	8367
13.1000	8773
13.1040	8511
13.1080	8786
13.1120	8452
13.1160	8931
13.1200	8399
13.1240	8942
13.1280	8468
13.1320	8951
13.1360	8698
13.1400	8790
13.1440	8669
13.1480	8685
13.1520	8721
13.1560	8648
13.1600	8749
13.1640	8430
13.1680	8978
13.1720	8547
13.1760	9063
13.1800	8793
13.1840	8996
13.1880	8624
13.1920	9084
13.1960	8859
13.2000	8935
13.2040	8792
13.2080	8866
13.2120	8860
13.2160	8734
13.2200	8846
13.2240	8746
13.2280	8591
13.2320	8671
13.2360	8745
13.2400	8522
13.2440	8512
13.2480	8509
13.2520	8519
13.2560	8568
13.2600	8425
13.2640	8429
13.2680	8372
13.2720	8709
13.2760	8298
13.2800	8533
13.2840	8368
13.2880	8718
13.2920	8454
13.2960	8837
13.3000	8326
13.3040	8993
13.3080	8600
13.3120	8814
13.3160	8632
13.3200	8638
13.3240	8748
13.3280	8639
13.3320	8940
13.3360	8601
13.3400	8776
13.3440	8550
13.3480	9099
13.3520	8721
13.3560	9117
13.3600	8595
13.3640	8972
13.3680	8629
13.3720	8870
13.3760	8913
13.3800	9013
13.3840	8767
13.3880	8975
13.3920	8987
13.3960	8884
13.4000	8762
13.4040	8724
13.4080	8805
13.4120	8659
13.4160	8602
13.4200	8571
13.4240	8295
13.4280	8502
13.4320	8365
13.4360	8487
13.4400	8170
13.4440	8451
13.4480	8426
13.4520	8501
13.4560	8447
13.4600	8826
13.4640	8431
13.4680	8830
13.4720	8439
13.4760	8918
13.4800	8315
13.4840	8800
13.4880	8266
13.4920	8777
13.4960	8661
13.5000	8754
13.5040	8724
13.5080	8756
13.5120	8846
13.5160	8625
13.5200	8943
13.5240	8365
13.5280	8936
13.5320	8665
13.5360	8973
13.5400	8768
13.5440	8775
13.5480	8865
13.5520	9026
13.5560	8800
13.5600	8806
13.5640	8910
13.5680	8889
13.5720	8948
13.5760	8891
13.5800	8903
13.5840	8714
13.5880	8695
13.5920	8753
13.5960	8700
13.6000	8624
13.6040	8534
13.6080	8537
13.6120	8410
13.6160	8289
13.6200	8384
13.6240	8442
13.6280	8269
13.6320	8720
13.6360	8381
13.6400	8645
13.6440	8259
13.6480	8892
13.6520	8397
13.6560	8835
13.6600	8509
13.6640	8743
13.6680	8647
13.6720	8803
13.6760	8664
13.6800	8631
13.6840	8645
13.6880	8589
13.6920	8793
13.6960	8564
13.7000	8923
13.7040	8542
13.7080	9061
13.7120	8568
13.7160	9091
13.7200	8680
13.7240	8883
13.7280	8760
13.7320	9133
13.7360	9028
13.7400	8884
13.7440	8957
13.7480	8901
13.7520	8969
13.7560	8850
13.7600	8767
13.7640	8666
13.7680	8878
13.7720	8736
13.7760	8614
13.7800	8569
13.7840	8487
13.7880	8526
13.7920	8512
13.7960	8558
13.8000	8351
13.8040	8468
13.8080	8565
13.8120	8824
13.8160	8325
13.8200	8654
13.8240	8369
13.8280	8981
13.8320	8383
13.8360	8949
13.8400	8561
13.8440	8589
13.8480	8430
13.8520	8692
13.8560	8641
13.8600	8452
13.8640	8730
13.8680	8525
13.8720	8913
13.8760	8449
13.8800	8836
13.8840	8556
13.8880	8887
13.8920	8608
13.8960	8985
13.9000	8728
13.9040	8920
13.9080	8970
13.9120	9174
13.9160	8961
13.9200	8844
13.9240	8952
13.9280	9000
13.9320	8993
13.9360	8709
13.9400	8793
13.9440	8658
13.9480	8789
13.9520	8751
13.9560	8583
13.9600	8484
13.9640	8344
13.9680	8472
13.9720	8358
13.9760	8622
13.9800	8430
13.9840	8637
13.9880	8485
13.9920	8694
13.9960	8479
14.0000	8711
14.0040	8306
14.0080	8877
14.0120	8371
14.0160	8982
14.0200	8475
14.0240	8539
14.0280	8560
14.0320	8626
14.0360	8694
14.0400	8531
14.0440	8637
14.0480	8511
14.0520	8909
14.0560	8360
14.0600	8777
14.0640	8636
14.0680	8954
14.0720	8594
14.0760	8999
14.0800	8702
14.0840	8833
14.0880	8820
14.0920	9075
14.0960	8942
14.1000	9069
14.1040	8971
14.1080	8767
14.1120	8813
14.1160	8799
14.1200	8646
14.1240	8676
14.1280	8730
14.1320	8507
14.1360	8517
14.1400	8416
14.1440	8443
14.1480	8450
14.1520	8521
14.1560	8686
14.1600	8335
14.1640	8696
14.1680	8415
14.1720	8870
14.1760	8357
14.1800	8911
14.1840	8471
14.1880	9009
14.1920	8493
14.1960	8892
14.2000	8559
14.2040	8649
14.2080	8547
14.2120	8578
14.2160	8738
14.2200	8677
14.2240	8706
14.2280	8400
14.2320	8930
14.2360	8572
14.2400	8872
14.2440	8465
14.2480	8888
14.2520	8658
14.2560	8891
14.2600	8737
14.2640	8863
14.2680	9002
14.2720	9008
14.2760	8775
14.2800	8850
14.2840	8689
14.2880	8645
14.2920	8566
14.2960	8580
14.3000	8646
14.3040	8642
14.3080	8420
14.3120	8565
14.3160	8560
14.3200	8573
14.3240	8557
14.3280	8647
14.3320	8425
14.3360	8485
14.3400	8365
14.3440	8717
14.3480	8338
14.3520	8925
14.3560	8405
14.3600	8720
14.3640	8496
14.3680	9041
14.3720	8592
14.3760	8910
14.3800	8636
14.3840	8663
14.3880	8683
14.3920	8663
14.3960	9110
14.4000	8408
14.4040	8756
14.4080	8441
14.4120	8973
14.4160	8426
14.4200	8966
14.4240	8532
14.4280	8797
14.4320	8613
14.4360	9090
14.4400	8699
14.4440	8756
14.4480	8937
14.4520	8879
14.4560	9058
14.4600	8799
14.4640	8707
14.4680	8716
14.4720	8642
14.4760	8618
14.4800	8594
14.4840	8419
14.4880	8394
14.4920	8354
14.4960	8577
14.5000	8556
14.5040	8468
14.5080	8563
14.5120	8468
14.5160	8723
14.5200	8552
14.5240	8815
14.5280	8437
14.5320	8938
14.5360	8471
14.5400	8868
14.5440	8462
14.5480	8782
14.5520	8554
14.5560	8955
14.5600	8661
14.5640	8716
14.5680	8613
14.5720	8747
14.5760	8779
14.5800	8392
14.5840	8988
14.5880	8434
14.5920	9105
14.5960	8780
14.6000	8846
14.6040	8599
14.6080	8914
14.6120	8953
14.6160	8873
14.6200	8739
14.6240	8853
14.6280	9018
14.6320	9043
14.6360	8831
14.6400	8701
14.6440	8731
14.6480	8599
14.6520	8734
14.6560	8561
14.6600	8478
14.6640	8427
14.6680	8330
14.6720	8340
14.6760	8292
14.6800	8417
14.6840	8321
14.6880	8564
14.6920	8467
14.6960	8683
14.7000	8503
14.7040	8949
14.7080	8531
14.7120	8957
14.7160	8460
14.7200	8979
14.7240	8501
14.7280	8804
14.7320	8730
14.7360	8720
14.7400	8637
14.7440	8630
14.7480	8721
14.7520	8672
14.7560	8973
14.7600	8524
14.7640	9040
14.7680	8521
14.7720	9009
14.7760	8710
14.7800	8854
14.7840	8738
14.7880	8826
14.7920	8835
14.7960	8978
14.8000	8918
14.8040	8877
14.8080	8866
14.8120	8931
14.8160	8762
14.8200	8763
14.8240	8733
14.8280	8665
14.8320	8735
14.8360	8733
14.8400	8437
14.8440	8526
14.8480	8412
14.8520	8270
14.8560	8326
14.8600	8480
14.8640	8325
14.8680	8572
14.8720	8448
14.8760	8755
14.8800	8347
14.8840	8746
14.8880	8484
14.8920	9037
14.8960	8606
14.9000	8874
14.9040	8309
14.9080	8714
14.9120	8771
14.9160	8827
14.9200	8581
14.9240	8689
14.9280	8713
14.9320	8736
14.9360	8945
14.9400	8499
14.9440	8926
14.9480	8676
14.9520	9046
14.9560	8779
14.9600	8931
14.9640	8688
14.9680	9036
14.9720	8892
14.9760	9001
14.9800	8898
14.9840	8912
14.9880	8871
14.9920	8956
14.9960	8934
15.0000	8549
15.0040	8474
15.0080	8547
15.0120	8737
15.0160	8602
15.0200	8329
15.0240	8331
15.0280	8347
15.0320	8598
15.0360	8388
15.0400	8539
15.0440	8439
15.0480	8528
15.0520	8364
15.0560	8664
15.0600	8346
15.0640	8753
15.0680	8333
15.0720	9005
15.0760	8350
15.0800	8805
15.0840	8372
15.0880	8675
15.0920	8631
15.0960	8682
15.1000	8819
15.1040	8405
15.1080	8570
15.1120	8357
15.1160	9008
15.1200	8524
15.1240	8974
15.1280	8493
15.1320	9139
15.1360	8778
15.1400	9044
15.1440	8695
15.1480	9103
15.1520	9081
15.1560	8984
15.1600	8933
15.1640	8792
15.1680	8994
15.1720	8809
15.1760	8790
15.1800	8810
15.1840	8621
15.1880	8599
15.1920	8742
15.1960	8612
15.2000	8374
15.2040	8519
15.2080	8444
15.2120	8626
15.2160	8327
15.2200	8657
15.2240	8344
15.2280	8667
15.2320	8362
15.2360	8703
15.2400	8417
15.2440	8871
15.2480	8433
15.2520	8986
15.2560	8372
15.2600	8696
15.2640	8537
15.2680	8694
15.2720	8675
15.2760	8617
15.2800	8548
15.2840	8379
15.2880	8712
15.2920	8373
15.2960	8936
15.3000	8507
15.3040	9104
15.3080	8701
15.3120	8991
15.3160	8706
15.3200	8984
15.3240	8629
15.3280	9117
15.3320	8975
15.3360	8986
15.3400	8943
15.3440	8893
15.3480	8748
15.3520	8718
15.3560	8638
15.3600	8736
15.3640	8607
15.3680	8602
15.3720	8665
15.3760	8517
15.3800	8441
15.3840	8407
15.3880	8598
15.3920	8590
15.3960	8542
15.4000	8497
15.4040	8349
15.4080	8524
15.4120	8344
15.4160	8835
15.4200	8405
15.4240	9021
15.4280	8518
15.4320	8784
15.4360	8362
15.4400	8636
15.4440	8370
15.4480	8656
15.4520	8735
15.4560	8552
15.4600	8740
15.4640	8415
15.4680	9006
15.4720	8390
15.4760	8977
15.4800	8439
15.4840	8944
15.4880	8590
15.4920	8994
15.4960	8731
15.5000	8858
15.5040	8724
15.5080	9063
15.5120	9073
15.5160	9037
15.5200	8902
15.5240	9023
15.5280	8787
15.5320	8782
15.5360	8791
15.5400	8800
15.5440	8632
15.5480	8723
15.5520	8669
15.5560	8547
15.5600	8512
15.5640	8409
15.5680	8367
15.5720	8642
15.5760	8308
15.5800	8571
15.5840	8500
15.5880	8864
15.5920	8429
15.5960	8954
15.6000	8239
15.6040	8928
15.6080	8452
15.6120	8888
15.6160	8715
15.6200	8645
15.6240	8429
15.6280	8468
15.6320	8756
15.6360	8501
15.6400	8652
15.6440	8491
15.6480	8926
15.6520	8518
15.6560	8881
15.6600	8722
15.6640	8978
15.6680	8681
15.6720	8953
15.6760	8720
15.6800	8821
15.6840	8827
15.6880	8955
15.6920	8964
15.6960	8910
15.7000	8879
15.7040	8654
15.7080	8868
15.7120	8772
15.7160	8725
15.7200	8631
15.7240	8562
15.7280	8486
15.7320	8468
15.7360	8551
15.7400	8432
15.7440	8527
15.7480	8452
15.7520	8710
15.7560	8344
15.7600	8678
15.7640	8334
15.7680	8921
15.7720	8465
15.7760	8932
15.7800	8352
15.7840	8989
15.7880	8483
15.7920	8721
15.7960	8566
15.8000	8666
15.8040	8564
15.8080	8647
15.8120	8800
15.8160	8465
15.8200	8791
15.8240	8374
15.8280	9004
15.8320	8559
15.8360	8824
15.8400	8592
15.8440	8875
15.8480	8714
15.8520	8989
15.8560	8694
15.8600	8794
15.8640	8779
15.8680	8949
15.8720	8883
15.8760	8851
15.8800	8692
15.8840	8684
15.8880	8722
15.8920	8748
15.8960	8775
15.9000	8554
15.9040	8589
15.9080	8448
15.9120	8522
15.9160	8560
15.9200	8271
15.9240	8502
15.9280	8492
15.9320	8718
15.9360	8460
15.9400	8890
15.9440	8278
15.9480	8922
15.9520	8400
15.9560	8957
15.9600	8533
15.9640	8890
15.9680	8416
15.9720	8879
15.9760	8604
15.9800	8603
15.9840	8758
15.9880	8526
15.9920	8802
15.9960	8508
16.0000	8671
16.0040	8387
16.0080	9106
16.0120	8648
16.0160	9033
16.0200	8647
16.0240	8872
16.0280	8737
16.0320	8931
16.0360	8791
16.0400	8808
16.0440	8910
16.0480	8924
16.0520	8766
16.0560	8878
16.0600	8755
16.0640	8602
16.0680	8644
16.0720	8704
16.0760	8556
16.0800	8312
16.0840	8362
16.0880	8350
16.0920	8573
16.0960	8527
16.1000	8310
16.1040	8472
16.1080	8529
16.1120	8770
16.1160	8440
16.1200	8876
16.1240	8348
16.1280	9077
16.1320	8559
16.1360	8881
16.1400	8454
16.1440	8848
16.1480	8585
16.1520	8869
16.1560	8688
16.1600	8655
16.1640	8661
16.1680	8568
16.1720	8781
16.1760	8598
16.1800	8945
16.1840	8338
16.1880	9005
16.1920	8688
16.1960	8994
16.2000	8549
16.2040	8874
16.2080	8735
16.2120	8939
16.2160	8959
16.2200	8836
16.2240	8832
16.2280	8869
16.2320	8732
16.2360	8752
16.2400	8581
16.2440	8550
16.2480	8626
16.2520	8587
16.2560	8716
16.2600	8382
16.2640	8281
16.2680	8418
16.2720	8408
16.2760	8523
16.2800	8384
16.2840	8620
16.2880	8300
16.2920	8797
16.2960	8416
16.3000	8927
16.3040	8405
16.3080	9024
16.3120	8507
16.3160	8964
16.3200	8561
16.3240	8714
16.3280	8566
16.3320	8738
16.3360	8552
16.3400	8688
16.3440	8691
16.3480	8628
16.3520	8979
16.3560	8500
16.3600	9035
16.3640	8463
16.3680	8974
16.3720	8846
16.3760	8994
16.3800	8745
16.3840	9127
16.3880	8881
16.3920	9069
16.3960	9009
16.4000	8791
16.4040	8867
16.4080	8751
16.4120	8695
16.4160	8594
16.4200	8662
16.4240	8607
16.4280	8811
16.4320	8589
16.4360	8384
16.4400	8366
16.4440	8281
16.4480	8545
16.4520	8488
16.4560	8462
16.4600	8323
16.4640	8655
16.4680	8325
16.4720	8705
16.4760	8309
16.4800	8827
16.4840	8290
16.4880	8827
16.4920	8256
16.4960	8843
16.5000	8574
16.5040	8795
16.5080	8806
16.5120	8780
16.5160	8576
16.5200	8563
16.5240	8790
16.5280	8483
16.5320	8950
16.5360	8459
16.5400	8915
16.5440	8684
16.5480	9023
16.5520	8808
16.5560	9101
16.5600	8733
16.5640	8899
16.5680	8972
16.5720	9145
16.5760	9035
16.5800	8923
16.5840	8987
16.5880	9083
16.5920	8832
16.5960	8733
16.6000	8491
16.6040	8611
16.6080	8469
16.6120	8454
16.6160	8328
16.6200	8423
16.6240	8295
16.6280	8395
16.6320	8434
16.6360	8679
16.6400	8474
16.6440	8688
16.6480	8190
16.6520	8954
16.6560	8311
16.6600	8741
16.6640	8349
16.6680	8927
16.6720	8443
16.6760	8916
16.6800	8468
16.6840	8645
16.6880	8653
16.6920	8643
16.6960	8691
16.7000	8536
16.7040	8730
16.7080	8612
16.7120	9160
16.7160	8551
16.7200	8930
16.7240	8639
16.7280	8895
16.7320	8595
16.7360	8888
16.7400	8789
16.7440	8937
16.7480	8986
16.7520	9093
16.7560	9057
16.7600	8965
16.7640	8793
16.7680	8930
16.7720	8844
16.7760	8736
16.7800	8683
16.7840	8685
16.7880	8521
16.7920	8611
16.7960	8456
16.8000	8326
16.8040	8344
16.8080	8534
16.8120	8473
16.8160	8613
16.8200	8344
16.8240	8691
16.8280	8259
16.8320	8790
16.8360	8308
16.8400	8921
16.8440	8292
16.8480	8859
16.8520	8513
16.8560	8744
16.8600	8581
16.8640	8536
16.8680	8735
16.8720	8593
16.8760	8684
16.8800	8395
16.8840	8684
16.8880	8471
16.8920	8985
16.8960	8571
16.9000	8944
16.9040	8553
16.9080	8959
16.9120	8915
16.9160	9006
16.9200	8735
16.9240	9004
16.9280	8907
16.9320	9112
16.9360	8907
16.9400	8765
16.9440	8796
16.9480	8803
16.9520	8712
16.9560	8617
16.9600	8700
16.9640	8577
16.9680	8510
16.9720	8543
16.9760	8432
16.9800	8373
16.9840	8309
16.9880	8739
16.9920	8481
16.9960	8697
17.0000	8181
17.0040	8696
17.0080	8497
17.0120	8971
17.0160	8383
17.0200	8846
17.0240	8232
17.0280	8779
17.0320	8544
17.0360	8694
17.0400	8510
17.0440	8631
17.0480	8577
17.0520	8619
17.0560	8720
17.0600	8508
17.0640	8910
17.0680	8334
17.0720	8964
17.0760	8451
17.0800	8914
17.0840	8664
17.0880	8934
17.0920	9016
17.0960	8987
17.1000	8930
17.1040	8853
17.1080	9066
17.1120	9124
17.1160	8974
17.1200	8854
17.1240	8682
17.1280	8952
17.1320	8671
17.1360	8675
17.1400	8399
17.1440	8595
17.1480	8427
17.1520	8453
17.1560	8488
17.1600	8612
17.1640	8473
17.1680	8654
17.1720	8591
17.1760	8776
17.1800	8466
17.1840	8843
17.1880	8380
17.1920	9078
17.1960	8398
17.2000	8813
17.2040	8343
17.2080	8800
17.2120	8643
17.2160	8554
17.2200	8637
17.2240	8503
17.2280	8765
17.2320	8627
17.2360	8724
17.2400	8284
17.2440	8865
17.2480	8519
17.2520	8824
17.2560	8653
17.2600	8755
17.2640	8601
17.2680	8962
17.2720	8802
17.2760	8908
17.2800	8827
17.2840	8934
17.2880	8910
17.2920	8820
17.2960	8783
17.3000	8729
17.3040	8779
17.3080	8736
17.3120	8618
17.3160	8639
17.3200	8392
17.3240	8534
17.3280	8456
17.3320	8474
17.3360	8393
17.3400	8589
17.3440	8424
17.3480	8707
17.3520	8450
17.3560	8921
17.3600	8469
17.3640	8921
17.3680	8499
17.3720	8909
17.3760	8361
17.3800	8765
17.3840	8519
17.3880	8773
17.3920	8667
17.3960	8748
17.4000	8619
17.4040	8562
17.4080	8664
17.4120	8627
17.4160	8928
17.4200	8308
17.4240	8896
17.4280	8475
17.4320	9040
17.4360	8638
17.4400	8797
17.4440	8662
17.4480	8975
17.4520	8866
17.4560	8828
17.4600	8917
17.4640	8874
17.4680	8725
17.4720	8852
17.4760	8591
17.4800	8549
17.4840	8690
17.4880	8653
17.4920	8573
17.4960	8410
17.5000	8650
17.5040	8467
17.5080	8424
17.5120	8526
17.5160	8269
17.5200	8854
17.5240	8435
17.5280	8758
17.5320	8379
17.5360	8906
17.5400	8555
17.5440	8950
17.5480	8443
17.5520	9091
17.5560	8563
17.5600	8924
17.5640	8544
17.5680	8798
17.5720	8607
17.5760	8634
17.5800	8681
17.5840	8468
17.5880	8903
17.5920	8573
17.5960	8939
17.6000	8405
17.6040	8895
17.6080	8575
17.6120	9045
17.6160	8535
17.6200	8888
17.6240	8692
17.6280	9001
17.6320	8992
17.6360	8848
17.6400	8882
17.6440	8810
17.6480	8899
17.6520	8778
17.6560	8529
17.6600	8645
17.6640	8574
17.6680	8690
17.6720	8614
17.6760	8389
17.6800	8355
17.6840	8466
17.6880	8374
17.6920	8612
17.6960	8353
17.7000	8578
17.7040	8385
17.7080	8884
17.7120	8535
17.7160	8993
17.7200	8306
17.7240	8706
17.7280	8424
17.7320	8958
17.7360	8468
17.7400	8800
17.7440	8560
17.7480	8750
17.7520	9061
17.7560	8564
17.7600	8775
17.7640	8586
17.7680	9150
17.7720	8529
17.7760	9096
17.7800	8614
17.7840	8943
17.7880	8635
17.7920	8939
17.7960	8823
17.8000	8853
17.8040	8865
17.8080	9093
17.8120	8919
17.8160	8835
17.8200	8808
17.8240	8778
17.8280	8738
17.8320	8809
17.8360	8525
17.8400	8554
17.8440	8712
17.8480	8671
17.8520	8493
17.8560	8455
17.8600	8418
17.8640	8287
17.8680	8359
17.8720	8546
17.8760	8422
17.8800	8697
17.8840	8195
17.8880	8915
17.8920	8458
17.8960	8919
17.9000	8376
17.9040	8921
17.9080	8586
17.9120	8938
17.9160	8563
17.9200	8757
17.9240	8866
17.9280	8744
17.9320	8821
17.9360	8630
17.9400	8816
17.9440	8647
17.9480	8837
17.9520	8650
17.9560	9137
17.9600	8571
17.9640	9012
17.9680	8730
17.9720	9025
17.9760	8849
17.9800	9127
17.9840	8754
17.9880	9040
17.9920	9048
17.9960	8861
18.0000	8904
18.0040	8562
18.0080	8787
18.0120	8734
18.0160	8753
18.0200	8537
18.0240	8450
18.0280	8502
18.0320	8592
18.0360	8387
18.0400	8284
18.0440	8264
18.0480	8584
18.0520	8752
18.0560	8420
18.0600	8649
18.0640	8383
18.0680	8838
18.0720	8282
18.0760	8979
18.0800	8359
18.0840	8880
18.0880	8388
18.0920	8895
18.0960	8546
18.1000	8606
18.1040	8727
18.1080	8596
18.1120	8844
18.1160	8698
18.1200	8804
18.1240	8431
18.1280	8948
18.1320	8694
18.1360	9150
18.1400	8684
18.1440	8945
18.1480	8960
18.1520	9115
18.1560	8823
18.1600	8846
18.1640	8829
18.1680	9031
18.1720	8999
18.1760	8896
18.1800	8792
18.1840	8817
18.1880	8830
18.1920	8788
18.1960	8610
18.2000	8648
18.2040	8559
18.2080	8543
18.2120	8475
18.2160	8256
18.2200	8379
18.2240	8428
18.2280	8409
18.2320	8827
18.2360	8376
18.2400	8713
18.2440	8204
18.2480	8817
18.2520	8348
18.2560	8969
18.2600	8389
18.2640	8861
18.2680	8501
18.2720	8888
18.2760	8708
18.2800	8614
18.2840	8627
18.2880	8544
18.2920	8696
18.2960	8521
18.3000	8924
18.3040	8407
18.3080	8998
18.3120	8663
18.3160	9041
18.3200	8590
18.3240	8875
18.3280	8747
18.3320	8899
18.3360	8846
18.3400	8923
18.3440	8773
18.3480	8853
18.3520	9063
18.3560	8733
18.3600	8904
18.3640	8926
18.3680	8630
18.3720	8747
18.3760	8679
18.3800	8489
18.3840	8540
18.3880	8450
18.3920	8623
18.3960	8455
18.4000	8241
18.4040	8644
18.4080	8492
18.4120	8526
18.4160	8419
18.4200	8626
18.4240	8384
18.4280	8899
18.4320	8476
18.4360	8948
18.4400	8371
18.4440	8742
18.4480	8425
18.4520	8598
18.4560	8485
18.4600	8503
18.4640	8515
18.4680	8354
18.4720	8766
18.4760	8448
18.4800	8884
18.4840	8353
18.4880	9023
18.4920	8543
18.4960	8939
18.5000	8628
18.5040	8959
18.5080	8889
18.5120	9108
18.5160	9091
18.5200	9047
18.5240	8848
18.5280	8927
18.5320	8848
18.5360	8850
18.5400	8815
18.5440	8793
18.5480	8702
18.5520	8750
18.5560	8563
18.5600	8579
18.5640	8344
18.5680	8432
18.5720	8546
18.5760	8610
18.5800	8409
18.5840	8632
18.5880	8282
18.5920	8864
18.5960	8502
18.6000	8744
18.6040	8470
18.6080	8994
18.6120	8374
18.6160	8729
18.6200	8395
18.6240	8649
18.6280	8403
18.6320	8692
18.6360	8460
18.6400	8475
18.6440	8653
18.6480	8584
18.6520	8971
18.6560	8426
18.6600	8971
18.6640	8478
18.6680	8794
18.6720	8556
18.6760	8871
18.6800	8580
18.6840	8992
18.6880	8754
18.6920	8966
18.6960	9028
18.7000	8831
18.7040	8952
18.7080	8924
18.7120	8876
18.7160	8809
18.7200	8541
18.7240	8645
18.7280	8730
18.7320	8652
18.7360	8403
18.7400	8416
18.7440	8512
18.7480	8574
18.7520	8473
18.7560	8613
18.7600	8370
18.7640	8710
18.7680	8396
18.7720	8840
18.7760	8415
18.7800	8784
18.7840	8478
18.7880	8870
18.7920	8426
18.7960	8838
18.8000	8384
18.8040	8600
18.8080	8616
18.8120	8682
18.8160	8487
18.8200	8428
18.8240	8678
18.8280	8503
18.8320	8840
18.8360	8388
18.8400	8903
18.8440	8456
18.8480	8892
18.8520	8595
18.8560	8884
18.8600	8761
18.8640	8969
18.8680	8774
18.8720	8955
18.8760	8972
18.8800	8825
18.8840	8861
18.8880	8878
18.8920	8726
18.8960	8546
18.9000	8558
18.9040	8745
18.9080	8631
18.9120	8606
18.9160	8363
18.9200	8338
18.9240	8347
18.9280	8760
18.9320	8628
18.9360	8671
18.9400	8332
18.9440	8789
18.9480	8397
18.9520	8968
18.9560	8426
18.9600	8956
18.9640	8452
18.9680	9087
18.9720	8663
18.9760	8786
18.9800	8637
18.9840	8919
18.9880	8645
18.9920	8632
18.9960	8713
19.0000	8345
19.0040	8739
19.0080	8499
19.0120	8860
19.0160	8445
19.0200	8976
19.0240	8498
19.0280	8920
19.0320	8740
19.0360	8829
19.0400	8694
19.0440	8777
19.0480	8829
19.0520	8970
19.0560	8826
19.0600	8820
19.0640	8949
19.0680	8738
19.0720	8664
19.0760	8805
19.0800	8434
19.0840	8500
19.0880	8449
19.0920	8708
19.0960	8497
19.1000	8611
19.1040	8492
19.1080	8573
19.1120	8433
19.1160	8715
19.1200	8348
19.1240	8661
19.1280	8424
19.1320	8810
19.1360	8529
19.1400	8911
19.1440	8571
19.1480	8982
19.1520	8571
19.1560	8777
19.1600	8620
19.1640	8720
19.1680	8727
19.1720	8519
19.1760	8845
19.1800	8422
19.1840	8962
19.1880	8358
19.1920	9226
19.1960	8442
19.2000	8955
19.2040	8523
19.2080	8861
19.2120	8837
19.2160	9032
19.2200	8704
19.2240	8821
19.2280	8964
19.2320	9012
19.2360	8835
19.2400	8808
19.2440	8790
19.2480	8725
19.2520	8695
19.2560	8579
19.2600	8523
19.2640	8524
19.2680	8507
19.2720	8492
19.2760	8404
19.2800	8383
19.2840	8388
19.2880	8658
19.2920	8337
19.2960	8618
19.3000	8577
19.3040	8842
19.3080	8428
19.3120	8937
19.3160	8479
19.3200	8964
19.3240	8570
19.3280	8830
19.3320	8588
19.3360	8798
19.3400	8674
19.3440	8583
19.3480	8812
19.3520	8520
19.3560	8882
19.3600	8405
19.3640	9036
19.3680	8503
19.3720	9122
19.3760	8608
19.3800	8935
19.3840	8623
19.3880	8983
19.3920	8730
19.3960	8958
19.4000	8907
19.4040	8885
19.4080	8873
19.4120	8782
19.4160	8904
19.4200	8773
19.4240	8630
19.4280	8630
19.4320	8679
19.4360	8452
19.4400	8435
19.4440	8502
19.4480	8355
19.4520	8475
19.4560	8385
19.4600	8481
19.4640	8442
19.4680	8628
19.4720	8411
19.4760	8719
19.4800	8320
19.4840	8729
19.4880	8324
19.4920	9060
19.4960	8356
19.5000	8849
19.5040	8403
19.5080	8906
19.5120	8506
19.5160	8874
19.5200	8736
19.5240	8517
19.5280	8770
19.5320	8556
19.5360	8845
19.5400	8580
19.5440	8885
19.5480	8463
19.5520	9083
19.5560	8608
19.5600	8972
19.5640	8866
19.5680	8943
19.5720	8878
19.5760	8875
19.5800	8887
19.5840	8896
19.5880	9057
19.5920	9026
19.5960	9027
19.6000	8740
19.6040	8687
19.6080	8646
19.6120	8558
19.6160	8518
19.6200	8390
19.6240	8477
19.6280	8504
19.6320	8459
19.6360	8371
19.6400	8674
19.6440	8311
19.6480	8659
19.6520	8343
19.6560	8738
19.6600	8322
19.6640	8684
19.6680	8394
19.6720	8968
19.6760	8356
19.6800	8784
19.6840	8442
19.6880	8678
19.6920	8592
19.6960	8549
19.7000	8630
19.7040	8548
19.7080	8908
19.7120	8536
19.7160	8958
19.7200	8492
19.7240	8825
19.7280	8602
19.7320	9034
19.7360	8810
19.7400	8957
19.7440	8722
19.7480	9035
19.7520	9086
19.7560	8984
19.7600	8850
19.7640	8900
19.7680	8862
19.7720	8895
19.7760	8725
19.7800	8740
19.7840	8750
19.7880	8835
19.7920	8676
19.7960	8577
19.8000	8303
19.8040	8274
19.8080	8362
19.8120	8579
19.8160	8410
19.8200	8515
19.8240	8232
19.8280	8760
19.8320	8273
19.8360	8705
19.8400	8345
19.8440	8805
19.8480	8317
19.8520	8860
19.8560	8478
19.8600	8858
19.8640	8396
19.8680	8884
19.8720	8534
19.8760	8544
19.8800	8611
19.8840	8261
19.8880	8713
19.8920	8326
19.8960	8733
19.9000	8439
19.9040	8877
19.9080	8722
19.9120	9024
19.9160	8693
19.9200	8945
19.9240	8857
19.9280	9000
19.9320	9004
19.9360	8880
19.9400	8769
19.9440	8878
19.9480	8989
19.9520	8846
19.9560	8780
19.9600	8872
19.9640	8839
19.9680	8616
19.9720	8510
19.9760	8564
19.9800	8594
19.9840	8519
19.9880	8585
19.9920	8572
19.9960	8511
