0.0000	7358
0.0100	6785
0.0200	6786
0.0300	7021
0.0400	6751
0.0500	7082
0.0600	7192
0.0700	7170
0.0800	7107
0.0900	7447
0.1000	7220
0.1100	6748
0.1200	7394
0.1300	7547
0.1400	7421
0.1500	7444
0.1600	6555
0.1700	7064
0.1800	7715
0.1900	7181
0.2000	6704
0.2100	7273
0.2200	7437
0.2300	6673
0.2400	7636
0.2500	6952
0.2600	6698
0.2700	7652
0.2800	7158
0.2900	7010
0.3000	7189
0.3100	6705
0.3200	7006
0.3300	7404
0.3400	7352
0.3500	6806
0.3600	7136
0.3700	7564
0.3800	7534
0.3900	6911
0.4000	7479
0.4100	7065
0.4200	7103
0.4300	7312
0.4400	6678
0.4500	6790
0.4600	7505
0.4700	7364
0.4800	7264
0.4900	6774
0.5000	7294
0.5100	7517
0.5200	7437
0.5300	7568
0.5400	7554
0.5500	7418
0.5600	7141
0.5700	7256
0.5800	6988
0.5900	7159
0.6000	7478
0.6100	6670
0.6200	6811
0.6300	6942
0.6400	7395
0.6500	7545
0.6600	7083
0.6700	6595
0.6800	7345
0.6900	7676
0.7000	7323
0.7100	6734
0.7200	6892
0.7300	6892
0.7400	7445
0.7500	6713
0.7600	6669
0.7700	7161
0.7800	7221
0.7900	6872
0.8000	7023
0.8100	7036
0.8200	6902
0.8300	6954
0.8400	6655
0.8500	7642
0.8600	7108
0.8700	6878
0.8800	7381
0.8900	7271
0.9000	7090
0.9100	7080
0.9200	6836
0.9300	6905
0.9400	7107
0.9500	6633
0.9600	7430
0.9700	7412
0.9800	6795
0.9900	7569
1.0000	7423
1.0100	6483
1.0200	6514
1.0300	6532
1.0400	7112
1.0500	6942
1.0600	7214
1.0700	7209
1.0800	7017
1.0900	7390
1.1000	6780
1.1100	7259
1.1200	7498
1.1300	7097
1.1400	7453
1.1500	6868
1.1600	7040
1.1700	7938
1.1800	6959
1.1900	7018
1.2000	7422
1.2100	7916
1.2200	7742
1.2300	7520
1.2400	7780
1.2500	7018
1.2600	7548
1.2700	7149
1.2800	7381
1.2900	7231
1.3000	7260
1.3100	7254
1.3200	6874
1.3300	6607
1.3400	7361
1.3500	6616
1.3600	7033
1.3700	7204
1.3800	7132
1.3900	7454
1.4000	7481
1.4100	6745
1.4200	6839
1.4300	7448
1.4400	7337
1.4500	6685
1.4600	7274
1.4700	6929
1.4800	6988
1.4900	7376
1.5000	7659
1.5100	7244
1.5200	7571
1.5300	7569
1.5400	6976
1.5500	6994
1.5600	7276
1.5700	7528
1.5800	7696
1.5900	6930
1.6000	6758
1.6100	7555
1.6200	6902
1.6300	6730
1.6400	7440
1.6500	6835
1.6600	7356
1.6700	7151
1.6800	6591
1.6900	6783
1.7000	7073
1.7100	6637
1.7200	7007
1.7300	6742
1.7400	6546
1.7500	7017
1.7600	7548
1.7700	6654
1.7800	7305
1.7900	7014
1.8000	7511
1.8100	6808
1.8200	6937
1.8300	7061
1.8400	7185
1.8500	7576
1.8600	7280
1.8700	6921
1.8800	7369
1.8900	6883
1.9000	7482
1.9100	7363
1.9200	7059
1.9300	6804
1.9400	7497
1.9500	7659
1.9600	6749
1.9700	6840
1.9800	7609
1.9900	7737
2.0000	7317
2.0100	7499
2.0200	7519
2.0300	7621
2.0400	6967
2.0500	6699
2.0600	7620
2.0700	7264
2.0800	7377
2.0900	6854
2.1000	6445
2.1100	7367
2.1200	7215
2.1300	7089
2.1400	6514
2.1500	6947
2.1600	7179
2.1700	7226
2.1800	7526
2.1900	6891
2.2000	6942
2.2100	7618
2.2200	7650
2.2300	7125
2.2400	6890
2.2500	7822
2.2600	7701
2.2700	6953
2.2800	6896
2.2900	6858
2.3000	6923
2.3100	7007
2.3200	7534
2.3300	6752
2.3400	6707
2.3500	7069
2.3600	7276
2.3700	6756
2.3800	7093
2.3900	7531
2.4000	7051
2.4100	7013
2.4200	6890
2.4300	6649
2.4400	7445
2.4500	7452
2.4600	6912
2.4700	6609
2.4800	7393
2.4900	6899
2.5000	7228
2.5100	7046
2.5200	7665
2.5300	7491
2.5400	7173
2.5500	6743
2.5600	7101
2.5700	7290
2.5800	6774
2.5900	7387
2.6000	7130
2.6100	6910
2.6200	7591
2.6300	7700
2.6400	7469
2.6500	7556
2.6600	6788
2.6700	7549
2.6800	7008
2.6900	6767
2.7000	6924
2.7100	7117
2.7200	7438
2.7300	7215
2.7400	7544
2.7500	7011
2.7600	7461
2.7700	6642
2.7800	6629
2.7900	7245
2.8000	7128
2.8100	7238
2.8200	6724
2.8300	6780
2.8400	7559
2.8500	6871
2.8600	6877
2.8700	7618
2.8800	6776
2.8900	6819
2.9000	7080
2.9100	7626
2.9200	6821
2.9300	7072
2.9400	7216
2.9500	7415
2.9600	6904
2.9700	6855
2.9800	6744
2.9900	7316
3.0000	7525
3.0100	6973
3.0200	6864
3.0300	7725
3.0400	7242
3.0500	7554
3.0600	6676
3.0700	7107
3.0800	7667
3.0900	6995
3.1000	6710
3.1100	7269
3.1200	6932
3.1300	7295
3.1400	7250
3.1500	6574
3.1600	7630
3.1700	7514
3.1800	6804
3.1900	7283
3.2000	7084
3.2100	7246
3.2200	7263
3.2300	7127
3.2400	7487
3.2500	7181
3.2600	6800
3.2700	6900
3.2800	7586
3.2900	6705
3.3000	6770
3.3100	7310
3.3200	6918
3.3300	7379
3.3400	6757
3.3500	7158
3.3600	6872
3.3700	7476
3.3800	7114
3.3900	7103
3.4000	7518
3.4100	7455
3.4200	6969
3.4300	7203
3.4400	7639
3.4500	7246
3.4600	6963
3.4700	7068
3.4800	7586
3.4900	7444
3.5000	6701
3.5100	7186
3.5200	7105
3.5300	7446
3.5400	7365
3.5500	7462
3.5600	6807
3.5700	7625
3.5800	7415
3.5900	6765
3.6000	7344
3.6100	6741
3.6200	7256
3.6300	6894
3.6400	7405
3.6500	6827
3.6600	7443
3.6700	6711
3.6800	6721
3.6900	7046
3.7000	7346
3.7100	7073
3.7200	7466
3.7300	7447
3.7400	7657
3.7500	6818
3.7600	7469
3.7700	7067
3.7800	7546
3.7900	7297
3.8000	7318
3.8100	6734
3.8200	6950
3.8300	6991
3.8400	7442
3.8500	7064
3.8600	7125
3.8700	7495
3.8800	7482
3.8900	7355
3.9000	7331
3.9100	7405
3.9200	7614
3.9300	6686
3.9400	7315
3.9500	7622
3.9600	7000
3.9700	7415
3.9800	7418
3.9900	7465
4.0000	7028
4.0100	7457
4.0200	7272
4.0300	7379
4.0400	7297
4.0500	7402
4.0600	7472
4.0700	6709
4.0800	7541
4.0900	7038
4.1000	7148
4.1100	6752
4.1200	6995
4.1300	7329
4.1400	6720
4.1500	7589
4.1600	7450
4.1700	6617
4.1800	6808
4.1900	7135
4.2000	7458
4.2100	7503
4.2200	7549
4.2300	7571
4.2400	6983
4.2500	7373
4.2600	7534
4.2700	7413
4.2800	6833
4.2900	7043
4.3000	7371
4.3100	7082
4.3200	6775
4.3300	7190
4.3400	7646
4.3500	7337
4.3600	6822
4.3700	7677
4.3800	7465
4.3900	7243
4.4000	6725
4.4100	7393
4.4200	7654
4.4300	7001
4.4400	6970
4.4500	7694
4.4600	6970
4.4700	6891
4.4800	7404
4.4900	7380
4.5000	7688
4.5100	7236
4.5200	7251
4.5300	6798
4.5400	7117
4.5500	7461
4.5600	6662
4.5700	7111
4.5800	7455
4.5900	7561
4.6000	7281
4.6100	7732
4.6200	7521
4.6300	6821
4.6400	7437
4.6500	7484
4.6600	7559
4.6700	7407
4.6800	7656
4.6900	7352
4.7000	7246
4.7100	7263
4.7200	7653
4.7300	7209
4.7400	7526
4.7500	7503
4.7600	6538
4.7700	6959
4.7800	6856
4.7900	7494
4.8000	6620
4.8100	6986
4.8200	6810
4.8300	7287
4.8400	7078
4.8500	7328
4.8600	7531
4.8700	6928
4.8800	7614
4.8900	7412
4.9000	7453
4.9100	7519
4.9200	7398
4.9300	7620
4.9400	7584
4.9500	7505
4.9600	7511
4.9700	7565
4.9800	7410
4.9900	7396
5.0000	7121
5.0100	7210
5.0200	7346
5.0300	7445
5.0400	6968
5.0500	7082
5.0600	7421
5.0700	7430
5.0800	7361
5.0900	6770
5.1000	7566
5.1100	7440
5.1200	7041
5.1300	6979
5.1400	7556
5.1500	7644
5.1600	7482
5.1700	6672
5.1800	6951
5.1900	7059
5.2000	7395
5.2100	7288
5.2200	7560
5.2300	7403
5.2400	6560
5.2500	6639
5.2600	6967
5.2700	7028
5.2800	6910
5.2900	7530
5.3000	7126
5.3100	7680
5.3200	7536
5.3300	7590
5.3400	7379
5.3500	7557
5.3600	7737
5.3700	7298
5.3800	7033
5.3900	6982
5.4000	7510
5.4100	7141
5.4200	7012
5.4300	6778
5.4400	7494
5.4500	7532
5.4600	7214
5.4700	7505
5.4800	7194
5.4900	7011
5.5000	7235
5.5100	7395
5.5200	7298
5.5300	6805
5.5400	7148
5.5500	6650
5.5600	6985
5.5700	7272
5.5800	7477
5.5900	7481
5.6000	6998
5.6100	7531
5.6200	7570
5.6300	7168
5.6400	7506
5.6500	7635
5.6600	7401
5.6700	6874
5.6800	7658
5.6900	7514
5.7000	7326
5.7100	7292
5.7200	7480
5.7300	7294
5.7400	7277
5.7500	6766
5.7600	7495
5.7700	7760
5.7800	7509
5.7900	7061
5.8000	7530
5.8100	7132
5.8200	7599
5.8300	6905
5.8400	7150
5.8500	7208
5.8600	7642
5.8700	6710
5.8800	6526
5.8900	7444
5.9000	7422
5.9100	7526
5.9200	7066
5.9300	6940
5.9400	7357
5.9500	6998
5.9600	7674
5.9700	6854
5.9800	6956
5.9900	7008
6.0000	7293
6.0100	7625
6.0200	7170
6.0300	7615
6.0400	7625
6.0500	7433
6.0600	7544
6.0700	7341
6.0800	7250
6.0900	7348
6.1000	7661
6.1100	7329
6.1200	6775
6.1300	7635
6.1400	7176
6.1500	6968
6.1600	7016
6.1700	7685
6.1800	7047
6.1900	7382
6.2000	7271
6.2100	7197
6.2200	6643
6.2300	7354
6.2400	7125
6.2500	7515
6.2600	7013
6.2700	7488
6.2800	7518
6.2900	7305
6.3000	7059
6.3100	7564
6.3200	7382
6.3300	7469
6.3400	7336
6.3500	7358
6.3600	7310
6.3700	7477
6.3800	7496
6.3900	7315
6.4000	7486
6.4100	7521
6.4200	7526
6.4300	7486
6.4400	7517
6.4500	7620
6.4600	6800
6.4700	7514
6.4800	7554
6.4900	7380
6.5000	7357
6.5100	7497
6.5200	7344
6.5300	7507
6.5400	7543
6.5500	7447
6.5600	7078
6.5700	7254
6.5800	7379
6.5900	6590
6.6000	6789
6.6100	6816
6.6200	7378
6.6300	6942
6.6400	7411
6.6500	6827
6.6600	6799
6.6700	7047
6.6800	7137
6.6900	7481
6.7000	6686
6.7100	7045
6.7200	7585
6.7300	7801
6.7400	7294
6.7500	7596
6.7600	7772
6.7700	7294
6.7800	7520
6.7900	7245
6.8000	7399
6.8100	6962
6.8200	7351
6.8300	6904
6.8400	7124
6.8500	6820
6.8600	6957
6.8700	7485
6.8800	7271
6.8900	7300
6.9000	7563
6.9100	7490
6.9200	7310
6.9300	7224
6.9400	7620
6.9500	7348
6.9600	7384
6.9700	6690
6.9800	7539
6.9900	6950
7.0000	7281
7.0100	7033
7.0200	7658
7.0300	7441
7.0400	7107
7.0500	7258
7.0600	7038
7.0700	6963
7.0800	7695
7.0900	7587
7.1000	6851
7.1100	6913
7.1200	7553
7.1300	7586
7.1400	7530
7.1500	7510
7.1600	7471
7.1700	7115
7.1800	7139
7.1900	7355
7.2000	7006
7.2100	7463
7.2200	7346
7.2300	7626
7.2400	7087
7.2500	6613
7.2600	7118
7.2700	6707
7.2800	6812
7.2900	6832
7.3000	6711
7.3100	7007
7.3200	6600
7.3300	7100
7.3400	7709
7.3500	7767
7.3600	6983
7.3700	6783
7.3800	7534
7.3900	7353
7.4000	7284
7.4100	7401
7.4200	7130
7.4300	7537
7.4400	7585
7.4500	7527
7.4600	7429
7.4700	7351
7.4800	7366
7.4900	6671
7.5000	7293
7.5100	6545
7.5200	7309
7.5300	7584
7.5400	7039
7.5500	6790
7.5600	7022
7.5700	7043
7.5800	7015
7.5900	6819
7.6000	6744
7.6100	7484
7.6200	6933
7.6300	7488
7.6400	7061
7.6500	7694
7.6600	6816
7.6700	7499
7.6800	7244
7.6900	7140
7.7000	7685
7.7100	7194
7.7200	7665
7.7300	7384
7.7400	7420
7.7500	7546
7.7600	7017
7.7700	7530
7.7800	6996
7.7900	7362
7.8000	7112
7.8100	7677
7.8200	7474
7.8300	7493
7.8400	7452
7.8500	7528
7.8600	7364
7.8700	7167
7.8800	7548
7.8900	7517
7.9000	7583
7.9100	7523
7.9200	7011
7.9300	7488
7.9400	7392
7.9500	7127
7.9600	7163
7.9700	7622
7.9800	7486
7.9900	6774
8.0000	7504
8.0100	7163
8.0200	7383
8.0300	7052
8.0400	7026
8.0500	7463
8.0600	7636
8.0700	7094
8.0800	7487
8.0900	7428
8.1000	6926
8.1100	7420
8.1200	7511
8.1300	7670
8.1400	6857
8.1500	7207
8.1600	6669
8.1700	7094
8.1800	7194
8.1900	7353
8.2000	7170
8.2100	7313
8.2200	7251
8.2300	6540
8.2400	6687
8.2500	7115
8.2600	7093
8.2700	6668
8.2800	6692
8.2900	7357
8.3000	7370
8.3100	7584
8.3200	6628
8.3300	7501
8.3400	7680
8.3500	6937
8.3600	6699
8.3700	7447
8.3800	7113
8.3900	7066
8.4000	6790
8.4100	7501
8.4200	6951
8.4300	6958
8.4400	7544
8.4500	7415
8.4600	6799
8.4700	6921
8.4800	6675
8.4900	7031
8.5000	7079
8.5100	7135
8.5200	6639
8.5300	6781
8.5400	7350
8.5500	6982
8.5600	6659
8.5700	7128
8.5800	7499
8.5900	6741
8.6000	7224
8.6100	7315
8.6200	7136
8.6300	7313
8.6400	7133
8.6500	6974
8.6600	6709
8.6700	7482
8.6800	7071
8.6900	7619
8.7000	7318
8.7100	7438
8.7200	6836
8.7300	6900
8.7400	6662
8.7500	7417
8.7600	6900
8.7700	6878
8.7800	7613
8.7900	6788
8.8000	7504
8.8100	7490
8.8200	7451
8.8300	7274
8.8400	7507
8.8500	7276
8.8600	6480
8.8700	7230
8.8800	7514
8.8900	7468
8.9000	7115
8.9100	6734
8.9200	7465
8.9300	7576
8.9400	7467
8.9500	7042
8.9600	7140
8.9700	6664
8.9800	6855
8.9900	7173
9.0000	6963
9.0100	6847
9.0200	6642
9.0300	7574
9.0400	7518
9.0500	7665
9.0600	7426
9.0700	7596
9.0800	7352
9.0900	7409
9.1000	7326
9.1100	6783
9.1200	7372
9.1300	7345
9.1400	7599
9.1500	6921
9.1600	7507
9.1700	7175
9.1800	6905
9.1900	7352
9.2000	7513
9.2100	7122
9.2200	6654
9.2300	7537
9.2400	6948
9.2500	7178
9.2600	7339
9.2700	6604
9.2800	6902
9.2900	7537
9.3000	7492
9.3100	6646
9.3200	7098
9.3300	7185
9.3400	7428
9.3500	6751
9.3600	7008
9.3700	7767
9.3800	6783
9.3900	7545
9.4000	7269
9.4100	7722
9.4200	6734
9.4300	7351
9.4400	7575
9.4500	7141
9.4600	7526
9.4700	7710
9.4800	7581
9.4900	6951
9.5000	7613
9.5100	7320
9.5200	7388
9.5300	7544
9.5400	7391
9.5500	7250
9.5600	6806
9.5700	7369
9.5800	7252
9.5900	7058
9.6000	6754
9.6100	6758
9.6200	7288
9.6300	7115
9.6400	7583
9.6500	7412
9.6600	6809
9.6700	6786
9.6800	7495
9.6900	7546
9.7000	7329
9.7100	7125
9.7200	7228
9.7300	7604
9.7400	7516
9.7500	7089
9.7600	7619
9.7700	7012
9.7800	7548
9.7900	6738
9.8000	7412
9.8100	6770
9.8200	7529
9.8300	7323
9.8400	7465
9.8500	7053
9.8600	7151
9.8700	7481
9.8800	7369
9.8900	7457
9.9000	6967
9.9100	7152
9.9200	7657
9.9300	7432
9.9400	7339
9.9500	7360
9.9600	7427
9.9700	7566
9.9800	7278
9.9900	7471
10.0000	6993
10.0100	6906
10.0200	6873
10.0300	7498
10.0400	6797
10.0500	7098
10.0600	6856
10.0700	7517
10.0800	6880
10.0900	7489
10.1000	7438
10.1100	6936
10.1200	7492
10.1300	7256
10.1400	6893
10.1500	7551
10.1600	7233
10.1700	7069
10.1800	6771
10.1900	7431
10.2000	6809
10.2100	6994
10.2200	7192
10.2300	7482
10.2400	7533
10.2500	6831
10.2600	7249
10.2700	7540
10.2800	6929
10.2900	6873
10.3000	6874
10.3100	7192
10.3200	7314
10.3300	7288
10.3400	7544
10.3500	6885
10.3600	7272
10.3700	6993
10.3800	7640
10.3900	7301
10.4000	7457
10.4100	6791
10.4200	7330
10.4300	7521
10.4400	6916
10.4500	7581
10.4600	7458
10.4700	7459
10.4800	7309
10.4900	7568
10.5000	7387
10.5100	7145
10.5200	6784
10.5300	7489
10.5400	7478
10.5500	7050
10.5600	6647
10.5700	7370
10.5800	7403
10.5900	6830
10.6000	6643
10.6100	7096
10.6200	6782
10.6300	7434
10.6400	7241
10.6500	7049
10.6600	7275
10.6700	7287
10.6800	7445
10.6900	7162
10.7000	7583
10.7100	6695
10.7200	6950
10.7300	6845
10.7400	7531
10.7500	6984
10.7600	7112
10.7700	6879
10.7800	6933
10.7900	7563
10.8000	7017
10.8100	6764
10.8200	7246
10.8300	7611
10.8400	7079
10.8500	7441
10.8600	7277
10.8700	6977
10.8800	7270
10.8900	7237
10.9000	7218
10.9100	7273
10.9200	6613
10.9300	7235
10.9400	7507
10.9500	7217
10.9600	6661
10.9700	7330
10.9800	7353
10.9900	6834
11.0000	7517
11.0100	7658
11.0200	7488
11.0300	6879
11.0400	7541
11.0500	6646
11.0600	7551
11.0700	6930
11.0800	7584
11.0900	7106
11.1000	7343
11.1100	7010
11.1200	7534
11.1300	7608
11.1400	7266
11.1500	7135
11.1600	7404
11.1700	7267
11.1800	7625
11.1900	7026
11.2000	7207
11.2100	7025
11.2200	6942
11.2300	6818
11.2400	6757
11.2500	6654
11.2600	7000
11.2700	7515
11.2800	6786
11.2900	6784
11.3000	7135
11.3100	6615
11.3200	7257
11.3300	6745
11.3400	6996
11.3500	6736
11.3600	7483
11.3700	6853
11.3800	7330
11.3900	6613
11.4000	6927
11.4100	7284
11.4200	7421
11.4300	6846
11.4400	7078
11.4500	7603
11.4600	7480
11.4700	7359
11.4800	7446
11.4900	6876
11.5000	7599
11.5100	7649
11.5200	7175
11.5300	7692
11.5400	6751
11.5500	7486
11.5600	6741
11.5700	7386
11.5800	6779
11.5900	6821
11.6000	6889
11.6100	6620
11.6200	6757
11.6300	6709
11.6400	7243
11.6500	7089
11.6600	7136
11.6700	6620
11.6800	7157
11.6900	7669
11.7000	7182
11.7100	6856
11.7200	7575
11.7300	7323
11.7400	7619
11.7500	7039
11.7600	7197
11.7700	6792
11.7800	7366
11.7900	7099
11.8000	7067
11.8100	7182
11.8200	7553
11.8300	7338
11.8400	7219
11.8500	7193
11.8600	7567
11.8700	7411
11.8800	6787
11.8900	7385
11.9000	7621
11.9100	7040
11.9200	7312
11.9300	6512
11.9400	7325
11.9500	6608
11.9600	6970
11.9700	7120
11.9800	7192
11.9900	7361
12.0000	7052
12.0100	7297
12.0200	6804
12.0300	7189
12.0400	6674
12.0500	7634
12.0600	6709
12.0700	7172
12.0800	7649
12.0900	6871
12.1000	7579
12.1100	7527
12.1200	7293
12.1300	7577
12.1400	7048
12.1500	7605
12.1600	6963
12.1700	7531
12.1800	7119
12.1900	7280
12.2000	6999
12.2100	7287
12.2200	7508
12.2300	7030
12.2400	6735
12.2500	7280
12.2600	7586
12.2700	6461
12.2800	6930
12.2900	7368
12.3000	7492
12.3100	6630
12.3200	7026
12.3300	7448
12.3400	7190
12.3500	6864
12.3600	7169
12.3700	7319
12.3800	7207
12.3900	6892
12.4000	7569
12.4100	7379
12.4200	6781
12.4300	7165
12.4400	7222
12.4500	7550
12.4600	7160
12.4700	7329
12.4800	6756
12.4900	7562
12.5000	7124
12.5100	7383
12.5200	7117
12.5300	6933
12.5400	7437
12.5500	7514
12.5600	7142
12.5700	6835
12.5800	7305
12.5900	7403
12.6000	6649
12.6100	7619
12.6200	6718
12.6300	7329
12.6400	6650
12.6500	6997
12.6600	6793
12.6700	6799
12.6800	7374
12.6900	6790
12.7000	7456
12.7100	6877
12.7200	7353
12.7300	7108
12.7400	6607
12.7500	7072
12.7600	7721
12.7700	7124
12.7800	6872
12.7900	7397
12.8000	7325
12.8100	6704
12.8200	7607
12.8300	6865
12.8400	7105
12.8500	7159
12.8600	7580
12.8700	6768
12.8800	6801
12.8900	7362
12.9000	7387
12.9100	6915
12.9200	6476
12.9300	7440
12.9400	7367
12.9500	6737
12.9600	6426
12.9700	7223
12.9800	7364
12.9900	6696
13.0000	6774
13.0100	7382
13.0200	7014
13.0300	6880
13.0400	6914
13.0500	7249
13.0600	6654
13.0700	7397
13.0800	6907
13.0900	7646
13.1000	6630
13.1100	6921
13.1200	7020
13.1300	6980
13.1400	6971
13.1500	7296
13.1600	7621
13.1700	6974
13.1800	6833
13.1900	6982
13.2000	6816
13.2100	7040
13.2200	6956
13.2300	7427
13.2400	6781
13.2500	6553
13.2600	7057
13.2700	7188
13.2800	7442
13.2900	6769
13.3000	6849
13.3100	7153
13.3200	7400
13.3300	7108
13.3400	7208
13.3500	7436
13.3600	6732
13.3700	7212
13.3800	7640
13.3900	7473
13.4000	7166
13.4100	7100
13.4200	7570
13.4300	6975
13.4400	7098
13.4500	7521
13.4600	6777
13.4700	6927
13.4800	6881
13.4900	7731
13.5000	7188
13.5100	6851
13.5200	6842
13.5300	7185
13.5400	6907
13.5500	6482
13.5600	6741
13.5700	6905
13.5800	7101
13.5900	6628
13.6000	6707
13.6100	6728
13.6200	7511
13.6300	7068
13.6400	6500
13.6500	7517
13.6600	7228
13.6700	6904
13.6800	6918
13.6900	6586
13.7000	7489
13.7100	7496
13.7200	7452
13.7300	7322
13.7400	6734
13.7500	6920
13.7600	6703
13.7700	6898
13.7800	7540
13.7900	7006
13.8000	7362
13.8100	7727
13.8200	6750
13.8300	7391
13.8400	7061
13.8500	6942
13.8600	7131
13.8700	6901
13.8800	7611
13.8900	7140
13.9000	6573
13.9100	7322
13.9200	7606
13.9300	6873
13.9400	6697
13.9500	7308
13.9600	7199
13.9700	7019
13.9800	7162
13.9900	6656
14.0000	7056
14.0100	7199
14.0200	7519
14.0300	6660
14.0400	7104
14.0500	7336
14.0600	6732
14.0700	6828
14.0800	6799
14.0900	6771
14.1000	6996
14.1100	7391
14.1200	6991
14.1300	6997
14.1400	7272
14.1500	7521
14.1600	6916
14.1700	7235
14.1800	7364
14.1900	6952
14.2000	7238
14.2100	7546
14.2200	7006
14.2300	6856
14.2400	6882
14.2500	7298
14.2600	6840
14.2700	6993
14.2800	6854
14.2900	6931
14.3000	6839
14.3100	7072
14.3200	7432
14.3300	6757
14.3400	7197
14.3500	7304
14.3600	6678
14.3700	6869
14.3800	7360
14.3900	6594
14.4000	7500
14.4100	7553
14.4200	7123
14.4300	7591
14.4400	7514
14.4500	7279
14.4600	7525
14.4700	7172
14.4800	7403
14.4900	7311
14.5000	7220
14.5100	7442
14.5200	7369
14.5300	7567
14.5400	7304
14.5500	7216
14.5600	6806
14.5700	7547
14.5800	6929
14.5900	6743
14.6000	7115
14.6100	7398
14.6200	6689
14.6300	6579
14.6400	7088
14.6500	7027
14.6600	6639
14.6700	6950
14.6800	6818
14.6900	7257
14.7000	7508
14.7100	6647
14.7200	6764
14.7300	7459
14.7400	6945
14.7500	7664
14.7600	6720
14.7700	7381
14.7800	7515
14.7900	7662
14.8000	6723
14.8100	6974
14.8200	7125
14.8300	7248
14.8400	6773
14.8500	7593
14.8600	7409
14.8700	7087
14.8800	7418
14.8900	7046
14.9000	7481
14.9100	6826
14.9200	6912
14.9300	6685
14.9400	7498
14.9500	7174
14.9600	7014
14.9700	7502
14.9800	7147
14.9900	7078
15.0000	7140
15.0100	6887
15.0200	6673
15.0300	7269
15.0400	7347
15.0500	7260
15.0600	6976
15.0700	7459
15.0800	6706
15.0900	7266
15.1000	7432
15.1100	7518
15.1200	7387
15.1300	7108
15.1400	7045
15.1500	7506
15.1600	6729
15.1700	7378
15.1800	6725
15.1900	6694
15.2000	6725
15.2100	6773
15.2200	6541
15.2300	6868
15.2400	6587
15.2500	6734
15.2600	7050
15.2700	6986
15.2800	6698
15.2900	7357
15.3000	6616
15.3100	7278
15.3200	7789
15.3300	7061
15.3400	7549
15.3500	7338
15.3600	6827
15.3700	6928
15.3800	6793
15.3900	6785
15.4000	7467
15.4100	7088
15.4200	7029
15.4300	6883
15.4400	7045
15.4500	6892
15.4600	6567
15.4700	7643
15.4800	6883
15.4900	7307
15.5000	7637
15.5100	7113
15.5200	6985
15.5300	7575
15.5400	6893
15.5500	7270
15.5600	7394
15.5700	7699
15.5800	6906
15.5900	6945
15.6000	7238
15.6100	6843
15.6200	6805
15.6300	6960
15.6400	7589
15.6500	6635
15.6600	7489
15.6700	7425
15.6800	7610
15.6900	7541
15.7000	7450
15.7100	6682
15.7200	7032
15.7300	7107
15.7400	6996
15.7500	7655
15.7600	6990
15.7700	6857
15.7800	6838
15.7900	7133
15.8000	7511
15.8100	6625
15.8200	7520
15.8300	7677
15.8400	7106
15.8500	7169
15.8600	7365
15.8700	7818
15.8800	6981
15.8900	6728
15.9000	7352
15.9100	7599
15.9200	6726
15.9300	6959
15.9400	6857
15.9500	7253
15.9600	7497
15.9700	6701
15.9800	7204
15.9900	6689
16.0000	7167
16.0100	7170
16.0200	7000
16.0300	7234
16.0400	6710
16.0500	7318
16.0600	7429
16.0700	6596
16.0800	7039
16.0900	6883
16.1000	7032
16.1100	6954
16.1200	7427
16.1300	6934
16.1400	6944
16.1500	7103
16.1600	7543
16.1700	6746
16.1800	6848
16.1900	7348
16.2000	6901
16.2100	6641
16.2200	6758
16.2300	7344
16.2400	7318
16.2500	7496
16.2600	7007
16.2700	7476
16.2800	6715
16.2900	6753
16.3000	7278
16.3100	6779
16.3200	7478
16.3300	7237
16.3400	6751
16.3500	6593
16.3600	7445
16.3700	7461
16.3800	6556
16.3900	6764
16.4000	7242
16.4100	7651
16.4200	7293
16.4300	6701
16.4400	6756
16.4500	7678
16.4600	6834
16.4700	7288
16.4800	7627
16.4900	6893
16.5000	7315
16.5100	7566
16.5200	7686
16.5300	7469
16.5400	6695
16.5500	7777
16.5600	7440
16.5700	6803
16.5800	7403
16.5900	6752
16.6000	7179
16.6100	7312
16.6200	7200
16.6300	7143
16.6400	7506
16.6500	6832
16.6600	7318
16.6700	7552
16.6800	6714
16.6900	6885
16.7000	7004
16.7100	6927
16.7200	7163
16.7300	7184
16.7400	6956
16.7500	6621
16.7600	6894
16.7700	6820
16.7800	6697
16.7900	6914
16.8000	7163
16.8100	6792
16.8200	7330
16.8300	7305
16.8400	6830
16.8500	6989
16.8600	6801
16.8700	7298
16.8800	7636
16.8900	6797
16.9000	7837
16.9100	7857
16.9200	7142
16.9300	6799
16.9400	7614
16.9500	7649
16.9600	7210
16.9700	6992
16.9800	7073
16.9900	6724
17.0000	7472
17.0100	7683
17.0200	6759
17.0300	6596
17.0400	6952
17.0500	6621
17.0600	6961
17.0700	6894
17.0800	6984
17.0900	6615
17.1000	6851
17.1100	6969
17.1200	7107
17.1300	7042
17.1400	6552
17.1500	7473
17.1600	6880
17.1700	7411
17.1800	7280
17.1900	7641
17.2000	7121
17.2100	7329
17.2200	6724
17.2300	6644
17.2400	7499
17.2500	7485
17.2600	7136
17.2700	7109
17.2800	6960
17.2900	7399
17.3000	6797
17.3100	6981
17.3200	7057
17.3300	7706
17.3400	6764
17.3500	6762
17.3600	6919
17.3700	6906
17.3800	6760
17.3900	7515
17.4000	6754
17.4100	7353
17.4200	7511
17.4300	7169
17.4400	7439
17.4500	6697
17.4600	7152
17.4700	7407
17.4800	7127
17.4900	6679
17.5000	7591
17.5100	7578
17.5200	7436
17.5300	6922
17.5400	7302
17.5500	6777
17.5600	7483
17.5700	7590
17.5800	6845
17.5900	7186
17.6000	7667
17.6100	6683
17.6200	7751
17.6300	7080
17.6400	6832
17.6500	6898
17.6600	7337
17.6700	6581
17.6800	6672
17.6900	7452
17.7000	7062
17.7100	6637
17.7200	7356
17.7300	7558
17.7400	7299
17.7500	6691
17.7600	7452
17.7700	6534
17.7800	7466
17.7900	7180
17.8000	7208
17.8100	7509
17.8200	7400
17.8300	7399
17.8400	7287
17.8500	7056
17.8600	7205
17.8700	7601
17.8800	7450
17.8900	7164
17.9000	7198
17.9100	7017
17.9200	7447
17.9300	6969
17.9400	7210
17.9500	6707
17.9600	6989
17.9700	7296
17.9800	7611
17.9900	6907
18.0000	6839
18.0100	7059
18.0200	7355
18.0300	6772
18.0400	6600
18.0500	6772
18.0600	7448
18.0700	6849
18.0800	6701
18.0900	6605
18.1000	7359
18.1100	7253
18.1200	6679
18.1300	6999
18.1400	7270
18.1500	7477
18.1600	7036
18.1700	7219
18.1800	7150
18.1900	6997
18.2000	7376
18.2100	7759
18.2200	6800
18.2300	7422
18.2400	7160
18.2500	7044
18.2600	7579
18.2700	7629
18.2800	7216
18.2900	7203
18.3000	7261
18.3100	6838
18.3200	7409
18.3300	6968
18.3400	7536
18.3500	6875
18.3600	7027
18.3700	6571
18.3800	6580
18.3900	6692
18.4000	6577
18.4100	7144
18.4200	7092
18.4300	7145
18.4400	6795
18.4500	7324
18.4600	7091
18.4700	7303
18.4800	6713
18.4900	6980
18.5000	6911
18.5100	7301
18.5200	7677
18.5300	6871
18.5400	7442
18.5500	7255
18.5600	7530
18.5700	7466
18.5800	6785
18.5900	7175
18.6000	7195
18.6100	7405
18.6200	7341
18.6300	7538
18.6400	7577
18.6500	6891
18.6600	7551
18.6700	6985
18.6800	7405
18.6900	6726
18.7000	7350
18.7100	6827
18.7200	6955
18.7300	6668
18.7400	6979
18.7500	6687
18.7600	6718
18.7700	6736
18.7800	7372
18.7900	6926
18.8000	7010
18.8100	6743
18.8200	7558
18.8300	6608
18.8400	6989
18.8500	7548
18.8600	7468
18.8700	7002
18.8800	6929
18.8900	7458
18.9000	7509
18.9100	7284
18.9200	7211
18.9300	7459
18.9400	7401
18.9500	7476
18.9600	7512
18.9700	7823
18.9800	7459
18.9900	7426
19.0000	6679
19.0100	7578
19.0200	6786
19.0300	7606
19.0400	6942
19.0500	7418
19.0600	7081
19.0700	7243
19.0800	6713
19.0900	7475
19.1000	6509
19.1100	6779
19.1200	7597
19.1300	6810
19.1400	6840
19.1500	6711
19.1600	7476
19.1700	6742
19.1800	6889
19.1900	7470
19.2000	7322
19.2100	7605
19.2200	6845
19.2300	7371
19.2400	7560
19.2500	7001
19.2600	7288
19.2700	6933
19.2800	7310
19.2900	6929
19.3000	7551
19.3100	7589
19.3200	7512
19.3300	7099
19.3400	7329
19.3500	7523
19.3600	7223
19.3700	7096
19.3800	7033
19.3900	7552
19.4000	6607
19.4100	6702
19.4200	7438
19.4300	7416
19.4400	6569
19.4500	6884
19.4600	7000
19.4700	7405
19.4800	7149
19.4900	7341
19.5000	6407
19.5100	7427
19.5200	6692
19.5300	7437
19.5400	6842
19.5500	7210
19.5600	7434
19.5700	7016
19.5800	6833
19.5900	6907
19.6000	7710
19.6100	6684
19.6200	6888
19.6300	7730
19.6400	7441
19.6500	6923
19.6600	6966
19.6700	7495
19.6800	6674
19.6900	6830
19.7000	7317
19.7100	7385
19.7200	7785
19.7300	7394
19.7400	7088
19.7500	6884
19.7600	7337
19.7700	7185
19.7800	6758
19.7900	6754
19.8000	6559
19.8100	7148
19.8200	7365
19.8300	7533
19.8400	6756
19.8500	7296
19.8600	7484
19.8700	6784
19.8800	7256
19.8900	7201
19.9000	7340
19.9100	6669
19.9200	7419
19.9300	7182
19.9400	7161
19.9500	7094
19.9600	7180
19.9700	7450
19.9800	6665
19.9900	7088
