0.0000	6734
0.0050	7029
0.0100	7148
0.0150	7242
0.0200	6804
0.0250	6724
0.0300	6872
0.0350	6703
0.0400	7653
0.0450	7499
0.0500	6865
0.0550	6887
0.0600	7382
0.0650	6841
0.0700	6993
0.0750	7579
0.0800	7196
0.0850	7331
0.0900	6966
0.0950	7332
0.1000	6899
0.1050	6507
0.1100	7198
0.1150	7422
0.1200	6552
0.1250	6876
0.1300	7443
0.1350	6768
0.1400	6767
0.1450	6994
0.1500	7358
0.1550	7541
0.1600	7110
0.1650	7459
0.1700	7039
0.1750	6507
0.1800	7155
0.1850	7452
0.1900	7443
0.1950	7356
0.2000	7073
0.2050	7437
0.2100	6661
0.2150	6734
0.2200	7281
0.2250	7465
0.2300	7098
0.2350	7298
0.2400	7504
0.2450	6934
0.2500	6894
0.2550	6736
0.2600	7007
0.2650	7021
0.2700	7603
0.2750	7546
0.2800	6814
0.2850	6798
0.2900	6914
0.2950	6864
0.3000	6716
0.3050	7400
0.3100	7451
0.3150	7204
0.3200	7105
0.3250	6989
0.3300	6678
0.3350	7570
0.3400	6840
0.3450	7506
0.3500	7229
0.3550	6800
0.3600	6893
0.3650	6693
0.3700	6798
0.3750	6511
0.3800	7480
0.3850	7224
0.3900	6819
0.3950	7381
0.4000	7235
0.4050	7066
0.4100	6769
0.4150	7287
0.4200	7424
0.4250	6834
0.4300	6973
0.4350	7344
0.4400	6584
0.4450	6607
0.4500	7489
0.4550	6791
0.4600	6958
0.4650	6942
0.4700	7398
0.4750	7415
0.4800	6731
0.4850	7330
0.4900	7291
0.4950	7370
0.5000	7273
0.5050	7224
0.5100	6972
0.5150	6893
0.5200	7400
0.5250	7395
0.5300	6734
0.5350	6929
0.5400	7097
0.5450	7066
0.5500	6944
0.5550	7258
0.5600	7671
0.5650	7182
0.5700	6924
0.5750	7198
0.5800	7453
0.5850	7007
0.5900	7383
0.5950	7026
0.6000	6854
0.6050	7490
0.6100	6783
0.6150	7133
0.6200	7047
0.6250	6763
0.6300	6956
0.6350	7078
0.6400	7458
0.6450	7205
0.6500	6688
0.6550	7018
0.6600	7049
0.6650	7059
0.6700	6694
0.6750	6880
0.6800	7041
0.6850	6797
0.6900	6673
0.6950	6855
0.7000	7501
0.7050	6970
0.7100	7344
0.7150	6710
0.7200	6971
0.7250	7242
0.7300	6998
0.7350	7035
0.7400	7626
0.7450	7623
0.7500	6811
0.7550	6820
0.7600	6696
0.7650	6839
0.7700	7423
0.7750	7249
0.7800	7605
0.7850	7443
0.7900	7067
0.7950	6762
0.8000	6627
0.8050	7252
0.8100	7101
0.8150	7388
0.8200	7310
0.8250	7328
0.8300	6639
0.8350	6643
0.8400	6779
0.8450	7138
0.8500	6649
0.8550	7326
0.8600	6997
0.8650	6561
0.8700	6553
0.8750	6887
0.8800	6960
0.8850	6830
0.8900	6750
0.8950	7105
0.9000	7423
0.9050	7028
0.9100	6897
0.9150	7252
0.9200	6827
0.9250	7437
0.9300	6697
0.9350	6830
0.9400	7670
0.9450	6620
0.9500	7318
0.9550	7278
0.9600	7373
0.9650	7378
0.9700	7191
0.9750	6812
0.9800	7007
0.9850	6750
0.9900	6750
0.9950	6965
1.0000	6916
1.0050	6681
1.0100	6723
1.0150	7186
1.0200	6805
1.0250	7350
1.0300	7435
1.0350	6677
1.0400	6845
1.0450	6534
1.0500	7244
1.0550	6671
1.0600	6916
1.0650	6901
1.0700	6876
1.0750	7421
1.0800	6763
1.0850	7260
1.0900	7193
1.0950	7277
1.1000	7333
1.1050	7297
1.1100	6818
1.1150	6648
1.1200	7431
1.1250	7444
1.1300	6874
1.1350	6592
1.1400	7455
1.1450	7470
1.1500	6636
1.1550	7027
1.1600	7195
1.1650	6875
1.1700	6686
1.1750	7273
1.1800	7338
1.1850	7326
1.1900	6873
1.1950	7001
1.2000	6686
1.2050	7396
1.2100	7264
1.2150	6760
1.2200	6839
1.2250	7368
1.2300	7533
1.2350	6893
1.2400	7497
1.2450	7344
1.2500	6588
1.2550	6968
1.2600	7029
1.2650	7341
1.2700	7224
1.2750	6887
1.2800	7424
1.2850	7458
1.2900	6782
1.2950	7037
1.3000	7363
1.3050	7589
1.3100	7491
1.3150	6690
1.3200	6742
1.3250	7116
1.3300	6856
1.3350	7468
1.3400	7251
1.3450	7399
1.3500	7511
1.3550	6831
1.3600	7021
1.3650	6852
1.3700	7239
1.3750	7552
1.3800	7328
1.3850	7352
1.3900	7077
1.3950	6829
1.4000	6776
1.4050	6966
1.4100	7379
1.4150	7408
1.4200	7629
1.4250	6954
1.4300	6501
1.4350	6700
1.4400	6864
1.4450	6747
1.4500	7463
1.4550	6808
1.4600	7288
1.4650	7137
1.4700	6704
1.4750	6919
1.4800	6640
1.4850	6776
1.4900	6763
1.4950	6921
1.5000	6956
1.5050	7257
1.5100	6726
1.5150	7051
1.5200	6719
1.5250	7212
1.5300	6624
1.5350	6990
1.5400	7269
1.5450	6599
1.5500	6688
1.5550	6909
1.5600	7265
1.5650	7318
1.5700	7379
1.5750	6704
1.5800	6809
1.5850	6541
1.5900	7217
1.5950	7366
1.6000	6673
1.6050	7094
1.6100	6658
1.6150	7312
1.6200	6668
1.6250	7327
1.6300	6668
1.6350	6685
1.6400	6813
1.6450	6745
1.6500	7327
1.6550	7275
1.6600	7038
1.6650	6786
1.6700	7223
1.6750	7323
1.6800	7181
1.6850	7021
1.6900	7303
1.6950	7170
1.7000	6666
1.7050	7286
1.7100	7438
1.7150	6763
1.7200	7422
1.7250	6981
1.7300	7223
1.7350	6918
1.7400	7312
1.7450	7119
1.7500	6938
1.7550	7457
1.7600	7682
1.7650	7194
1.7700	6881
1.7750	6960
1.7800	7566
1.7850	6686
1.7900	7237
1.7950	7336
1.8000	6866
1.8050	7327
1.8100	7391
1.8150	6748
1.8200	6860
1.8250	6668
1.8300	7191
1.8350	7576
1.8400	6884
1.8450	7416
1.8500	6680
1.8550	6967
1.8600	6782
1.8650	6854
1.8700	7557
1.8750	7506
1.8800	6768
1.8850	6593
1.8900	6728
1.8950	7211
1.9000	7244
1.9050	6555
1.9100	7279
1.9150	7252
1.9200	6845
1.9250	6889
1.9300	6304
1.9350	6613
1.9400	6918
1.9450	7363
1.9500	7425
1.9550	7481
1.9600	6753
1.9650	7162
1.9700	6692
1.9750	6768
1.9800	7490
1.9850	7641
1.9900	7536
1.9950	6589
2.0000	6722
2.0050	6687
2.0100	6951
2.0150	7362
2.0200	7470
2.0250	7415
2.0300	6841
2.0350	6624
2.0400	6894
2.0450	6701
2.0500	7394
2.0550	7046
2.0600	7247
2.0650	7446
2.0700	6669
2.0750	6674
2.0800	7174
2.0850	6555
2.0900	7391
2.0950	6690
2.1000	7479
2.1050	7593
2.1100	6612
2.1150	7005
2.1200	6925
2.1250	7340
2.1300	7217
2.1350	7403
2.1400	6852
2.1450	7427
2.1500	6652
2.1550	7507
2.1600	7642
2.1650	7289
2.1700	7249
2.1750	6664
2.1800	6996
2.1850	7416
2.1900	7153
2.1950	7090
2.2000	6854
2.2050	7323
2.2100	6624
2.2150	7411
2.2200	7347
2.2250	6685
2.2300	6960
2.2350	7407
2.2400	7287
2.2450	7258
2.2500	7432
2.2550	7138
2.2600	6805
2.2650	6655
2.2700	7332
2.2750	7341
2.2800	6814
2.2850	7485
2.2900	7300
2.2950	6932
2.3000	6972
2.3050	7252
2.3100	7174
2.3150	6750
2.3200	7191
2.3250	7467
2.3300	6644
2.3350	6754
2.3400	6867
2.3450	7022
2.3500	7333
2.3550	7245
2.3600	7281
2.3650	6865
2.3700	6939
2.3750	6789
2.3800	6661
2.3850	6718
2.3900	7218
2.3950	7136
2.4000	6864
2.4050	6798
2.4100	7026
2.4150	7026
2.4200	6925
2.4250	6938
2.4300	6886
2.4350	7421
2.4400	6993
2.4450	6675
2.4500	6986
2.4550	7152
2.4600	7642
2.4650	7269
2.4700	7355
2.4750	7389
2.4800	6956
2.4850	6661
2.4900	6787
2.4950	7323
2.5000	7414
2.5050	7271
2.5100	7154
2.5150	7237
2.5200	6562
2.5250	7103
2.5300	7200
2.5350	7415
2.5400	7266
2.5450	7427
2.5500	6640
2.5550	6677
2.5600	6898
2.5650	6904
2.5700	7293
2.5750	7387
2.5800	7566
2.5850	7040
2.5900	6651
2.5950	7003
2.6000	6663
2.6050	7288
2.6100	6879
2.6150	7443
2.6200	7597
2.6250	7394
2.6300	6882
2.6350	7134
2.6400	7515
2.6450	7402
2.6500	6567
2.6550	7539
2.6600	7497
2.6650	6647
2.6700	6883
2.6750	6699
2.6800	7492
2.6850	7500
2.6900	6915
2.6950	7481
2.7000	6862
2.7050	6669
2.7100	6725
2.7150	6421
2.7200	7000
2.7250	7224
2.7300	7507
2.7350	6660
2.7400	6582
2.7450	7280
2.7500	7403
2.7550	7003
2.7600	7518
2.7650	6593
2.7700	7369
2.7750	6825
2.7800	6756
2.7850	7504
2.7900	6493
2.7950	6581
2.8000	6884
2.8050	7224
2.8100	6658
2.8150	6986
2.8200	7295
2.8250	6670
2.8300	6952
2.8350	7126
2.8400	7433
2.8450	6693
2.8500	7138
2.8550	7304
2.8600	6857
2.8650	6830
2.8700	6659
2.8750	7462
2.8800	6567
2.8850	6743
2.8900	7573
2.8950	6542
2.9000	6537
2.9050	7510
2.9100	7504
2.9150	7289
2.9200	6725
2.9250	7100
2.9300	6855
2.9350	6881
2.9400	7448
2.9450	7238
2.9500	7231
2.9550	7475
2.9600	6847
2.9650	6882
2.9700	6553
2.9750	6924
2.9800	7355
2.9850	7073
2.9900	6732
2.9950	7446
3.0000	6818
3.0050	7444
3.0100	6857
3.0150	7321
3.0200	7429
3.0250	7247
3.0300	6965
3.0350	7459
3.0400	6709
3.0450	6883
3.0500	6949
3.0550	7499
3.0600	7655
3.0650	7399
3.0700	6705
3.0750	6818
3.0800	6846
3.0850	6631
3.0900	7193
3.0950	7420
3.1000	7059
3.1050	7283
3.1100	6925
3.1150	6626
3.1200	7525
3.1250	6993
3.1300	6890
3.1350	7509
3.1400	7374
3.1450	6923
3.1500	6671
3.1550	6695
3.1600	7418
3.1650	7357
3.1700	7300
3.1750	7490
3.1800	7458
3.1850	6769
3.1900	6793
3.1950	6672
3.2000	6994
3.2050	7538
3.2100	7421
3.2150	6586
3.2200	7168
3.2250	7330
3.2300	6679
3.2350	6524
3.2400	7452
3.2450	7592
3.2500	6656
3.2550	6674
3.2600	7141
3.2650	6874
3.2700	7038
3.2750	7103
3.2800	7437
3.2850	6678
3.2900	6709
3.2950	7202
3.3000	6715
3.3050	6698
3.3100	7532
3.3150	7549
3.3200	6650
3.3250	6814
3.3300	6974
3.3350	7100
3.3400	6805
3.3450	7199
3.3500	6620
3.3550	6694
3.3600	6789
3.3650	7147
3.3700	6998
3.3750	6838
3.3800	6871
3.3850	7300
3.3900	7511
3.3950	6521
3.4000	7018
3.4050	6937
3.4100	6932
3.4150	7470
3.4200	6804
3.4250	6924
3.4300	6856
3.4350	7362
3.4400	6588
3.4450	6713
3.4500	7147
3.4550	6756
3.4600	7614
3.4650	6739
3.4700	7301
3.4750	7095
3.4800	6962
3.4850	6529
3.4900	6684
3.4950	7437
3.5000	6979
3.5050	6816
3.5100	7428
3.5150	6778
3.5200	6554
3.5250	7541
3.5300	7234
3.5350	7313
3.5400	7141
3.5450	7240
3.5500	6992
3.5550	6888
3.5600	7404
3.5650	7489
3.5700	7622
3.5750	6920
3.5800	7512
3.5850	6812
3.5900	6982
3.5950	7580
3.6000	7044
3.6050	7245
3.6100	7173
3.6150	6688
3.6200	6726
3.6250	6754
3.6300	6910
3.6350	7463
3.6400	7460
3.6450	7188
3.6500	6849
3.6550	6694
3.6600	6621
3.6650	7441
3.6700	7622
3.6750	7605
3.6800	6988
3.6850	6819
3.6900	6662
3.6950	6868
3.7000	7104
3.7050	7488
3.7100	7357
3.7150	7309
3.7200	7219
3.7250	6705
3.7300	6722
3.7350	6867
3.7400	7531
3.7450	7314
3.7500	7379
3.7550	6978
3.7600	6671
3.7650	6740
3.7700	6679
3.7750	6834
3.7800	7332
3.7850	7345
3.7900	7523
3.7950	6859
3.8000	6875
3.8050	6833
3.8100	7437
3.8150	7019
3.8200	7316
3.8250	7477
3.8300	7327
3.8350	6764
3.8400	6537
3.8450	6946
3.8500	7455
3.8550	7531
3.8600	7156
3.8650	6823
3.8700	6743
3.8750	7291
3.8800	7099
3.8850	6778
3.8900	7373
3.8950	7018
3.9000	6950
3.9050	6729
3.9100	7081
3.9150	7297
3.9200	6747
3.9250	6776
3.9300	6902
3.9350	7361
3.9400	7291
3.9450	6839
3.9500	7381
3.9550	6888
3.9600	6694
3.9650	7264
3.9700	7533
3.9750	6798
3.9800	6690
3.9850	7062
3.9900	7299
3.9950	6658
4.0000	7208
4.0050	6935
4.0100	7074
4.0150	7502
4.0200	7434
4.0250	6589
4.0300	6532
4.0350	7375
4.0400	7189
4.0450	6774
4.0500	6705
4.0550	7402
4.0600	7387
4.0650	6575
4.0700	7140
4.0750	7310
4.0800	6621
4.0850	6589
4.0900	7350
4.0950	7167
4.1000	6794
4.1050	7476
4.1100	7396
4.1150	6803
4.1200	6852
4.1250	7423
4.1300	6901
4.1350	6735
4.1400	7015
4.1450	7438
4.1500	6682
4.1550	6716
4.1600	7327
4.1650	7194
4.1700	7138
4.1750	6734
4.1800	7278
4.1850	7482
4.1900	6794
4.1950	6829
4.2000	7336
4.2050	7112
4.2100	6836
4.2150	7036
4.2200	7511
4.2250	7357
4.2300	6542
4.2350	6768
4.2400	6795
4.2450	7343
4.2500	7429
4.2550	6910
4.2600	7094
4.2650	6950
4.2700	6762
4.2750	6651
4.2800	6664
4.2850	7434
4.2900	7476
4.2950	6598
4.3000	6759
4.3050	7048
4.3100	6651
4.3150	7287
4.3200	6540
4.3250	7099
4.3300	7350
4.3350	6741
4.3400	6835
4.3450	6980
4.3500	7235
4.3550	7264
4.3600	6616
4.3650	6887
4.3700	7445
4.3750	7007
4.3800	6628
4.3850	6595
4.3900	7314
4.3950	7427
4.4000	6731
4.4050	6713
4.4100	7405
4.4150	6998
4.4200	6718
4.4250	7035
4.4300	7323
4.4350	7017
4.4400	6899
4.4450	6685
4.4500	6899
4.4550	7069
4.4600	6755
4.4650	7020
4.4700	7330
4.4750	7002
4.4800	7296
4.4850	6665
4.4900	6922
4.4950	7352
4.5000	7272
4.5050	6979
4.5100	7384
4.5150	7312
4.5200	6711
4.5250	6750
4.5300	6852
4.5350	7335
4.5400	6636
4.5450	6670
4.5500	7240
4.5550	6743
4.5600	6807
4.5650	6891
4.5700	7306
4.5750	7030
4.5800	7114
4.5850	7502
4.5900	6455
4.5950	7074
4.6000	7180
4.6050	7281
4.6100	6909
4.6150	7071
4.6200	7087
4.6250	6911
4.6300	6805
4.6350	6686
4.6400	7414
4.6450	7106
4.6500	6768
4.6550	7172
4.6600	7554
4.6650	6712
4.6700	6943
4.6750	6726
4.6800	7061
4.6850	6619
4.6900	7389
4.6950	7159
4.7000	6940
4.7050	7353
4.7100	7497
4.7150	6700
4.7200	6531
4.7250	7450
4.7300	7342
4.7350	6777
4.7400	7181
4.7450	7522
4.7500	7166
4.7550	6801
4.7600	6816
4.7650	7491
4.7700	6766
4.7750	6755
4.7800	7467
4.7850	7473
4.7900	6774
4.7950	6706
4.8000	6790
4.8050	6784
4.8100	7144
4.8150	6637
4.8200	7492
4.8250	7246
4.8300	6657
4.8350	6760
4.8400	6609
4.8450	6532
4.8500	7584
4.8550	7051
4.8600	6990
4.8650	7271
4.8700	6717
4.8750	6601
4.8800	7104
4.8850	6665
4.8900	7497
4.8950	7262
4.9000	7330
4.9050	6769
4.9100	6591
4.9150	6734
4.9200	6665
4.9250	6475
4.9300	7129
4.9350	7480
4.9400	7023
4.9450	6559
4.9500	6622
4.9550	6771
4.9600	6807
4.9650	6762
4.9700	7486
4.9750	7365
4.9800	7201
4.9850	6755
4.9900	6614
4.9950	7252
5.0000	6704
5.0050	6885
5.0100	7343
5.0150	7568
5.0200	6837
5.0250	6784
5.0300	7167
5.0350	7040
5.0400	6828
5.0450	7520
5.0500	7066
5.0550	6846
5.0600	7092
5.0650	6860
5.0700	6924
5.0750	6872
5.0800	7337
5.0850	7363
5.0900	6860
5.0950	7137
5.1000	7485
5.1050	6438
5.1100	6803
5.1150	7473
5.1200	7088
5.1250	6748
5.1300	6597
5.1350	7303
5.1400	7012
5.1450	6702
5.1500	7460
5.1550	6864
5.1600	6722
5.1650	7512
5.1700	6745
5.1750	6685
5.1800	6579
5.1850	7230
5.1900	6983
5.1950	6969
5.2000	7191
5.2050	7455
5.2100	6751
5.2150	6894
5.2200	6904
5.2250	7067
5.2300	6824
5.2350	6743
5.2400	6796
5.2450	6983
5.2500	6819
5.2550	6739
5.2600	7467
5.2650	6507
5.2700	6746
5.2750	6794
5.2800	6875
5.2850	6519
5.2900	6904
5.2950	7223
5.3000	6756
5.3050	6850
5.3100	7326
5.3150	6943
5.3200	6852
5.3250	6703
5.3300	7464
5.3350	6707
5.3400	6607
5.3450	7681
5.3500	6995
5.3550	6897
5.3600	6800
5.3650	7165
5.3700	7404
5.3750	6570
5.3800	7052
5.3850	7500
5.3900	6989
5.3950	6961
5.4000	6696
5.4050	6663
5.4100	7289
5.4150	7371
5.4200	6918
5.4250	6769
5.4300	6876
5.4350	7427
5.4400	6775
5.4450	7221
5.4500	7210
5.4550	7500
5.4600	6608
5.4650	6782
5.4700	6945
5.4750	7157
5.4800	6969
5.4850	6860
5.4900	7298
5.4950	6835
5.5000	6860
5.5050	6900
5.5100	6744
5.5150	6588
5.5200	6817
5.5250	7455
5.5300	6811
5.5350	6757
5.5400	6753
5.5450	6763
5.5500	6839
5.5550	6430
5.5600	7098
5.5650	6678
5.5700	7141
5.5750	7087
5.5800	6575
5.5850	7236
5.5900	7101
5.5950	7350
5.6000	6771
5.6050	7147
5.6100	7299
5.6150	6807
5.6200	6708
5.6250	6714
5.6300	6408
5.6350	6600
5.6400	6957
5.6450	7261
5.6500	6760
5.6550	7573
5.6600	6678
5.6650	7161
5.6700	6550
5.6750	6654
5.6800	7623
5.6850	7058
5.6900	6927
5.6950	6591
5.7000	6671
5.7050	7325
5.7100	6709
5.7150	6947
5.7200	7207
5.7250	6844
5.7300	6624
5.7350	6855
5.7400	7010
5.7450	6870
5.7500	7529
5.7550	6709
5.7600	6705
5.7650	7091
5.7700	7168
5.7750	6765
5.7800	7537
5.7850	7353
5.7900	7217
5.7950	7486
5.8000	6847
5.8050	7370
5.8100	6826
5.8150	6891
5.8200	6643
5.8250	7166
5.8300	6975
5.8350	6813
5.8400	7120
5.8450	6859
5.8500	6734
5.8550	6829
5.8600	6949
5.8650	6816
5.8700	7082
5.8750	6707
5.8800	6580
5.8850	7231
5.8900	6649
5.8950	7404
5.9000	6555
5.9050	7063
5.9100	7394
5.9150	6532
5.9200	7474
5.9250	6808
5.9300	6864
5.9350	6960
5.9400	6633
5.9450	6696
5.9500	6954
5.9550	6965
5.9600	7552
5.9650	6649
5.9700	6700
5.9750	6714
5.9800	7268
5.9850	6802
5.9900	6753
5.9950	6835
6.0000	6765
6.0050	6569
6.0100	6690
6.0150	6581
6.0200	7679
6.0250	6536
6.0300	7431
6.0350	7030
6.0400	6677
6.0450	6549
6.0500	6955
6.0550	6913
6.0600	7094
6.0650	6985
6.0700	7286
6.0750	7386
6.0800	6726
6.0850	6841
6.0900	7429
6.0950	6777
6.1000	6701
6.1050	6894
6.1100	7044
6.1150	6935
6.1200	6933
6.1250	7195
6.1300	7397
6.1350	7208
6.1400	6766
6.1450	7001
6.1500	7051
6.1550	6742
6.1600	7523
6.1650	7329
6.1700	6684
6.1750	6755
6.1800	6781
6.1850	6568
6.1900	6867
6.1950	7070
6.2000	6994
6.2050	6948
6.2100	6685
6.2150	6770
6.2200	6929
6.2250	7195
6.2300	6987
6.2350	6855
6.2400	6577
6.2450	7200
6.2500	6779
6.2550	7733
6.2600	6764
6.2650	7499
6.2700	6632
6.2750	7400
6.2800	6933
6.2850	6789
6.2900	6688
6.2950	6718
6.3000	6657
6.3050	6582
6.3100	6929
6.3150	6765
6.3200	6882
6.3250	6425
6.3300	6524
6.3350	7313
6.3400	6911
6.3450	7106
6.3500	7030
6.3550	6671
6.3600	6590
6.3650	6569
6.3700	7470
6.3750	6940
6.3800	7624
6.3850	6650
6.3900	7237
6.3950	6565
6.4000	6760
6.4050	7653
6.4100	6968
6.4150	6779
6.4200	7119
6.4250	6734
6.4300	6997
6.4350	6718
6.4400	7380
6.4450	7071
6.4500	6644
6.4550	6771
6.4600	6708
6.4650	6507
6.4700	6800
6.4750	7339
6.4800	7315
6.4850	6785
6.4900	6645
6.4950	6952
6.5000	7190
6.5050	6806
6.5100	7148
6.5150	7615
6.5200	6826
6.5250	6994
6.5300	6546
6.5350	7106
6.5400	6781
6.5450	6426
6.5500	6981
6.5550	7312
6.5600	6765
6.5650	6757
6.5700	6571
6.5750	6674
6.5800	7284
6.5850	7676
6.5900	7022
6.5950	6507
6.6000	6611
6.6050	6894
6.6100	6686
6.6150	6710
6.6200	7146
6.6250	7290
6.6300	7187
6.6350	6807
6.6400	6950
6.6450	7211
6.6500	7095
6.6550	7056
6.6600	7118
6.6650	7055
6.6700	6985
6.6750	6659
6.6800	7257
6.6850	6913
6.6900	6953
6.6950	7087
6.7000	7396
6.7050	7493
6.7100	6614
6.7150	7485
6.7200	6751
6.7250	6613
6.7300	7629
6.7350	6709
6.7400	7303
6.7450	7384
6.7500	7207
6.7550	7469
6.7600	6897
6.7650	7458
6.7700	7258
6.7750	6762
6.7800	7130
6.7850	7000
6.7900	7048
6.7950	6711
6.8000	7130
6.8050	7573
6.8100	7540
6.8150	6787
6.8200	7170
6.8250	6787
6.8300	6767
6.8350	6603
6.8400	7153
6.8450	7137
6.8500	7580
6.8550	7238
6.8600	7255
6.8650	6607
6.8700	6630
6.8750	6675
6.8800	7350
6.8850	7366
6.8900	6592
6.8950	6725
6.9000	6642
6.9050	6836
6.9100	6680
6.9150	7473
6.9200	7051
6.9250	6953
6.9300	7125
6.9350	6922
6.9400	7040
6.9450	7491
6.9500	7132
6.9550	7225
6.9600	7366
6.9650	6881
6.9700	6591
6.9750	6664
6.9800	7301
6.9850	6993
6.9900	7639
6.9950	7386
7.0000	7411
7.0050	6875
7.0100	7449
7.0150	6662
7.0200	7056
7.0250	6776
7.0300	7264
7.0350	7243
7.0400	7538
7.0450	6575
7.0500	7350
7.0550	7387
7.0600	7375
7.0650	6769
7.0700	6583
7.0750	7384
7.0800	7495
7.0850	7007
7.0900	7350
7.0950	6640
7.1000	7496
7.1050	6637
7.1100	6932
7.1150	7494
7.1200	6889
7.1250	7635
7.1300	7532
7.1350	6772
7.1400	7191
7.1450	7064
7.1500	7049
7.1550	7451
7.1600	7038
7.1650	7421
7.1700	6748
7.1750	6583
7.1800	7364
7.1850	7314
7.1900	7205
7.1950	6680
7.2000	7025
7.2050	6918
7.2100	6620
7.2150	7109
7.2200	7411
7.2250	7198
7.2300	6982
7.2350	6994
7.2400	6882
7.2450	6859
7.2500	6799
7.2550	7082
7.2600	7449
7.2650	6759
7.2700	6905
7.2750	6551
7.2800	6999
7.2850	7178
7.2900	7504
7.2950	7208
7.3000	7130
7.3050	6767
7.3100	6559
7.3150	6411
7.3200	7386
7.3250	6959
7.3300	7176
7.3350	6509
7.3400	6624
7.3450	6517
7.3500	6830
7.3550	6609
7.3600	6698
7.3650	7131
7.3700	7186
7.3750	7281
7.3800	6699
7.3850	7058
7.3900	7034
7.3950	7434
7.4000	6682
7.4050	6563
7.4100	7321
7.4150	7129
7.4200	7224
7.4250	7320
7.4300	6776
7.4350	7202
7.4400	6728
7.4450	7079
7.4500	7351
7.4550	6917
7.4600	7211
7.4650	6712
7.4700	6926
7.4750	6788
7.4800	6831
7.4850	7216
7.4900	6634
7.4950	6984
7.5000	6869
7.5050	6697
7.5100	6692
7.5150	6847
7.5200	7174
7.5250	7138
7.5300	6710
7.5350	7355
7.5400	6938
7.5450	7058
7.5500	6711
7.5550	7294
7.5600	7055
7.5650	6636
7.5700	6833
7.5750	7085
7.5800	6626
7.5850	6648
7.5900	6940
7.5950	7086
7.6000	6757
7.6050	6925
7.6100	7042
7.6150	6623
7.6200	6903
7.6250	6677
7.6300	6954
7.6350	6579
7.6400	6786
7.6450	7670
7.6500	6565
7.6550	7182
7.6600	6593
7.6650	7570
7.6700	6847
7.6750	6654
7.6800	7501
7.6850	6866
7.6900	6776
7.6950	7235
7.7000	6784
7.7050	7217
7.7100	6635
7.7150	7135
7.7200	7153
7.7250	6628
7.7300	6784
7.7350	6737
7.7400	6638
7.7450	6935
7.7500	7413
7.7550	7244
7.7600	6700
7.7650	6584
7.7700	7265
7.7750	6781
7.7800	6862
7.7850	7200
7.7900	7222
7.7950	6530
7.8000	7100
7.8050	7263
7.8100	7453
7.8150	6913
7.8200	6807
7.8250	7272
7.8300	6821
7.8350	6872
7.8400	6708
7.8450	6855
7.8500	6738
7.8550	6945
7.8600	7434
7.8650	6687
7.8700	7034
7.8750	7051
7.8800	6560
7.8850	6787
7.8900	7548
7.8950	7442
7.9000	6851
7.9050	7008
7.9100	6694
7.9150	6945
7.9200	6700
7.9250	6708
7.9300	7429
7.9350	6986
7.9400	6661
7.9450	6748
7.9500	6700
7.9550	6920
7.9600	6844
7.9650	7061
7.9700	6773
7.9750	6834
7.9800	6634
7.9850	7230
7.9900	6749
7.9950	7310
8.0000	7006
8.0050	6841
8.0100	6580
8.0150	6882
8.0200	6713
8.0250	7236
8.0300	7069
8.0350	7396
8.0400	6900
8.0450	6718
8.0500	6718
8.0550	6663
8.0600	6503
8.0650	6928
8.0700	7135
8.0750	6835
8.0800	6751
8.0850	6840
8.0900	6747
8.0950	6572
8.1000	7331
8.1050	6996
8.1100	6866
8.1150	6855
8.1200	6570
8.1250	6801
8.1300	7060
8.1350	6813
8.1400	7402
8.1450	7160
8.1500	6500
8.1550	6617
8.1600	7027
8.1650	6820
8.1700	6978
8.1750	7457
8.1800	7514
8.1850	6743
8.1900	7121
8.1950	6586
8.2000	6773
8.2050	7208
8.2100	6989
8.2150	7371
8.2200	6781
8.2250	7390
8.2300	7490
8.2350	6746
8.2400	6612
8.2450	7172
8.2500	7489
8.2550	6753
8.2600	7031
8.2650	7364
8.2700	6724
8.2750	7159
8.2800	7142
8.2850	7005
8.2900	7065
8.2950	6807
8.3000	7279
8.3050	7136
8.3100	6843
8.3150	6809
8.3200	7386
8.3250	7485
8.3300	6580
8.3350	6940
8.3400	6871
8.3450	6719
8.3500	6647
8.3550	7313
8.3600	7284
8.3650	6786
8.3700	7430
8.3750	6748
8.3800	6930
8.3850	7180
8.3900	7383
8.3950	7120
8.4000	6771
8.4050	6639
8.4100	7216
8.4150	6879
8.4200	6641
8.4250	7469
8.4300	6967
8.4350	6755
8.4400	7082
8.4450	6729
8.4500	6940
8.4550	6743
8.4600	7300
8.4650	7157
8.4700	6592
8.4750	7529
8.4800	6994
8.4850	7367
8.4900	7082
8.4950	7451
8.5000	7426
8.5050	7295
8.5100	6768
8.5150	7379
8.5200	6802
8.5250	7462
8.5300	6879
8.5350	7494
8.5400	7280
8.5450	7409
8.5500	6942
8.5550	7411
8.5600	6510
8.5650	6796
8.5700	7093
8.5750	7065
8.5800	7495
8.5850	7419
8.5900	6811
8.5950	6888
8.6000	7029
8.6050	7265
8.6100	6504
8.6150	7596
8.6200	7118
8.6250	7078
8.6300	6590
8.6350	6887
8.6400	7479
8.6450	7041
8.6500	6876
8.6550	7357
8.6600	7433
8.6650	7245
8.6700	6790
8.6750	6665
8.6800	6789
8.6850	7088
8.6900	6583
8.6950	6732
8.7000	7600
8.7050	7249
8.7100	6561
8.7150	6793
8.7200	6849
8.7250	7269
8.7300	6653
8.7350	6784
8.7400	7502
8.7450	6751
8.7500	6618
8.7550	7226
8.7600	6783
8.7650	7117
8.7700	6629
8.7750	7278
8.7800	7043
8.7850	6784
8.7900	6874
8.7950	6518
8.8000	6640
8.8050	6672
8.8100	7205
8.8150	6960
8.8200	6690
8.8250	7151
8.8300	6696
8.8350	7348
8.8400	6670
8.8450	7071
8.8500	7566
8.8550	7124
8.8600	7383
8.8650	6640
8.8700	7015
8.8750	6480
8.8800	7184
8.8850	7405
8.8900	7463
8.8950	6533
8.9000	6626
8.9050	6833
8.9100	7230
8.9150	7019
8.9200	7374
8.9250	7453
8.9300	6739
8.9350	7413
8.9400	7034
8.9450	6612
8.9500	7165
8.9550	7097
8.9600	7229
8.9650	6614
8.9700	7152
8.9750	7314
8.9800	7130
8.9850	6745
8.9900	7284
8.9950	6792
9.0000	6631
9.0050	6857
9.0100	7418
9.0150	7429
9.0200	6740
9.0250	6929
9.0300	7147
9.0350	7111
9.0400	6679
9.0450	7362
9.0500	6835
9.0550	6553
9.0600	6956
9.0650	7513
9.0700	6792
9.0750	7147
9.0800	6851
9.0850	6737
9.0900	7048
9.0950	6656
9.1000	7383
9.1050	6665
9.1100	6666
9.1150	6840
9.1200	6825
9.1250	6583
9.1300	6855
9.1350	6543
9.1400	6550
9.1450	6808
9.1500	6855
9.1550	6581
9.1600	6814
9.1650	6704
9.1700	6757
9.1750	6695
9.1800	6635
9.1850	7181
9.1900	6595
9.1950	6594
9.2000	6760
9.2050	6780
9.2100	7341
9.2150	6700
9.2200	6734
9.2250	7479
9.2300	6725
9.2350	6564
9.2400	6699
9.2450	7504
9.2500	7059
9.2550	6560
9.2600	7169
9.2650	7494
9.2700	6660
9.2750	6666
9.2800	6568
9.2850	7440
9.2900	7579
9.2950	7215
9.3000	7598
9.3050	7542
9.3100	7498
9.3150	6709
9.3200	6377
9.3250	7185
9.3300	7043
9.3350	7410
9.3400	7248
9.3450	7494
9.3500	7272
9.3550	6670
9.3600	7161
9.3650	7320
9.3700	7379
9.3750	7653
9.3800	7267
9.3850	7179
9.3900	6930
9.3950	6787
9.4000	7697
9.4050	7355
9.4100	7082
9.4150	7043
9.4200	7440
9.4250	7408
9.4300	6792
9.4350	7294
9.4400	7214
9.4450	7035
9.4500	7483
9.4550	7511
9.4600	7087
9.4650	6970
9.4700	7539
9.4750	7115
9.4800	6741
9.4850	7441
9.4900	7384
9.4950	6711
9.5000	7213
9.5050	6678
9.5100	6877
9.5150	6683
9.5200	7492
9.5250	6971
9.5300	7222
9.5350	6775
9.5400	7220
9.5450	6715
9.5500	6536
9.5550	7551
9.5600	7463
9.5650	6633
9.5700	7182
9.5750	6662
9.5800	6846
9.5850	6628
9.5900	7358
9.5950	7365
9.6000	7038
9.6050	7227
9.6100	6921
9.6150	7256
9.6200	6620
9.6250	7590
9.6300	7529
9.6350	7248
9.6400	6591
9.6450	6710
9.6500	7381
9.6550	6705
9.6600	7247
9.6650	6833
9.6700	7554
9.6750	6733
9.6800	6835
9.6850	7484
9.6900	7196
9.6950	6658
9.7000	7527
9.7050	6897
9.7100	7006
9.7150	6746
9.7200	7479
9.7250	7348
9.7300	7180
9.7350	7120
9.7400	7505
9.7450	7267
9.7500	6830
9.7550	6727
9.7600	7110
9.7650	7529
9.7700	7223
9.7750	7275
9.7800	7042
9.7850	7329
9.7900	7336
9.7950	7023
9.8000	6777
9.8050	7448
9.8100	7252
9.8150	6754
9.8200	6542
9.8250	7270
9.8300	7413
9.8350	6719
9.8400	6786
9.8450	7463
9.8500	7077
9.8550	6559
9.8600	6883
9.8650	7016
9.8700	6927
9.8750	6977
9.8800	6698
9.8850	6583
9.8900	6711
9.8950	6821
9.9000	6548
9.9050	6547
9.9100	6685
9.9150	7389
9.9200	6846
9.9250	6883
9.9300	7354
9.9350	6438
9.9400	6802
9.9450	6643
9.9500	7476
9.9550	6792
9.9600	6642
9.9650	6997
9.9700	6727
9.9750	6661
9.9800	6911
9.9850	6941
9.9900	6708
9.9950	6710
10.0000	6851
10.0050	7305
10.0100	6798
10.0150	7404
10.0200	7421
10.0250	6586
10.0300	6686
10.0350	7351
10.0400	7115
10.0450	6631
10.0500	7022
10.0550	7107
10.0600	7505
10.0650	6537
10.0700	7542
10.0750	7526
10.0800	7254
10.0850	7107
10.0900	7230
10.0950	7437
10.1000	7511
10.1050	7355
10.1100	7512
10.1150	6744
10.1200	7184
10.1250	7144
10.1300	7065
10.1350	6856
10.1400	7331
10.1450	7648
10.1500	6966
10.1550	6577
10.1600	6984
10.1650	7352
10.1700	6595
10.1750	7179
10.1800	7404
10.1850	7438
10.1900	7046
10.1950	6698
10.2000	7380
10.2050	6692
10.2100	6878
10.2150	7452
10.2200	6820
10.2250	6688
10.2300	6713
10.2350	6914
10.2400	6801
10.2450	7070
10.2500	7017
10.2550	6656
10.2600	6801
10.2650	7163
10.2700	6816
10.2750	6830
10.2800	6730
10.2850	7468
10.2900	7060
10.2950	6568
10.3000	7130
10.3050	7524
10.3100	6683
10.3150	7271
10.3200	7333
10.3250	7459
10.3300	6743
10.3350	6445
10.3400	6736
10.3450	6875
10.3500	6856
10.3550	7102
10.3600	7259
10.3650	7305
10.3700	6868
10.3750	7036
10.3800	6861
10.3850	6599
10.3900	7437
10.3950	7556
10.4000	6831
10.4050	7027
10.4100	7426
10.4150	7208
10.4200	6708
10.4250	6977
10.4300	7346
10.4350	7435
10.4400	7122
10.4450	7261
10.4500	7148
10.4550	7001
10.4600	7568
10.4650	7481
10.4700	7533
10.4750	7443
10.4800	7307
10.4850	7045
10.4900	6687
10.4950	7314
10.5000	6987
10.5050	6833
10.5100	7408
10.5150	6891
10.5200	6699
10.5250	6850
10.5300	7201
10.5350	7454
10.5400	7172
10.5450	7089
10.5500	7399
10.5550	6893
10.5600	6801
10.5650	6684
10.5700	6870
10.5750	6932
10.5800	7546
10.5850	7631
10.5900	6622
10.5950	6812
10.6000	6632
10.6050	6546
10.6100	6698
10.6150	7389
10.6200	7553
10.6250	6905
10.6300	6642
10.6350	6650
10.6400	6731
10.6450	7004
10.6500	6612
10.6550	7481
10.6600	7074
10.6650	6767
10.6700	6691
10.6750	6664
10.6800	6728
10.6850	6899
10.6900	7128
10.6950	7342
10.7000	6779
10.7050	6675
10.7100	7256
10.7150	6930
10.7200	6721
10.7250	7548
10.7300	7359
10.7350	6765
10.7400	6629
10.7450	6732
10.7500	6583
10.7550	6998
10.7600	6512
10.7650	7431
10.7700	7259
10.7750	6684
10.7800	6655
10.7850	6538
10.7900	6668
10.7950	6546
10.8000	7601
10.8050	7409
10.8100	6596
10.8150	6711
10.8200	6631
10.8250	6621
10.8300	6937
10.8350	7316
10.8400	7349
10.8450	7036
10.8500	7140
10.8550	7203
10.8600	6599
10.8650	6759
10.8700	7442
10.8750	7447
10.8800	6798
10.8850	6924
10.8900	7344
10.8950	6953
10.9000	7114
10.9050	7341
10.9100	7324
10.9150	7511
10.9200	7028
10.9250	7074
10.9300	6876
10.9350	6739
10.9400	6830
10.9450	7063
10.9500	6958
10.9550	7195
10.9600	7514
10.9650	6579
10.9700	6975
10.9750	7216
10.9800	6667
10.9850	6684
10.9900	6745
10.9950	7331
11.0000	6819
11.0050	7391
11.0100	6818
11.0150	6610
11.0200	6544
11.0250	6815
11.0300	6708
11.0350	6671
11.0400	6541
11.0450	6784
11.0500	6802
11.0550	6695
11.0600	6670
11.0650	7272
11.0700	6978
11.0750	6617
11.0800	6738
11.0850	6526
11.0900	7184
11.0950	6685
11.1000	7325
11.1050	6416
11.1100	6957
11.1150	6642
11.1200	7052
11.1250	6811
11.1300	6713
11.1350	6887
11.1400	6933
11.1450	6645
11.1500	6844
11.1550	6750
11.1600	6754
11.1650	6960
11.1700	6560
11.1750	6575
11.1800	6839
11.1850	7103
11.1900	7124
11.1950	6702
11.2000	6557
11.2050	7041
11.2100	6878
11.2150	6998
11.2200	7330
11.2250	7464
11.2300	6729
11.2350	6627
11.2400	7121
11.2450	7301
11.2500	6781
11.2550	6649
11.2600	7327
11.2650	6562
11.2700	6497
11.2750	6660
11.2800	6955
11.2850	7127
11.2900	6846
11.2950	7118
11.3000	6699
11.3050	6600
11.3100	6728
11.3150	6782
11.3200	6738
11.3250	6704
11.3300	7540
11.3350	6644
11.3400	7069
11.3450	6599
11.3500	6999
11.3550	6631
11.3600	7348
11.3650	7529
11.3700	7205
11.3750	7142
11.3800	6664
11.3850	6763
11.3900	6970
11.3950	6958
11.4000	6693
11.4050	6954
11.4100	6913
11.4150	6525
11.4200	6645
11.4250	6695
11.4300	6780
11.4350	6973
11.4400	7100
11.4450	6602
11.4500	6935
11.4550	7096
11.4600	6759
11.4650	6782
11.4700	6673
11.4750	7258
11.4800	6857
11.4850	7517
11.4900	6920
11.4950	7159
11.5000	7068
11.5050	6771
11.5100	7362
11.5150	7097
11.5200	6838
11.5250	6634
11.5300	6802
11.5350	7002
11.5400	6641
11.5450	7482
11.5500	6800
11.5550	6460
11.5600	7515
11.5650	6663
11.5700	6653
11.5750	7133
11.5800	7121
11.5850	7249
11.5900	6855
11.5950	6804
11.6000	7504
11.6050	6771
11.6100	6795
11.6150	7434
11.6200	6599
11.6250	6754
11.6300	6562
11.6350	7009
11.6400	6784
11.6450	6435
11.6500	6532
11.6550	7202
11.6600	6847
11.6650	7400
11.6700	6779
11.6750	7217
11.6800	6748
11.6850	6853
11.6900	6743
11.6950	6550
11.7000	6554
11.7050	7246
11.7100	6650
11.7150	6784
11.7200	6629
11.7250	6636
11.7300	6601
11.7350	6418
11.7400	6580
11.7450	6974
11.7500	6860
11.7550	7000
11.7600	6844
11.7650	6676
11.7700	6825
11.7750	6688
11.7800	6563
11.7850	6578
11.7900	6688
11.7950	6927
11.8000	7292
11.8050	7427
11.8100	7025
11.8150	6742
11.8200	6493
11.8250	7052
11.8300	6751
11.8350	6969
11.8400	6573
11.8450	7333
11.8500	7221
11.8550	6773
11.8600	7444
11.8650	6868
11.8700	6602
11.8750	6758
11.8800	6823
11.8850	7384
11.8900	6416
11.8950	6771
11.9000	7015
11.9050	6898
11.9100	7420
11.9150	6648
11.9200	6907
11.9250	6778
11.9300	7003
11.9350	6904
11.9400	6775
11.9450	7118
11.9500	6964
11.9550	6605
11.9600	6723
11.9650	7215
11.9700	6714
11.9750	7499
11.9800	6582
11.9850	6509
11.9900	6547
11.9950	7383
12.0000	6629
12.0050	7301
12.0100	7380
12.0150	7097
12.0200	7073
12.0250	7243
12.0300	7093
12.0350	7229
12.0400	6655
12.0450	6799
12.0500	7216
12.0550	6657
12.0600	6874
12.0650	6683
12.0700	7344
12.0750	6834
12.0800	7421
12.0850	7423
12.0900	7361
12.0950	7051
12.1000	6874
12.1050	6827
12.1100	7213
12.1150	7098
12.1200	6952
12.1250	7459
12.1300	6778
12.1350	7411
12.1400	7531
12.1450	7074
12.1500	6800
12.1550	7213
12.1600	6550
12.1650	6668
12.1700	7005
12.1750	7195
12.1800	7413
12.1850	7276
12.1900	6974
12.1950	6817
12.2000	7350
12.2050	7371
12.2100	7425
12.2150	6707
12.2200	7007
12.2250	7065
12.2300	7362
12.2350	7317
12.2400	7610
12.2450	6939
12.2500	7459
12.2550	6606
12.2600	6612
12.2650	7235
12.2700	6983
12.2750	7521
12.2800	7030
12.2850	6787
12.2900	7359
12.2950	7063
12.3000	7287
12.3050	6741
12.3100	7147
12.3150	7504
12.3200	6774
12.3250	6899
12.3300	7388
12.3350	6631
12.3400	7325
12.3450	6658
12.3500	7271
12.3550	7397
12.3600	6614
12.3650	7256
12.3700	7553
12.3750	6814
12.3800	7350
12.3850	6795
12.3900	6934
12.3950	7034
12.4000	7486
12.4050	7256
12.4100	7171
12.4150	6442
12.4200	7229
12.4250	6483
12.4300	7277
12.4350	6793
12.4400	7641
12.4450	7018
12.4500	7036
12.4550	6760
12.4600	6646
12.4650	7013
12.4700	6919
12.4750	7428
12.4800	7351
12.4850	7472
12.4900	7027
12.4950	6710
12.5000	6626
12.5050	7361
12.5100	7711
12.5150	7748
12.5200	7240
12.5250	7131
12.5300	6902
12.5350	6731
12.5400	6656
12.5450	6888
12.5500	7616
12.5550	6837
12.5600	7047
12.5650	6733
12.5700	6552
12.5750	6686
12.5800	7517
12.5850	6720
12.5900	6951
12.5950	7282
12.6000	6760
12.6050	6814
12.6100	6824
12.6150	7531
12.6200	7329
12.6250	7122
12.6300	6686
12.6350	7213
12.6400	7193
12.6450	6900
12.6500	6876
12.6550	7322
12.6600	7368
12.6650	6899
12.6700	7181
12.6750	6945
12.6800	7096
12.6850	7047
12.6900	6960
12.6950	7529
12.7000	6670
12.7050	6580
12.7100	7236
12.7150	7160
12.7200	7158
12.7250	7389
12.7300	6769
12.7350	6648
12.7400	7075
12.7450	6789
12.7500	7353
12.7550	6607
12.7600	7020
12.7650	7459
12.7700	6570
12.7750	6819
12.7800	7059
12.7850	7318
12.7900	6940
12.7950	6708
12.8000	7199
12.8050	6971
12.8100	6634
12.8150	7157
12.8200	7057
12.8250	6708
12.8300	7274
12.8350	7015
12.8400	6533
12.8450	6651
12.8500	6752
12.8550	6786
12.8600	6928
12.8650	6676
12.8700	7503
12.8750	7081
12.8800	6537
12.8850	6912
12.8900	6761
12.8950	6716
12.9000	6649
12.9050	7267
12.9100	7034
12.9150	7319
12.9200	6832
12.9250	7111
12.9300	6684
12.9350	6614
12.9400	7322
12.9450	7311
12.9500	7292
12.9550	7252
12.9600	6737
12.9650	6940
12.9700	6525
12.9750	7292
12.9800	7397
12.9850	6978
12.9900	6846
12.9950	7510
13.0000	6870
13.0050	6736
13.0100	7025
13.0150	7445
13.0200	7286
13.0250	7293
13.0300	6721
13.0350	7089
13.0400	6728
13.0450	6607
13.0500	7012
13.0550	7377
13.0600	7412
13.0650	7456
13.0700	6843
13.0750	6632
13.0800	6894
13.0850	6898
13.0900	6523
13.0950	7020
13.1000	7214
13.1050	6703
13.1100	6853
13.1150	6586
13.1200	7415
13.1250	6800
13.1300	7016
13.1350	7384
13.1400	7387
13.1450	6840
13.1500	6928
13.1550	6933
13.1600	7175
13.1650	6842
13.1700	7282
13.1750	7050
13.1800	6652
13.1850	6825
13.1900	7449
13.1950	6661
13.2000	6643
13.2050	7450
13.2100	7026
13.2150	7244
13.2200	6710
13.2250	7172
13.2300	7073
13.2350	6828
13.2400	6850
13.2450	7259
13.2500	6598
13.2550	7341
13.2600	6781
13.2650	7154
13.2700	6711
13.2750	6832
13.2800	7470
13.2850	6860
13.2900	6554
13.2950	6695
13.3000	6642
13.3050	6995
13.3100	7535
13.3150	6744
13.3200	6751
13.3250	6794
13.3300	7260
13.3350	6688
13.3400	6814
13.3450	7512
13.3500	7608
13.3550	6734
13.3600	6685
13.3650	6743
13.3700	7583
13.3750	6576
13.3800	6782
13.3850	7274
13.3900	7253
13.3950	6848
13.4000	6774
13.4050	6647
13.4100	7139
13.4150	7249
13.4200	6920
13.4250	7149
13.4300	7327
13.4350	6908
13.4400	7263
13.4450	6764
13.4500	6692
13.4550	7389
13.4600	6676
13.4650	7283
13.4700	6904
13.4750	7378
13.4800	6676
13.4850	6613
13.4900	7332
13.4950	6805
13.5000	7084
13.5050	7023
13.5100	6869
13.5150	7002
13.5200	6465
13.5250	7175
13.5300	6724
13.5350	6793
13.5400	7360
13.5450	6886
13.5500	6672
13.5550	6792
13.5600	7219
13.5650	6614
13.5700	7019
13.5750	7468
13.5800	7468
13.5850	6587
13.5900	6706
13.5950	7523
13.6000	6899
13.6050	6703
13.6100	6620
13.6150	7541
13.6200	7495
13.6250	6686
13.6300	6784
13.6350	7336
13.6400	6740
13.6450	6873
13.6500	7384
13.6550	6584
13.6600	7426
13.6650	6877
13.6700	7156
13.6750	6668
13.6800	6696
13.6850	7462
13.6900	7264
13.6950	6786
13.7000	7256
13.7050	7517
13.7100	6870
13.7150	6585
13.7200	7464
13.7250	7483
13.7300	6723
13.7350	7073
13.7400	7144
13.7450	6634
13.7500	6968
13.7550	7399
13.7600	7231
13.7650	6716
13.7700	7389
13.7750	7411
13.7800	6684
13.7850	6774
13.7900	7329
13.7950	6904
13.8000	6713
13.8050	7415
13.8100	7606
13.8150	6697
13.8200	7185
13.8250	7294
13.8300	7387
13.8350	6873
13.8400	7271
13.8450	7703
13.8500	6898
13.8550	6568
13.8600	6639
13.8650	7427
13.8700	7166
13.8750	7007
13.8800	7145
13.8850	6971
13.8900	6615
13.8950	6992
13.9000	6709
13.9050	6532
13.9100	7499
13.9150	7183
13.9200	6802
13.9250	6545
13.9300	6678
13.9350	7433
13.9400	6627
13.9450	6615
13.9500	7423
13.9550	7345
13.9600	6859
13.9650	6756
13.9700	6580
13.9750	6852
13.9800	6645
13.9850	7198
13.9900	7351
13.9950	6919
14.0000	6707
14.0050	6831
14.0100	6974
14.0150	6662
14.0200	7468
14.0250	7481
14.0300	7072
14.0350	6577
14.0400	7122
14.0450	6886
14.0500	6697
14.0550	6994
14.0600	7263
14.0650	7278
14.0700	6863
14.0750	7405
14.0800	7004
14.0850	6614
14.0900	6772
14.0950	7073
14.1000	7429
14.1050	7401
14.1100	7019
14.1150	7243
14.1200	6501
14.1250	6723
14.1300	7480
14.1350	6618
14.1400	7396
14.1450	7380
14.1500	6594
14.1550	6707
14.1600	6960
14.1650	7477
14.1700	6907
14.1750	6792
14.1800	7566
14.1850	7352
14.1900	6656
14.1950	6584
14.2000	7419
14.2050	7035
14.2100	6881
14.2150	7020
14.2200	7069
14.2250	6706
14.2300	6713
14.2350	7094
14.2400	6510
14.2450	7388
14.2500	7515
14.2550	6756
14.2600	6964
14.2650	6993
14.2700	7510
14.2750	6666
14.2800	6504
14.2850	6969
14.2900	7352
14.2950	7411
14.3000	6810
14.3050	7407
14.3100	6530
14.3150	6784
14.3200	7407
14.3250	7014
14.3300	6614
14.3350	6652
14.3400	7412
14.3450	6714
14.3500	6636
14.3550	7312
14.3600	7391
14.3650	6709
14.3700	6852
14.3750	7202
14.3800	6983
14.3850	6811
14.3900	7285
14.3950	7301
14.4000	6633
14.4050	6820
14.4100	7511
14.4150	7074
14.4200	6460
14.4250	7094
14.4300	7521
14.4350	6595
14.4400	6699
14.4450	7366
14.4500	7225
14.4550	6867
14.4600	6698
14.4650	7416
14.4700	6612
14.4750	6874
14.4800	7550
14.4850	6681
14.4900	6535
14.4950	7208
14.5000	7535
14.5050	6980
14.5100	7210
14.5150	7221
14.5200	7028
14.5250	6786
14.5300	6843
14.5350	7393
14.5400	7262
14.5450	6867
14.5500	6630
14.5550	7427
14.5600	7362
14.5650	7137
14.5700	7015
14.5750	7311
14.5800	6691
14.5850	7055
14.5900	6581
14.5950	7290
14.6000	7200
14.6050	7261
14.6100	6919
14.6150	6667
14.6200	7104
14.6250	7228
14.6300	6722
14.6350	6944
14.6400	6636
14.6450	6997
14.6500	6631
14.6550	6710
14.6600	7228
14.6650	7371
14.6700	6628
14.6750	7441
14.6800	7766
14.6850	6904
14.6900	6621
14.6950	6802
14.7000	7198
14.7050	7403
14.7100	7031
14.7150	7343
14.7200	6887
14.7250	6826
14.7300	6963
14.7350	6566
14.7400	7033
14.7450	7258
14.7500	7427
14.7550	6685
14.7600	6817
14.7650	7134
14.7700	7091
14.7750	6629
14.7800	7494
14.7850	6838
14.7900	6891
14.7950	6664
14.8000	6676
14.8050	6775
14.8100	6789
14.8150	7449
14.8200	7162
14.8250	7288
14.8300	7157
14.8350	6852
14.8400	7137
14.8450	6732
14.8500	7184
14.8550	7034
14.8600	6894
14.8650	7363
14.8700	7367
14.8750	6541
14.8800	7100
14.8850	7199
14.8900	6698
14.8950	7018
14.9000	7202
14.9050	7358
14.9100	6696
14.9150	6861
14.9200	6592
14.9250	6795
14.9300	7401
14.9350	7168
14.9400	7204
14.9450	6744
14.9500	6777
14.9550	7166
14.9600	7369
14.9650	7397
14.9700	7424
14.9750	7020
14.9800	6721
14.9850	7113
14.9900	6863
14.9950	7339
15.0000	7387
15.0050	7048
15.0100	7353
15.0150	7505
15.0200	6820
15.0250	6588
15.0300	7394
15.0350	7461
15.0400	7668
15.0450	7547
15.0500	7216
15.0550	6559
15.0600	6672
15.0650	6915
15.0700	7342
15.0750	7321
15.0800	6988
15.0850	7480
15.0900	6964
15.0950	6627
15.1000	7549
15.1050	7331
15.1100	6824
15.1150	7360
15.1200	6576
15.1250	6778
15.1300	7028
15.1350	7230
15.1400	7397
15.1450	7440
15.1500	7097
15.1550	7159
15.1600	7609
15.1650	6773
15.1700	6706
15.1750	7370
15.1800	7340
15.1850	7387
15.1900	7551
15.1950	7578
15.2000	6813
15.2050	6624
15.2100	6892
15.2150	6653
15.2200	7196
15.2250	7078
15.2300	7354
15.2350	6610
15.2400	7035
15.2450	6810
15.2500	6914
15.2550	7075
15.2600	7544
15.2650	7185
15.2700	6792
15.2750	6647
15.2800	6977
15.2850	7080
15.2900	7455
15.2950	7475
15.3000	7410
15.3050	7153
15.3100	6991
15.3150	6829
15.3200	6579
15.3250	7459
15.3300	7094
15.3350	7449
15.3400	6852
15.3450	7404
15.3500	7595
15.3550	7173
15.3600	7238
15.3650	7549
15.3700	6687
15.3750	7293
15.3800	7172
15.3850	7345
15.3900	6791
15.3950	7545
15.4000	7590
15.4050	7494
15.4100	7136
15.4150	7412
15.4200	7317
15.4250	6717
15.4300	7293
15.4350	6633
15.4400	7167
15.4450	6876
15.4500	7465
15.4550	7453
15.4600	6574
15.4650	6928
15.4700	7335
15.4750	7283
15.4800	6578
15.4850	7591
15.4900	7599
15.4950	6668
15.5000	6575
15.5050	6567
15.5100	7613
15.5150	7331
15.5200	7291
15.5250	7329
15.5300	6733
15.5350	6994
15.5400	7121
15.5450	6860
15.5500	6599
15.5550	6861
15.5600	7313
15.5650	7068
15.5700	7035
15.5750	6751
15.5800	7494
15.5850	6794
15.5900	7267
15.5950	6760
15.6000	7333
15.6050	6658
15.6100	6728
15.6150	6613
15.6200	6984
15.6250	6650
15.6300	7203
15.6350	7455
15.6400	6788
15.6450	6865
15.6500	6858
15.6550	6476
15.6600	6999
15.6650	6997
15.6700	7403
15.6750	7344
15.6800	6771
15.6850	7266
15.6900	6694
15.6950	6732
15.7000	7040
15.7050	6750
15.7100	7310
15.7150	6987
15.7200	7485
15.7250	7076
15.7300	6680
15.7350	7515
15.7400	7262
15.7450	7208
15.7500	7261
15.7550	7023
15.7600	7102
15.7650	6621
15.7700	7416
15.7750	6941
15.7800	7461
15.7850	7624
15.7900	7492
15.7950	6496
15.8000	6576
15.8050	7354
15.8100	6808
15.8150	7368
15.8200	6993
15.8250	7335
15.8300	7341
15.8350	6974
15.8400	6994
15.8450	7419
15.8500	7553
15.8550	7379
15.8600	6781
15.8650	7151
15.8700	6689
15.8750	6629
15.8800	7361
15.8850	7129
15.8900	7027
15.8950	7487
15.9000	6582
15.9050	6934
15.9100	6986
15.9150	7332
15.9200	7000
15.9250	6834
15.9300	7438
15.9350	6900
15.9400	6726
15.9450	6857
15.9500	7085
15.9550	6862
15.9600	7270
15.9650	7119
15.9700	7216
15.9750	6845
15.9800	6645
15.9850	7342
15.9900	7007
15.9950	7067
16.0000	7179
16.0050	6933
16.0100	6707
16.0150	7399
16.0200	7289
16.0250	6982
16.0300	7084
16.0350	7486
16.0400	7440
16.0450	6632
16.0500	7434
16.0550	6911
16.0600	7338
16.0650	6885
16.0700	7232
16.0750	7358
16.0800	7127
16.0850	7189
16.0900	7247
16.0950	7581
16.1000	7475
16.1050	7390
16.1100	7483
16.1150	6589
16.1200	7346
16.1250	6894
16.1300	6741
16.1350	7493
16.1400	6999
16.1450	7594
16.1500	6801
16.1550	7026
16.1600	7385
16.1650	7370
16.1700	7026
16.1750	7472
16.1800	6582
16.1850	6851
16.1900	6796
16.1950	7581
16.2000	7191
16.2050	7443
16.2100	7192
16.2150	7419
16.2200	6986
16.2250	6648
16.2300	7112
16.2350	7463
16.2400	6580
16.2450	7334
16.2500	7271
16.2550	6699
16.2600	6726
16.2650	6816
16.2700	7337
16.2750	7056
16.2800	6747
16.2850	7040
16.2900	7433
16.2950	7432
16.3000	6784
16.3050	7264
16.3100	6986
16.3150	7248
16.3200	7132
16.3250	7538
16.3300	7043
16.3350	6687
16.3400	7109
16.3450	6787
16.3500	7366
16.3550	7386
16.3600	6852
16.3650	7173
16.3700	6879
16.3750	7295
16.3800	6803
16.3850	6740
16.3900	7390
16.3950	6955
16.4000	6680
16.4050	6693
16.4100	7147
16.4150	7072
16.4200	6876
16.4250	7426
16.4300	7342
16.4350	7701
16.4400	6862
16.4450	7068
16.4500	7073
16.4550	7421
16.4600	7462
16.4650	7518
16.4700	7591
16.4750	7383
16.4800	7594
16.4850	6844
16.4900	6839
16.4950	6424
16.5000	7350
16.5050	7164
16.5100	7298
16.5150	7269
16.5200	6809
16.5250	6902
16.5300	7416
16.5350	6880
16.5400	7254
16.5450	6913
16.5500	7268
16.5550	6901
16.5600	6904
16.5650	6965
16.5700	7391
16.5750	7476
16.5800	7109
16.5850	7234
16.5900	6746
16.5950	6713
16.6000	7323
16.6050	7184
16.6100	6859
16.6150	7464
16.6200	7577
16.6250	6681
16.6300	6773
16.6350	7402
16.6400	7517
16.6450	6943
16.6500	7246
16.6550	7430
16.6600	6715
16.6650	6646
16.6700	6927
16.6750	7296
16.6800	7446
16.6850	7218
16.6900	7457
16.6950	6567
16.7000	6768
16.7050	7662
16.7100	7319
16.7150	6961
16.7200	7084
16.7250	7439
16.7300	7107
16.7350	7082
16.7400	7561
16.7450	7301
16.7500	7091
16.7550	6907
16.7600	7188
16.7650	7510
16.7700	6835
16.7750	6776
16.7800	7367
16.7850	7357
16.7900	7169
16.7950	7223
16.8000	7586
16.8050	6679
16.8100	7240
16.8150	7067
16.8200	7376
16.8250	7174
16.8300	7637
16.8350	7441
16.8400	6773
16.8450	6549
16.8500	7334
16.8550	7434
16.8600	7256
16.8650	7310
16.8700	7343
16.8750	6655
16.8800	7213
16.8850	7353
16.8900	7224
16.8950	6673
16.9000	7130
16.9050	7274
16.9100	7309
16.9150	6583
16.9200	6788
16.9250	7071
16.9300	7322
16.9350	7048
16.9400	7302
16.9450	7424
16.9500	6576
16.9550	7047
16.9600	7084
16.9650	6656
16.9700	7105
16.9750	7451
16.9800	7596
16.9850	6674
16.9900	6712
16.9950	7549
17.0000	6695
17.0050	6965
17.0100	7499
17.0150	7345
17.0200	6972
17.0250	6937
17.0300	7337
17.0350	6863
17.0400	6927
17.0450	7380
17.0500	7300
17.0550	7012
17.0600	7445
17.0650	7577
17.0700	6899
17.0750	6924
17.0800	7311
17.0850	7274
17.0900	6677
17.0950	7288
17.1000	7167
17.1050	6628
17.1100	7095
17.1150	7641
17.1200	6919
17.1250	6850
17.1300	6966
17.1350	7361
17.1400	7461
17.1450	6673
17.1500	7436
17.1550	7556
17.1600	6551
17.1650	7563
17.1700	7218
17.1750	6896
17.1800	7473
17.1850	7405
17.1900	6835
17.1950	6451
17.2000	6962
17.2050	7238
17.2100	6598
17.2150	6831
17.2200	7427
17.2250	7237
17.2300	6510
17.2350	7210
17.2400	7274
17.2450	7006
17.2500	6934
17.2550	7249
17.2600	6969
17.2650	6756
17.2700	7145
17.2750	7478
17.2800	6856
17.2850	6665
17.2900	7406
17.2950	7196
17.3000	6739
17.3050	7499
17.3100	7496
17.3150	6668
17.3200	6739
17.3250	6883
17.3300	7362
17.3350	6784
17.3400	6978
17.3450	6970
17.3500	7105
17.3550	6761
17.3600	7247
17.3650	7525
17.3700	7201
17.3750	6632
17.3800	6776
17.3850	7567
17.3900	7297
17.3950	6694
17.4000	7402
17.4050	6749
17.4100	6810
17.4150	7392
17.4200	6615
17.4250	7432
17.4300	7260
17.4350	6999
17.4400	7341
17.4450	6644
17.4500	6865
17.4550	7353
17.4600	6766
17.4650	6831
17.4700	7311
17.4750	7299
17.4800	6830
17.4850	6705
17.4900	7521
17.4950	7311
17.5000	6929
17.5050	7343
17.5100	7305
17.5150	6740
17.5200	7402
17.5250	7379
17.5300	6438
17.5350	7520
17.5400	7605
17.5450	7024
17.5500	7007
17.5550	6883
17.5600	7637
17.5650	7163
17.5700	6565
17.5750	7497
17.5800	7425
17.5850	6726
17.5900	6845
17.5950	7319
17.6000	6726
17.6050	7071
17.6100	6893
17.6150	6597
17.6200	7376
17.6250	6770
17.6300	7253
17.6350	7006
17.6400	6759
17.6450	6975
17.6500	6588
17.6550	6851
17.6600	7383
17.6650	7449
17.6700	7027
17.6750	7357
17.6800	7043
17.6850	6592
17.6900	6798
17.6950	6803
17.7000	7514
17.7050	6604
17.7100	6611
17.7150	7200
17.7200	6651
17.7250	6703
17.7300	7105
17.7350	6539
17.7400	6717
17.7450	6808
17.7500	7158
17.7550	7166
17.7600	6877
17.7650	7251
17.7700	7457
17.7750	6630
17.7800	6703
17.7850	7630
17.7900	7100
17.7950	6585
17.8000	6867
17.8050	7089
17.8100	6895
17.8150	6974
17.8200	7474
17.8250	7279
17.8300	6587
17.8350	7561
17.8400	7452
17.8450	6974
17.8500	6957
17.8550	7189
17.8600	7311
17.8650	6632
17.8700	7290
17.8750	7269
17.8800	6872
17.8850	6592
17.8900	7351
17.8950	7206
17.9000	6796
17.9050	6774
17.9100	7116
17.9150	7185
17.9200	6746
17.9250	7002
17.9300	7335
17.9350	7032
17.9400	6524
17.9450	7146
17.9500	7571
17.9550	6540
17.9600	6616
17.9650	6712
17.9700	6740
17.9750	6789
17.9800	7240
17.9850	6660
17.9900	6778
17.9950	6928
18.0000	6850
18.0050	6619
18.0100	6630
18.0150	7538
18.0200	7149
18.0250	7099
18.0300	6570
18.0350	6878
18.0400	6664
18.0450	6516
18.0500	6478
18.0550	7451
18.0600	6794
18.0650	6728
18.0700	6688
18.0750	7065
18.0800	6824
18.0850	6857
18.0900	7374
18.0950	6789
18.1000	6968
18.1050	6796
18.1100	6711
18.1150	6661
18.1200	7218
18.1250	7291
18.1300	6683
18.1350	7020
18.1400	6782
18.1450	6791
18.1500	6828
18.1550	6772
18.1600	7428
18.1650	6615
18.1700	6748
18.1750	7474
18.1800	6636
18.1850	6644
18.1900	6771
18.1950	7247
18.2000	6963
18.2050	6877
18.2100	7043
18.2150	6635
18.2200	6623
18.2250	7103
18.2300	7298
18.2350	6725
18.2400	7467
18.2450	7316
18.2500	6731
18.2550	6736
18.2600	6739
18.2650	7597
18.2700	6943
18.2750	6849
18.2800	7495
18.2850	7096
18.2900	6687
18.2950	6747
18.3000	6819
18.3050	6948
18.3100	6622
18.3150	7164
18.3200	6646
18.3250	6739
18.3300	7523
18.3350	6757
18.3400	6846
18.3450	6640
18.3500	7403
18.3550	6625
18.3600	6808
18.3650	7050
18.3700	7397
18.3750	6811
18.3800	7121
18.3850	7225
18.3900	7291
18.3950	7043
18.4000	6740
18.4050	7325
18.4100	6988
18.4150	7145
18.4200	6987
18.4250	6841
18.4300	6449
18.4350	6681
18.4400	6887
18.4450	7234
18.4500	6761
18.4550	6511
18.4600	6844
18.4650	7191
18.4700	6743
18.4750	7536
18.4800	6515
18.4850	6765
18.4900	6810
18.4950	7122
18.5000	6671
18.5050	7099
18.5100	7375
18.5150	7339
18.5200	6778
18.5250	6491
18.5300	7342
18.5350	6763
18.5400	6936
18.5450	6780
18.5500	6980
18.5550	7454
18.5600	6612
18.5650	7254
18.5700	6828
18.5750	6728
18.5800	7436
18.5850	7103
18.5900	6751
18.5950	7453
18.6000	7492
18.6050	6698
18.6100	6391
18.6150	7055
18.6200	7475
18.6250	6890
18.6300	6666
18.6350	7377
18.6400	6922
18.6450	6692
18.6500	6744
18.6550	7528
18.6600	7381
18.6650	6655
18.6700	6696
18.6750	6922
18.6800	6831
18.6850	6696
18.6900	7332
18.6950	6659
18.7000	7052
18.7050	7105
18.7100	6629
18.7150	6983
18.7200	6729
18.7250	7302
18.7300	6681
18.7350	6900
18.7400	6856
18.7450	7135
18.7500	6733
18.7550	7031
18.7600	7388
18.7650	7006
18.7700	6983
18.7750	7343
18.7800	6627
18.7850	6690
18.7900	6752
18.7950	6670
18.8000	6860
18.8050	7026
18.8100	7636
18.8150	6675
18.8200	7202
18.8250	6810
18.8300	7229
18.8350	6949
18.8400	6547
18.8450	7419
18.8500	7539
18.8550	6673
18.8600	7055
18.8650	6849
18.8700	6884
18.8750	7119
18.8800	7229
18.8850	7207
18.8900	6705
18.8950	7150
18.9000	6514
18.9050	6655
18.9100	6514
18.9150	7477
18.9200	7453
18.9250	6847
18.9300	7395
18.9350	6948
18.9400	6695
18.9450	6954
18.9500	6721
18.9550	7320
18.9600	6713
18.9650	6939
18.9700	7352
18.9750	6824
18.9800	6921
18.9850	7539
18.9900	7463
18.9950	6763
19.0000	6545
19.0050	7387
19.0100	6896
19.0150	6908
19.0200	7405
19.0250	7324
19.0300	6657
19.0350	7249
19.0400	7415
19.0450	6644
19.0500	6671
19.0550	6987
19.0600	6980
19.0650	7077
19.0700	6753
19.0750	7523
19.0800	6987
19.0850	7272
19.0900	6788
19.0950	7365
19.1000	7355
19.1050	6867
19.1100	6604
19.1150	6827
19.1200	7079
19.1250	6689
19.1300	7547
19.1350	7384
19.1400	6797
19.1450	7095
19.1500	6611
19.1550	6707
19.1600	6734
19.1650	7033
19.1700	7568
19.1750	6557
19.1800	7252
19.1850	7025
19.1900	7347
19.1950	6858
19.2000	7139
19.2050	7297
19.2100	6673
19.2150	6852
19.2200	6948
19.2250	6614
19.2300	7394
19.2350	6618
19.2400	7193
19.2450	7106
19.2500	7036
19.2550	7158
19.2600	6586
19.2650	6603
19.2700	6677
19.2750	7426
19.2800	6618
19.2850	7400
19.2900	7157
19.2950	6574
19.3000	6927
19.3050	7243
19.3100	7412
19.3150	6737
19.3200	6956
19.3250	7577
19.3300	7301
19.3350	6661
19.3400	6989
19.3450	7205
19.3500	7311
19.3550	7209
19.3600	6848
19.3650	7492
19.3700	6815
19.3750	7281
19.3800	7056
19.3850	7092
19.3900	7564
19.3950	7366
19.4000	6624
19.4050	6631
19.4100	7567
19.4150	7173
19.4200	6709
19.4250	7454
19.4300	7458
19.4350	6955
19.4400	6746
19.4450	6689
19.4500	7122
19.4550	6961
19.4600	7454
19.4650	7491
19.4700	6910
19.4750	6747
19.4800	6940
19.4850	7000
19.4900	7218
19.4950	7336
19.5000	7487
19.5050	6767
19.5100	6653
19.5150	7235
19.5200	6748
19.5250	7575
19.5300	6739
19.5350	7090
19.5400	7066
19.5450	6694
19.5500	6703
19.5550	7198
19.5600	6494
19.5650	6958
19.5700	7375
19.5750	7489
19.5800	6846
19.5850	6804
19.5900	7357
19.5950	6799
19.6000	6721
19.6050	6991
19.6100	6677
19.6150	6859
19.6200	7306
19.6250	7242
19.6300	6637
19.6350	6595
19.6400	7646
19.6450	6851
19.6500	6576
19.6550	7206
19.6600	7297
19.6650	7335
19.6700	6831
19.6750	6919
19.6800	7382
19.6850	6777
19.6900	7110
19.6950	7473
19.7000	7486
19.7050	7388
19.7100	6792
19.7150	7126
19.7200	6970
19.7250	7177
19.7300	7392
19.7350	7302
19.7400	7381
19.7450	7511
19.7500	7186
19.7550	6783
19.7600	6790
19.7650	7395
19.7700	7359
19.7750	6816
19.7800	7020
19.7850	7323
19.7900	7059
19.7950	6686
19.8000	6911
19.8050	7456
19.8100	7499
19.8150	6748
19.8200	7097
19.8250	7631
19.8300	6832
19.8350	6885
19.8400	6561
19.8450	6982
19.8500	7400
19.8550	6846
19.8600	7204
19.8650	6621
19.8700	7113
19.8750	7042
19.8800	6833
19.8850	6915
19.8900	7383
19.8950	6896
19.9000	6626
19.9050	6834
19.9100	7055
19.9150	6569
19.9200	6576
19.9250	7264
19.9300	7327
19.9350	6712
19.9400	6663
19.9450	6770
19.9500	6703
19.9550	6915
19.9600	6792
19.9650	6931
19.9700	6976
19.9750	7458
19.9800	7091
19.9850	6660
19.9900	6703
19.9950	7275
