0.0000	7086
0.0050	7138
0.0100	7553
0.0150	7555
0.0200	7089
0.0250	6958
0.0300	6847
0.0350	6869
0.0400	7119
0.0450	6818
0.0500	7354
0.0550	7401
0.0600	7267
0.0650	7047
0.0700	7073
0.0750	6841
0.0800	7500
0.0850	6816
0.0900	7476
0.0950	7012
0.1000	7108
0.1050	7265
0.1100	7431
0.1150	7216
0.1200	7021
0.1250	7169
0.1300	6608
0.1350	7199
0.1400	6991
0.1450	7564
0.1500	7221
0.1550	7124
0.1600	7241
0.1650	6919
0.1700	6730
0.1750	6901
0.1800	7373
0.1850	7675
0.1900	7467
0.1950	6885
0.2000	7579
0.2050	6549
0.2100	6741
0.2150	7193
0.2200	7534
0.2250	7117
0.2300	7163
0.2350	7372
0.2400	6717
0.2450	7366
0.2500	6901
0.2550	7343
0.2600	7401
0.2650	7652
0.2700	7209
0.2750	6664
0.2800	7517
0.2850	6996
0.2900	7149
0.2950	7228
0.3000	7467
0.3050	7369
0.3100	7225
0.3150	6897
0.3200	7390
0.3250	7527
0.3300	6987
0.3350	6798
0.3400	7510
0.3450	7468
0.3500	7198
0.3550	7398
0.3600	6759
0.3650	6842
0.3700	7223
0.3750	7654
0.3800	7029
0.3850	7409
0.3900	7298
0.3950	6920
0.4000	7037
0.4050	7259
0.4100	6692
0.4150	6895
0.4200	6856
0.4250	7121
0.4300	7552
0.4350	7446
0.4400	7596
0.4450	6788
0.4500	6581
0.4550	6896
0.4600	6938
0.4650	6934
0.4700	6832
0.4750	7123
0.4800	7555
0.4850	6852
0.4900	6703
0.4950	7374
0.5000	7153
0.5050	7510
0.5100	7262
0.5150	7312
0.5200	7244
0.5250	6835
0.5300	6837
0.5350	6879
0.5400	6897
0.5450	7231
0.5500	7560
0.5550	6776
0.5600	7009
0.5650	6541
0.5700	6678
0.5750	6992
0.5800	6777
0.5850	7482
0.5900	7044
0.5950	6978
0.6000	6827
0.6050	6644
0.6100	6930
0.6150	7041
0.6200	6717
0.6250	6786
0.6300	6743
0.6350	7179
0.6400	7523
0.6450	7240
0.6500	7694
0.6550	6743
0.6600	7034
0.6650	6920
0.6700	6689
0.6750	7378
0.6800	7216
0.6850	7207
0.6900	7315
0.6950	6915
0.7000	7094
0.7050	7395
0.7100	7270
0.7150	7336
0.7200	7379
0.7250	7533
0.7300	7160
0.7350	6675
0.7400	6838
0.7450	6682
0.7500	6750
0.7550	6992
0.7600	7090
0.7650	7390
0.7700	6668
0.7750	6538
0.7800	7401
0.7850	7265
0.7900	6708
0.7950	6994
0.8000	7686
0.8050	6890
0.8100	7229
0.8150	6637
0.8200	6893
0.8250	6781
0.8300	6931
0.8350	7341
0.8400	7148
0.8450	7069
0.8500	6775
0.8550	7135
0.8600	7440
0.8650	7188
0.8700	7571
0.8750	7124
0.8800	7313
0.8850	6615
0.8900	7428
0.8950	7291
0.9000	6518
0.9050	7558
0.9100	7200
0.9150	7593
0.9200	6805
0.9250	6745
0.9300	7451
0.9350	7025
0.9400	7558
0.9450	7041
0.9500	6556
0.9550	7450
0.9600	7479
0.9650	7280
0.9700	6702
0.9750	6988
0.9800	7629
0.9850	6678
0.9900	7384
0.9950	6767
1.0000	7478
1.0050	6823
1.0100	6953
1.0150	7510
1.0200	7394
1.0250	7050
1.0300	7397
1.0350	6865
1.0400	7090
1.0450	7112
1.0500	7590
1.0550	7490
1.0600	7664
1.0650	7069
1.0700	6732
1.0750	6743
1.0800	6792
1.0850	7520
1.0900	7558
1.0950	7548
1.1000	7616
1.1050	6485
1.1100	6742
1.1150	6824
1.1200	6744
1.1250	7723
1.1300	7120
1.1350	7556
1.1400	7028
1.1450	7001
1.1500	6744
1.1550	6728
1.1600	7519
1.1650	7517
1.1700	7060
1.1750	6886
1.1800	6782
1.1850	7352
1.1900	6579
1.1950	7055
1.2000	7196
1.2050	7646
1.2100	6755
1.2150	7091
1.2200	6618
1.2250	6862
1.2300	6853
1.2350	6700
1.2400	7504
1.2450	7246
1.2500	7091
1.2550	7123
1.2600	6547
1.2650	6579
1.2700	7052
1.2750	7151
1.2800	7311
1.2850	6687
1.2900	7057
1.2950	7135
1.3000	6770
1.3050	6599
1.3100	6551
1.3150	7006
1.3200	6834
1.3250	6796
1.3300	6782
1.3350	7225
1.3400	7221
1.3450	7399
1.3500	6777
1.3550	6695
1.3600	7444
1.3650	7208
1.3700	7117
1.3750	6841
1.3800	6621
1.3850	7558
1.3900	6781
1.3950	6862
1.4000	7587
1.4050	6897
1.4100	7113
1.4150	6798
1.4200	7217
1.4250	6852
1.4300	7367
1.4350	7608
1.4400	6523
1.4450	6957
1.4500	6935
1.4550	7581
1.4600	6913
1.4650	7355
1.4700	7139
1.4750	7629
1.4800	6851
1.4850	6746
1.4900	7431
1.4950	7110
1.5000	7184
1.5050	7510
1.5100	7375
1.5150	6546
1.5200	6709
1.5250	6665
1.5300	6611
1.5350	7075
1.5400	7459
1.5450	7671
1.5500	6768
1.5550	6727
1.5600	6997
1.5650	7687
1.5700	6659
1.5750	7495
1.5800	7273
1.5850	6879
1.5900	7003
1.5950	7148
1.6000	7040
1.6050	7186
1.6100	6627
1.6150	7528
1.6200	7140
1.6250	7441
1.6300	6794
1.6350	6600
1.6400	7047
1.6450	6484
1.6500	6633
1.6550	7254
1.6600	6725
1.6650	7315
1.6700	6615
1.6750	6727
1.6800	7350
1.6850	7075
1.6900	6690
1.6950	7107
1.7000	6769
1.7050	6893
1.7100	7261
1.7150	7093
1.7200	6670
1.7250	7529
1.7300	7219
1.7350	7439
1.7400	7389
1.7450	6821
1.7500	7383
1.7550	6790
1.7600	7459
1.7650	6877
1.7700	7459
1.7750	6750
1.7800	7327
1.7850	6573
1.7900	6743
1.7950	7528
1.8000	6726
1.8050	6864
1.8100	7051
1.8150	6877
1.8200	6868
1.8250	7551
1.8300	7417
1.8350	6806
1.8400	6687
1.8450	7565
1.8500	7318
1.8550	6596
1.8600	7199
1.8650	7195
1.8700	7124
1.8750	6575
1.8800	7681
1.8850	7470
1.8900	7049
1.8950	7072
1.9000	7527
1.9050	7372
1.9100	6548
1.9150	6917
1.9200	6905
1.9250	7114
1.9300	7578
1.9350	7363
1.9400	6604
1.9450	6651
1.9500	6850
1.9550	6821
1.9600	6963
1.9650	6928
1.9700	7280
1.9750	6997
1.9800	7232
1.9850	6818
1.9900	6533
1.9950	6578
2.0000	6993
2.0050	6547
2.0100	7036
2.0150	6764
2.0200	7380
2.0250	6848
2.0300	6555
2.0350	6786
2.0400	6841
2.0450	7176
2.0500	6706
2.0550	6570
2.0600	7402
2.0650	7153
2.0700	6646
2.0750	7334
2.0800	6748
2.0850	7353
2.0900	6717
2.0950	6602
2.1000	7587
2.1050	6754
2.1100	7283
2.1150	6786
2.1200	6965
2.1250	7100
2.1300	6794
2.1350	6883
2.1400	6707
2.1450	6720
2.1500	7244
2.1550	7222
2.1600	6664
2.1650	6717
2.1700	6694
2.1750	6944
2.1800	7180
2.1850	7558
2.1900	6734
2.1950	6894
2.2000	7593
2.2050	6660
2.2100	6523
2.2150	7124
2.2200	7427
2.2250	7089
2.2300	6792
2.2350	7483
2.2400	7623
2.2450	6808
2.2500	6538
2.2550	7601
2.2600	7580
2.2650	6720
2.2700	7162
2.2750	7554
2.2800	6647
2.2850	7057
2.2900	7308
2.2950	6711
2.3000	6632
2.3050	7565
2.3100	7129
2.3150	6745
2.3200	6763
2.3250	7339
2.3300	6822
2.3350	7354
2.3400	7486
2.3450	7550
2.3500	6715
2.3550	7027
2.3600	7362
2.3650	7247
2.3700	7326
2.3750	6634
2.3800	7727
2.3850	6725
2.3900	6842
2.3950	6836
2.4000	6704
2.4050	6725
2.4100	6746
2.4150	6700
2.4200	6661
2.4250	6910
2.4300	6761
2.4350	6737
2.4400	7408
2.4450	7110
2.4500	7291
2.4550	6749
2.4600	6618
2.4650	6778
2.4700	7302
2.4750	7133
2.4800	6956
2.4850	7501
2.4900	7155
2.4950	7118
2.5000	6837
2.5050	7215
2.5100	6802
2.5150	6876
2.5200	6700
2.5250	7655
2.5300	7000
2.5350	7047
2.5400	7344
2.5450	6953
2.5500	6717
2.5550	7565
2.5600	7620
2.5650	6793
2.5700	7023
2.5750	6859
2.5800	6953
2.5850	6859
2.5900	7558
2.5950	7294
2.6000	7453
2.6050	6983
2.6100	6979
2.6150	7221
2.6200	6712
2.6250	6840
2.6300	7235
2.6350	7460
2.6400	7479
2.6450	6958
2.6500	6726
2.6550	6665
2.6600	6803
2.6650	7533
2.6700	7277
2.6750	7561
2.6800	7314
2.6850	6598
2.6900	7167
2.6950	6689
2.7000	6981
2.7050	7531
2.7100	7197
2.7150	7010
2.7200	7469
2.7250	7090
2.7300	7562
2.7350	6809
2.7400	7213
2.7450	7017
2.7500	7244
2.7550	6661
2.7600	6804
2.7650	7207
2.7700	7296
2.7750	6730
2.7800	7122
2.7850	7579
2.7900	6597
2.7950	6926
2.8000	6677
2.8050	6917
2.8100	6947
2.8150	6587
2.8200	7532
2.8250	7613
2.8300	7001
2.8350	7314
2.8400	6660
2.8450	6744
2.8500	6826
2.8550	7079
2.8600	7499
2.8650	6599
2.8700	6749
2.8750	6950
2.8800	6817
2.8850	7172
2.8900	7139
2.8950	7462
2.9000	7046
2.9050	6689
2.9100	6742
2.9150	6722
2.9200	6716
2.9250	7454
2.9300	7607
2.9350	6627
2.9400	7159
2.9450	7108
2.9500	6706
2.9550	6925
2.9600	7555
2.9650	7228
2.9700	7298
2.9750	6865
2.9800	6797
2.9850	6837
2.9900	6695
2.9950	7313
3.0000	7488
3.0050	7144
3.0100	7111
3.0150	6742
3.0200	6613
3.0250	6634
3.0300	7207
3.0350	6889
3.0400	6992
3.0450	6789
3.0500	7055
3.0550	7405
3.0600	6824
3.0650	6864
3.0700	7441
3.0750	7188
3.0800	6660
3.0850	6795
3.0900	6847
3.0950	6782
3.1000	6885
3.1050	6930
3.1100	7441
3.1150	7316
3.1200	6979
3.1250	7071
3.1300	6914
3.1350	6842
3.1400	6805
3.1450	7584
3.1500	7056
3.1550	7158
3.1600	6910
3.1650	7463
3.1700	7246
3.1750	6636
3.1800	7418
3.1850	6997
3.1900	6849
3.1950	6757
3.2000	6753
3.2050	7317
3.2100	6981
3.2150	7350
3.2200	7290
3.2250	6786
3.2300	6830
3.2350	7051
3.2400	7035
3.2450	7061
3.2500	7307
3.2550	7550
3.2600	6714
3.2650	6767
3.2700	7337
3.2750	7057
3.2800	6712
3.2850	7526
3.2900	7343
3.2950	6726
3.3000	6889
3.3050	7478
3.3100	6725
3.3150	6726
3.3200	7510
3.3250	7697
3.3300	6593
3.3350	7066
3.3400	7395
3.3450	6689
3.3500	6749
3.3550	6763
3.3600	7283
3.3650	7039
3.3700	6939
3.3750	6941
3.3800	6477
3.3850	6703
3.3900	6681
3.3950	7158
3.4000	6665
3.4050	6941
3.4100	6905
3.4150	6925
3.4200	7133
3.4250	6838
3.4300	6607
3.4350	6936
3.4400	6782
3.4450	6764
3.4500	7508
3.4550	7136
3.4600	7197
3.4650	6780
3.4700	6700
3.4750	6639
3.4800	6755
3.4850	7211
3.4900	7242
3.4950	6685
3.5000	6750
3.5050	6821
3.5100	6771
3.5150	6801
3.5200	6986
3.5250	6776
3.5300	7555
3.5350	6846
3.5400	7592
3.5450	6591
3.5500	6660
3.5550	6906
3.5600	7063
3.5650	7104
3.5700	7691
3.5750	6821
3.5800	7486
3.5850	6606
3.5900	7172
3.5950	7458
3.6000	7339
3.6050	7259
3.6100	7302
3.6150	6557
3.6200	6937
3.6250	6755
3.6300	6802
3.6350	7412
3.6400	7387
3.6450	7343
3.6500	6707
3.6550	6512
3.6600	6689
3.6650	6686
3.6700	7276
3.6750	7317
3.6800	7295
3.6850	6704
3.6900	6629
3.6950	6787
3.7000	6552
3.7050	6721
3.7100	7403
3.7150	7210
3.7200	6818
3.7250	6771
3.7300	6870
3.7350	6787
3.7400	6693
3.7450	7421
3.7500	7043
3.7550	7088
3.7600	7178
3.7650	6557
3.7700	7123
3.7750	6961
3.7800	7402
3.7850	7471
3.7900	6557
3.7950	6813
3.8000	7636
3.8050	6862
3.8100	7555
3.8150	6785
3.8200	7133
3.8250	7397
3.8300	6679
3.8350	6951
3.8400	6632
3.8450	6855
3.8500	6968
3.8550	7309
3.8600	7559
3.8650	7148
3.8700	7634
3.8750	6934
3.8800	7087
3.8850	7249
3.8900	6840
3.8950	6989
3.9000	7562
3.9050	7381
3.9100	6849
3.9150	7395
3.9200	7067
3.9250	6855
3.9300	6864
3.9350	7000
3.9400	6763
3.9450	7071
3.9500	7134
3.9550	6914
3.9600	6705
3.9650	7566
3.9700	6463
3.9750	7300
3.9800	7390
3.9850	6737
3.9900	6683
3.9950	6639
4.0000	7063
4.0050	7241
4.0100	7467
4.0150	7500
4.0200	6805
4.0250	6762
4.0300	6919
4.0350	6620
4.0400	6763
4.0450	7483
4.0500	7354
4.0550	7587
4.0600	6950
4.0650	7098
4.0700	7492
4.0750	6734
4.0800	7052
4.0850	7240
4.0900	7498
4.0950	6510
4.1000	7081
4.1050	6809
4.1100	6652
4.1150	7305
4.1200	7507
4.1250	7394
4.1300	6728
4.1350	6954
4.1400	6788
4.1450	6988
4.1500	6835
4.1550	7462
4.1600	7627
4.1650	6957
4.1700	6691
4.1750	7015
4.1800	6809
4.1850	7316
4.1900	7033
4.1950	7412
4.2000	6648
4.2050	7204
4.2100	7032
4.2150	6617
4.2200	6707
4.2250	7039
4.2300	7132
4.2350	7549
4.2400	6782
4.2450	6930
4.2500	7061
4.2550	6709
4.2600	7200
4.2650	7127
4.2700	6817
4.2750	7235
4.2800	7214
4.2850	6995
4.2900	6797
4.2950	7127
4.3000	7561
4.3050	6725
4.3100	6628
4.3150	7494
4.3200	6898
4.3250	6630
4.3300	6596
4.3350	7383
4.3400	7288
4.3450	7050
4.3500	6777
4.3550	6711
4.3600	6846
4.3650	6868
4.3700	7301
4.3750	7032
4.3800	7277
4.3850	7598
4.3900	6680
4.3950	6528
4.4000	7384
4.4050	6829
4.4100	7275
4.4150	7148
4.4200	7451
4.4250	7068
4.4300	6840
4.4350	6974
4.4400	7079
4.4450	7300
4.4500	7168
4.4550	7261
4.4600	6964
4.4650	6796
4.4700	6601
4.4750	6682
4.4800	7118
4.4850	7214
4.4900	6998
4.4950	7237
4.5000	7015
4.5050	6725
4.5100	6933
4.5150	7017
4.5200	6867
4.5250	7154
4.5300	7261
4.5350	6531
4.5400	6676
4.5450	6719
4.5500	6805
4.5550	6892
4.5600	6731
4.5650	7604
4.5700	6635
4.5750	6587
4.5800	6766
4.5850	6792
4.5900	6945
4.5950	6890
4.6000	6576
4.6050	6869
4.6100	6778
4.6150	6797
4.6200	7023
4.6250	7068
4.6300	7099
4.6350	6914
4.6400	6624
4.6450	6583
4.6500	6781
4.6550	7225
4.6600	6740
4.6650	6626
4.6700	7532
4.6750	6841
4.6800	6847
4.6850	6999
4.6900	7350
4.6950	6844
4.7000	6766
4.7050	7511
4.7100	7101
4.7150	6957
4.7200	6836
4.7250	7473
4.7300	6622
4.7350	6790
4.7400	7478
4.7450	7453
4.7500	6635
4.7550	6629
4.7600	7466
4.7650	6899
4.7700	7031
4.7750	7583
4.7800	7393
4.7850	6658
4.7900	6750
4.7950	7545
4.8000	7307
4.8050	7119
4.8100	6650
4.8150	7606
4.8200	6771
4.8250	7168
4.8300	7047
4.8350	6733
4.8400	6856
4.8450	6768
4.8500	7091
4.8550	7117
4.8600	6881
4.8650	7475
4.8700	6791
4.8750	7198
4.8800	7273
4.8850	6933
4.8900	6853
4.8950	6921
4.9000	7415
4.9050	7482
4.9100	7153
4.9150	7393
4.9200	7312
4.9250	6792
4.9300	6738
4.9350	7433
4.9400	7770
4.9450	6725
4.9500	7340
4.9550	6848
4.9600	6703
4.9650	6562
4.9700	7528
4.9750	7515
4.9800	6709
4.9850	7020
4.9900	6904
4.9950	6919
5.0000	6665
5.0050	6742
5.0100	7302
5.0150	7066
5.0200	7043
5.0250	6606
5.0300	6642
5.0350	6861
5.0400	6672
5.0450	7343
5.0500	7348
5.0550	6443
5.0600	7238
5.0650	6628
5.0700	6823
5.0750	6606
5.0800	7493
5.0850	7483
5.0900	6683
5.0950	6699
5.1000	6854
5.1050	7215
5.1100	6897
5.1150	7478
5.1200	7378
5.1250	6582
5.1300	6691
5.1350	6577
5.1400	6962
5.1450	7177
5.1500	7334
5.1550	6915
5.1600	6649
5.1650	6634
5.1700	6559
5.1750	6946
5.1800	7049
5.1850	7203
5.1900	6996
5.1950	7381
5.2000	7007
5.2050	6773
5.2100	6839
5.2150	7469
5.2200	7477
5.2250	7240
5.2300	7182
5.2350	7355
5.2400	6833
5.2450	7631
5.2500	7025
5.2550	6711
5.2600	7235
5.2650	7044
5.2700	6789
5.2750	7193
5.2800	7451
5.2850	7596
5.2900	6844
5.2950	7331
5.3000	7561
5.3050	6878
5.3100	6917
5.3150	6907
5.3200	7137
5.3250	7022
5.3300	7211
5.3350	6886
5.3400	7446
5.3450	6608
5.3500	7574
5.3550	7482
5.3600	6675
5.3650	6900
5.3700	6685
5.3750	7012
5.3800	7596
5.3850	6693
5.3900	7427
5.3950	6661
5.4000	6899
5.4050	6919
5.4100	6687
5.4150	6919
5.4200	7266
5.4250	6664
5.4300	7319
5.4350	6656
5.4400	6858
5.4450	7174
5.4500	7171
5.4550	6821
5.4600	6666
5.4650	6745
5.4700	6662
5.4750	6690
5.4800	6940
5.4850	7340
5.4900	6731
5.4950	6793
5.5000	6539
5.5050	6987
5.5100	6994
5.5150	6947
5.5200	6712
5.5250	7051
5.5300	6617
5.5350	6678
5.5400	6784
5.5450	7426
5.5500	6593
5.5550	7059
5.5600	6941
5.5650	6895
5.5700	6740
5.5750	6698
5.5800	6800
5.5850	6734
5.5900	6821
5.5950	6587
5.6000	7021
5.6050	6682
5.6100	6610
5.6150	7571
5.6200	6962
5.6250	7108
5.6300	7694
5.6350	6917
5.6400	7338
5.6450	6954
5.6500	7455
5.6550	6712
5.6600	7467
5.6650	6809
5.6700	7712
5.6750	7321
5.6800	6714
5.6850	7415
5.6900	6740
5.6950	7193
5.7000	6786
5.7050	6642
5.7100	7010
5.7150	6795
5.7200	7646
5.7250	6633
5.7300	7458
5.7350	6627
5.7400	7184
5.7450	7212
5.7500	7203
5.7550	7206
5.7600	6708
5.7650	7223
5.7700	7158
5.7750	6650
5.7800	6669
5.7850	6682
5.7900	7579
5.7950	7493
5.8000	7166
5.8050	7519
5.8100	6846
5.8150	7146
5.8200	6969
5.8250	7449
5.8300	6860
5.8350	6889
5.8400	6970
5.8450	7400
5.8500	6958
5.8550	7184
5.8600	7056
5.8650	7271
5.8700	7441
5.8750	6702
5.8800	6820
5.8850	7397
5.8900	6638
5.8950	6825
5.9000	7211
5.9050	7430
5.9100	6813
5.9150	6898
5.9200	7032
5.9250	7462
5.9300	7141
5.9350	7449
5.9400	7415
5.9450	6655
5.9500	7479
5.9550	7202
5.9600	6799
5.9650	7101
5.9700	7522
5.9750	7437
5.9800	6904
5.9850	6830
5.9900	7483
5.9950	7514
6.0000	6564
6.0050	7431
6.0100	7613
6.0150	6660
6.0200	7016
6.0250	6555
6.0300	7577
6.0350	7313
6.0400	7441
6.0450	7479
6.0500	6920
6.0550	6730
6.0600	6839
6.0650	7441
6.0700	6920
6.0750	6849
6.0800	7451
6.0850	7283
6.0900	6540
6.0950	6719
6.1000	7349
6.1050	7374
6.1100	7168
6.1150	7535
6.1200	7287
6.1250	7210
6.1300	6845
6.1350	7433
6.1400	7480
6.1450	6677
6.1500	7655
6.1550	7369
6.1600	6649
6.1650	7328
6.1700	6783
6.1750	7420
6.1800	6749
6.1850	6865
6.1900	7472
6.1950	7458
6.2000	6790
6.2050	6702
6.2100	7541
6.2150	6778
6.2200	7057
6.2250	6564
6.2300	7559
6.2350	7478
6.2400	7199
6.2450	6948
6.2500	6868
6.2550	6896
6.2600	6947
6.2650	6855
6.2700	7340
6.2750	6753
6.2800	7425
6.2850	6962
6.2900	6892
6.2950	6637
6.3000	7539
6.3050	7257
6.3100	6573
6.3150	7031
6.3200	7299
6.3250	6700
6.3300	6924
6.3350	6945
6.3400	7099
6.3450	6859
6.3500	7303
6.3550	6877
6.3600	7175
6.3650	7097
6.3700	6710
6.3750	7618
6.3800	7346
6.3850	7014
6.3900	6882
6.3950	6750
6.4000	7091
6.4050	6737
6.4100	7394
6.4150	7283
6.4200	6735
6.4250	6609
6.4300	6783
6.4350	7255
6.4400	6814
6.4450	7011
6.4500	7005
6.4550	6694
6.4600	6821
6.4650	6797
6.4700	6994
6.4750	6668
6.4800	6887
6.4850	6918
6.4900	6971
6.4950	6765
6.5000	6914
6.5050	7014
6.5100	7106
6.5150	6506
6.5200	7426
6.5250	6842
6.5300	6823
6.5350	7111
6.5400	6574
6.5450	6835
6.5500	6800
6.5550	6647
6.5600	7109
6.5650	6704
6.5700	7382
6.5750	7107
6.5800	6871
6.5850	6666
6.5900	6832
6.5950	6934
6.6000	7113
6.6050	6698
6.6100	7455
6.6150	6795
6.6200	7542
6.6250	7358
6.6300	6967
6.6350	7366
6.6400	6801
6.6450	7386
6.6500	7198
6.6550	6894
6.6600	6802
6.6650	6747
6.6700	6618
6.6750	6861
6.6800	7625
6.6850	6868
6.6900	6878
6.6950	6688
6.7000	6660
6.7050	7421
6.7100	6720
6.7150	7617
6.7200	6643
6.7250	7258
6.7300	6942
6.7350	6944
6.7400	7155
6.7450	6735
6.7500	7655
6.7550	7623
6.7600	7122
6.7650	6858
6.7700	7351
6.7750	7110
6.7800	6729
6.7850	7031
6.7900	7406
6.7950	6813
6.8000	6666
6.8050	6771
6.8100	7007
6.8150	6697
6.8200	7566
6.8250	6871
6.8300	6844
6.8350	7178
6.8400	6664
6.8450	7006
6.8500	6841
6.8550	6907
6.8600	7449
6.8650	7246
6.8700	6655
6.8750	6974
6.8800	6598
6.8850	7217
6.8900	6794
6.8950	7437
6.9000	7507
6.9050	7047
6.9100	6644
6.9150	6699
6.9200	6876
6.9250	6756
6.9300	6702
6.9350	6716
6.9400	7626
6.9450	7059
6.9500	6575
6.9550	7087
6.9600	7176
6.9650	6542
6.9700	6736
6.9750	6745
6.9800	7701
6.9850	6887
6.9900	6781
6.9950	7286
7.0000	6834
7.0050	6630
7.0100	6835
7.0150	6813
7.0200	7067
7.0250	6727
7.0300	6984
7.0350	7009
7.0400	6676
7.0450	6835
7.0500	7192
7.0550	6848
7.0600	6811
7.0650	6858
7.0700	6754
7.0750	7207
7.0800	7016
7.0850	7225
7.0900	7627
7.0950	6802
7.1000	6897
7.1050	6833
7.1100	6667
7.1150	7183
7.1200	6604
7.1250	7641
7.1300	7538
7.1350	6684
7.1400	6831
7.1450	6481
7.1500	6753
7.1550	6769
7.1600	7297
7.1650	7446
7.1700	7407
7.1750	6960
7.1800	7149
7.1850	6522
7.1900	7352
7.1950	6876
7.2000	6799
7.2050	6930
7.2100	7410
7.2150	6806
7.2200	7259
7.2250	6945
7.2300	7005
7.2350	6730
7.2400	7182
7.2450	7181
7.2500	7022
7.2550	7306
7.2600	7153
7.2650	7290
7.2700	6836
7.2750	6730
7.2800	7542
7.2850	6689
7.2900	7396
7.2950	6803
7.3000	6804
7.3050	6669
7.3100	6654
7.3150	7573
7.3200	7448
7.3250	7363
7.3300	7126
7.3350	7215
7.3400	7195
7.3450	6697
7.3500	7107
7.3550	7247
7.3600	6922
7.3650	7387
7.3700	6744
7.3750	6569
7.3800	6693
7.3850	6864
7.3900	7414
7.3950	7079
7.4000	6629
7.4050	6893
7.4100	7324
7.4150	6646
7.4200	7420
7.4250	7381
7.4300	7154
7.4350	6871
7.4400	6980
7.4450	7008
7.4500	7276
7.4550	7021
7.4600	7469
7.4650	6645
7.4700	7222
7.4750	7196
7.4800	7138
7.4850	6804
7.4900	6579
7.4950	7343
7.5000	7598
7.5050	6604
7.5100	6694
7.5150	7370
7.5200	7013
7.5250	7013
7.5300	7090
7.5350	6669
7.5400	7084
7.5450	6667
7.5500	6885
7.5550	7189
7.5600	6661
7.5650	7426
7.5700	7335
7.5750	7505
7.5800	6732
7.5850	7626
7.5900	6721
7.5950	6535
7.6000	7183
7.6050	7462
7.6100	6960
7.6150	7289
7.6200	6893
7.6250	7652
7.6300	6820
7.6350	6912
7.6400	7563
7.6450	6615
7.6500	6613
7.6550	6733
7.6600	7108
7.6650	6785
7.6700	6912
7.6750	7361
7.6800	6997
7.6850	6799
7.6900	6859
7.6950	6807
7.7000	7030
7.7050	6846
7.7100	7117
7.7150	6706
7.7200	7460
7.7250	6728
7.7300	6898
7.7350	6626
7.7400	6932
7.7450	7016
7.7500	7155
7.7550	7465
7.7600	6569
7.7650	6759
7.7700	6671
7.7750	6745
7.7800	6732
7.7850	6600
7.7900	6724
7.7950	6709
7.8000	6842
7.8050	6621
7.8100	6656
7.8150	7374
7.8200	6756
7.8250	6733
7.8300	7184
7.8350	7123
7.8400	6901
7.8450	7102
7.8500	6575
7.8550	6950
7.8600	6739
7.8650	6705
7.8700	7334
7.8750	6840
7.8800	7519
7.8850	6817
7.8900	6524
7.8950	6830
7.9000	6938
7.9050	6691
7.9100	7345
7.9150	7407
7.9200	7310
7.9250	6711
7.9300	7326
7.9350	7158
7.9400	7366
7.9450	7082
7.9500	7096
7.9550	7478
7.9600	7064
7.9650	6978
7.9700	6818
7.9750	7010
7.9800	6935
7.9850	7057
7.9900	7483
7.9950	6972
8.0000	6735
8.0050	6543
8.0100	6589
8.0150	6710
8.0200	7230
8.0250	7301
8.0300	6605
8.0350	6850
8.0400	6715
8.0450	6876
8.0500	6640
8.0550	6737
8.0600	7197
8.0650	7282
8.0700	7285
8.0750	6799
8.0800	7275
8.0850	6731
8.0900	6517
8.0950	6599
8.1000	7236
8.1050	6691
8.1100	7215
8.1150	7165
8.1200	6780
8.1250	6804
8.1300	7481
8.1350	6705
8.1400	6914
8.1450	6881
8.1500	7063
8.1550	7332
8.1600	6948
8.1650	6764
8.1700	7037
8.1750	6998
8.1800	7311
8.1850	7220
8.1900	7186
8.1950	6571
8.2000	6696
8.2050	7463
8.2100	7378
8.2150	7373
8.2200	6799
8.2250	7345
8.2300	6752
8.2350	6760
8.2400	7657
8.2450	6784
8.2500	6594
8.2550	6899
8.2600	7555
8.2650	6753
8.2700	6688
8.2750	7264
8.2800	6693
8.2850	7249
8.2900	7370
8.2950	7510
8.3000	6625
8.3050	6640
8.3100	7243
8.3150	7116
8.3200	6865
8.3250	7037
8.3300	7451
8.3350	7249
8.3400	6495
8.3450	6999
8.3500	6842
8.3550	6740
8.3600	6661
8.3650	6997
8.3700	7220
8.3750	7104
8.3800	7076
8.3850	6858
8.3900	6921
8.3950	6797
8.4000	7323
8.4050	6925
8.4100	6645
8.4150	7328
8.4200	7000
8.4250	7146
8.4300	6595
8.4350	6688
8.4400	7472
8.4450	6719
8.4500	6824
8.4550	7215
8.4600	6735
8.4650	7456
8.4700	6819
8.4750	6945
8.4800	7517
8.4850	6871
8.4900	6758
8.4950	6788
8.5000	6841
8.5050	6991
8.5100	7586
8.5150	7124
8.5200	6605
8.5250	7565
8.5300	6939
8.5350	6893
8.5400	6710
8.5450	6600
8.5500	7595
8.5550	6719
8.5600	7301
8.5650	7404
8.5700	7360
8.5750	6720
8.5800	7078
8.5850	7180
8.5900	7477
8.5950	7043
8.6000	6985
8.6050	6750
8.6100	6752
8.6150	6925
8.6200	7215
8.6250	7240
8.6300	7349
8.6350	6834
8.6400	7283
8.6450	6869
8.6500	7258
8.6550	6804
8.6600	6995
8.6650	7474
8.6700	7536
8.6750	6610
8.6800	7254
8.6850	6975
8.6900	7152
8.6950	6722
8.7000	7396
8.7050	7378
8.7100	6756
8.7150	6790
8.7200	6656
8.7250	6796
8.7300	6915
8.7350	7674
8.7400	7278
8.7450	6721
8.7500	6433
8.7550	7275
8.7600	7305
8.7650	6710
8.7700	7256
8.7750	7244
8.7800	6920
8.7850	6786
8.7900	7024
8.7950	6603
8.8000	6945
8.8050	7031
8.8100	7136
8.8150	6766
8.8200	6624
8.8250	7177
8.8300	6785
8.8350	6622
8.8400	7408
8.8450	7059
8.8500	6568
8.8550	6576
8.8600	7279
8.8650	6899
8.8700	6997
8.8750	7469
8.8800	7470
8.8850	6912
8.8900	6565
8.8950	7618
8.9000	6807
8.9050	7044
8.9100	6747
8.9150	7151
8.9200	7286
8.9250	7225
8.9300	7036
8.9350	6852
8.9400	6915
8.9450	6679
8.9500	7293
8.9550	6869
8.9600	7228
8.9650	7174
8.9700	6418
8.9750	6647
8.9800	6693
8.9850	7024
8.9900	7469
8.9950	6792
9.0000	7551
9.0050	6980
9.0100	7479
9.0150	6669
9.0200	7389
9.0250	7098
9.0300	6747
9.0350	7341
9.0400	7543
9.0450	6611
9.0500	7435
9.0550	6968
9.0600	7551
9.0650	6565
9.0700	7398
9.0750	7425
9.0800	6736
9.0850	6602
9.0900	6634
9.0950	7272
9.1000	7160
9.1050	6608
9.1100	7315
9.1150	6786
9.1200	7295
9.1250	7394
9.1300	6825
9.1350	6738
9.1400	7307
9.1450	7578
9.1500	7089
9.1550	7309
9.1600	6737
9.1650	7041
9.1700	6601
9.1750	6498
9.1800	7553
9.1850	6866
9.1900	7016
9.1950	6629
9.2000	7065
9.2050	6570
9.2100	6703
9.2150	7023
9.2200	7301
9.2250	6740
9.2300	7195
9.2350	6822
9.2400	7421
9.2450	6694
9.2500	7341
9.2550	7022
9.2600	6835
9.2650	6944
9.2700	7066
9.2750	6735
9.2800	7168
9.2850	6855
9.2900	7447
9.2950	6900
9.3000	7028
9.3050	7311
9.3100	6954
9.3150	6558
9.3200	6815
9.3250	6708
9.3300	7582
9.3350	7552
9.3400	7512
9.3450	7020
9.3500	6722
9.3550	6864
9.3600	6659
9.3650	6755
9.3700	7637
9.3750	7587
9.3800	6594
9.3850	6687
9.3900	6626
9.3950	6908
9.4000	7133
9.4050	6518
9.4100	7583
9.4150	7222
9.4200	6657
9.4250	7139
9.4300	6856
9.4350	6866
9.4400	7435
9.4450	6634
9.4500	6870
9.4550	7165
9.4600	6719
9.4650	6569
9.4700	7090
9.4750	6934
9.4800	7620
9.4850	6562
9.4900	6787
9.4950	7359
9.5000	6906
9.5050	6965
9.5100	6564
9.5150	7319
9.5200	7484
9.5250	7252
9.5300	6719
9.5350	6722
9.5400	7168
9.5450	6676
9.5500	7521
9.5550	6908
9.5600	6782
9.5650	6608
9.5700	6568
9.5750	6650
9.5800	7066
9.5850	6966
9.5900	7682
9.5950	6871
9.6000	7059
9.6050	7381
9.6100	7384
9.6150	7074
9.6200	7355
9.6250	7329
9.6300	6732
9.6350	6824
9.6400	6953
9.6450	6976
9.6500	7358
9.6550	6794
9.6600	7513
9.6650	6794
9.6700	7274
9.6750	7442
9.6800	6960
9.6850	6722
9.6900	7183
9.6950	7403
9.7000	7419
9.7050	6844
9.7100	7593
9.7150	6830
9.7200	7330
9.7250	7095
9.7300	7530
9.7350	6692
9.7400	6720
9.7450	7388
9.7500	6770
9.7550	6654
9.7600	7620
9.7650	7343
9.7700	7545
9.7750	6917
9.7800	7409
9.7850	7259
9.7900	6778
9.7950	6764
9.8000	6733
9.8050	6872
9.8100	7104
9.8150	7348
9.8200	7047
9.8250	6729
9.8300	6727
9.8350	7186
9.8400	6749
9.8450	6715
9.8500	7506
9.8550	7058
9.8600	6822
9.8650	6963
9.8700	6782
9.8750	7064
9.8800	6764
9.8850	7187
9.8900	7281
9.8950	6570
9.9000	6704
9.9050	6757
9.9100	6568
9.9150	6805
9.9200	7464
9.9250	6760
9.9300	6731
9.9350	6650
9.9400	6776
9.9450	6762
9.9500	6548
9.9550	7101
9.9600	7339
9.9650	6688
9.9700	6793
9.9750	7149
9.9800	6583
9.9850	6629
9.9900	6749
9.9950	7431
10.0000	6930
10.0050	6566
10.0100	6541
10.0150	6568
10.0200	6822
10.0250	6772
10.0300	6843
10.0350	6740
10.0400	7301
10.0450	6950
10.0500	7004
10.0550	6830
10.0600	6862
10.0650	6942
10.0700	7066
10.0750	6379
10.0800	7418
10.0850	6673
10.0900	7030
10.0950	7342
10.1000	6750
10.1050	7005
10.1100	6860
10.1150	6978
10.1200	7128
10.1250	6796
10.1300	6611
10.1350	7052
10.1400	6804
10.1450	6882
10.1500	7154
10.1550	6884
10.1600	6949
10.1650	6567
10.1700	7033
10.1750	6762
10.1800	6640
10.1850	7146
10.1900	7300
10.1950	6775
10.2000	6704
10.2050	7458
10.2100	7281
10.2150	6897
10.2200	6791
10.2250	7496
10.2300	6690
10.2350	6597
10.2400	6648
10.2450	7162
10.2500	6698
10.2550	7028
10.2600	7312
10.2650	7038
10.2700	6676
10.2750	7026
10.2800	6717
10.2850	7421
10.2900	6998
10.2950	7175
10.3000	6825
10.3050	6550
10.3100	6985
10.3150	7670
10.3200	7540
10.3250	7122
10.3300	7462
10.3350	6893
10.3400	7115
10.3450	7325
10.3500	7241
10.3550	6715
10.3600	7392
10.3650	7194
10.3700	7393
10.3750	6744
10.3800	7187
10.3850	7551
10.3900	7290
10.3950	6634
10.4000	7176
10.4050	6787
10.4100	7094
10.4150	7388
10.4200	7395
10.4250	6832
10.4300	7396
10.4350	7572
10.4400	7124
10.4450	7276
10.4500	7406
10.4550	7421
10.4600	6696
10.4650	6870
10.4700	6757
10.4750	7204
10.4800	6674
10.4850	6941
10.4900	7414
10.4950	7254
10.5000	6737
10.5050	6682
10.5100	6715
10.5150	6748
10.5200	7573
10.5250	6885
10.5300	7289
10.5350	6604
10.5400	6925
10.5450	6534
10.5500	6516
10.5550	6693
10.5600	7585
10.5650	7154
10.5700	6916
10.5750	6690
10.5800	7153
10.5850	6832
10.5900	6836
10.5950	7497
10.6000	7353
10.6050	7172
10.6100	6902
10.6150	6730
10.6200	6782
10.6250	6536
10.6300	7151
10.6350	7050
10.6400	7045
10.6450	6771
10.6500	6870
10.6550	7121
10.6600	6688
10.6650	6824
10.6700	7411
10.6750	6751
10.6800	6760
10.6850	7307
10.6900	6647
10.6950	6837
10.7000	6951
10.7050	7023
10.7100	7295
10.7150	6673
10.7200	6936
10.7250	7221
10.7300	6678
10.7350	6656
10.7400	6832
10.7450	7222
10.7500	7270
10.7550	6776
10.7600	6457
10.7650	6643
10.7700	6875
10.7750	6841
10.7800	6561
10.7850	7259
10.7900	7561
10.7950	6613
10.8000	7013
10.8050	7003
10.8100	7135
10.8150	6795
10.8200	6620
10.8250	7462
10.8300	7372
10.8350	6698
10.8400	6779
10.8450	7228
10.8500	6708
10.8550	6923
10.8600	7532
10.8650	6856
10.8700	6587
10.8750	7036
10.8800	7309
10.8850	6672
10.8900	6936
10.8950	7588
10.9000	6741
10.9050	7047
10.9100	7202
10.9150	7247
10.9200	7032
10.9250	6840
10.9300	7494
10.9350	7459
10.9400	7346
10.9450	6587
10.9500	7193
10.9550	7510
10.9600	6600
10.9650	7027
10.9700	7351
10.9750	6831
10.9800	6789
10.9850	6782
10.9900	6859
10.9950	6808
11.0000	7258
11.0050	7143
11.0100	6994
11.0150	6707
11.0200	7206
11.0250	6514
11.0300	6629
11.0350	7404
11.0400	7514
11.0450	7270
11.0500	6541
11.0550	7328
11.0600	6994
11.0650	6647
11.0700	6685
11.0750	7394
11.0800	6655
11.0850	6818
11.0900	7219
11.0950	6714
11.1000	6664
11.1050	7437
11.1100	7098
11.1150	6602
11.1200	6653
11.1250	6862
11.1300	7003
11.1350	6880
11.1400	6931
11.1450	7234
11.1500	6753
11.1550	6816
11.1600	7238
11.1650	6885
11.1700	6783
11.1750	6658
11.1800	7182
11.1850	7632
11.1900	6831
11.1950	6882
11.2000	7217
11.2050	6733
11.2100	6524
11.2150	7100
11.2200	7412
11.2250	7045
11.2300	6584
11.2350	6674
11.2400	7069
11.2450	6554
11.2500	7102
11.2550	7468
11.2600	6828
11.2650	6587
11.2700	7080
11.2750	6775
11.2800	6780
11.2850	7563
11.2900	7219
11.2950	6977
11.3000	6897
11.3050	6835
11.3100	7392
11.3150	7123
11.3200	6629
11.3250	7157
11.3300	6987
11.3350	6542
11.3400	7197
11.3450	6546
11.3500	6803
11.3550	6948
11.3600	6928
11.3650	7359
11.3700	6611
11.3750	6776
11.3800	7296
11.3850	7013
11.3900	7520
11.3950	7232
11.4000	6907
11.4050	7393
11.4100	6988
11.4150	6899
11.4200	7418
11.4250	6741
11.4300	7083
11.4350	7081
11.4400	6901
11.4450	7636
11.4500	6808
11.4550	7015
11.4600	7405
11.4650	7038
11.4700	6772
11.4750	6566
11.4800	6990
11.4850	6776
11.4900	6690
11.4950	7435
11.5000	7347
11.5050	6589
11.5100	6643
11.5150	7658
11.5200	6648
11.5250	6539
11.5300	6712
11.5350	7401
11.5400	7185
11.5450	6647
11.5500	7147
11.5550	6954
11.5600	6535
11.5650	6627
11.5700	6721
11.5750	6762
11.5800	7085
11.5850	7157
11.5900	6608
11.5950	6614
11.6000	7215
11.6050	6901
11.6100	6698
11.6150	6673
11.6200	7311
11.6250	6949
11.6300	6714
11.6350	6794
11.6400	7201
11.6450	6773
11.6500	6748
11.6550	6910
11.6600	6880
11.6650	6637
11.6700	6668
11.6750	7319
11.6800	6886
11.6850	6569
11.6900	6754
11.6950	6824
11.7000	6652
11.7050	6712
11.7100	7507
11.7150	6777
11.7200	6584
11.7250	6723
11.7300	7086
11.7350	6683
11.7400	6892
11.7450	7484
11.7500	7390
11.7550	6875
11.7600	6941
11.7650	6929
11.7700	7271
11.7750	6662
11.7800	6704
11.7850	7268
11.7900	7072
11.7950	6582
11.8000	6603
11.8050	7146
11.8100	6735
11.8150	6581
11.8200	7231
11.8250	6993
11.8300	6644
11.8350	7096
11.8400	6962
11.8450	6819
11.8500	6790
11.8550	7384
11.8600	6545
11.8650	6588
11.8700	7500
11.8750	7354
11.8800	6865
11.8850	6571
11.8900	7390
11.8950	7189
11.9000	6991
11.9050	7384
11.9100	7552
11.9150	6737
11.9200	6749
11.9250	6442
11.9300	7160
11.9350	6818
11.9400	7374
11.9450	7541
11.9500	6646
11.9550	6762
11.9600	6721
11.9650	6669
11.9700	6795
11.9750	7058
11.9800	7433
11.9850	6823
11.9900	6721
11.9950	6936
12.0000	6725
12.0050	7109
12.0100	6676
12.0150	7439
12.0200	7445
12.0250	6658
12.0300	6678
12.0350	6625
12.0400	6892
12.0450	6621
12.0500	7471
12.0550	7158
12.0600	7582
12.0650	6660
12.0700	7266
12.0750	6982
12.0800	6634
12.0850	7348
12.0900	6893
12.0950	7390
12.1000	7144
12.1050	7012
12.1100	7360
12.1150	6836
12.1200	6967
12.1250	7434
12.1300	7171
12.1350	7368
12.1400	7476
12.1450	7107
12.1500	7441
12.1550	6839
12.1600	7205
12.1650	7201
12.1700	7531
12.1750	6792
12.1800	6611
12.1850	6589
12.1900	6762
12.1950	7135
12.2000	7381
12.2050	7151
12.2100	7506
12.2150	7574
12.2200	6644
12.2250	6661
12.2300	6781
12.2350	7055
12.2400	7268
12.2450	7201
12.2500	7160
12.2550	7304
12.2600	6805
12.2650	6963
12.2700	6736
12.2750	7347
12.2800	7478
12.2850	6701
12.2900	6787
12.2950	7382
12.3000	6754
12.3050	6577
12.3100	7414
12.3150	7308
12.3200	6796
12.3250	6800
12.3300	6767
12.3350	6627
12.3400	7182
12.3450	7278
12.3500	7220
12.3550	6797
12.3600	7371
12.3650	6712
12.3700	7003
12.3750	6871
12.3800	6596
12.3850	7545
12.3900	7249
12.3950	7019
12.4000	6816
12.4050	7064
12.4100	6768
12.4150	7009
12.4200	7434
12.4250	6606
12.4300	6767
12.4350	6983
12.4400	7446
12.4450	6935
12.4500	6870
12.4550	7202
12.4600	6802
12.4650	7131
12.4700	6756
12.4750	7370
12.4800	6739
12.4850	6575
12.4900	7443
12.4950	7316
12.5000	6847
12.5050	7024
12.5100	7117
12.5150	7289
12.5200	6750
12.5250	7184
12.5300	7291
12.5350	6572
12.5400	6606
12.5450	6648
12.5500	7002
12.5550	6636
12.5600	7170
12.5650	6954
12.5700	6883
12.5750	6820
12.5800	7082
12.5850	6575
12.5900	6637
12.5950	7522
12.6000	7498
12.6050	6495
12.6100	6886
12.6150	6886
12.6200	7212
12.6250	6835
12.6300	6727
12.6350	7446
12.6400	7049
12.6450	6672
12.6500	6771
12.6550	6682
12.6600	7028
12.6650	7158
12.6700	6607
12.6750	6667
12.6800	6895
12.6850	6797
12.6900	6767
12.6950	6717
12.7000	7253
12.7050	7265
12.7100	6833
12.7150	6965
12.7200	6720
12.7250	6670
12.7300	6697
12.7350	6543
12.7400	7377
12.7450	6926
12.7500	7349
12.7550	6701
12.7600	6814
12.7650	6702
12.7700	7357
12.7750	6820
12.7800	6696
12.7850	6839
12.7900	7111
12.7950	6704
12.8000	6899
12.8050	6859
12.8100	7547
12.8150	6651
12.8200	6729
12.8250	6710
12.8300	6839
12.8350	6803
12.8400	6915
12.8450	7438
12.8500	7157
12.8550	6559
12.8600	6600
12.8650	7125
12.8700	6716
12.8750	6564
12.8800	7427
12.8850	7264
12.8900	7037
12.8950	6810
12.9000	6625
12.9050	6926
12.9100	6869
12.9150	7460
12.9200	7426
12.9250	6666
12.9300	7134
12.9350	7281
12.9400	6621
12.9450	6665
12.9500	7565
12.9550	7689
12.9600	6674
12.9650	6679
12.9700	7581
12.9750	7180
12.9800	6888
12.9850	6947
12.9900	7202
12.9950	7075
13.0000	6983
13.0050	7610
13.0100	6993
13.0150	6638
13.0200	7480
13.0250	6741
13.0300	6740
13.0350	6589
13.0400	7425
13.0450	7061
13.0500	6681
13.0550	6964
13.0600	7509
13.0650	7505
13.0700	7194
13.0750	7551
13.0800	6838
13.0850	6642
13.0900	6968
13.0950	7261
13.1000	6893
13.1050	7342
13.1100	6847
13.1150	7660
13.1200	6697
13.1250	6929
13.1300	7064
13.1350	6779
13.1400	7096
13.1450	6647
13.1500	6733
13.1550	6810
13.1600	7271
13.1650	7560
13.1700	6723
13.1750	7055
13.1800	6810
13.1850	7081
13.1900	6530
13.1950	6418
13.2000	7257
13.2050	7474
13.2100	6788
13.2150	6719
13.2200	7155
13.2250	6923
13.2300	6836
13.2350	6892
13.2400	7508
13.2450	7269
13.2500	6938
13.2550	6864
13.2600	6948
13.2650	6763
13.2700	7715
13.2750	7013
13.2800	7084
13.2850	7115
13.2900	7002
13.2950	6946
13.3000	6506
13.3050	7077
13.3100	7528
13.3150	7201
13.3200	6682
13.3250	7383
13.3300	7146
13.3350	6874
13.3400	7128
13.3450	7532
13.3500	7403
13.3550	6755
13.3600	6916
13.3650	7270
13.3700	7072
13.3750	6578
13.3800	7496
13.3850	7471
13.3900	6524
13.3950	7151
13.4000	6961
13.4050	6854
13.4100	7121
13.4150	7418
13.4200	6840
13.4250	6950
13.4300	7191
13.4350	6926
13.4400	6661
13.4450	6896
13.4500	7347
13.4550	7064
13.4600	6696
13.4650	6948
13.4700	6962
13.4750	6741
13.4800	6536
13.4850	6916
13.4900	6919
13.4950	7192
13.5000	6764
13.5050	7273
13.5100	6769
13.5150	6892
13.5200	7425
13.5250	6923
13.5300	6613
13.5350	7599
13.5400	7449
13.5450	6884
13.5500	6686
13.5550	6833
13.5600	6742
13.5650	6678
13.5700	6717
13.5750	7234
13.5800	6919
13.5850	6713
13.5900	6793
13.5950	6561
13.6000	6668
13.6050	6754
13.6100	7673
13.6150	7260
13.6200	7078
13.6250	7130
13.6300	7073
13.6350	6909
13.6400	7470
13.6450	7205
13.6500	7050
13.6550	6990
13.6600	7463
13.6650	6670
13.6700	7247
13.6750	7009
13.6800	7668
13.6850	7098
13.6900	6889
13.6950	7005
13.7000	7314
13.7050	6861
13.7100	6798
13.7150	7463
13.7200	7030
13.7250	7507
13.7300	7566
13.7350	6694
13.7400	6912
13.7450	7109
13.7500	6994
13.7550	6802
13.7600	7421
13.7650	7318
13.7700	7521
13.7750	7217
13.7800	6678
13.7850	7525
13.7900	7204
13.7950	6872
13.8000	6840
13.8050	7486
13.8100	6851
13.8150	7116
13.8200	6854
13.8250	7342
13.8300	6757
13.8350	6748
13.8400	7361
13.8450	6777
13.8500	6604
13.8550	6685
13.8600	7082
13.8650	6888
13.8700	6684
13.8750	6936
13.8800	6748
13.8850	6840
13.8900	6483
13.8950	7199
13.9000	6737
13.9050	6719
13.9100	7560
13.9150	6727
13.9200	7469
13.9250	6597
13.9300	7039
13.9350	7418
13.9400	6803
13.9450	7114
13.9500	7560
13.9550	7204
13.9600	7065
13.9650	7191
13.9700	7069
13.9750	6619
13.9800	6887
13.9850	6693
13.9900	6962
13.9950	6990
14.0000	7184
14.0050	6938
14.0100	6863
14.0150	7384
14.0200	7187
14.0250	7204
14.0300	6710
14.0350	7731
14.0400	6942
14.0450	6544
14.0500	6664
14.0550	7564
14.0600	6999
14.0650	7059
14.0700	7476
14.0750	7625
14.0800	6860
14.0850	7144
14.0900	7395
14.0950	7018
14.1000	6699
14.1050	6996
14.1100	6998
14.1150	7316
14.1200	7477
14.1250	6680
14.1300	6776
14.1350	6826
14.1400	7334
14.1450	6822
14.1500	7068
14.1550	7474
14.1600	7344
14.1650	6812
14.1700	6711
14.1750	7050
14.1800	7045
14.1850	6941
14.1900	6725
14.1950	7053
14.2000	7345
14.2050	6790
14.2100	7017
14.2150	6926
14.2200	6659
14.2250	7186
14.2300	6718
14.2350	6750
14.2400	7483
14.2450	6688
14.2500	6635
14.2550	6563
14.2600	7159
14.2650	7458
14.2700	6709
14.2750	6698
14.2800	6708
14.2850	7618
14.2900	6707
14.2950	6711
14.3000	6891
14.3050	6930
14.3100	6678
14.3150	6495
14.3200	6792
14.3250	7157
14.3300	6811
14.3350	6726
14.3400	6786
14.3450	6839
14.3500	6789
14.3550	6708
14.3600	6668
14.3650	6819
14.3700	7402
14.3750	6833
14.3800	6625
14.3850	7111
14.3900	7199
14.3950	6900
14.4000	6894
14.4050	7071
14.4100	7303
14.4150	6734
14.4200	6756
14.4250	7549
14.4300	6618
14.4350	6580
14.4400	6866
14.4450	7592
14.4500	6950
14.4550	6605
14.4600	7579
14.4650	7524
14.4700	6649
14.4750	7069
14.4800	7478
14.4850	6525
14.4900	7120
14.4950	7394
14.5000	7020
14.5050	6692
14.5100	7357
14.5150	7650
14.5200	6543
14.5250	6545
14.5300	7355
14.5350	7582
14.5400	6628
14.5450	6639
14.5500	7443
14.5550	7083
14.5600	6933
14.5650	7470
14.5700	7529
14.5750	6719
14.5800	6779
14.5850	6662
14.5900	6678
14.5950	6622
14.6000	7248
14.6050	7089
14.6100	6659
14.6150	6862
14.6200	7650
14.6250	7029
14.6300	6829
14.6350	7392
14.6400	6857
14.6450	6897
14.6500	6785
14.6550	7587
14.6600	6916
14.6650	7154
14.6700	6839
14.6750	7398
14.6800	6918
14.6850	6678
14.6900	7125
14.6950	7188
14.7000	6647
14.7050	6598
14.7100	7388
14.7150	7231
14.7200	6575
14.7250	7038
14.7300	7444
14.7350	6801
14.7400	6913
14.7450	6954
14.7500	7481
14.7550	6918
14.7600	7119
14.7650	7090
14.7700	6731
14.7750	6582
14.7800	6907
14.7850	7382
14.7900	7053
14.7950	6587
14.8000	7514
14.8050	7382
14.8100	6648
14.8150	6738
14.8200	7120
14.8250	7018
14.8300	6872
14.8350	7427
14.8400	7363
14.8450	6928
14.8500	7047
14.8550	6866
14.8600	6647
14.8650	6658
14.8700	7388
14.8750	7255
14.8800	6507
14.8850	7474
14.8900	7147
14.8950	6815
14.9000	6664
14.9050	7098
14.9100	7430
14.9150	6725
14.9200	7122
14.9250	7535
14.9300	6692
14.9350	6663
14.9400	6809
14.9450	7327
14.9500	7128
14.9550	6721
14.9600	7491
14.9650	6775
14.9700	6677
14.9750	7303
14.9800	6770
14.9850	6873
14.9900	7082
14.9950	7387
15.0000	6632
15.0050	6909
15.0100	7444
15.0150	6910
15.0200	6589
15.0250	6968
15.0300	7494
15.0350	6894
15.0400	6938
15.0450	6857
15.0500	6709
15.0550	6772
15.0600	7312
15.0650	7435
15.0700	6829
15.0750	6860
15.0800	7480
15.0850	6682
15.0900	6756
15.0950	7648
15.1000	7162
15.1050	6769
15.1100	6533
15.1150	7432
15.1200	7361
15.1250	6656
15.1300	7245
15.1350	7512
15.1400	6765
15.1450	6688
15.1500	6680
15.1550	7340
15.1600	6903
15.1650	7437
15.1700	7300
15.1750	6825
15.1800	6830
15.1850	6946
15.1900	7116
15.1950	6775
15.2000	7486
15.2050	7445
15.2100	6772
15.2150	6539
15.2200	7158
15.2250	7224
15.2300	6655
15.2350	6916
15.2400	6880
15.2450	7449
15.2500	6820
15.2550	6756
15.2600	7545
15.2650	6623
15.2700	6856
15.2750	7255
15.2800	7317
15.2850	7285
15.2900	6537
15.2950	6811
15.3000	7435
15.3050	6615
15.3100	7530
15.3150	7478
15.3200	6673
15.3250	7262
15.3300	6785
15.3350	6836
15.3400	7133
15.3450	7601
15.3500	7470
15.3550	6636
15.3600	6922
15.3650	7683
15.3700	6692
15.3750	7505
15.3800	7412
15.3850	7140
15.3900	6898
15.3950	6653
15.4000	6788
15.4050	6879
15.4100	6831
15.4150	6643
15.4200	6789
15.4250	7019
15.4300	7008
15.4350	7423
15.4400	6951
15.4450	6775
15.4500	6932
15.4550	7426
15.4600	7567
15.4650	6820
15.4700	6721
15.4750	7667
15.4800	7261
15.4850	6657
15.4900	7315
15.4950	7585
15.5000	6725
15.5050	7044
15.5100	6695
15.5150	6783
15.5200	6783
15.5250	7100
15.5300	6740
15.5350	7203
15.5400	7219
15.5450	7152
15.5500	6910
15.5550	7014
15.5600	7484
15.5650	6804
15.5700	7582
15.5750	7310
15.5800	7308
15.5850	6733
15.5900	6867
15.5950	7543
15.6000	7465
15.6050	6761
15.6100	7490
15.6150	7103
15.6200	6739
15.6250	6587
15.6300	6878
15.6350	7447
15.6400	7320
15.6450	7067
15.6500	7036
15.6550	7439
15.6600	6974
15.6650	6915
15.6700	6975
15.6750	6779
15.6800	6897
15.6850	7145
15.6900	6578
15.6950	7255
15.7000	6717
15.7050	6707
15.7100	7013
15.7150	7027
15.7200	7289
15.7250	7061
15.7300	7023
15.7350	7357
15.7400	6618
15.7450	6677
15.7500	7229
15.7550	7125
15.7600	7610
15.7650	7034
15.7700	7102
15.7750	6646
15.7800	6591
15.7850	6932
15.7900	7386
15.7950	6673
15.8000	7488
15.8050	7286
15.8100	6875
15.8150	6878
15.8200	7233
15.8250	7394
15.8300	6956
15.8350	6934
15.8400	7388
15.8450	7477
15.8500	6947
15.8550	6796
15.8600	7656
15.8650	7076
15.8700	7131
15.8750	7566
15.8800	7261
15.8850	7245
15.8900	6625
15.8950	6600
15.9000	7308
15.9050	7114
15.9100	7533
15.9150	7622
15.9200	7065
15.9250	6666
15.9300	7574
15.9350	6801
15.9400	6705
15.9450	7358
15.9500	7440
15.9550	7486
15.9600	6734
15.9650	7420
15.9700	7450
15.9750	7290
15.9800	6979
15.9850	7035
15.9900	7416
15.9950	6848
16.0000	6694
16.0050	7632
16.0100	6867
16.0150	6541
16.0200	7615
16.0250	7532
16.0300	6877
16.0350	7075
16.0400	7615
16.0450	6868
16.0500	6882
16.0550	7553
16.0600	7567
16.0650	6894
16.0700	6941
16.0750	7108
16.0800	6905
16.0850	6856
16.0900	7438
16.0950	7793
16.1000	6694
16.1050	7096
16.1100	7511
16.1150	7474
16.1200	6971
16.1250	6902
16.1300	7523
16.1350	6843
16.1400	6925
16.1450	7043
16.1500	7240
16.1550	6660
16.1600	7310
16.1650	6784
16.1700	6766
16.1750	7147
16.1800	7614
16.1850	6872
16.1900	6482
16.1950	7351
16.2000	7531
16.2050	6700
16.2100	6761
16.2150	7310
16.2200	7609
16.2250	6908
16.2300	6803
16.2350	7532
16.2400	6744
16.2450	7221
16.2500	6825
16.2550	7111
16.2600	7036
16.2650	6755
16.2700	7512
16.2750	6846
16.2800	7226
16.2850	7429
16.2900	6995
16.2950	6817
16.3000	6959
16.3050	7148
16.3100	7055
16.3150	6967
16.3200	7535
16.3250	7381
16.3300	6741
16.3350	6614
16.3400	7486
16.3450	6817
16.3500	6715
16.3550	7396
16.3600	7557
16.3650	7534
16.3700	6728
16.3750	7022
16.3800	6818
16.3850	7014
16.3900	7525
16.3950	7262
16.4000	7501
16.4050	7349
16.4100	6673
16.4150	6636
16.4200	6711
16.4250	7247
16.4300	7458
16.4350	6946
16.4400	6821
16.4450	7488
16.4500	6747
16.4550	6796
16.4600	6968
16.4650	7320
16.4700	7418
16.4750	7223
16.4800	7187
16.4850	7419
16.4900	6797
16.4950	7041
16.5000	7124
16.5050	7132
16.5100	7087
16.5150	7592
16.5200	7022
16.5250	6530
16.5300	7068
16.5350	6915
16.5400	7110
16.5450	6633
16.5500	7427
16.5550	7327
16.5600	6742
16.5650	6629
16.5700	7633
16.5750	6900
16.5800	6754
16.5850	7629
16.5900	6973
16.5950	6956
16.6000	7141
16.6050	6761
16.6100	6732
16.6150	6684
16.6200	7218
16.6250	7485
16.6300	6921
16.6350	7441
16.6400	7508
16.6450	6998
16.6500	6812
16.6550	7489
16.6600	7614
16.6650	6613
16.6700	7070
16.6750	7429
16.6800	6762
16.6850	7373
16.6900	6656
16.6950	7661
16.7000	7148
16.7050	7269
16.7100	7496
16.7150	7449
16.7200	6754
16.7250	6819
16.7300	7454
16.7350	6898
16.7400	7580
16.7450	7128
16.7500	7224
16.7550	6541
16.7600	6871
16.7650	7049
16.7700	7378
16.7750	6868
16.7800	7210
16.7850	7461
16.7900	6704
16.7950	6681
16.8000	7432
16.8050	7148
16.8100	6987
16.8150	7329
16.8200	7371
16.8250	7212
16.8300	6664
16.8350	7398
16.8400	7161
16.8450	6844
16.8500	7485
16.8550	7615
16.8600	7062
16.8650	7092
16.8700	7166
16.8750	6869
16.8800	7226
16.8850	6924
16.8900	7467
16.8950	6779
16.9000	6702
16.9050	7137
16.9100	7383
16.9150	6768
16.9200	6717
16.9250	7625
16.9300	7435
16.9350	6725
16.9400	6871
16.9450	7337
16.9500	6885
16.9550	6781
16.9600	6857
16.9650	7626
16.9700	6808
16.9750	6523
16.9800	7264
16.9850	6715
16.9900	6955
16.9950	7480
17.0000	6744
17.0050	6776
17.0100	7055
17.0150	7419
17.0200	6630
17.0250	6536
17.0300	7742
17.0350	7542
17.0400	6844
17.0450	7126
17.0500	7316
17.0550	6830
17.0600	6607
17.0650	6796
17.0700	7478
17.0750	7243
17.0800	6791
17.0850	7150
17.0900	7157
17.0950	6793
17.1000	7399
17.1050	7079
17.1100	7436
17.1150	7423
17.1200	7171
17.1250	6812
17.1300	6870
17.1350	7630
17.1400	7457
17.1450	6664
17.1500	7669
17.1550	7502
17.1600	6952
17.1650	6665
17.1700	7256
17.1750	7408
17.1800	6606
17.1850	7283
17.1900	7709
17.1950	7536
17.2000	6788
17.2050	6862
17.2100	7527
17.2150	7115
17.2200	7348
17.2250	7442
17.2300	6825
17.2350	7079
17.2400	7476
17.2450	7135
17.2500	6706
17.2550	7406
17.2600	7498
17.2650	6840
17.2700	6718
17.2750	7248
17.2800	7540
17.2850	6961
17.2900	6729
17.2950	7527
17.3000	7011
17.3050	6934
17.3100	7030
17.3150	7239
17.3200	6629
17.3250	7228
17.3300	7663
17.3350	6715
17.3400	6761
17.3450	7588
17.3500	6786
17.3550	6677
17.3600	7126
17.3650	7358
17.3700	7032
17.3750	6840
17.3800	7198
17.3850	7402
17.3900	6636
17.3950	6616
17.4000	7506
17.4050	7553
17.4100	6705
17.4150	6781
17.4200	7391
17.4250	7368
17.4300	6670
17.4350	7289
17.4400	7533
17.4450	7126
17.4500	7309
17.4550	6552
17.4600	7012
17.4650	7582
17.4700	7274
17.4750	7412
17.4800	7366
17.4850	6753
17.4900	7723
17.4950	6989
17.5000	6650
17.5050	7560
17.5100	7027
17.5150	7334
17.5200	6642
17.5250	7109
17.5300	7729
17.5350	6651
17.5400	7173
17.5450	7298
17.5500	7695
17.5550	6663
17.5600	6762
17.5650	7376
17.5700	7028
17.5750	6895
17.5800	7523
17.5850	7664
17.5900	6899
17.5950	7200
17.6000	7191
17.6050	6565
17.6100	7098
17.6150	7478
17.6200	7526
17.6250	6458
17.6300	6746
17.6350	7448
17.6400	6627
17.6450	6806
17.6500	7530
17.6550	7116
17.6600	7032
17.6650	6674
17.6700	7282
17.6750	6983
17.6800	6887
17.6850	7422
17.6900	7692
17.6950	7420
17.7000	7042
17.7050	6824
17.7100	6788
17.7150	6653
17.7200	7239
17.7250	6822
17.7300	7129
17.7350	7328
17.7400	7427
17.7450	6641
17.7500	6909
17.7550	7415
17.7600	7334
17.7650	7446
17.7700	6704
17.7750	7210
17.7800	6965
17.7850	6659
17.7900	6832
17.7950	7223
17.8000	7576
17.8050	7498
17.8100	6771
17.8150	6595
17.8200	6783
17.8250	7464
17.8300	6814
17.8350	7116
17.8400	7486
17.8450	7576
17.8500	6788
17.8550	6747
17.8600	7267
17.8650	7269
17.8700	7392
17.8750	6648
17.8800	7496
17.8850	6884
17.8900	6754
17.8950	6945
17.9000	7056
17.9050	7545
17.9100	6705
17.9150	7129
17.9200	7423
17.9250	7034
17.9300	6775
17.9350	7414
17.9400	7299
17.9450	7559
17.9500	7082
17.9550	6649
17.9600	7327
17.9650	7023
17.9700	7416
17.9750	7410
17.9800	6772
17.9850	7365
17.9900	7101
17.9950	7262
18.0000	7261
18.0050	7513
18.0100	7522
18.0150	6969
18.0200	6656
18.0250	7459
18.0300	6780
18.0350	6754
18.0400	7433
18.0450	7108
18.0500	6863
18.0550	6851
18.0600	6839
18.0650	6712
18.0700	6754
18.0750	7324
18.0800	7333
18.0850	7009
18.0900	6878
18.0950	7670
18.1000	7271
18.1050	7070
18.1100	7512
18.1150	7216
18.1200	6644
18.1250	6583
18.1300	7534
18.1350	7022
18.1400	7540
18.1450	6745
18.1500	7630
18.1550	7188
18.1600	6683
18.1650	7376
18.1700	6771
18.1750	6604
18.1800	7152
18.1850	7230
18.1900	7136
18.1950	7012
18.2000	7169
18.2050	6841
18.2100	6703
18.2150	7414
18.2200	7215
18.2250	6653
18.2300	6986
18.2350	7501
18.2400	6935
18.2450	7083
18.2500	7338
18.2550	7560
18.2600	7627
18.2650	6661
18.2700	7226
18.2750	7531
18.2800	7003
18.2850	6664
18.2900	7414
18.2950	7547
18.3000	7178
18.3050	7524
18.3100	7206
18.3150	6716
18.3200	6709
18.3250	6892
18.3300	7625
18.3350	6865
18.3400	7423
18.3450	7725
18.3500	6627
18.3550	6676
18.3600	6688
18.3650	7613
18.3700	6873
18.3750	6507
18.3800	7540
18.3850	7069
18.3900	6781
18.3950	6807
18.4000	6591
18.4050	6962
18.4100	6923
18.4150	7246
18.4200	7035
18.4250	6471
18.4300	6643
18.4350	6635
18.4400	6676
18.4450	7028
18.4500	7235
18.4550	7041
18.4600	6653
18.4650	6967
18.4700	6831
18.4750	6828
18.4800	6731
18.4850	7319
18.4900	7112
18.4950	6863
18.5000	6770
18.5050	7189
18.5100	6513
18.5150	6583
18.5200	6677
18.5250	7472
18.5300	7340
18.5350	7200
18.5400	7095
18.5450	6839
18.5500	7290
18.5550	6624
18.5600	6666
18.5650	6874
18.5700	7372
18.5750	7467
18.5800	6575
18.5850	7027
18.5900	7368
18.5950	6630
18.6000	7197
18.6050	7139
18.6100	7379
18.6150	7399
18.6200	6646
18.6250	7419
18.6300	7046
18.6350	6970
18.6400	7124
18.6450	7394
18.6500	7313
18.6550	7535
18.6600	7261
18.6650	7074
18.6700	6468
18.6750	7073
18.6800	7586
18.6850	6770
18.6900	7142
18.6950	7386
18.7000	6690
18.7050	6684
18.7100	7221
18.7150	7519
18.7200	7198
18.7250	6810
18.7300	7257
18.7350	7321
18.7400	6625
18.7450	7380
18.7500	7500
18.7550	6985
18.7600	6467
18.7650	6792
18.7700	7475
18.7750	6894
18.7800	6983
18.7850	7312
18.7900	7026
18.7950	6754
18.8000	7027
18.8050	7070
18.8100	6829
18.8150	6681
18.8200	7574
18.8250	7356
18.8300	7048
18.8350	6800
18.8400	7415
18.8450	6756
18.8500	6859
18.8550	6800
18.8600	7475
18.8650	6849
18.8700	6720
18.8750	7201
18.8800	6761
18.8850	6638
18.8900	7134
18.8950	7408
18.9000	7282
18.9050	7005
18.9100	6893
18.9150	6767
18.9200	6594
18.9250	7373
18.9300	7382
18.9350	6796
18.9400	6661
18.9450	7439
18.9500	7149
18.9550	6805
18.9600	7095
18.9650	7166
18.9700	7634
18.9750	6568
18.9800	7317
18.9850	7556
18.9900	6812
18.9950	6762
19.0000	7533
19.0050	7067
19.0100	7281
19.0150	7200
19.0200	7512
19.0250	6652
19.0300	7090
19.0350	7476
19.0400	7584
19.0450	7375
19.0500	7576
19.0550	7412
19.0600	6757
19.0650	6638
19.0700	7475
19.0750	7592
19.0800	6573
19.0850	6917
19.0900	7400
19.0950	6557
19.1000	6747
19.1050	6861
19.1100	7456
19.1150	7140
19.1200	6449
19.1250	7401
19.1300	6915
19.1350	6705
19.1400	6782
19.1450	6757
19.1500	7448
19.1550	7106
19.1600	6739
19.1650	6812
19.1700	6713
19.1750	7379
19.1800	6560
19.1850	6492
19.1900	7529
19.1950	7414
19.2000	6795
19.2050	7129
19.2100	6735
19.2150	7400
19.2200	6823
19.2250	6925
19.2300	7612
19.2350	6693
19.2400	7142
19.2450	6885
19.2500	7009
19.2550	7291
19.2600	7164
19.2650	7622
19.2700	6675
19.2750	6490
19.2800	7041
19.2850	6817
19.2900	7132
19.2950	7528
19.3000	7153
19.3050	6805
19.3100	6827
19.3150	6767
19.3200	6904
19.3250	6826
19.3300	7276
19.3350	6939
19.3400	7390
19.3450	7154
19.3500	6799
19.3550	6710
19.3600	6971
19.3650	7428
19.3700	7437
19.3750	7510
19.3800	7531
19.3850	7347
19.3900	6559
19.3950	6795
19.4000	7366
19.4050	7445
19.4100	7584
19.4150	6466
19.4200	7498
19.4250	7423
19.4300	6873
19.4350	6665
19.4400	7273
19.4450	7188
19.4500	6912
19.4550	6622
19.4600	7422
19.4650	7334
19.4700	6848
19.4750	7673
19.4800	7397
19.4850	7180
19.4900	6835
19.4950	6764
19.5000	7159
19.5050	6487
19.5100	6891
19.5150	7530
19.5200	7177
19.5250	6854
19.5300	7540
19.5350	6928
19.5400	7154
19.5450	6729
19.5500	7392
19.5550	7179
19.5600	6951
19.5650	7166
19.5700	7348
19.5750	7257
19.5800	6722
19.5850	7617
19.5900	7629
19.5950	6562
19.6000	6643
19.6050	7514
19.6100	6893
19.6150	6921
19.6200	7336
19.6250	7691
19.6300	6883
19.6350	7143
19.6400	7192
19.6450	7232
19.6500	6763
19.6550	7214
19.6600	7486
19.6650	6733
19.6700	7513
19.6750	7386
19.6800	6988
19.6850	6982
19.6900	7624
19.6950	7775
19.7000	6839
19.7050	7424
19.7100	6768
19.7150	7415
19.7200	7450
19.7250	7566
19.7300	7649
19.7350	7050
19.7400	7463
19.7450	7525
19.7500	7361
19.7550	7009
19.7600	7419
19.7650	6978
19.7700	7107
19.7750	7428
19.7800	7575
19.7850	7472
19.7900	7096
19.7950	7597
19.8000	7301
19.8050	6817
19.8100	7386
19.8150	7540
19.8200	7629
19.8250	7276
19.8300	7147
19.8350	7121
19.8400	7131
19.8450	6630
19.8500	7537
19.8550	7259
19.8600	7025
19.8650	7229
19.8700	7019
19.8750	6763
19.8800	7217
19.8850	6790
19.8900	6670
19.8950	7364
19.9000	6892
19.9050	7305
19.9100	6910
19.9150	7012
19.9200	7419
19.9250	6940
19.9300	6620
19.9350	7236
19.9400	6708
19.9450	7067
19.9500	6562
19.9550	6568
19.9600	7156
19.9650	7049
19.9700	6877
19.9750	6897
19.9800	7007
19.9850	6948
19.9900	7251
19.9950	6646
