0.0000	7148
0.0040	7346
0.0080	7330
0.0120	7313
0.0160	6913
0.0200	6688
0.0240	6799
0.0280	7546
0.0320	7291
0.0360	6837
0.0400	6653
0.0440	7077
0.0480	6922
0.0520	6809
0.0560	7345
0.0600	6873
0.0640	6695
0.0680	6593
0.0720	7221
0.0760	6904
0.0800	6766
0.0840	7587
0.0880	7472
0.0920	7511
0.0960	7444
0.1000	7212
0.1040	6692
0.1080	6770
0.1120	6746
0.1160	6924
0.1200	6666
0.1240	6633
0.1280	6954
0.1320	7311
0.1360	7147
0.1400	7542
0.1440	6723
0.1480	7455
0.1520	7241
0.1560	7455
0.1600	6398
0.1640	7151
0.1680	6751
0.1720	7470
0.1760	6720
0.1800	7650
0.1840	6794
0.1880	7489
0.1920	7121
0.1960	7320
0.2000	6852
0.2040	6772
0.2080	6875
0.2120	7404
0.2160	7425
0.2200	7531
0.2240	6676
0.2280	7358
0.2320	7143
0.2360	7002
0.2400	7261
0.2440	6918
0.2480	7332
0.2520	6864
0.2560	6607
0.2600	6699
0.2640	6693
0.2680	7320
0.2720	7201
0.2760	6666
0.2800	6699
0.2840	7310
0.2880	7380
0.2920	6773
0.2960	6877
0.3000	6835
0.3040	7346
0.3080	6744
0.3120	6781
0.3160	7132
0.3200	6592
0.3240	6953
0.3280	6587
0.3320	6804
0.3360	6650
0.3400	7089
0.3440	7439
0.3480	6595
0.3520	6714
0.3560	6618
0.3600	6778
0.3640	6818
0.3680	7208
0.3720	7608
0.3760	7316
0.3800	6982
0.3840	7125
0.3880	7332
0.3920	7252
0.3960	6634
0.4000	7134
0.4040	7232
0.4080	7004
0.4120	6772
0.4160	7124
0.4200	7327
0.4240	6816
0.4280	7435
0.4320	6663
0.4360	6801
0.4400	7166
0.4440	6707
0.4480	7118
0.4520	7068
0.4560	7008
0.4600	6972
0.4640	6658
0.4680	6968
0.4720	6873
0.4760	7001
0.4800	6882
0.4840	7015
0.4880	6614
0.4920	6573
0.4960	7173
0.5000	7226
0.5040	7157
0.5080	6470
0.5120	6532
0.5160	7326
0.5200	7238
0.5240	7511
0.5280	6466
0.5320	6588
0.5360	6723
0.5400	6638
0.5440	6586
0.5480	6856
0.5520	7036
0.5560	7104
0.5600	6687
0.5640	6757
0.5680	7163
0.5720	7336
0.5760	7369
0.5800	7384
0.5840	6949
0.5880	7438
0.5920	7132
0.5960	6514
0.6000	6584
0.6040	6592
0.6080	6768
0.6120	6594
0.6160	6780
0.6200	6691
0.6240	6718
0.6280	6456
0.6320	6661
0.6360	6631
0.6400	6679
0.6440	6737
0.6480	7044
0.6520	6877
0.6560	6494
0.6600	6583
0.6640	6685
0.6680	6832
0.6720	6961
0.6760	6659
0.6800	6900
0.6840	7318
0.6880	7202
0.6920	6671
0.6960	7236
0.7000	6600
0.7040	6822
0.7080	7270
0.7120	7360
0.7160	6720
0.7200	6552
0.7240	6727
0.7280	6988
0.7320	7387
0.7360	7456
0.7400	7077
0.7440	6983
0.7480	7635
0.7520	7479
0.7560	7326
0.7600	7304
0.7640	7468
0.7680	7388
0.7720	7324
0.7760	7423
0.7800	7496
0.7840	7347
0.7880	6601
0.7920	6718
0.7960	7502
0.8000	7343
0.8040	6967
0.8080	6638
0.8120	7388
0.8160	6453
0.8200	6463
0.8240	6647
0.8280	6599
0.8320	6453
0.8360	7330
0.8400	6979
0.8440	6583
0.8480	6649
0.8520	7160
0.8560	6346
0.8600	6611
0.8640	6710
0.8680	6660
0.8720	6803
0.8760	7000
0.8800	6374
0.8840	6819
0.8880	6996
0.8920	7398
0.8960	6551
0.9000	6488
0.9040	6417
0.9080	6709
0.9120	7149
0.9160	6694
0.9200	6722
0.9240	6491
0.9280	6650
0.9320	6888
0.9360	6767
0.9400	6483
0.9440	7376
0.9480	6681
0.9520	6646
0.9560	6599
0.9600	7182
0.9640	7406
0.9680	7162
0.9720	7302
0.9760	6514
0.9800	7342
0.9840	6712
0.9880	6778
0.9920	6448
0.9960	6907
1.0000	6958
1.0040	7228
1.0080	6974
1.0120	7225
1.0160	7085
1.0200	6413
1.0240	6680
1.0280	6538
1.0320	7206
1.0360	7179
1.0400	7226
1.0440	6673
1.0480	7256
1.0520	6633
1.0560	6698
1.0600	7285
1.0640	6978
1.0680	7333
1.0720	7432
1.0760	6933
1.0800	7362
1.0840	6790
1.0880	6696
1.0920	7356
1.0960	7401
1.1000	7397
1.1040	6772
1.1080	7480
1.1120	6966
1.1160	6908
1.1200	7477
1.1240	6704
1.1280	7205
1.1320	7059
1.1360	7630
1.1400	6791
1.1440	6848
1.1480	7434
1.1520	7365
1.1560	6969
1.1600	7534
1.1640	6978
1.1680	7287
1.1720	6985
1.1760	7271
1.1800	6897
1.1840	7452
1.1880	7115
1.1920	6930
1.1960	6600
1.2000	6535
1.2040	6967
1.2080	7315
1.2120	7315
1.2160	7139
1.2200	7508
1.2240	6831
1.2280	6913
1.2320	6954
1.2360	6654
1.2400	6347
1.2440	7248
1.2480	6594
1.2520	6614
1.2560	7376
1.2600	6583
1.2640	6740
1.2680	7400
1.2720	7176
1.2760	7139
1.2800	7277
1.2840	7129
1.2880	6554
1.2920	6899
1.2960	7110
1.3000	6605
1.3040	7231
1.3080	7139
1.3120	7185
1.3160	7248
1.3200	6914
1.3240	6924
1.3280	6940
1.3320	6541
1.3360	6986
1.3400	7037
1.3440	7101
1.3480	7306
1.3520	7306
1.3560	6779
1.3600	6539
1.3640	6672
1.3680	6493
1.3720	6870
1.3760	6616
1.3800	7173
1.3840	7128
1.3880	6972
1.3920	6469
1.3960	6518
1.4000	6755
1.4040	6503
1.4080	6888
1.4120	6806
1.4160	7150
1.4200	7299
1.4240	7016
1.4280	6883
1.4320	6730
1.4360	7040
1.4400	6974
1.4440	6608
1.4480	6770
1.4520	6712
1.4560	6873
1.4600	6780
1.4640	6710
1.4680	7134
1.4720	7212
1.4760	6771
1.4800	6740
1.4840	6799
1.4880	6816
1.4920	6862
1.4960	6992
1.5000	7499
1.5040	7268
1.5080	7489
1.5120	6678
1.5160	6685
1.5200	7316
1.5240	7372
1.5280	6955
1.5320	7090
1.5360	7423
1.5400	7011
1.5440	7290
1.5480	6833
1.5520	6603
1.5560	7367
1.5600	7101
1.5640	7358
1.5680	7498
1.5720	7527
1.5760	7326
1.5800	7346
1.5840	7426
1.5880	7380
1.5920	7315
1.5960	7308
1.6000	7129
1.6040	7382
1.6080	7324
1.6120	7433
1.6160	7517
1.6200	7454
1.6240	6946
1.6280	7208
1.6320	7472
1.6360	7367
1.6400	7435
1.6440	7375
1.6480	7057
1.6520	7506
1.6560	6782
1.6600	7229
1.6640	7186
1.6680	7499
1.6720	6733
1.6760	7275
1.6800	6972
1.6840	7442
1.6880	7261
1.6920	7058
1.6960	6805
1.7000	7136
1.7040	7340
1.7080	6694
1.7120	6390
1.7160	7160
1.7200	7333
1.7240	6575
1.7280	6716
1.7320	7256
1.7360	7036
1.7400	6425
1.7440	7000
1.7480	6967
1.7520	6749
1.7560	6706
1.7600	6991
1.7640	6590
1.7680	7031
1.7720	7317
1.7760	6529
1.7800	6924
1.7840	7065
1.7880	7442
1.7920	6909
1.7960	7065
1.8000	6691
1.8040	7105
1.8080	7341
1.8120	6858
1.8160	6694
1.8200	6735
1.8240	7454
1.8280	7420
1.8320	7058
1.8360	7376
1.8400	6857
1.8440	7789
1.8480	7003
1.8520	6769
1.8560	6762
1.8600	7304
1.8640	6612
1.8680	6627
1.8720	6565
1.8760	6827
1.8800	7099
1.8840	7371
1.8880	6856
1.8920	6749
1.8960	7206
1.9000	7406
1.9040	6649
1.9080	6760
1.9120	7208
1.9160	7380
1.9200	6460
1.9240	7037
1.9280	7151
1.9320	7451
1.9360	7120
1.9400	6493
1.9440	6623
1.9480	7110
1.9520	7102
1.9560	6776
1.9600	6406
1.9640	6645
1.9680	6414
1.9720	7360
1.9760	6668
1.9800	6763
1.9840	7360
1.9880	7371
1.9920	7316
1.9960	7285
2.0000	7422
2.0040	6730
2.0080	7082
2.0120	6791
2.0160	6663
2.0200	7574
2.0240	7442
2.0280	6801
2.0320	6683
2.0360	6582
2.0400	7276
2.0440	7426
2.0480	7131
2.0520	7073
2.0560	7039
2.0600	7154
2.0640	6455
2.0680	6992
2.0720	6552
2.0760	7153
2.0800	6526
2.0840	6723
2.0880	7561
2.0920	7169
2.0960	6696
2.1000	6546
2.1040	6812
2.1080	7168
2.1120	7419
2.1160	6840
2.1200	6923
2.1240	6669
2.1280	7240
2.1320	6462
2.1360	6823
2.1400	6621
2.1440	6899
2.1480	6543
2.1520	6898
2.1560	7316
2.1600	6762
2.1640	7034
2.1680	6588
2.1720	6663
2.1760	6660
2.1800	6621
2.1840	6524
2.1880	6728
2.1920	6737
2.1960	7092
2.2000	6818
2.2040	7530
2.2080	6714
2.2120	7430
2.2160	6751
2.2200	6868
2.2240	6679
2.2280	6811
2.2320	6698
2.2360	6662
2.2400	6673
2.2440	6822
2.2480	6612
2.2520	7276
2.2560	6640
2.2600	6894
2.2640	6520
2.2680	6892
2.2720	6530
2.2760	7168
2.2800	7362
2.2840	6999
2.2880	6794
2.2920	7392
2.2960	7111
2.3000	6584
2.3040	6731
2.3080	6850
2.3120	6644
2.3160	7331
2.3200	7216
2.3240	6912
2.3280	6607
2.3320	7232
2.3360	7162
2.3400	6846
2.3440	6979
2.3480	7605
2.3520	7443
2.3560	7460
2.3600	7403
2.3640	7154
2.3680	6913
2.3720	7076
2.3760	7125
2.3800	7151
2.3840	6822
2.3880	7378
2.3920	7176
2.3960	7286
2.4000	7290
2.4040	7285
2.4080	7269
2.4120	7119
2.4160	7154
2.4200	7356
2.4240	7376
2.4280	7073
2.4320	7479
2.4360	7023
2.4400	7372
2.4440	7103
2.4480	7268
2.4520	6760
2.4560	7310
2.4600	6771
2.4640	7420
2.4680	7155
2.4720	7085
2.4760	6949
2.4800	7305
2.4840	7082
2.4880	6545
2.4920	6568
2.4960	7350
2.5000	6853
2.5040	6878
2.5080	6666
2.5120	7392
2.5160	7649
2.5200	6735
2.5240	6874
2.5280	6770
2.5320	7464
2.5360	7555
2.5400	7108
2.5440	6843
2.5480	6755
2.5520	7566
2.5560	6905
2.5600	7152
2.5640	6743
2.5680	7335
2.5720	6806
2.5760	6716
2.5800	6975
2.5840	6947
2.5880	6652
2.5920	6782
2.5960	6555
2.6000	6651
2.6040	6778
2.6080	6613
2.6120	6963
2.6160	6530
2.6200	7437
2.6240	7117
2.6280	7100
2.6320	6745
2.6360	6944
2.6400	6747
2.6440	6657
2.6480	6584
2.6520	6780
2.6560	7217
2.6600	7249
2.6640	6819
2.6680	7387
2.6720	7015
2.6760	7387
2.6800	7170
2.6840	6668
2.6880	7020
2.6920	7356
2.6960	6992
2.7000	6973
2.7040	6983
2.7080	7379
2.7120	7523
2.7160	7366
2.7200	7172
2.7240	7310
2.7280	7480
2.7320	7094
2.7360	7017
2.7400	7518
2.7440	7609
2.7480	7327
2.7520	7097
2.7560	7364
2.7600	7064
2.7640	7406
2.7680	7371
2.7720	7077
2.7760	6931
2.7800	7201
2.7840	7289
2.7880	7453
2.7920	7158
2.7960	7100
2.8000	6759
2.8040	7375
2.8080	7318
2.8120	7333
2.8160	7191
2.8200	7152
2.8240	7383
2.8280	7159
2.8320	7406
2.8360	7328
2.8400	6928
2.8440	6955
2.8480	6738
2.8520	7292
2.8560	7171
2.8600	6929
2.8640	7527
2.8680	7382
2.8720	7425
2.8760	7303
2.8800	7399
2.8840	7147
2.8880	6756
2.8920	7196
2.8960	7236
2.9000	7060
2.9040	7500
2.9080	7433
2.9120	6916
2.9160	6841
2.9200	7591
2.9240	7402
2.9280	6736
2.9320	6704
2.9360	7140
2.9400	6891
2.9440	7378
2.9480	7219
2.9520	6723
2.9560	6646
2.9600	7378
2.9640	6894
2.9680	6811
2.9720	6664
2.9760	6962
2.9800	6669
2.9840	6610
2.9880	7508
2.9920	6697
2.9960	6767
3.0000	6621
3.0040	6639
3.0080	6670
3.0120	6752
3.0160	6837
3.0200	6651
3.0240	7250
3.0280	7544
3.0320	6653
3.0360	7231
3.0400	6662
3.0440	7198
3.0480	7201
3.0520	6620
3.0560	6591
3.0600	7275
3.0640	7406
3.0680	6890
3.0720	6887
3.0760	6748
3.0800	7167
3.0840	7355
3.0880	6764
3.0920	6721
3.0960	7306
3.1000	7069
3.1040	7420
3.1080	6648
3.1120	6826
3.1160	7245
3.1200	7085
3.1240	6995
3.1280	7322
3.1320	7261
3.1360	7393
3.1400	7255
3.1440	7214
3.1480	7191
3.1520	7472
3.1560	7063
3.1600	6577
3.1640	7198
3.1680	6771
3.1720	6832
3.1760	7198
3.1800	7043
3.1840	7312
3.1880	7208
3.1920	7427
3.1960	7068
3.2000	7423
3.2040	6912
3.2080	6596
3.2120	7280
3.2160	6490
3.2200	7529
3.2240	7256
3.2280	7505
3.2320	7551
3.2360	7553
3.2400	7542
3.2440	7284
3.2480	7321
3.2520	6890
3.2560	6887
3.2600	7560
3.2640	7551
3.2680	7420
3.2720	7550
3.2760	7353
3.2800	7310
3.2840	7179
3.2880	7129
3.2920	7042
3.2960	7350
3.3000	7323
3.3040	6865
3.3080	7351
3.3120	6812
3.3160	7293
3.3200	6550
3.3240	6644
3.3280	7173
3.3320	7313
3.3360	6875
3.3400	6724
3.3440	6805
3.3480	7435
3.3520	7107
3.3560	6790
3.3600	7290
3.3640	6594
3.3680	7530
3.3720	6990
3.3760	6587
3.3800	7055
3.3840	7476
3.3880	7407
3.3920	7147
3.3960	6701
3.4000	7062
3.4040	6753
3.4080	7325
3.4120	7072
3.4160	7314
3.4200	7413
3.4240	7315
3.4280	7146
3.4320	6745
3.4360	6571
3.4400	6817
3.4440	6702
3.4480	7017
3.4520	7320
3.4560	7218
3.4600	7140
3.4640	6648
3.4680	6490
3.4720	6762
3.4760	6759
3.4800	6734
3.4840	6522
3.4880	7459
3.4920	6658
3.4960	7269
3.5000	6473
3.5040	6623
3.5080	7035
3.5120	6858
3.5160	6581
3.5200	6684
3.5240	7284
3.5280	6830
3.5320	6570
3.5360	7574
3.5400	6572
3.5440	6882
3.5480	6880
3.5520	6631
3.5560	7259
3.5600	6906
3.5640	7364
3.5680	7489
3.5720	7201
3.5760	7446
3.5800	6827
3.5840	6844
3.5880	7173
3.5920	7244
3.5960	7541
3.6000	7347
3.6040	7299
3.6080	7671
3.6120	6700
3.6160	7149
3.6200	6660
3.6240	6789
3.6280	7435
3.6320	7394
3.6360	7049
3.6400	7385
3.6440	7463
3.6480	7469
3.6520	7419
3.6560	7094
3.6600	6650
3.6640	6823
3.6680	7260
3.6720	6864
3.6760	6981
3.6800	7263
3.6840	7293
3.6880	6709
3.6920	6667
3.6960	7027
3.7000	7336
3.7040	6661
3.7080	6702
3.7120	7190
3.7160	7382
3.7200	7218
3.7240	6773
3.7280	6595
3.7320	6751
3.7360	7382
3.7400	7380
3.7440	6574
3.7480	6686
3.7520	7470
3.7560	7273
3.7600	6560
3.7640	6697
3.7680	7432
3.7720	7281
3.7760	7092
3.7800	6678
3.7840	6817
3.7880	6703
3.7920	7491
3.7960	7352
3.8000	6850
3.8040	7314
3.8080	7073
3.8120	7011
3.8160	6784
3.8200	7334
3.8240	7482
3.8280	7136
3.8320	7179
3.8360	7051
3.8400	6822
3.8440	7118
3.8480	6944
3.8520	6438
3.8560	6883
3.8600	7272
3.8640	7487
3.8680	6606
3.8720	7366
3.8760	7262
3.8800	7342
3.8840	6929
3.8880	6661
3.8920	6367
3.8960	7352
3.9000	7359
3.9040	7170
3.9080	6651
3.9120	7264
3.9160	6672
3.9200	7341
3.9240	6664
3.9280	6680
3.9320	7079
3.9360	7470
3.9400	7099
3.9440	6933
3.9480	7482
3.9520	7306
3.9560	7444
3.9600	6639
3.9640	6743
3.9680	7063
3.9720	7003
3.9760	6969
3.9800	7253
3.9840	7225
3.9880	7407
3.9920	6934
3.9960	6631
4.0000	6652
4.0040	7026
4.0080	7279
4.0120	6857
4.0160	6874
4.0200	7354
4.0240	7326
4.0280	6752
4.0320	6520
4.0360	7045
4.0400	7372
4.0440	7168
4.0480	6933
4.0520	6662
4.0560	7318
4.0600	7346
4.0640	6836
4.0680	6690
4.0720	6733
4.0760	7552
4.0800	7389
4.0840	6743
4.0880	6594
4.0920	7509
4.0960	7467
4.1000	7082
4.1040	6746
4.1080	7308
4.1120	7077
4.1160	6664
4.1200	6995
4.1240	7496
4.1280	7508
4.1320	7417
4.1360	7014
4.1400	6681
4.1440	7258
4.1480	7438
4.1520	7060
4.1560	6971
4.1600	6867
4.1640	6894
4.1680	7076
4.1720	6518
4.1760	6773
4.1800	7304
4.1840	7443
4.1880	7313
4.1920	7283
4.1960	7285
4.2000	7282
4.2040	6826
4.2080	6451
4.2120	6748
4.2160	7544
4.2200	7305
4.2240	7370
4.2280	7309
4.2320	7397
4.2360	7249
4.2400	6768
4.2440	6596
4.2480	7073
4.2520	7201
4.2560	6962
4.2600	7279
4.2640	7125
4.2680	7375
4.2720	7290
4.2760	6720
4.2800	6800
4.2840	6968
4.2880	6814
4.2920	6732
4.2960	7100
4.3000	7128
4.3040	6931
4.3080	7170
4.3120	6747
4.3160	6628
4.3200	6993
4.3240	6816
4.3280	6788
4.3320	7228
4.3360	7466
4.3400	7527
4.3440	7252
4.3480	6669
4.3520	6647
4.3560	6506
4.3600	6844
4.3640	6727
4.3680	6778
4.3720	7361
4.3760	7198
4.3800	7050
4.3840	6710
4.3880	6643
4.3920	6680
4.3960	6805
4.4000	6726
4.4040	6834
4.4080	7291
4.4120	7286
4.4160	6371
4.4200	6602
4.4240	6499
4.4280	6673
4.4320	6971
4.4360	6948
4.4400	6684
4.4440	7505
4.4480	7031
4.4520	7277
4.4560	6714
4.4600	6614
4.4640	6834
4.4680	6841
4.4720	7091
4.4760	6778
4.4800	7436
4.4840	7509
4.4880	7490
4.4920	6992
4.4960	6655
4.5000	7066
4.5040	6739
4.5080	6806
4.5120	7023
4.5160	7117
4.5200	6901
4.5240	7554
4.5280	7334
4.5320	7310
4.5360	6672
4.5400	6653
4.5440	6816
4.5480	7271
4.5520	7217
4.5560	7395
4.5600	7182
4.5640	7079
4.5680	7148
4.5720	7283
4.5760	6777
4.5800	6508
4.5840	7472
4.5880	6696
4.5920	7360
4.5960	6911
4.6000	7229
4.6040	6885
4.6080	6866
4.6120	7156
4.6160	6631
4.6200	6716
4.6240	7388
4.6280	6624
4.6320	7567
4.6360	7214
4.6400	7277
4.6440	7516
4.6480	6892
4.6520	6782
4.6560	6973
4.6600	7497
4.6640	7456
4.6680	7412
4.6720	7538
4.6760	7484
4.6800	7243
4.6840	6645
4.6880	6563
4.6920	7353
4.6960	7312
4.7000	6781
4.7040	6591
4.7080	7337
4.7120	7258
4.7160	6678
4.7200	6767
4.7240	6391
4.7280	7256
4.7320	7301
4.7360	6434
4.7400	6799
4.7440	6643
4.7480	7173
4.7520	7279
4.7560	6902
4.7600	6794
4.7640	6777
4.7680	6698
4.7720	6662
4.7760	6504
4.7800	6582
4.7840	6900
4.7880	6749
4.7920	6516
4.7960	6693
4.8000	6768
4.8040	6858
4.8080	6710
4.8120	6850
4.8160	6776
4.8200	6815
4.8240	6642
4.8280	6941
4.8320	7268
4.8360	6870
4.8400	6868
4.8440	6851
4.8480	6713
4.8520	7295
4.8560	6883
4.8600	6895
4.8640	7024
4.8680	7372
4.8720	7201
4.8760	7029
4.8800	6737
4.8840	6704
4.8880	7106
4.8920	7093
4.8960	6777
4.9000	6587
4.9040	7050
4.9080	7322
4.9120	7375
4.9160	7436
4.9200	7101
4.9240	6514
4.9280	6904
4.9320	7483
4.9360	7516
4.9400	7175
4.9440	7525
4.9480	7367
4.9520	7364
4.9560	7240
4.9600	7081
4.9640	6709
4.9680	7409
4.9720	7411
4.9760	7311
4.9800	7435
4.9840	7491
4.9880	7342
4.9920	7196
4.9960	7478
5.0000	7383
5.0040	7122
5.0080	7469
5.0120	7369
5.0160	7379
5.0200	7388
5.0240	7074
5.0280	7149
5.0320	7459
5.0360	7500
5.0400	7254
5.0440	7086
5.0480	7412
5.0520	7555
5.0560	6729
5.0600	6856
5.0640	7235
5.0680	7081
5.0720	6705
5.0760	6926
5.0800	6835
5.0840	6690
5.0880	6925
5.0920	7153
5.0960	6684
5.1000	7355
5.1040	7183
5.1080	6808
5.1120	6937
5.1160	7110
5.1200	7187
5.1240	6725
5.1280	6540
5.1320	7028
5.1360	6974
5.1400	6748
5.1440	7009
5.1480	7083
5.1520	6881
5.1560	7388
5.1600	6974
5.1640	7047
5.1680	6595
5.1720	7017
5.1760	6856
5.1800	6752
5.1840	6649
5.1880	7275
5.1920	7126
5.1960	6726
5.2000	6658
5.2040	6763
5.2080	7140
5.2120	6956
5.2160	6493
5.2200	7121
5.2240	7572
5.2280	7243
5.2320	6521
5.2360	6598
5.2400	7463
5.2440	7388
5.2480	6588
5.2520	6839
5.2560	6829
5.2600	7386
5.2640	7014
5.2680	6564
5.2720	7028
5.2760	7125
5.2800	7185
5.2840	6999
5.2880	6830
5.2920	6851
5.2960	7264
5.3000	7129
5.3040	6691
5.3080	6893
5.3120	7350
5.3160	7265
5.3200	6752
5.3240	6825
5.3280	7231
5.3320	7510
5.3360	7370
5.3400	7451
5.3440	7088
5.3480	7400
5.3520	7339
5.3560	6599
5.3600	7039
5.3640	6977
5.3680	7442
5.3720	6825
5.3760	6910
5.3800	7505
5.3840	7535
5.3880	6972
5.3920	6690
5.3960	6685
5.4000	7303
5.4040	7020
5.4080	7382
5.4120	6608
5.4160	7290
5.4200	7269
5.4240	6710
5.4280	6641
5.4320	6488
5.4360	7049
5.4400	7066
5.4440	7343
5.4480	6993
5.4520	7270
5.4560	7051
5.4600	7232
5.4640	6669
5.4680	7036
5.4720	6659
5.4760	7399
5.4800	7172
5.4840	7444
5.4880	6956
5.4920	6712
5.4960	6590
5.5000	6520
5.5040	6538
5.5080	6613
5.5120	6696
5.5160	7095
5.5200	7209
5.5240	7320
5.5280	7303
5.5320	6692
5.5360	7015
5.5400	6737
5.5440	7290
5.5480	6965
5.5520	6690
5.5560	6887
5.5600	7091
5.5640	6965
5.5680	6803
5.5720	6628
5.5760	6658
5.5800	6750
5.5840	7309
5.5880	6672
5.5920	6623
5.5960	7296
5.6000	7329
5.6040	6603
5.6080	6747
5.6120	6503
5.6160	6625
5.6200	6608
5.6240	7504
5.6280	7211
5.6320	6908
5.6360	6955
5.6400	6914
5.6440	6673
5.6480	6734
5.6520	6882
5.6560	6818
5.6600	7028
5.6640	7016
5.6680	7396
5.6720	6651
5.6760	6673
5.6800	6645
5.6840	7001
5.6880	7156
5.6920	6963
5.6960	6535
5.7000	7382
5.7040	6811
5.7080	7453
5.7120	6572
5.7160	6881
5.7200	7508
5.7240	6843
5.7280	6631
5.7320	7090
5.7360	7457
5.7400	7383
5.7440	7557
5.7480	7116
5.7520	6846
5.7560	7012
5.7600	6524
5.7640	6747
5.7680	7337
5.7720	6520
5.7760	7009
5.7800	6871
5.7840	7099
5.7880	7304
5.7920	6701
5.7960	6594
5.8000	6460
5.8040	7268
5.8080	6987
5.8120	7367
5.8160	6417
5.8200	6918
5.8240	7104
5.8280	7512
5.8320	6696
5.8360	7045
5.8400	6948
5.8440	7430
5.8480	7301
5.8520	6568
5.8560	6949
5.8600	7382
5.8640	7176
5.8680	6679
5.8720	6671
5.8760	6931
5.8800	7456
5.8840	7011
5.8880	6712
5.8920	6933
5.8960	7444
5.9000	6811
5.9040	6976
5.9080	6826
5.9120	7437
5.9160	6811
5.9200	7030
5.9240	6592
5.9280	7464
5.9320	7484
5.9360	6758
5.9400	6701
5.9440	6789
5.9480	7181
5.9520	7415
5.9560	6518
5.9600	6651
5.9640	6910
5.9680	7288
5.9720	6744
5.9760	6900
5.9800	6519
5.9840	7045
5.9880	6904
5.9920	7060
5.9960	6509
6.0000	6702
6.0040	7190
6.0080	7006
6.0120	6627
6.0160	6704
6.0200	7356
6.0240	7180
6.0280	6696
6.0320	6983
6.0360	6810
6.0400	6744
6.0440	6725
6.0480	6901
6.0520	6954
6.0560	7123
6.0600	7509
6.0640	6937
6.0680	6892
6.0720	7427
6.0760	7293
6.0800	6648
6.0840	6571
6.0880	7244
6.0920	7406
6.0960	7125
6.1000	6853
6.1040	6692
6.1080	7354
6.1120	7486
6.1160	7165
6.1200	6559
6.1240	6516
6.1280	7167
6.1320	7516
6.1360	7158
6.1400	6988
6.1440	7207
6.1480	7198
6.1520	6835
6.1560	6647
6.1600	6571
6.1640	7000
6.1680	7386
6.1720	7024
6.1760	6859
6.1800	7394
6.1840	7037
6.1880	6813
6.1920	6625
6.1960	6994
6.2000	6856
6.2040	6710
6.2080	6726
6.2120	7277
6.2160	7407
6.2200	7323
6.2240	6674
6.2280	6632
6.2320	6976
6.2360	7028
6.2400	6699
6.2440	6716
6.2480	7427
6.2520	7114
6.2560	7536
6.2600	6788
6.2640	6582
6.2680	7173
6.2720	6739
6.2760	6701
6.2800	6665
6.2840	6777
6.2880	7236
6.2920	7260
6.2960	6790
6.3000	6593
6.3040	6651
6.3080	6492
6.3120	6576
6.3160	6424
6.3200	6958
6.3240	6807
6.3280	6644
6.3320	7196
6.3360	7289
6.3400	6817
6.3440	6942
6.3480	7011
6.3520	6580
6.3560	6640
6.3600	6674
6.3640	6641
6.3680	6816
6.3720	7050
6.3760	7527
6.3800	6584
6.3840	6777
6.3880	6534
6.3920	6685
6.3960	6585
6.4000	6645
6.4040	6699
6.4080	7521
6.4120	7304
6.4160	7446
6.4200	6720
6.4240	6929
6.4280	6829
6.4320	6969
6.4360	6598
6.4400	7049
6.4440	7313
6.4480	7090
6.4520	7040
6.4560	7171
6.4600	7403
6.4640	7027
6.4680	6697
6.4720	7221
6.4760	6947
6.4800	7444
6.4840	6572
6.4880	6646
6.4920	7431
6.4960	6985
6.5000	7310
6.5040	6512
6.5080	6853
6.5120	6696
6.5160	6902
6.5200	6565
6.5240	7053
6.5280	6590
6.5320	7271
6.5360	7276
6.5400	6613
6.5440	6576
6.5480	6586
6.5520	6614
6.5560	6661
6.5600	6631
6.5640	6842
6.5680	7221
6.5720	7481
6.5760	6747
6.5800	6587
6.5840	6592
6.5880	6599
6.5920	6622
6.5960	6671
6.6000	7184
6.6040	7117
6.6080	6696
6.6120	6585
6.6160	6747
6.6200	7382
6.6240	7038
6.6280	6755
6.6320	6654
6.6360	6715
6.6400	7092
6.6440	6784
6.6480	6686
6.6520	6534
6.6560	7231
6.6600	7394
6.6640	6894
6.6680	6678
6.6720	6706
6.6760	7382
6.6800	6768
6.6840	6433
6.6880	6516
6.6920	6818
6.6960	7370
6.7000	7346
6.7040	6708
6.7080	6601
6.7120	7253
6.7160	7405
6.7200	6698
6.7240	6515
6.7280	7546
6.7320	7382
6.7360	6819
6.7400	7018
6.7440	7530
6.7480	7449
6.7520	7048
6.7560	6473
6.7600	6648
6.7640	6834
6.7680	7591
6.7720	7093
6.7760	7039
6.7800	7267
6.7840	7207
6.7880	6700
6.7920	7190
6.7960	6732
6.8000	7475
6.8040	7493
6.8080	7336
6.8120	7432
6.8160	7498
6.8200	7366
6.8240	6457
6.8280	6829
6.8320	6586
6.8360	7156
6.8400	7286
6.8440	7370
6.8480	6704
6.8520	6868
6.8560	6910
6.8600	6548
6.8640	6619
6.8680	6974
6.8720	6794
6.8760	6648
6.8800	6438
6.8840	7059
6.8880	7019
6.8920	6874
6.8960	6432
6.9000	6486
6.9040	6666
6.9080	6963
6.9120	6570
6.9160	6621
6.9200	7011
6.9240	7349
6.9280	6937
6.9320	6783
6.9360	6716
6.9400	6522
6.9440	6797
6.9480	6602
6.9520	7198
6.9560	7071
6.9600	7180
6.9640	6972
6.9680	6530
6.9720	6801
6.9760	6600
6.9800	6789
6.9840	6700
6.9880	7013
6.9920	7324
6.9960	6865
7.0000	6561
7.0040	6594
7.0080	6638
7.0120	6989
7.0160	6751
7.0200	6716
7.0240	7161
7.0280	7334
7.0320	7352
7.0360	6617
7.0400	6717
7.0440	6785
7.0480	6508
7.0520	6998
7.0560	6928
7.0600	6787
7.0640	7366
7.0680	7016
7.0720	7365
7.0760	6587
7.0800	6704
7.0840	6503
7.0880	6847
7.0920	6530
7.0960	6830
7.1000	7260
7.1040	7508
7.1080	7211
7.1120	7308
7.1160	7024
7.1200	6610
7.1240	6852
7.1280	6733
7.1320	7339
7.1360	7552
7.1400	7358
7.1440	7608
7.1480	7289
7.1520	7517
7.1560	7009
7.1600	6731
7.1640	6645
7.1680	6788
7.1720	6967
7.1760	6906
7.1800	6699
7.1840	7378
7.1880	6874
7.1920	7278
7.1960	6691
7.2000	6743
7.2040	6653
7.2080	7196
7.2120	7113
7.2160	6479
7.2200	6578
7.2240	7368
7.2280	7398
7.2320	6670
7.2360	6884
7.2400	6476
7.2440	7027
7.2480	6505
7.2520	6698
7.2560	6454
7.2600	6816
7.2640	6997
7.2680	6753
7.2720	6587
7.2760	7139
7.2800	7112
7.2840	6709
7.2880	7400
7.2920	6721
7.2960	6827
7.3000	6656
7.3040	6718
7.3080	6823
7.3120	7471
7.3160	7208
7.3200	6900
7.3240	7436
7.3280	6734
7.3320	7460
7.3360	6943
7.3400	6974
7.3440	6692
7.3480	7373
7.3520	7425
7.3560	6823
7.3600	7430
7.3640	6654
7.3680	7477
7.3720	6783
7.3760	6916
7.3800	6427
7.3840	7461
7.3880	7076
7.3920	6430
7.3960	6482
7.4000	6908
7.4040	7328
7.4080	7178
7.4120	6476
7.4160	6830
7.4200	7119
7.4240	6786
7.4280	6755
7.4320	6632
7.4360	7362
7.4400	7534
7.4440	6685
7.4480	7075
7.4520	7224
7.4560	6978
7.4600	6998
7.4640	6630
7.4680	6738
7.4720	7513
7.4760	7557
7.4800	6964
7.4840	6902
7.4880	7512
7.4920	7379
7.4960	6685
7.5000	6551
7.5040	6752
7.5080	7579
7.5120	7351
7.5160	7558
7.5200	7226
7.5240	7360
7.5280	7316
7.5320	6628
7.5360	6543
7.5400	6609
7.5440	6648
7.5480	6841
7.5520	7068
7.5560	7082
7.5600	7272
7.5640	7263
7.5680	6749
7.5720	6641
7.5760	6907
7.5800	6898
7.5840	6533
7.5880	7371
7.5920	7254
7.5960	7513
7.6000	7070
7.6040	6686
7.6080	7082
7.6120	7146
7.6160	6486
7.6200	6657
7.6240	6860
7.6280	7520
7.6320	7603
7.6360	6931
7.6400	6653
7.6440	6805
7.6480	7215
7.6520	6812
7.6560	6968
7.6600	6768
7.6640	6764
7.6680	7340
7.6720	7428
7.6760	6726
7.6800	6589
7.6840	6614
7.6880	6983
7.6920	6647
7.6960	7141
7.7000	6938
7.7040	6778
7.7080	7145
7.7120	6930
7.7160	6762
7.7200	6600
7.7240	6434
7.7280	6804
7.7320	6432
7.7360	7351
7.7400	7279
7.7440	7068
7.7480	6801
7.7520	6710
7.7560	6568
7.7600	6566
7.7640	6774
7.7680	7016
7.7720	7260
7.7760	7033
7.7800	7328
7.7840	6562
7.7880	6506
7.7920	6996
7.7960	6728
7.8000	6406
7.8040	6796
7.8080	7306
7.8120	6901
7.8160	7098
7.8200	7239
7.8240	6677
7.8280	6710
7.8320	6606
7.8360	6967
7.8400	7391
7.8440	7417
7.8480	7512
7.8520	7104
7.8560	6824
7.8600	7169
7.8640	7103
7.8680	6752
7.8720	6925
7.8760	7368
7.8800	6983
7.8840	7408
7.8880	6589
7.8920	6429
7.8960	7242
7.9000	7224
7.9040	6540
7.9080	7262
7.9120	6674
7.9160	7083
7.9200	6991
7.9240	6519
7.9280	6528
7.9320	7303
7.9360	7087
7.9400	7115
7.9440	7109
7.9480	6642
7.9520	7386
7.9560	7517
7.9600	6704
7.9640	6679
7.9680	6810
7.9720	6620
7.9760	7272
7.9800	6852
7.9840	7280
7.9880	7320
7.9920	6489
7.9960	6727
8.0000	7301
8.0040	7114
8.0080	6756
8.0120	7097
8.0160	6916
8.0200	7359
8.0240	7411
8.0280	6856
8.0320	6803
8.0360	7495
8.0400	7454
8.0440	6625
8.0480	7087
8.0520	6528
8.0560	7201
8.0600	7317
8.0640	7404
8.0680	6959
8.0720	6900
8.0760	7439
8.0800	6714
8.0840	7237
8.0880	6715
8.0920	7283
8.0960	7208
8.1000	7487
8.1040	7468
8.1080	7062
8.1120	7014
8.1160	6836
8.1200	6612
8.1240	6445
8.1280	7448
8.1320	7043
8.1360	7615
8.1400	7127
8.1440	7295
8.1480	7454
8.1520	6686
8.1560	6626
8.1600	6510
8.1640	7466
8.1680	7302
8.1720	7568
8.1760	6835
8.1800	7424
8.1840	6898
8.1880	7563
8.1920	6757
8.1960	7005
8.2000	6926
8.2040	7469
8.2080	7471
8.2120	6990
8.2160	7177
8.2200	7493
8.2240	7400
8.2280	6621
8.2320	6700
8.2360	7078
8.2400	7315
8.2440	7116
8.2480	6740
8.2520	6824
8.2560	6846
8.2600	6581
8.2640	6810
8.2680	6661
8.2720	7004
8.2760	6804
8.2800	6695
8.2840	6627
8.2880	6997
8.2920	6859
8.2960	6670
8.3000	6881
8.3040	6535
8.3080	7500
8.3120	6780
8.3160	7403
8.3200	6835
8.3240	7181
8.3280	6854
8.3320	7318
8.3360	7349
8.3400	6675
8.3440	7387
8.3480	7523
8.3520	6602
8.3560	7235
8.3600	6580
8.3640	6795
8.3680	6902
8.3720	7170
8.3760	7045
8.3800	7453
8.3840	6826
8.3880	6712
8.3920	6757
8.3960	6685
8.4000	6749
8.4040	6844
8.4080	7000
8.4120	6799
8.4160	6973
8.4200	7021
8.4240	6867
8.4280	7362
8.4320	7437
8.4360	6582
8.4400	6668
8.4440	6996
8.4480	7361
8.4520	6587
8.4560	6600
8.4600	7099
8.4640	7477
8.4680	7297
8.4720	7329
8.4760	6416
8.4800	6692
8.4840	7328
8.4880	7534
8.4920	7272
8.4960	7455
8.5000	7370
8.5040	7217
8.5080	7162
8.5120	7261
8.5160	7375
8.5200	7539
8.5240	7485
8.5280	7574
8.5320	7534
8.5360	7306
8.5400	7223
8.5440	7002
8.5480	7457
8.5520	7004
8.5560	7331
8.5600	7064
8.5640	7359
8.5680	7462
8.5720	7531
8.5760	7116
8.5800	6734
8.5840	7531
8.5880	7205
8.5920	7405
8.5960	6929
8.6000	7296
8.6040	7311
8.6080	7517
8.6120	7104
8.6160	6598
8.6200	6586
8.6240	6903
8.6280	7290
8.6320	7222
8.6360	7259
8.6400	7315
8.6440	7131
8.6480	6499
8.6520	6696
8.6560	6454
8.6600	6928
8.6640	6587
8.6680	7048
8.6720	6910
8.6760	7401
8.6800	6923
8.6840	6925
8.6880	7146
8.6920	6416
8.6960	6913
8.7000	6685
8.7040	6557
8.7080	6842
8.7120	7469
8.7160	7546
8.7200	6756
8.7240	7085
8.7280	6919
8.7320	6922
8.7360	6787
8.7400	6958
8.7440	6711
8.7480	7408
8.7520	7624
8.7560	6951
8.7600	6995
8.7640	6581
8.7680	6739
8.7720	6634
8.7760	6769
8.7800	6687
8.7840	7219
8.7880	7135
8.7920	6982
8.7960	6599
8.8000	6604
8.8040	7059
8.8080	6772
8.8120	6401
8.8160	7451
8.8200	6758
8.8240	7346
8.8280	6660
8.8320	6796
8.8360	7301
8.8400	7269
8.8440	6973
8.8480	6605
8.8520	7170
8.8560	6796
8.8600	6615
8.8640	6937
8.8680	6750
8.8720	7550
8.8760	7068
8.8800	6900
8.8840	6496
8.8880	7315
8.8920	6729
8.8960	6767
8.9000	7416
8.9040	6991
8.9080	7423
8.9120	7051
8.9160	7282
8.9200	6725
8.9240	7213
8.9280	6719
8.9320	7172
8.9360	6970
8.9400	7479
8.9440	7461
8.9480	6999
8.9520	6751
8.9560	7003
8.9600	7473
8.9640	6923
8.9680	7262
8.9720	6884
8.9760	7188
8.9800	7179
8.9840	6963
8.9880	7101
8.9920	6757
8.9960	7059
9.0000	7291
9.0040	7014
9.0080	6844
9.0120	7299
9.0160	7194
9.0200	7283
9.0240	6419
9.0280	6635
9.0320	7026
9.0360	7566
9.0400	6971
9.0440	6943
9.0480	7187
9.0520	6747
9.0560	6956
9.0600	6677
9.0640	6852
9.0680	7016
9.0720	7195
9.0760	7137
9.0800	6981
9.0840	6917
9.0880	6710
9.0920	6763
9.0960	6674
9.1000	7023
9.1040	7124
9.1080	6666
9.1120	6781
9.1160	6933
9.1200	7036
9.1240	6648
9.1280	6689
9.1320	6768
9.1360	6708
9.1400	7088
9.1440	7285
9.1480	7342
9.1520	7273
9.1560	6747
9.1600	6638
9.1640	6572
9.1680	6597
9.1720	6561
9.1760	7050
9.1800	7239
9.1840	7396
9.1880	7533
9.1920	7123
9.1960	6714
9.2000	6976
9.2040	6782
9.2080	7002
9.2120	7386
9.2160	7312
9.2200	6720
9.2240	7142
9.2280	7279
9.2320	6895
9.2360	6925
9.2400	7429
9.2440	7520
9.2480	7610
9.2520	7363
9.2560	6904
9.2600	6607
9.2640	6861
9.2680	7169
9.2720	6721
9.2760	7260
9.2800	7295
9.2840	7432
9.2880	7530
9.2920	7073
9.2960	6755
9.3000	6982
9.3040	7365
9.3080	7041
9.3120	6654
9.3160	7148
9.3200	7340
9.3240	7379
9.3280	7169
9.3320	6642
9.3360	6965
9.3400	6951
9.3440	6582
9.3480	6905
9.3520	6736
9.3560	7097
9.3600	7240
9.3640	7476
9.3680	7185
9.3720	7480
9.3760	6662
9.3800	6662
9.3840	7186
9.3880	7401
9.3920	6725
9.3960	6618
9.4000	7437
9.4040	7451
9.4080	6811
9.4120	6632
9.4160	6631
9.4200	7258
9.4240	7309
9.4280	6681
9.4320	7237
9.4360	7179
9.4400	6909
9.4440	7280
9.4480	6968
9.4520	6579
9.4560	7410
9.4600	7056
9.4640	6813
9.4680	6727
9.4720	7187
9.4760	7560
9.4800	6851
9.4840	7161
9.4880	6549
9.4920	7277
9.4960	6976
9.5000	6703
9.5040	6652
9.5080	7316
9.5120	7454
9.5160	6606
9.5200	6774
9.5240	6866
9.5280	7532
9.5320	6714
9.5360	6759
9.5400	6690
9.5440	7459
9.5480	7255
9.5520	7074
9.5560	6518
9.5600	7153
9.5640	7293
9.5680	7170
9.5720	6514
9.5760	6830
9.5800	7371
9.5840	7440
9.5880	6721
9.5920	6985
9.5960	7594
9.6000	7281
9.6040	6852
9.6080	7280
9.6120	7395
9.6160	7497
9.6200	7394
9.6240	7439
9.6280	7430
9.6320	7237
9.6360	7387
9.6400	6774
9.6440	6850
9.6480	7346
9.6520	7396
9.6560	6944
9.6600	7365
9.6640	7043
9.6680	7517
9.6720	7409
9.6760	7350
9.6800	6575
9.6840	6879
9.6880	7079
9.6920	7417
9.6960	6836
9.7000	7492
9.7040	6969
9.7080	7612
9.7120	6995
9.7160	7081
9.7200	6797
9.7240	7119
9.7280	7196
9.7320	7431
9.7360	6819
9.7400	7131
9.7440	7416
9.7480	7515
9.7520	7192
9.7560	7012
9.7600	6829
9.7640	6544
9.7680	6714
9.7720	6972
9.7760	6891
9.7800	6656
9.7840	7492
9.7880	7428
9.7920	6997
9.7960	6589
9.8000	6833
9.8040	6847
9.8080	7142
9.8120	7481
9.8160	7201
9.8200	6825
9.8240	6665
9.8280	6684
9.8320	6717
9.8360	6687
9.8400	6431
9.8440	6787
9.8480	6810
9.8520	6697
9.8560	6760
9.8600	6914
9.8640	6512
9.8680	7111
9.8720	6592
9.8760	6683
9.8800	6725
9.8840	6652
9.8880	6699
9.8920	6970
9.8960	7055
9.9000	6848
9.9040	6883
9.9080	6722
9.9120	6891
9.9160	6836
9.9200	7196
9.9240	7150
9.9280	6784
9.9320	7463
9.9360	7490
9.9400	6674
9.9440	6794
9.9480	7561
9.9520	7466
9.9560	7113
9.9600	7353
9.9640	7526
9.9680	7662
9.9720	7575
9.9760	7447
9.9800	6594
9.9840	7110
9.9880	6777
9.9920	7321
9.9960	7352
10.0000	7210
10.0040	6651
10.0080	7105
10.0120	6509
10.0160	6736
10.0200	7301
10.0240	7307
10.0280	6879
10.0320	6951
10.0360	7037
10.0400	6701
10.0440	7387
10.0480	6624
10.0520	6653
10.0560	6908
10.0600	7111
10.0640	7233
10.0680	7436
10.0720	6428
10.0760	6674
10.0800	7369
10.0840	6740
10.0880	6423
10.0920	7241
10.0960	7497
10.1000	7306
10.1040	7163
10.1080	6791
10.1120	6714
10.1160	7229
10.1200	6531
10.1240	6585
10.1280	7010
10.1320	6894
10.1360	6601
10.1400	7123
10.1440	7214
10.1480	7022
10.1520	7467
10.1560	7034
10.1600	6928
10.1640	6732
10.1680	7205
10.1720	6860
10.1760	6997
10.1800	6980
10.1840	7215
10.1880	6690
10.1920	6924
10.1960	6790
10.2000	6912
10.2040	6826
10.2080	6895
10.2120	6678
10.2160	7561
10.2200	7219
10.2240	6817
10.2280	6791
10.2320	6746
10.2360	6873
10.2400	6651
10.2440	6845
10.2480	6689
10.2520	6659
10.2560	6976
10.2600	6753
10.2640	6656
10.2680	6605
10.2720	6727
10.2760	6653
10.2800	6781
10.2840	6817
10.2880	7273
10.2920	7357
10.2960	7025
10.3000	6962
10.3040	6651
10.3080	6792
10.3120	6587
10.3160	6630
10.3200	6438
10.3240	7221
10.3280	7355
10.3320	6865
10.3360	6923
10.3400	7525
10.3440	7517
10.3480	6805
10.3520	6622
10.3560	6913
10.3600	7223
10.3640	7342
10.3680	7032
10.3720	6751
10.3760	7373
10.3800	7133
10.3840	7034
10.3880	6563
10.3920	7161
10.3960	6996
10.4000	7394
10.4040	7302
10.4080	6990
10.4120	7333
10.4160	7345
10.4200	7580
10.4240	7004
10.4280	7363
10.4320	6752
10.4360	7310
10.4400	6921
10.4440	7274
10.4480	7422
10.4520	6948
10.4560	7062
10.4600	7282
10.4640	7323
10.4680	7157
10.4720	6767
10.4760	6750
10.4800	7274
10.4840	7305
10.4880	7335
10.4920	6645
10.4960	6573
10.5000	7455
10.5040	7329
10.5080	6693
10.5120	6525
10.5160	7378
10.5200	7550
10.5240	6965
10.5280	6651
10.5320	6574
10.5360	7255
10.5400	6930
10.5440	6535
10.5480	6557
10.5520	6973
10.5560	7021
10.5600	6695
10.5640	6725
10.5680	6808
10.5720	6935
10.5760	6569
10.5800	6669
10.5840	6831
10.5880	7131
10.5920	6667
10.5960	6879
10.6000	6692
10.6040	7180
10.6080	7109
10.6120	6629
10.6160	6997
10.6200	6482
10.6240	7133
10.6280	6649
10.6320	7209
10.6360	6639
10.6400	7571
10.6440	7206
10.6480	6917
10.6520	6602
10.6560	6859
10.6600	7052
10.6640	6670
10.6680	6658
10.6720	6749
10.6760	7476
10.6800	7479
10.6840	6763
10.6880	6700
10.6920	7478
10.6960	7510
10.7000	6690
10.7040	6868
10.7080	7386
10.7120	7468
10.7160	6920
10.7200	6654
10.7240	7001
10.7280	7301
10.7320	7230
10.7360	6820
10.7400	6533
10.7440	7317
10.7480	6672
10.7520	7239
10.7560	6540
10.7600	7004
10.7640	7317
10.7680	7340
10.7720	7248
10.7760	7246
10.7800	7378
10.7840	6548
10.7880	7416
10.7920	6821
10.7960	6866
10.8000	7441
10.8040	7409
10.8080	7171
10.8120	7409
10.8160	7310
10.8200	7112
10.8240	7458
10.8280	6839
10.8320	7060
10.8360	7548
10.8400	7333
10.8440	6671
10.8480	7134
10.8520	7420
10.8560	7486
10.8600	7383
10.8640	7204
10.8680	7296
10.8720	7170
10.8760	7248
10.8800	6785
10.8840	7228
10.8880	7309
10.8920	6825
10.8960	7118
10.9000	6481
10.9040	6991
10.9080	6984
10.9120	6642
10.9160	6801
10.9200	6920
10.9240	6445
10.9280	7537
10.9320	7416
10.9360	6879
10.9400	6848
10.9440	7530
10.9480	7070
10.9520	6966
10.9560	6670
10.9600	6937
10.9640	6897
10.9680	6650
10.9720	6670
10.9760	6797
10.9800	6536
10.9840	6955
10.9880	6682
10.9920	6764
10.9960	6709
11.0000	7286
11.0040	6710
11.0080	6790
11.0120	6994
11.0160	7169
11.0200	6854
11.0240	6810
11.0280	7224
11.0320	7587
11.0360	7297
11.0400	6566
11.0440	6632
11.0480	7069
11.0520	7391
11.0560	6862
11.0600	6719
11.0640	7118
11.0680	7403
11.0720	7377
11.0760	6957
11.0800	6678
11.0840	7398
11.0880	7367
11.0920	6770
11.0960	6741
11.1000	7291
11.1040	7395
11.1080	7514
11.1120	7201
11.1160	7286
11.1200	7116
11.1240	7440
11.1280	7019
11.1320	7189
11.1360	7185
11.1400	7032
11.1440	7257
11.1480	6984
11.1520	7353
11.1560	7305
11.1600	6499
11.1640	6697
11.1680	7438
11.1720	7425
11.1760	7289
11.1800	7475
11.1840	7062
11.1880	7085
11.1920	7389
11.1960	6694
11.2000	6803
11.2040	7387
11.2080	7405
11.2120	6807
11.2160	6598
11.2200	7098
11.2240	7217
11.2280	6981
11.2320	6699
11.2360	6690
11.2400	6684
11.2440	6918
11.2480	6804
11.2520	6813
11.2560	7058
11.2600	7088
11.2640	6699
11.2680	7113
11.2720	6580
11.2760	6757
11.2800	6689
11.2840	6627
11.2880	6577
11.2920	6826
11.2960	6990
11.3000	6656
11.3040	7646
11.3080	7068
11.3120	7157
11.3160	7466
11.3200	7061
11.3240	6553
11.3280	6893
11.3320	6835
11.3360	6763
11.3400	7158
11.3440	6785
11.3480	7010
11.3520	7536
11.3560	7495
11.3600	6894
11.3640	7290
11.3680	7346
11.3720	6773
11.3760	6653
11.3800	6845
11.3840	7168
11.3880	6995
11.3920	6978
11.3960	7450
11.4000	7049
11.4040	7455
11.4080	6729
11.4120	6677
11.4160	7342
11.4200	7526
11.4240	7413
11.4280	6841
11.4320	7331
11.4360	6699
11.4400	6489
11.4440	7009
11.4480	6342
11.4520	7288
11.4560	7288
11.4600	7102
11.4640	7201
11.4680	7459
11.4720	6923
11.4760	6557
11.4800	7083
11.4840	6569
11.4880	6507
11.4920	7180
11.4960	7244
11.5000	7186
11.5040	7027
11.5080	6880
11.5120	7332
11.5160	6890
11.5200	6519
11.5240	6638
11.5280	7222
11.5320	7237
11.5360	7510
11.5400	7212
11.5440	7393
11.5480	7293
11.5520	6809
11.5560	6691
11.5600	7393
11.5640	7511
11.5680	6899
11.5720	6610
11.5760	7096
11.5800	7330
11.5840	7406
11.5880	6716
11.5920	7047
11.5960	6866
11.6000	7460
11.6040	6543
11.6080	7413
11.6120	6693
11.6160	7348
11.6200	6685
11.6240	7138
11.6280	7000
11.6320	6720
11.6360	6566
11.6400	6932
11.6440	6622
11.6480	6713
11.6520	7155
11.6560	6874
11.6600	6991
11.6640	7337
11.6680	6712
11.6720	6729
11.6760	6947
11.6800	6675
11.6840	7274
11.6880	7092
11.6920	7027
11.6960	7402
11.7000	6662
11.7040	6596
11.7080	6732
11.7120	6697
11.7160	6796
11.7200	6519
11.7240	7376
11.7280	7032
11.7320	7109
11.7360	6863
11.7400	7295
11.7440	6795
11.7480	7184
11.7520	7201
11.7560	7357
11.7600	7123
11.7640	7269
11.7680	7116
11.7720	6711
11.7760	6875
11.7800	7304
11.7840	6684
11.7880	6754
11.7920	7102
11.7960	7377
11.8000	7209
11.8040	7073
11.8080	7038
11.8120	6739
11.8160	6527
11.8200	7402
11.8240	6845
11.8280	7396
11.8320	7494
11.8360	7610
11.8400	7371
11.8440	7222
11.8480	7261
11.8520	6747
11.8560	6889
11.8600	7081
11.8640	6670
11.8680	7389
11.8720	7269
11.8760	7149
11.8800	7339
11.8840	7554
11.8880	7528
11.8920	7071
11.8960	6778
11.9000	7519
11.9040	6981
11.9080	7360
11.9120	7540
11.9160	7457
11.9200	6897
11.9240	6708
11.9280	7473
11.9320	7233
11.9360	6907
11.9400	7091
11.9440	7471
11.9480	7388
11.9520	6805
11.9560	6529
11.9600	6979
11.9640	7315
11.9680	7278
11.9720	6753
11.9760	6397
11.9800	6611
11.9840	7378
11.9880	6745
11.9920	6838
11.9960	6738
12.0000	6657
12.0040	6669
12.0080	6587
12.0120	6491
12.0160	6570
12.0200	6679
12.0240	7009
12.0280	6863
12.0320	7006
12.0360	6992
12.0400	6853
12.0440	6946
12.0480	6706
12.0520	6631
12.0560	6514
12.0600	6976
12.0640	6888
12.0680	6645
12.0720	6631
12.0760	6648
12.0800	6796
12.0840	6709
12.0880	6694
12.0920	7302
12.0960	6743
12.1000	7384
12.1040	7247
12.1080	7354
12.1120	7548
12.1160	6696
12.1200	6654
12.1240	6974
12.1280	7156
12.1320	6920
12.1360	6467
12.1400	6625
12.1440	7137
12.1480	7277
12.1520	7066
12.1560	6655
12.1600	7096
12.1640	7109
12.1680	7397
12.1720	6594
12.1760	6682
12.1800	7287
12.1840	7090
12.1880	6890
12.1920	7072
12.1960	7365
12.2000	7180
12.2040	7351
12.2080	6767
12.2120	7547
12.2160	6764
12.2200	7416
12.2240	6706
12.2280	6820
12.2320	6940
12.2360	6860
12.2400	7129
12.2440	6932
12.2480	7307
12.2520	6820
12.2560	7432
12.2600	6651
12.2640	6782
12.2680	7439
12.2720	6822
12.2760	7486
12.2800	6582
12.2840	7514
12.2880	6762
12.2920	7298
12.2960	6769
12.3000	6824
12.3040	7348
12.3080	6942
12.3120	6756
12.3160	6825
12.3200	6951
12.3240	7414
12.3280	7080
12.3320	7182
12.3360	6608
12.3400	6614
12.3440	6632
12.3480	7040
12.3520	6539
12.3560	7246
12.3600	6600
12.3640	6518
12.3680	6791
12.3720	6786
12.3760	6779
12.3800	6704
12.3840	7181
12.3880	7256
12.3920	6738
12.3960	7153
12.4000	6596
12.4040	6683
12.4080	6820
12.4120	6741
12.4160	7147
12.4200	7389
12.4240	7096
12.4280	6900
12.4320	7031
12.4360	7368
12.4400	6747
12.4440	6805
12.4480	6816
12.4520	6699
12.4560	7426
12.4600	7381
12.4640	7022
12.4680	6746
12.4720	7245
12.4760	7525
12.4800	7259
12.4840	6591
12.4880	6670
12.4920	6867
12.4960	6818
12.5000	6538
12.5040	7004
12.5080	7246
12.5120	7432
12.5160	7146
12.5200	6908
12.5240	7023
12.5280	6541
12.5320	6726
12.5360	7077
12.5400	7317
12.5440	7040
12.5480	7454
12.5520	7129
12.5560	7212
12.5600	7359
12.5640	7390
12.5680	6984
12.5720	7373
12.5760	7314
12.5800	7436
12.5840	7267
12.5880	6649
12.5920	6970
12.5960	7391
12.6000	7539
12.6040	7391
12.6080	6949
12.6120	7046
12.6160	6970
12.6200	6667
12.6240	7091
12.6280	7313
12.6320	7457
12.6360	7112
12.6400	7333
12.6440	7425
12.6480	6651
12.6520	7107
12.6560	6657
12.6600	6480
12.6640	7478
12.6680	6580
12.6720	6529
12.6760	6840
12.6800	6706
12.6840	6625
12.6880	6530
12.6920	7149
12.6960	7234
12.7000	6948
12.7040	6528
12.7080	6461
12.7120	6958
12.7160	6645
12.7200	7199
12.7240	6533
12.7280	7126
12.7320	6835
12.7360	6533
12.7400	6562
12.7440	6979
12.7480	6737
12.7520	7031
12.7560	7210
12.7600	6757
12.7640	7474
12.7680	6942
12.7720	6872
12.7760	6985
12.7800	6797
12.7840	6920
12.7880	7485
12.7920	7447
12.7960	6741
12.8000	7144
12.8040	7288
12.8080	7046
12.8120	7077
12.8160	6810
12.8200	7297
12.8240	6757
12.8280	7256
12.8320	6708
12.8360	7248
12.8400	7356
12.8440	6559
12.8480	6508
12.8520	7339
12.8560	6898
12.8600	6607
12.8640	6611
12.8680	7346
12.8720	7468
12.8760	7046
12.8800	6934
12.8840	7341
12.8880	6970
12.8920	7351
12.8960	6663
12.9000	6710
12.9040	7143
12.9080	7264
12.9120	6911
12.9160	7021
12.9200	7128
12.9240	6999
12.9280	7373
12.9320	6704
12.9360	6597
12.9400	7302
12.9440	6867
12.9480	7320
12.9520	7003
12.9560	7102
12.9600	6894
12.9640	7348
12.9680	6760
12.9720	7164
12.9760	7524
12.9800	7357
12.9840	7551
12.9880	7514
12.9920	7412
12.9960	7070
13.0000	7385
13.0040	6879
13.0080	7242
13.0120	7585
13.0160	6823
13.0200	6677
13.0240	7249
13.0280	7321
13.0320	7446
13.0360	7257
13.0400	7077
13.0440	6525
13.0480	6759
13.0520	7252
13.0560	6632
13.0600	6409
13.0640	7291
13.0680	7242
13.0720	7057
13.0760	6549
13.0800	6819
13.0840	6762
13.0880	6625
13.0920	6581
13.0960	6597
13.1000	6465
13.1040	7309
13.1080	7321
13.1120	6736
13.1160	6655
13.1200	7284
13.1240	6851
13.1280	6867
13.1320	6618
13.1360	6868
13.1400	6707
13.1440	6720
13.1480	6699
13.1520	6698
13.1560	6565
13.1600	6705
13.1640	6729
13.1680	6700
13.1720	6961
13.1760	7213
13.1800	6670
13.1840	6636
13.1880	7206
13.1920	7213
13.1960	6691
13.2000	6749
13.2040	6926
13.2080	7106
13.2120	6636
13.2160	6671
13.2200	6973
13.2240	6905
13.2280	7291
13.2320	6900
13.2360	6527
13.2400	6610
13.2440	7348
13.2480	7236
13.2520	7132
13.2560	7022
13.2600	7087
13.2640	6823
13.2680	6836
13.2720	7171
13.2760	7536
13.2800	7232
13.2840	7181
13.2880	7084
13.2920	7131
13.2960	7224
13.3000	7312
13.3040	6561
13.3080	7473
13.3120	6828
13.3160	7475
13.3200	6904
13.3240	7334
13.3280	6794
13.3320	6955
13.3360	7502
13.3400	6724
13.3440	7102
13.3480	7319
13.3520	7395
13.3560	7099
13.3600	7418
13.3640	6692
13.3680	6762
13.3720	7472
13.3760	6927
13.3800	7019
13.3840	6903
13.3880	6472
13.3920	6751
13.3960	7294
13.4000	6888
13.4040	6496
13.4080	7189
13.4120	6977
13.4160	6875
13.4200	6580
13.4240	7103
13.4280	6688
13.4320	7212
13.4360	7129
13.4400	7519
13.4440	6627
13.4480	6880
13.4520	7226
13.4560	6680
13.4600	7209
13.4640	7240
13.4680	6816
13.4720	7237
13.4760	7256
13.4800	6580
13.4840	6717
13.4880	7346
13.4920	7282
13.4960	6877
13.5000	7420
13.5040	6910
13.5080	7284
13.5120	6991
13.5160	6714
13.5200	6696
13.5240	7394
13.5280	7415
13.5320	6774
13.5360	7271
13.5400	6898
13.5440	6742
13.5480	6999
13.5520	6959
13.5560	7170
13.5600	7247
13.5640	6776
13.5680	6651
13.5720	6776
13.5760	6412
13.5800	6511
13.5840	6621
13.5880	6893
13.5920	7255
13.5960	7345
13.6000	7204
13.6040	6667
13.6080	6457
13.6120	7301
13.6160	6940
13.6200	6761
13.6240	6898
13.6280	7444
13.6320	7312
13.6360	7485
13.6400	7077
13.6440	6708
13.6480	7273
13.6520	7238
13.6560	7170
13.6600	6539
13.6640	7454
13.6680	6757
13.6720	7504
13.6760	7456
13.6800	7445
13.6840	7441
13.6880	7608
13.6920	7436
13.6960	6728
13.7000	7517
13.7040	6822
13.7080	6976
13.7120	7382
13.7160	7531
13.7200	7174
13.7240	7465
13.7280	6805
13.7320	7083
13.7360	7204
13.7400	6786
13.7440	7170
13.7480	6870
13.7520	6914
13.7560	7114
13.7600	6978
13.7640	6797
13.7680	6617
13.7720	7205
13.7760	6878
13.7800	7233
13.7840	7214
13.7880	6980
13.7920	7460
13.7960	7240
13.8000	7330
13.8040	6651
13.8080	6858
13.8120	7321
13.8160	7353
13.8200	7151
13.8240	7051
13.8280	6806
13.8320	6494
13.8360	6619
13.8400	6802
13.8440	7283
13.8480	7040
13.8520	6723
13.8560	6743
13.8600	7462
13.8640	7305
13.8680	6949
13.8720	7266
13.8760	6802
13.8800	7510
13.8840	7343
13.8880	6869
13.8920	6716
13.8960	7307
13.9000	7336
13.9040	6698
13.9080	7046
13.9120	6740
13.9160	7267
13.9200	7024
13.9240	6530
13.9280	6694
13.9320	7016
13.9360	6776
13.9400	6615
13.9440	6414
13.9480	6892
13.9520	7098
13.9560	6776
13.9600	6554
13.9640	7664
13.9680	7374
13.9720	6893
13.9760	6729
13.9800	7511
13.9840	7292
13.9880	6979
13.9920	6520
13.9960	6701
14.0000	7134
14.0040	6710
14.0080	7195
14.0120	6594
14.0160	7489
14.0200	7304
14.0240	7321
14.0280	6940
14.0320	7343
14.0360	6926
14.0400	6985
14.0440	7479
14.0480	6812
14.0520	7209
14.0560	7226
14.0600	7369
14.0640	6996
14.0680	7451
14.0720	6743
14.0760	7357
14.0800	7506
14.0840	7084
14.0880	7001
14.0920	7420
14.0960	7309
14.1000	7200
14.1040	6726
14.1080	7299
14.1120	7310
14.1160	7435
14.1200	7063
14.1240	6487
14.1280	7270
14.1320	6486
14.1360	6625
14.1400	7121
14.1440	7109
14.1480	7138
14.1520	7530
14.1560	7217
14.1600	7441
14.1640	6936
14.1680	7288
14.1720	6465
14.1760	6923
14.1800	7293
14.1840	7317
14.1880	7093
14.1920	6879
14.1960	7272
14.2000	7346
14.2040	7517
14.2080	6734
14.2120	6565
14.2160	7143
14.2200	7430
14.2240	6774
14.2280	6810
14.2320	7367
14.2360	7607
14.2400	6824
14.2440	6701
14.2480	6948
14.2520	7309
14.2560	6973
14.2600	6570
14.2640	6679
14.2680	7499
14.2720	7305
14.2760	6729
14.2800	6693
14.2840	6699
14.2880	7178
14.2920	7092
14.2960	6776
14.3000	6466
14.3040	6943
14.3080	7033
14.3120	6586
14.3160	7324
14.3200	6518
14.3240	7455
14.3280	7278
14.3320	6839
14.3360	6605
14.3400	7538
14.3440	7245
14.3480	7050
14.3520	6596
14.3560	6545
14.3600	7354
14.3640	7507
14.3680	7028
14.3720	7350
14.3760	7163
14.3800	7367
14.3840	7080
14.3880	7018
14.3920	7333
14.3960	7363
14.4000	7189
14.4040	7140
14.4080	7459
14.4120	7377
14.4160	7222
14.4200	6862
14.4240	7338
14.4280	7326
14.4320	7272
14.4360	6947
14.4400	6537
14.4440	7340
14.4480	6581
14.4520	6905
14.4560	7266
14.4600	7189
14.4640	7316
14.4680	7158
14.4720	7296
14.4760	7200
14.4800	7567
14.4840	6807
14.4880	6790
14.4920	7268
14.4960	7511
14.5000	7290
14.5040	7489
14.5080	6970
14.5120	7616
14.5160	6947
14.5200	7492
14.5240	7427
14.5280	7493
14.5320	7408
14.5360	7430
14.5400	7361
14.5440	7276
14.5480	7472
14.5520	7121
14.5560	6717
14.5600	7530
14.5640	7474
14.5680	7485
14.5720	7526
14.5760	7194
14.5800	7236
14.5840	7247
14.5880	7411
14.5920	7254
14.5960	7626
14.6000	7079
14.6040	7146
14.6080	7408
14.6120	7286
14.6160	6902
14.6200	7030
14.6240	7028
14.6280	6925
14.6320	7211
14.6360	7400
14.6400	7031
14.6440	7011
14.6480	7187
14.6520	6868
14.6560	6625
14.6600	6621
14.6640	6711
14.6680	7115
14.6720	7158
14.6760	7482
14.6800	6971
14.6840	6674
14.6880	6529
14.6920	6912
14.6960	7249
14.7000	6778
14.7040	6551
14.7080	6515
14.7120	7015
14.7160	6967
14.7200	6676
14.7240	6503
14.7280	6917
14.7320	7206
14.7360	7001
14.7400	6636
14.7440	6560
14.7480	7422
14.7520	7629
14.7560	7128
14.7600	7026
14.7640	7263
14.7680	7158
14.7720	7067
14.7760	7392
14.7800	7100
14.7840	7127
14.7880	7278
14.7920	7208
14.7960	7407
14.8000	7282
14.8040	7389
14.8080	6936
14.8120	6924
14.8160	7034
14.8200	7109
14.8240	7196
14.8280	7085
14.8320	7253
14.8360	6788
14.8400	7143
14.8440	6961
14.8480	6748
14.8520	7406
14.8560	6624
14.8600	6950
14.8640	7526
14.8680	6923
14.8720	6727
14.8760	6997
14.8800	6975
14.8840	6953
14.8880	7320
14.8920	6908
14.8960	7147
14.9000	7521
14.9040	7067
14.9080	6590
14.9120	7385
14.9160	7087
14.9200	7486
14.9240	7096
14.9280	7380
14.9320	7493
14.9360	7443
14.9400	6799
14.9440	6627
14.9480	7548
14.9520	6612
14.9560	7095
14.9600	7105
14.9640	7491
14.9680	6809
14.9720	7415
14.9760	6621
14.9800	6650
14.9840	7367
14.9880	6567
14.9920	6470
14.9960	7256
15.0000	7019
15.0040	6612
15.0080	6893
15.0120	6790
15.0160	6452
15.0200	7372
15.0240	6412
15.0280	6599
15.0320	6722
15.0360	6809
15.0400	6556
15.0440	6770
15.0480	7008
15.0520	6919
15.0560	7214
15.0600	6575
15.0640	6567
15.0680	6702
15.0720	6958
15.0760	6485
15.0800	7190
15.0840	7102
15.0880	6808
15.0920	7245
15.0960	6682
15.1000	6810
15.1040	6896
15.1080	6957
15.1120	6938
15.1160	7436
15.1200	7054
15.1240	7447
15.1280	7401
15.1320	7012
15.1360	6772
15.1400	6793
15.1440	7245
15.1480	6566
15.1520	6690
15.1560	7265
15.1600	6758
15.1640	7335
15.1680	7192
15.1720	7292
15.1760	7066
15.1800	6577
15.1840	7206
15.1880	7152
15.1920	7236
15.1960	6521
15.2000	6958
15.2040	7171
15.2080	7303
15.2120	7111
15.2160	7370
15.2200	6973
15.2240	7456
15.2280	6916
15.2320	6800
15.2360	6754
15.2400	6728
15.2440	7113
15.2480	7404
15.2520	7320
15.2560	6750
15.2600	7327
15.2640	6771
15.2680	6858
15.2720	6643
15.2760	6860
15.2800	7036
15.2840	7318
15.2880	7448
15.2920	7114
15.2960	7489
15.3000	6678
15.3040	6567
15.3080	6739
15.3120	6999
15.3160	7509
15.3200	7277
15.3240	7008
15.3280	6863
15.3320	7211
15.3360	7394
15.3400	7210
15.3440	7243
15.3480	6917
15.3520	6753
15.3560	7100
15.3600	6546
15.3640	6649
15.3680	6817
15.3720	6806
15.3760	7018
15.3800	7426
15.3840	6857
15.3880	7201
15.3920	7094
15.3960	6468
15.4000	6278
15.4040	7072
15.4080	6560
15.4120	6695
15.4160	7021
15.4200	7262
15.4240	7406
15.4280	6637
15.4320	6862
15.4360	6693
15.4400	6603
15.4440	6632
15.4480	6812
15.4520	7220
15.4560	7382
15.4600	7167
15.4640	6749
15.4680	6832
15.4720	7298
15.4760	7393
15.4800	6685
15.4840	6633
15.4880	7299
15.4920	7554
15.4960	7298
15.5000	6563
15.5040	6686
15.5080	7246
15.5120	6938
15.5160	6457
15.5200	6763
15.5240	7102
15.5280	7074
15.5320	7473
15.5360	6699
15.5400	7035
15.5440	7386
15.5480	7041
15.5520	6733
15.5560	6846
15.5600	6641
15.5640	6618
15.5680	7184
15.5720	7314
15.5760	7403
15.5800	6969
15.5840	6842
15.5880	7019
15.5920	7416
15.5960	6579
15.6000	6649
15.6040	7368
15.6080	6937
15.6120	7373
15.6160	7418
15.6200	6763
15.6240	6853
15.6280	6988
15.6320	6817
15.6360	6714
15.6400	7342
15.6440	7400
15.6480	7510
15.6520	6639
15.6560	7106
15.6600	7293
15.6640	7387
15.6680	6741
15.6720	6936
15.6760	7488
15.6800	7245
15.6840	6607
15.6880	6726
15.6920	7269
15.6960	7350
15.7000	7416
15.7040	6820
15.7080	6758
15.7120	6618
15.7160	7350
15.7200	6944
15.7240	6880
15.7280	7433
15.7320	7415
15.7360	7288
15.7400	6805
15.7440	6924
15.7480	7599
15.7520	6962
15.7560	6989
15.7600	7245
15.7640	7112
15.7680	7245
15.7720	7386
15.7760	6767
15.7800	7314
15.7840	6819
15.7880	6908
15.7920	7334
15.7960	7491
15.8000	6730
15.8040	6700
15.8080	7533
15.8120	7049
15.8160	7482
15.8200	6601
15.8240	6605
15.8280	6624
15.8320	7426
15.8360	6854
15.8400	7072
15.8440	6709
15.8480	7424
15.8520	7058
15.8560	6662
15.8600	6453
15.8640	6642
15.8680	6533
15.8720	6483
15.8760	6486
15.8800	6429
15.8840	6552
15.8880	6927
15.8920	6583
15.8960	6574
15.9000	6695
15.9040	6796
15.9080	6599
15.9120	6837
15.9160	7175
15.9200	7023
15.9240	6499
15.9280	6755
15.9320	6939
15.9360	7319
15.9400	6892
15.9440	6513
15.9480	6934
15.9520	7148
15.9560	7228
15.9600	6836
15.9640	6588
15.9680	7057
15.9720	7609
15.9760	7360
15.9800	7334
15.9840	7596
15.9880	7194
15.9920	6871
15.9960	7309
16.0000	7531
16.0040	7457
16.0080	7482
16.0120	7432
16.0160	7576
16.0200	6794
16.0240	6786
16.0280	6838
16.0320	6938
16.0360	6907
16.0400	7184
16.0440	7308
16.0480	7342
16.0520	7219
16.0560	6578
16.0600	6555
16.0640	6837
16.0680	6645
16.0720	6478
16.0760	6632
16.0800	6848
16.0840	7250
16.0880	7290
16.0920	6806
16.0960	6671
16.1000	6851
16.1040	6893
16.1080	6779
16.1120	6868
16.1160	7483
16.1200	7505
16.1240	7207
16.1280	7289
16.1320	6989
16.1360	6693
16.1400	7015
16.1440	6885
16.1480	7191
16.1520	6652
16.1560	6472
16.1600	7211
16.1640	6676
16.1680	7523
16.1720	7461
16.1760	7008
16.1800	7428
16.1840	6864
16.1880	6572
16.1920	6549
16.1960	6831
16.2000	7241
16.2040	7416
16.2080	6618
16.2120	6684
16.2160	7334
16.2200	7306
16.2240	7140
16.2280	6991
16.2320	6726
16.2360	7256
16.2400	7139
16.2440	6950
16.2480	6673
16.2520	6572
16.2560	6849
16.2600	6498
16.2640	7207
16.2680	6630
16.2720	7063
16.2760	6958
16.2800	7052
16.2840	7050
16.2880	6926
16.2920	6760
16.2960	7016
16.3000	6719
16.3040	7423
16.3080	7589
16.3120	7260
16.3160	7421
16.3200	7226
16.3240	7301
16.3280	7030
16.3320	6804
16.3360	6609
16.3400	7400
16.3440	6886
16.3480	7546
16.3520	7319
16.3560	7438
16.3600	7331
16.3640	7514
16.3680	6760
16.3720	6764
16.3760	7363
16.3800	6808
16.3840	6592
16.3880	7356
16.3920	7114
16.3960	6612
16.4000	7239
16.4040	7066
16.4080	7349
16.4120	6898
16.4160	6612
16.4200	6480
16.4240	6410
16.4280	6575
16.4320	6965
16.4360	7506
16.4400	6917
16.4440	7429
16.4480	6836
16.4520	6644
16.4560	7245
16.4600	6751
16.4640	6843
16.4680	6776
16.4720	7251
16.4760	7091
16.4800	7319
16.4840	6665
16.4880	7048
16.4920	7280
16.4960	7470
16.5000	6615
16.5040	6669
16.5080	6894
16.5120	6662
16.5160	7382
16.5200	6864
16.5240	7013
16.5280	7035
16.5320	7394
16.5360	7393
16.5400	7460
16.5440	6634
16.5480	6653
16.5520	7524
16.5560	6835
16.5600	7282
16.5640	7448
16.5680	7306
16.5720	7274
16.5760	6610
16.5800	6955
16.5840	6642
16.5880	7168
16.5920	7442
16.5960	7224
16.6000	6906
16.6040	7243
16.6080	7079
16.6120	6705
16.6160	7272
16.6200	7237
16.6240	6851
16.6280	7204
16.6320	7222
16.6360	7225
16.6400	7367
16.6440	6938
16.6480	6729
16.6520	6865
16.6560	7238
16.6600	6637
16.6640	6973
16.6680	7404
16.6720	7431
16.6760	7304
16.6800	6933
16.6840	6766
16.6880	6817
16.6920	6758
16.6960	6773
16.7000	6819
16.7040	6885
16.7080	6985
16.7120	6956
16.7160	7251
16.7200	6855
16.7240	7092
16.7280	7120
16.7320	7133
16.7360	6838
16.7400	6809
16.7440	7344
16.7480	6446
16.7520	6732
16.7560	7302
16.7600	7105
16.7640	7166
16.7680	7204
16.7720	7016
16.7760	7488
16.7800	7332
16.7840	6817
16.7880	6795
16.7920	6538
16.7960	7134
16.8000	7017
16.8040	7563
16.8080	6640
16.8120	7371
16.8160	6515
16.8200	6885
16.8240	7308
16.8280	6494
16.8320	6601
16.8360	6678
16.8400	7362
16.8440	7613
16.8480	7336
16.8520	6818
16.8560	6550
16.8600	7014
16.8640	7439
16.8680	6772
16.8720	6788
16.8760	7547
16.8800	7270
16.8840	7416
16.8880	7190
16.8920	6970
16.8960	7327
16.9000	7182
16.9040	7396
16.9080	6869
16.9120	7484
16.9160	7104
16.9200	7284
16.9240	7153
16.9280	6676
16.9320	6773
16.9360	6944
16.9400	7326
16.9440	7328
16.9480	7010
16.9520	6771
16.9560	7187
16.9600	7416
16.9640	6413
16.9680	6966
16.9720	6554
16.9760	7266
16.9800	7332
16.9840	6649
16.9880	6580
16.9920	7238
16.9960	7362
17.0000	6883
17.0040	7139
17.0080	6752
17.0120	7407
17.0160	7324
17.0200	6662
17.0240	7104
17.0280	6918
17.0320	7190
17.0360	7383
17.0400	6727
17.0440	6789
17.0480	7310
17.0520	7565
17.0560	6788
17.0600	6681
17.0640	6705
17.0680	7026
17.0720	7474
17.0760	7304
17.0800	7159
17.0840	7440
17.0880	7520
17.0920	6638
17.0960	7047
17.1000	6994
17.1040	7427
17.1080	6702
17.1120	6960
17.1160	7118
17.1200	7421
17.1240	7292
17.1280	7177
17.1320	7337
17.1360	7288
17.1400	7357
17.1440	6922
17.1480	6874
17.1520	7265
17.1560	6633
17.1600	7365
17.1640	7102
17.1680	7373
17.1720	7260
17.1760	7295
17.1800	7515
17.1840	7510
17.1880	7460
17.1920	7323
17.1960	7223
17.2000	7385
17.2040	7451
17.2080	7559
17.2120	7463
17.2160	7248
17.2200	7400
17.2240	7393
17.2280	7517
17.2320	7047
17.2360	7397
17.2400	7461
17.2440	7515
17.2480	6832
17.2520	7181
17.2560	7449
17.2600	7586
17.2640	7324
17.2680	7392
17.2720	7290
17.2760	7362
17.2800	7366
17.2840	7094
17.2880	6679
17.2920	6823
17.2960	7253
17.3000	6656
17.3040	6751
17.3080	7342
17.3120	7426
17.3160	7088
17.3200	7311
17.3240	7250
17.3280	6816
17.3320	6719
17.3360	7237
17.3400	6727
17.3440	7356
17.3480	7305
17.3520	6839
17.3560	6560
17.3600	7163
17.3640	7373
17.3680	6879
17.3720	6604
17.3760	6760
17.3800	7161
17.3840	7269
17.3880	7340
17.3920	6846
17.3960	6986
17.4000	7579
17.4040	7524
17.4080	6855
17.4120	6708
17.4160	6940
17.4200	7310
17.4240	7157
17.4280	7314
17.4320	7402
17.4360	7666
17.4400	7457
17.4440	7280
17.4480	6677
17.4520	6865
17.4560	7156
17.4600	7175
17.4640	7401
17.4680	7478
17.4720	7395
17.4760	7197
17.4800	6862
17.4840	7155
17.4880	7043
17.4920	7438
17.4960	6916
17.5000	6947
17.5040	7223
17.5080	7211
17.5120	7243
17.5160	6924
17.5200	7320
17.5240	7272
17.5280	7456
17.5320	6527
17.5360	6498
17.5400	7301
17.5440	6578
17.5480	7545
17.5520	6589
17.5560	6974
17.5600	7171
17.5640	7421
17.5680	6673
17.5720	6685
17.5760	7406
17.5800	6711
17.5840	7351
17.5880	6620
17.5920	6443
17.5960	7197
17.6000	7322
17.6040	6811
17.6080	7040
17.6120	7553
17.6160	7446
17.6200	7201
17.6240	6585
17.6280	6902
17.6320	7177
17.6360	6861
17.6400	6403
17.6440	7101
17.6480	7228
17.6520	7352
17.6560	6587
17.6600	6442
17.6640	7182
17.6680	7284
17.6720	6756
17.6760	6959
17.6800	6658
17.6840	7120
17.6880	7057
17.6920	6988
17.6960	6806
17.7000	7377
17.7040	7315
17.7080	6870
17.7120	7238
17.7160	6802
17.7200	7222
17.7240	7269
17.7280	7341
17.7320	6913
17.7360	7199
17.7400	6936
17.7440	6643
17.7480	6693
17.7520	7389
17.7560	7096
17.7600	7474
17.7640	7082
17.7680	7394
17.7720	7435
17.7760	6791
17.7800	6734
17.7840	6681
17.7880	7470
17.7920	7488
17.7960	7427
17.8000	7402
17.8040	7377
17.8080	7461
17.8120	6754
17.8160	6360
17.8200	6715
17.8240	7348
17.8280	7251
17.8320	7400
17.8360	7139
17.8400	7211
17.8440	7303
17.8480	6433
17.8520	6594
17.8560	7213
17.8600	7403
17.8640	7413
17.8680	7537
17.8720	7177
17.8760	7437
17.8800	6954
17.8840	6485
17.8880	6521
17.8920	7210
17.8960	7350
17.9000	7332
17.9040	7382
17.9080	7072
17.9120	6978
17.9160	7305
17.9200	6657
17.9240	6648
17.9280	7316
17.9320	7351
17.9360	7293
17.9400	7505
17.9440	7241
17.9480	7308
17.9520	7244
17.9560	6764
17.9600	7046
17.9640	7373
17.9680	7166
17.9720	7227
17.9760	7401
17.9800	7437
17.9840	7312
17.9880	7360
17.9920	7067
17.9960	6930
18.0000	7311
18.0040	6975
18.0080	7097
18.0120	7145
18.0160	6758
18.0200	7309
18.0240	6739
18.0280	6933
18.0320	7067
18.0360	7178
18.0400	7348
18.0440	7232
18.0480	7378
18.0520	6604
18.0560	7060
18.0600	6668
18.0640	6613
18.0680	6879
18.0720	7503
18.0760	7448
18.0800	6861
18.0840	7129
18.0880	7319
18.0920	7135
18.0960	7262
18.1000	6540
18.1040	6820
18.1080	7387
18.1120	7580
18.1160	7117
18.1200	7243
18.1240	7258
18.1280	7088
18.1320	7276
18.1360	6646
18.1400	6697
18.1440	7102
18.1480	6788
18.1520	6795
18.1560	7307
18.1600	7190
18.1640	7499
18.1680	6811
18.1720	6569
18.1760	6639
18.1800	7370
18.1840	6815
18.1880	6708
18.1920	7309
18.1960	6696
18.2000	7234
18.2040	7038
18.2080	6561
18.2120	7613
18.2160	7373
18.2200	6731
18.2240	6382
18.2280	7305
18.2320	6931
18.2360	7216
18.2400	6683
18.2440	6602
18.2480	7417
18.2520	7469
18.2560	6662
18.2600	6693
18.2640	7367
18.2680	6863
18.2720	7361
18.2760	7336
18.2800	7423
18.2840	7362
18.2880	7111
18.2920	6799
18.2960	7097
18.3000	7356
18.3040	6840
18.3080	7441
18.3120	6949
18.3160	7099
18.3200	7425
18.3240	7274
18.3280	6708
18.3320	7074
18.3360	6832
18.3400	7359
18.3440	6648
18.3480	6919
18.3520	7057
18.3560	6879
18.3600	7383
18.3640	6758
18.3680	6758
18.3720	7200
18.3760	6918
18.3800	7375
18.3840	7084
18.3880	7303
18.3920	7399
18.3960	6699
18.4000	6846
18.4040	7175
18.4080	7487
18.4120	7305
18.4160	7272
18.4200	6968
18.4240	7418
18.4280	6920
18.4320	6767
18.4360	6722
18.4400	7430
18.4440	7227
18.4480	7432
18.4520	7236
18.4560	7138
18.4600	7042
18.4640	7017
18.4680	6764
18.4720	6780
18.4760	7131
18.4800	7483
18.4840	7335
18.4880	7410
18.4920	7509
18.4960	7453
18.5000	7278
18.5040	6727
18.5080	6613
18.5120	7152
18.5160	7170
18.5200	7350
18.5240	7192
18.5280	7406
18.5320	7116
18.5360	6808
18.5400	7054
18.5440	6720
18.5480	6557
18.5520	6614
18.5560	7126
18.5600	7247
18.5640	7366
18.5680	7115
18.5720	6624
18.5760	6617
18.5800	7322
18.5840	6905
18.5880	6607
18.5920	6547
18.5960	7426
18.6000	7099
18.6040	7358
18.6080	7288
18.6120	6620
18.6160	6615
18.6200	7048
18.6240	6786
18.6280	6530
18.6320	6778
18.6360	7024
18.6400	7219
18.6440	7368
18.6480	7058
18.6520	7266
18.6560	7007
18.6600	7080
18.6640	7343
18.6680	7191
18.6720	7157
18.6760	7457
18.6800	7139
18.6840	6741
18.6880	7579
18.6920	7268
18.6960	6677
18.7000	6911
18.7040	6749
18.7080	7248
18.7120	6637
18.7160	6549
18.7200	7363
18.7240	6973
18.7280	6880
18.7320	7346
18.7360	6579
18.7400	6849
18.7440	7212
18.7480	7420
18.7520	6678
18.7560	7093
18.7600	6617
18.7640	6733
18.7680	7256
18.7720	6653
18.7760	7502
18.7800	7463
18.7840	7545
18.7880	6884
18.7920	6989
18.7960	7538
18.8000	7446
18.8040	7492
18.8080	7225
18.8120	7308
18.8160	7414
18.8200	6637
18.8240	6700
18.8280	7088
18.8320	7561
18.8360	7218
18.8400	6863
18.8440	7265
18.8480	6553
18.8520	7310
18.8560	7150
18.8600	7409
18.8640	6843
18.8680	7258
18.8720	7328
18.8760	7094
18.8800	7081
18.8840	7317
18.8880	7272
18.8920	6889
18.8960	7115
18.9000	6572
18.9040	7404
18.9080	7386
18.9120	6802
18.9160	6693
18.9200	6734
18.9240	6882
18.9280	6458
18.9320	6641
18.9360	6694
18.9400	6775
18.9440	6583
18.9480	7113
18.9520	7417
18.9560	7398
18.9600	6488
18.9640	6586
18.9680	6606
18.9720	6580
18.9760	6647
18.9800	6644
18.9840	6962
18.9880	7012
18.9920	7184
18.9960	6563
19.0000	7116
19.0040	6787
19.0080	6701
19.0120	6655
19.0160	6710
19.0200	7187
19.0240	7414
19.0280	7400
19.0320	7079
19.0360	7042
19.0400	7128
19.0440	6540
19.0480	6429
19.0520	7041
19.0560	7416
19.0600	7307
19.0640	7024
19.0680	7106
19.0720	7230
19.0760	6288
19.0800	6645
19.0840	6420
19.0880	7330
19.0920	6972
19.0960	7185
19.1000	7099
19.1040	7004
19.1080	7126
19.1120	7190
19.1160	6574
19.1200	6519
19.1240	7248
19.1280	7471
19.1320	7205
19.1360	7134
19.1400	7336
19.1440	7426
19.1480	7237
19.1520	6692
19.1560	6690
19.1600	7099
19.1640	7682
19.1680	7548
19.1720	7091
19.1760	7140
19.1800	7591
19.1840	6697
19.1880	6671
19.1920	6781
19.1960	7195
19.2000	7514
19.2040	7379
19.2080	7289
19.2120	7200
19.2160	7219
19.2200	7007
19.2240	6785
19.2280	6598
19.2320	6763
19.2360	7307
19.2400	7274
19.2440	7388
19.2480	6897
19.2520	7354
19.2560	7177
19.2600	6672
19.2640	6866
19.2680	6604
19.2720	7125
19.2760	7278
19.2800	6577
19.2840	6714
19.2880	6836
19.2920	7241
19.2960	6815
19.3000	6507
19.3040	6525
19.3080	6655
19.3120	6851
19.3160	6735
19.3200	6576
19.3240	6910
19.3280	7176
19.3320	6555
19.3360	6993
19.3400	6475
19.3440	7090
19.3480	6680
19.3520	6596
19.3560	7192
19.3600	7367
19.3640	6789
19.3680	6963
19.3720	6884
19.3760	6784
19.3800	7341
19.3840	7379
19.3880	6895
19.3920	6542
19.3960	7318
19.4000	7155
19.4040	7278
19.4080	6935
19.4120	7193
19.4160	7304
19.4200	7047
19.4240	6511
19.4280	6534
19.4320	7420
19.4360	7235
19.4400	6739
19.4440	6603
19.4480	7139
19.4520	7360
19.4560	6814
19.4600	6791
19.4640	7617
19.4680	7323
19.4720	6765
19.4760	6527
19.4800	6882
19.4840	7233
19.4880	7113
19.4920	6654
19.4960	7000
19.5000	7107
19.5040	7145
19.5080	6805
19.5120	6703
19.5160	6860
19.5200	7381
19.5240	6862
19.5280	6584
19.5320	6991
19.5360	7309
19.5400	7469
19.5440	6784
19.5480	6758
19.5520	6722
19.5560	7285
19.5600	6922
19.5640	6502
19.5680	6702
19.5720	7379
19.5760	7229
19.5800	6696
19.5840	6509
19.5880	6615
19.5920	6453
19.5960	6534
19.6000	6673
19.6040	7303
19.6080	6768
19.6120	6555
19.6160	6343
19.6200	6758
19.6240	6708
19.6280	6537
19.6320	6444
19.6360	6879
19.6400	6811
19.6440	7015
19.6480	6553
19.6520	6635
19.6560	6679
19.6600	6764
19.6640	6597
19.6680	6632
19.6720	6544
19.6760	6524
19.6800	6625
19.6840	6641
19.6880	6654
19.6920	6521
19.6960	6614
19.7000	6814
19.7040	6924
19.7080	6737
19.7120	6686
19.7160	6786
19.7200	6598
19.7240	6632
19.7280	6689
19.7320	6923
19.7360	6641
19.7400	6481
19.7440	7030
19.7480	7372
19.7520	6637
19.7560	7110
19.7600	6797
19.7640	6816
19.7680	6775
19.7720	6509
19.7760	6728
19.7800	6804
19.7840	7028
19.7880	6599
19.7920	6654
19.7960	6832
19.8000	6760
19.8040	7218
19.8080	7208
19.8120	6829
19.8160	7131
19.8200	7015
19.8240	6721
19.8280	6554
19.8320	6607
19.8360	6664
19.8400	7210
19.8440	7363
19.8480	7325
19.8520	7411
19.8560	7405
19.8600	6820
19.8640	6580
19.8680	6848
19.8720	7190
19.8760	6900
19.8800	6753
19.8840	7052
19.8880	7376
19.8920	7288
19.8960	6796
19.9000	6885
19.9040	6717
19.9080	7506
19.9120	6776
19.9160	6787
19.9200	6900
19.9240	7367
19.9280	7042
19.9320	7225
19.9360	7252
19.9400	7055
19.9440	6662
19.9480	6583
19.9520	6937
19.9560	6448
19.9600	7272
19.9640	7332
19.9680	6564
19.9720	7091
19.9760	6888
19.9800	6694
19.9840	6486
19.9880	7062
19.9920	6612
19.9960	6972
