0.0000	7488
0.0040	7108
0.0080	6584
0.0120	7312
0.0160	7089
0.0200	6691
0.0240	6644
0.0280	7468
0.0320	7082
0.0360	6814
0.0400	7029
0.0440	7280
0.0480	6884
0.0520	6640
0.0560	6878
0.0600	6703
0.0640	7381
0.0680	7503
0.0720	6938
0.0760	6848
0.0800	7582
0.0840	7017
0.0880	6754
0.0920	6641
0.0960	7319
0.1000	7396
0.1040	7316
0.1080	7491
0.1120	7292
0.1160	7192
0.1200	6898
0.1240	6765
0.1280	6904
0.1320	7452
0.1360	7447
0.1400	7413
0.1440	7516
0.1480	7357
0.1520	7363
0.1560	6624
0.1600	6701
0.1640	7075
0.1680	7246
0.1720	7316
0.1760	7415
0.1800	7218
0.1840	7513
0.1880	7306
0.1920	7353
0.1960	6734
0.2000	7213
0.2040	6856
0.2080	6832
0.2120	7279
0.2160	7490
0.2200	6947
0.2240	7419
0.2280	6739
0.2320	7113
0.2360	7237
0.2400	7390
0.2440	7253
0.2480	7224
0.2520	7370
0.2560	7036
0.2600	7535
0.2640	6816
0.2680	6671
0.2720	7522
0.2760	6741
0.2800	7287
0.2840	7630
0.2880	7136
0.2920	7039
0.2960	7437
0.3000	7453
0.3040	7002
0.3080	7374
0.3120	7077
0.3160	7166
0.3200	7265
0.3240	7445
0.3280	6657
0.3320	7232
0.3360	6579
0.3400	6637
0.3440	6826
0.3480	7246
0.3520	7379
0.3560	7444
0.3600	7250
0.3640	7469
0.3680	7381
0.3720	7006
0.3760	6598
0.3800	7348
0.3840	7304
0.3880	6714
0.3920	6508
0.3960	7404
0.4000	7384
0.4040	7445
0.4080	6704
0.4120	6640
0.4160	6871
0.4200	7008
0.4240	6737
0.4280	6911
0.4320	6845
0.4360	7437
0.4400	7415
0.4440	6763
0.4480	6673
0.4520	7122
0.4560	7286
0.4600	6736
0.4640	6699
0.4680	6989
0.4720	7555
0.4760	6930
0.4800	6763
0.4840	6681
0.4880	7422
0.4920	7429
0.4960	6677
0.5000	7035
0.5040	7196
0.5080	6792
0.5120	6944
0.5160	6698
0.5200	6796
0.5240	7264
0.5280	7153
0.5320	6703
0.5360	6854
0.5400	7005
0.5440	7314
0.5480	7043
0.5520	7071
0.5560	6826
0.5600	6905
0.5640	7314
0.5680	6747
0.5720	7253
0.5760	6642
0.5800	7371
0.5840	7125
0.5880	7305
0.5920	7367
0.5960	7227
0.6000	7185
0.6040	7531
0.6080	7256
0.6120	6686
0.6160	6711
0.6200	7184
0.6240	7444
0.6280	7043
0.6320	7434
0.6360	7503
0.6400	7432
0.6440	7223
0.6480	7346
0.6520	7183
0.6560	7404
0.6600	7436
0.6640	6939
0.6680	6837
0.6720	7483
0.6760	7309
0.6800	6876
0.6840	6893
0.6880	7296
0.6920	7416
0.6960	7084
0.7000	7057
0.7040	7229
0.7080	7479
0.7120	7386
0.7160	7346
0.7200	7397
0.7240	7308
0.7280	7165
0.7320	7395
0.7360	7422
0.7400	7392
0.7440	7093
0.7480	7471
0.7520	7255
0.7560	6909
0.7600	7325
0.7640	7401
0.7680	7171
0.7720	7111
0.7760	7153
0.7800	7146
0.7840	7337
0.7880	7366
0.7920	6932
0.7960	6603
0.8000	6771
0.8040	7396
0.8080	7289
0.8120	6813
0.8160	6829
0.8200	7201
0.8240	6895
0.8280	6593
0.8320	6607
0.8360	6848
0.8400	7052
0.8440	7373
0.8480	7035
0.8520	6722
0.8560	6604
0.8600	7151
0.8640	6515
0.8680	6385
0.8720	7303
0.8760	7435
0.8800	6678
0.8840	6742
0.8880	7347
0.8920	6708
0.8960	7004
0.9000	7291
0.9040	7016
0.9080	6722
0.9120	7152
0.9160	6981
0.9200	6910
0.9240	7040
0.9280	7434
0.9320	6927
0.9360	6645
0.9400	7443
0.9440	7096
0.9480	7287
0.9520	7262
0.9560	7539
0.9600	7205
0.9640	7514
0.9680	6892
0.9720	7423
0.9760	6943
0.9800	7374
0.9840	6745
0.9880	7291
0.9920	7472
0.9960	7141
1.0000	6975
1.0040	7438
1.0080	7320
1.0120	7549
1.0160	7375
1.0200	6702
1.0240	6716
1.0280	7519
1.0320	7246
1.0360	6656
1.0400	7112
1.0440	6539
1.0480	7131
1.0520	6699
1.0560	6786
1.0600	7048
1.0640	7340
1.0680	7637
1.0720	7077
1.0760	7353
1.0800	7313
1.0840	7449
1.0880	6458
1.0920	6531
1.0960	7456
1.1000	6924
1.1040	7331
1.1080	7059
1.1120	7076
1.1160	6821
1.1200	7340
1.1240	6906
1.1280	7274
1.1320	7537
1.1360	6843
1.1400	7290
1.1440	7428
1.1480	7303
1.1520	6669
1.1560	6962
1.1600	6755
1.1640	7462
1.1680	6733
1.1720	7345
1.1760	7488
1.1800	7216
1.1840	6606
1.1880	6668
1.1920	6679
1.1960	7290
1.2000	6813
1.2040	7008
1.2080	6518
1.2120	7455
1.2160	7478
1.2200	6745
1.2240	6775
1.2280	7372
1.2320	7218
1.2360	7008
1.2400	7398
1.2440	7355
1.2480	7257
1.2520	7253
1.2560	7323
1.2600	6507
1.2640	6917
1.2680	7213
1.2720	7357
1.2760	6640
1.2800	7474
1.2840	7045
1.2880	7166
1.2920	6981
1.2960	7500
1.3000	7501
1.3040	7370
1.3080	7302
1.3120	7217
1.3160	7177
1.3200	7206
1.3240	6975
1.3280	7429
1.3320	7560
1.3360	6928
1.3400	7021
1.3440	7420
1.3480	7382
1.3520	7478
1.3560	7639
1.3600	7424
1.3640	7406
1.3680	7188
1.3720	7161
1.3760	6787
1.3800	6681
1.3840	7474
1.3880	7344
1.3920	6869
1.3960	7339
1.4000	7030
1.4040	7126
1.4080	6629
1.4120	7010
1.4160	6838
1.4200	6826
1.4240	7023
1.4280	7207
1.4320	7342
1.4360	7515
1.4400	7029
1.4440	6929
1.4480	7012
1.4520	7061
1.4560	7341
1.4600	6869
1.4640	7321
1.4680	6676
1.4720	7259
1.4760	6575
1.4800	7124
1.4840	7378
1.4880	6900
1.4920	7323
1.4960	7539
1.5000	7384
1.5040	7435
1.5080	6750
1.5120	7446
1.5160	6829
1.5200	7500
1.5240	7243
1.5280	6998
1.5320	6900
1.5360	7175
1.5400	7156
1.5440	7352
1.5480	6910
1.5520	6958
1.5560	7457
1.5600	7481
1.5640	7242
1.5680	7069
1.5720	7242
1.5760	6517
1.5800	6577
1.5840	7548
1.5880	7298
1.5920	6584
1.5960	7282
1.6000	6907
1.6040	7106
1.6080	7108
1.6120	6939
1.6160	7232
1.6200	6853
1.6240	6720
1.6280	6784
1.6320	7420
1.6360	6648
1.6400	6762
1.6440	6937
1.6480	6662
1.6520	7180
1.6560	7336
1.6600	6714
1.6640	6655
1.6680	7472
1.6720	6720
1.6760	7461
1.6800	7290
1.6840	7232
1.6880	7511
1.6920	7311
1.6960	7402
1.7000	6675
1.7040	7478
1.7080	6646
1.7120	6948
1.7160	7177
1.7200	7432
1.7240	6990
1.7280	7264
1.7320	6814
1.7360	6889
1.7400	7487
1.7440	6662
1.7480	6620
1.7520	7323
1.7560	7332
1.7600	6715
1.7640	7149
1.7680	6554
1.7720	7163
1.7760	6713
1.7800	6935
1.7840	7107
1.7880	7125
1.7920	6810
1.7960	7067
1.8000	7231
1.8040	7192
1.8080	6860
1.8120	7045
1.8160	6641
1.8200	7305
1.8240	7500
1.8280	6639
1.8320	6685
1.8360	7349
1.8400	6953
1.8440	7351
1.8480	7249
1.8520	6858
1.8560	6959
1.8600	7465
1.8640	7218
1.8680	6801
1.8720	7315
1.8760	6985
1.8800	7243
1.8840	7370
1.8880	7421
1.8920	7404
1.8960	7349
1.9000	6836
1.9040	6985
1.9080	7343
1.9120	6969
1.9160	6634
1.9200	7122
1.9240	7271
1.9280	7324
1.9320	7398
1.9360	6627
1.9400	6597
1.9440	7283
1.9480	6601
1.9520	6630
1.9560	7023
1.9600	7137
1.9640	7141
1.9680	7346
1.9720	6776
1.9760	7092
1.9800	7273
1.9840	6826
1.9880	6581
1.9920	6885
1.9960	7453
2.0000	7059
2.0040	7253
2.0080	7126
2.0120	7278
2.0160	7199
2.0200	7303
2.0240	7524
2.0280	7072
2.0320	6857
2.0360	7331
2.0400	7301
2.0440	7391
2.0480	6913
2.0520	7449
2.0560	6770
2.0600	7155
2.0640	7520
2.0680	6793
2.0720	6654
2.0760	7633
2.0800	6856
2.0840	7288
2.0880	7416
2.0920	7343
2.0960	7243
2.1000	7220
2.1040	7314
2.1080	6741
2.1120	7376
2.1160	6649
2.1200	6549
2.1240	7339
2.1280	7303
2.1320	7469
2.1360	7114
2.1400	7142
2.1440	7243
2.1480	7194
2.1520	6584
2.1560	6821
2.1600	7154
2.1640	7554
2.1680	7030
2.1720	7480
2.1760	6818
2.1800	7199
2.1840	6766
2.1880	6702
2.1920	7244
2.1960	7408
2.2000	7211
2.2040	7305
2.2080	7409
2.2120	6865
2.2160	7423
2.2200	7013
2.2240	6736
2.2280	7302
2.2320	7371
2.2360	6979
2.2400	7215
2.2440	7217
2.2480	6704
2.2520	7452
2.2560	6862
2.2600	7166
2.2640	7452
2.2680	6881
2.2720	6729
2.2760	7316
2.2800	6747
2.2840	6666
2.2880	7092
2.2920	7034
2.2960	7128
2.3000	7196
2.3040	7007
2.3080	6466
2.3120	7336
2.3160	6909
2.3200	6687
2.3240	7407
2.3280	7377
2.3320	6928
2.3360	7597
2.3400	6880
2.3440	6847
2.3480	7258
2.3520	6744
2.3560	6669
2.3600	7327
2.3640	7288
2.3680	6687
2.3720	6723
2.3760	6966
2.3800	6845
2.3840	7179
2.3880	6992
2.3920	7040
2.3960	7001
2.4000	7029
2.4040	7181
2.4080	7173
2.4120	7270
2.4160	6721
2.4200	7495
2.4240	6599
2.4280	7033
2.4320	7432
2.4360	6889
2.4400	6828
2.4440	7356
2.4480	6943
2.4520	7350
2.4560	7399
2.4600	7222
2.4640	6653
2.4680	7332
2.4720	7272
2.4760	6912
2.4800	7049
2.4840	6945
2.4880	6682
2.4920	7391
2.4960	7266
2.5000	7450
2.5040	7256
2.5080	7572
2.5120	7404
2.5160	7453
2.5200	7392
2.5240	6754
2.5280	6932
2.5320	7387
2.5360	7440
2.5400	7213
2.5440	7388
2.5480	7305
2.5520	7462
2.5560	6683
2.5600	6799
2.5640	7371
2.5680	7310
2.5720	7317
2.5760	7491
2.5800	7368
2.5840	7401
2.5880	7593
2.5920	6837
2.5960	6706
2.6000	7458
2.6040	6897
2.6080	7440
2.6120	7186
2.6160	7257
2.6200	7194
2.6240	7535
2.6280	6956
2.6320	6923
2.6360	7125
2.6400	7211
2.6440	7284
2.6480	7053
2.6520	7330
2.6560	6655
2.6600	7053
2.6640	6790
2.6680	7166
2.6720	7238
2.6760	7460
2.6800	7280
2.6840	7192
2.6880	6969
2.6920	6846
2.6960	7206
2.7000	7112
2.7040	6954
2.7080	7334
2.7120	6948
2.7160	7226
2.7200	7458
2.7240	6590
2.7280	6896
2.7320	7225
2.7360	7133
2.7400	7495
2.7440	7482
2.7480	7515
2.7520	7345
2.7560	7422
2.7600	6939
2.7640	6886
2.7680	7455
2.7720	6849
2.7760	7552
2.7800	7467
2.7840	7522
2.7880	7577
2.7920	7033
2.7960	6722
2.8000	7341
2.8040	7362
2.8080	7174
2.8120	7155
2.8160	7455
2.8200	7399
2.8240	7280
2.8280	6963
2.8320	6783
2.8360	7351
2.8400	7265
2.8440	7614
2.8480	7384
2.8520	7394
2.8560	7266
2.8600	7598
2.8640	6758
2.8680	6943
2.8720	7331
2.8760	7054
2.8800	7385
2.8840	7456
2.8880	6664
2.8920	6887
2.8960	7478
2.9000	7000
2.9040	7271
2.9080	7304
2.9120	7249
2.9160	7358
2.9200	7223
2.9240	6750
2.9280	6688
2.9320	7322
2.9360	6568
2.9400	7154
2.9440	7530
2.9480	7288
2.9520	7357
2.9560	7527
2.9600	6677
2.9640	6601
2.9680	7443
2.9720	7055
2.9760	7449
2.9800	7212
2.9840	7201
2.9880	7243
2.9920	7203
2.9960	6656
3.0000	6550
3.0040	7259
3.0080	7254
3.0120	7377
3.0160	7214
3.0200	7050
3.0240	6704
3.0280	7283
3.0320	6558
3.0360	6753
3.0400	7503
3.0440	7365
3.0480	7322
3.0520	7286
3.0560	7236
3.0600	6725
3.0640	7290
3.0680	6822
3.0720	6581
3.0760	7280
3.0800	7163
3.0840	7573
3.0880	7295
3.0920	6902
3.0960	6944
3.1000	7274
3.1040	7325
3.1080	6835
3.1120	7510
3.1160	6862
3.1200	7655
3.1240	7532
3.1280	6811
3.1320	6674
3.1360	7353
3.1400	7201
3.1440	7286
3.1480	7180
3.1520	7503
3.1560	7361
3.1600	7503
3.1640	7126
3.1680	6662
3.1720	6912
3.1760	6734
3.1800	7273
3.1840	7180
3.1880	7481
3.1920	7018
3.1960	7412
3.2000	6800
3.2040	6753
3.2080	6648
3.2120	6963
3.2160	6472
3.2200	7387
3.2240	7066
3.2280	7148
3.2320	6856
3.2360	6716
3.2400	6620
3.2440	7381
3.2480	6742
3.2520	6638
3.2560	7342
3.2600	7461
3.2640	6927
3.2680	6955
3.2720	7146
3.2760	6610
3.2800	7365
3.2840	6915
3.2880	6883
3.2920	7417
3.2960	7462
3.3000	6988
3.3040	7410
3.3080	6763
3.3120	6740
3.3160	7395
3.3200	6795
3.3240	7301
3.3280	7525
3.3320	7070
3.3360	6690
3.3400	7258
3.3440	7401
3.3480	7008
3.3520	7395
3.3560	7028
3.3600	7287
3.3640	7008
3.3680	7306
3.3720	6675
3.3760	7436
3.3800	7076
3.3840	7333
3.3880	7427
3.3920	7145
3.3960	7256
3.4000	7483
3.4040	6988
3.4080	6562
3.4120	7053
3.4160	6902
3.4200	7044
3.4240	7372
3.4280	7272
3.4320	7373
3.4360	7351
3.4400	6904
3.4440	7348
3.4480	7264
3.4520	7004
3.4560	7104
3.4600	7520
3.4640	7495
3.4680	7263
3.4720	7491
3.4760	7464
3.4800	7395
3.4840	7210
3.4880	7177
3.4920	7184
3.4960	6962
3.5000	7126
3.5040	7424
3.5080	7056
3.5120	7269
3.5160	7300
3.5200	7129
3.5240	7422
3.5280	7369
3.5320	7034
3.5360	6606
3.5400	7365
3.5440	7113
3.5480	7489
3.5520	7226
3.5560	7624
3.5600	7357
3.5640	7454
3.5680	6979
3.5720	6951
3.5760	7082
3.5800	7451
3.5840	6929
3.5880	7458
3.5920	7312
3.5960	7396
3.6000	7212
3.6040	7208
3.6080	7147
3.6120	7332
3.6160	7226
3.6200	6757
3.6240	7033
3.6280	7532
3.6320	7560
3.6360	7626
3.6400	7163
3.6440	7210
3.6480	7493
3.6520	7520
3.6560	7180
3.6600	7278
3.6640	7408
3.6680	7593
3.6720	7251
3.6760	7316
3.6800	6966
3.6840	7259
3.6880	7227
3.6920	7020
3.6960	7403
3.7000	7253
3.7040	7212
3.7080	7114
3.7120	7295
3.7160	6909
3.7200	7429
3.7240	6917
3.7280	7226
3.7320	7228
3.7360	7530
3.7400	6880
3.7440	7220
3.7480	7184
3.7520	6874
3.7560	7244
3.7600	7284
3.7640	7406
3.7680	6981
3.7720	7258
3.7760	6916
3.7800	6885
3.7840	7300
3.7880	7067
3.7920	7378
3.7960	7341
3.8000	7422
3.8040	6889
3.8080	7222
3.8120	6874
3.8160	6640
3.8200	7204
3.8240	6856
3.8280	7564
3.8320	7275
3.8360	7289
3.8400	6646
3.8440	7124
3.8480	7288
3.8520	6916
3.8560	7373
3.8600	6836
3.8640	7243
3.8680	6860
3.8720	7174
3.8760	6695
3.8800	7186
3.8840	7059
3.8880	7291
3.8920	7285
3.8960	7329
3.9000	7464
3.9040	7404
3.9080	7120
3.9120	6612
3.9160	7440
3.9200	6863
3.9240	7481
3.9280	6651
3.9320	7380
3.9360	6632
3.9400	7390
3.9440	6613
3.9480	7141
3.9520	7553
3.9560	7300
3.9600	7522
3.9640	7258
3.9680	7418
3.9720	6741
3.9760	6966
3.9800	6875
3.9840	6833
3.9880	7415
3.9920	7287
3.9960	7788
4.0000	7519
4.0040	7373
4.0080	7391
4.0120	7377
4.0160	7451
4.0200	7448
4.0240	7416
4.0280	7368
4.0320	7345
4.0360	7383
4.0400	7057
4.0440	6954
4.0480	7416
4.0520	7315
4.0560	7327
4.0600	7444
4.0640	7292
4.0680	7211
4.0720	7479
4.0760	7228
4.0800	7385
4.0840	7166
4.0880	7460
4.0920	7211
4.0960	7538
4.1000	7456
4.1040	7245
4.1080	7095
4.1120	7331
4.1160	6778
4.1200	6921
4.1240	6856
4.1280	7223
4.1320	7239
4.1360	7053
4.1400	7158
4.1440	7282
4.1480	7234
4.1520	6721
4.1560	6717
4.1600	7549
4.1640	7309
4.1680	7480
4.1720	7208
4.1760	6833
4.1800	7663
4.1840	7237
4.1880	7494
4.1920	7336
4.1960	7055
4.2000	7402
4.2040	7051
4.2080	7420
4.2120	7290
4.2160	6685
4.2200	7354
4.2240	7108
4.2280	7254
4.2320	7290
4.2360	6907
4.2400	7377
4.2440	6629
4.2480	7216
4.2520	7407
4.2560	6727
4.2600	7286
4.2640	7150
4.2680	7583
4.2720	7212
4.2760	7319
4.2800	6653
4.2840	6794
4.2880	7283
4.2920	6961
4.2960	6950
4.3000	7371
4.3040	6711
4.3080	7270
4.3120	7265
4.3160	7052
4.3200	6861
4.3240	7036
4.3280	7271
4.3320	7350
4.3360	7063
4.3400	7509
4.3440	6693
4.3480	7318
4.3520	6779
4.3560	7256
4.3600	7361
4.3640	7388
4.3680	7253
4.3720	7574
4.3760	7448
4.3800	7268
4.3840	7175
4.3880	7357
4.3920	7110
4.3960	7238
4.4000	7095
4.4040	6904
4.4080	7164
4.4120	6667
4.4160	6578
4.4200	7047
4.4240	7006
4.4280	7320
4.4320	7433
4.4360	7233
4.4400	7473
4.4440	7028
4.4480	7431
4.4520	6648
4.4560	7316
4.4600	6586
4.4640	7399
4.4680	6635
4.4720	7312
4.4760	6607
4.4800	7412
4.4840	6667
4.4880	7228
4.4920	7403
4.4960	7564
4.5000	7379
4.5040	7499
4.5080	7239
4.5120	7409
4.5160	7032
4.5200	7248
4.5240	6965
4.5280	7069
4.5320	6922
4.5360	7095
4.5400	7155
4.5440	7255
4.5480	7333
4.5520	7349
4.5560	7470
4.5600	7294
4.5640	7426
4.5680	6857
4.5720	7554
4.5760	6631
4.5800	7407
4.5840	6763
4.5880	7374
4.5920	7145
4.5960	6934
4.6000	6586
4.6040	7254
4.6080	7320
4.6120	7380
4.6160	7385
4.6200	7271
4.6240	7103
4.6280	7574
4.6320	7289
4.6360	6942
4.6400	6884
4.6440	7340
4.6480	7094
4.6520	7543
4.6560	7205
4.6600	7459
4.6640	7364
4.6680	7213
4.6720	7000
4.6760	6924
4.6800	7526
4.6840	7539
4.6880	7614
4.6920	7389
4.6960	7710
4.7000	7562
4.7040	7576
4.7080	6775
4.7120	7120
4.7160	7570
4.7200	7439
4.7240	7599
4.7280	7264
4.7320	6862
4.7360	7505
4.7400	7181
4.7440	6797
4.7480	6693
4.7520	7312
4.7560	6797
4.7600	7149
4.7640	7480
4.7680	7155
4.7720	7184
4.7760	7065
4.7800	6567
4.7840	7143
4.7880	7214
4.7920	7375
4.7960	6979
4.8000	6939
4.8040	7229
4.8080	7543
4.8120	7291
4.8160	7065
4.8200	7171
4.8240	7511
4.8280	7251
4.8320	7363
4.8360	6939
4.8400	6547
4.8440	7238
4.8480	7334
4.8520	7252
4.8560	6946
4.8600	7029
4.8640	7137
4.8680	7223
4.8720	7618
4.8760	6627
4.8800	6778
4.8840	7607
4.8880	7360
4.8920	7227
4.8960	6741
4.9000	6642
4.9040	7422
4.9080	7058
4.9120	6959
4.9160	7071
4.9200	7305
4.9240	7395
4.9280	7335
4.9320	6660
4.9360	6721
4.9400	6921
4.9440	7284
4.9480	6981
4.9520	7394
4.9560	7461
4.9600	7228
4.9640	7536
4.9680	6405
4.9720	6969
4.9760	6861
4.9800	7465
4.9840	7138
4.9880	7598
4.9920	7323
4.9960	7277
5.0000	7350
5.0040	6841
5.0080	6763
5.0120	6858
5.0160	7423
5.0200	7469
5.0240	7285
5.0280	7470
5.0320	6895
5.0360	7338
5.0400	6693
5.0440	6936
5.0480	6828
5.0520	7380
5.0560	7409
5.0600	7435
5.0640	7416
5.0680	6747
5.0720	7487
5.0760	6950
5.0800	7362
5.0840	7302
5.0880	7363
5.0920	7310
5.0960	7519
5.1000	6726
5.1040	6869
5.1080	7350
5.1120	6662
5.1160	6857
5.1200	6831
5.1240	7346
5.1280	7531
5.1320	7387
5.1360	6480
5.1400	6550
5.1440	7362
5.1480	6628
5.1520	6656
5.1560	6709
5.1600	7129
5.1640	7420
5.1680	7187
5.1720	6645
5.1760	6733
5.1800	7393
5.1840	6714
5.1880	6549
5.1920	7211
5.1960	7397
5.2000	7340
5.2040	7512
5.2080	7014
5.2120	6903
5.2160	7430
5.2200	7230
5.2240	6805
5.2280	6648
5.2320	7190
5.2360	7308
5.2400	7467
5.2440	7309
5.2480	6678
5.2520	7190
5.2560	7334
5.2600	6756
5.2640	7044
5.2680	7114
5.2720	6967
5.2760	7378
5.2800	7221
5.2840	6958
5.2880	7176
5.2920	7199
5.2960	6929
5.3000	6937
5.3040	7178
5.3080	6962
5.3120	6953
5.3160	7323
5.3200	6689
5.3240	7458
5.3280	6639
5.3320	6926
5.3360	7222
5.3400	7213
5.3440	7209
5.3480	7239
5.3520	7200
5.3560	7172
5.3600	7313
5.3640	6760
5.3680	6893
5.3720	7568
5.3760	6957
5.3800	6710
5.3840	7264
5.3880	7421
5.3920	7297
5.3960	7425
5.4000	7116
5.4040	7074
5.4080	7559
5.4120	7266
5.4160	6867
5.4200	6719
5.4240	7432
5.4280	7326
5.4320	7384
5.4360	7191
5.4400	7536
5.4440	7190
5.4480	6845
5.4520	6735
5.4560	6999
5.4600	7395
5.4640	7061
5.4680	7252
5.4720	6991
5.4760	7335
5.4800	7359
5.4840	6729
5.4880	6866
5.4920	7265
5.4960	7361
5.5000	7427
5.5040	7525
5.5080	7312
5.5120	7545
5.5160	6785
5.5200	6731
5.5240	7074
5.5280	7345
5.5320	7037
5.5360	7283
5.5400	7430
5.5440	7225
5.5480	7395
5.5520	7072
5.5560	6583
5.5600	6994
5.5640	7440
5.5680	7462
5.5720	7200
5.5760	7413
5.5800	7171
5.5840	7459
5.5880	6852
5.5920	6693
5.5960	7325
5.6000	7491
5.6040	7477
5.6080	7467
5.6120	7590
5.6160	7019
5.6200	7116
5.6240	6870
5.6280	6703
5.6320	7185
5.6360	7230
5.6400	7018
5.6440	7507
5.6480	6904
5.6520	7422
5.6560	7393
5.6600	7046
5.6640	6717
5.6680	6972
5.6720	6864
5.6760	7011
5.6800	7218
5.6840	6776
5.6880	6662
5.6920	6944
5.6960	6487
5.7000	6962
5.7040	7204
5.7080	7036
5.7120	6752
5.7160	7190
5.7200	7248
5.7240	6944
5.7280	7400
5.7320	6673
5.7360	6825
5.7400	7306
5.7440	6836
5.7480	6660
5.7520	7316
5.7560	7412
5.7600	7069
5.7640	7523
5.7680	6758
5.7720	6749
5.7760	7366
5.7800	7396
5.7840	6806
5.7880	7102
5.7920	7354
5.7960	7543
5.8000	7457
5.8040	7133
5.8080	6611
5.8120	7121
5.8160	7367
5.8200	6868
5.8240	7217
5.8280	7163
5.8320	7197
5.8360	7252
5.8400	6976
5.8440	6936
5.8480	6923
5.8520	7286
5.8560	7379
5.8600	6786
5.8640	7533
5.8680	6412
5.8720	7345
5.8760	6461
5.8800	6996
5.8840	7104
5.8880	6725
5.8920	7062
5.8960	7367
5.9000	7035
5.9040	6869
5.9080	7436
5.9120	6655
5.9160	6811
5.9200	7427
5.9240	7387
5.9280	6763
5.9320	7457
5.9360	6593
5.9400	6701
5.9440	7359
5.9480	6825
5.9520	6780
5.9560	6979
5.9600	7408
5.9640	7195
5.9680	7181
5.9720	6579
5.9760	6684
5.9800	7303
5.9840	6573
5.9880	6929
5.9920	7062
5.9960	6467
6.0000	6549
6.0040	7216
6.0080	6480
6.0120	6622
6.0160	7045
6.0200	7064
6.0240	6617
6.0280	6735
6.0320	6826
6.0360	7229
6.0400	6998
6.0440	6644
6.0480	6629
6.0520	7340
6.0560	7276
6.0600	6863
6.0640	6769
6.0680	7524
6.0720	7300
6.0760	7457
6.0800	6653
6.0840	6709
6.0880	6884
6.0920	7398
6.0960	6691
6.1000	6853
6.1040	7600
6.1080	7568
6.1120	6898
6.1160	6746
6.1200	6741
6.1240	7237
6.1280	7035
6.1320	7436
6.1360	7238
6.1400	7407
6.1440	7107
6.1480	6882
6.1520	7353
6.1560	6665
6.1600	6602
6.1640	7296
6.1680	7414
6.1720	6666
6.1760	7415
6.1800	7062
6.1840	6781
6.1880	7057
6.1920	7299
6.1960	6614
6.2000	6672
6.2040	7120
6.2080	6668
6.2120	6577
6.2160	6779
6.2200	6746
6.2240	7385
6.2280	7333
6.2320	6920
6.2360	6496
6.2400	7546
6.2440	6705
6.2480	6781
6.2520	6615
6.2560	6668
6.2600	7317
6.2640	7330
6.2680	6927
6.2720	7026
6.2760	7463
6.2800	6687
6.2840	6791
6.2880	6735
6.2920	6730
6.2960	7259
6.3000	7075
6.3040	6586
6.3080	6870
6.3120	7262
6.3160	6621
6.3200	6768
6.3240	6805
6.3280	6788
6.3320	7043
6.3360	7225
6.3400	6911
6.3440	6954
6.3480	7455
6.3520	6814
6.3560	6630
6.3600	6665
6.3640	6743
6.3680	6433
6.3720	7222
6.3760	6919
6.3800	7046
6.3840	7371
6.3880	7333
6.3920	6516
6.3960	6632
6.4000	6726
6.4040	6721
6.4080	6553
6.4120	7384
6.4160	6485
6.4200	7345
6.4240	6534
6.4280	6796
6.4320	6570
6.4360	6807
6.4400	6728
6.4440	7219
6.4480	7380
6.4520	6546
6.4560	7169
6.4600	6547
6.4640	6787
6.4680	7166
6.4720	6577
6.4760	6784
6.4800	7118
6.4840	6906
6.4880	7258
6.4920	7338
6.4960	6871
6.5000	6678
6.5040	7265
6.5080	7298
6.5120	6620
6.5160	6662
6.5200	7399
6.5240	7266
6.5280	6584
6.5320	6403
6.5360	7245
6.5400	7395
6.5440	6658
6.5480	6678
6.5520	6673
6.5560	7355
6.5600	7274
6.5640	6745
6.5680	6701
6.5720	7182
6.5760	7313
6.5800	6612
6.5840	6850
6.5880	6916
6.5920	7272
6.5960	7466
6.6000	6591
6.6040	6693
6.6080	6940
6.6120	7508
6.6160	6723
6.6200	6632
6.6240	7079
6.6280	7353
6.6320	7402
6.6360	6665
6.6400	6685
6.6440	6987
6.6480	7586
6.6520	7019
6.6560	6569
6.6600	7113
6.6640	7301
6.6680	7332
6.6720	6747
6.6760	6879
6.6800	7423
6.6840	7234
6.6880	6812
6.6920	6834
6.6960	7298
6.7000	7200
6.7040	7410
6.7080	6667
6.7120	6765
6.7160	7176
6.7200	6808
6.7240	6595
6.7280	6906
6.7320	7264
6.7360	7102
6.7400	7368
6.7440	6893
6.7480	6984
6.7520	6732
6.7560	6722
6.7600	6533
6.7640	7135
6.7680	7084
6.7720	7057
6.7760	7362
6.7800	7387
6.7840	6534
6.7880	6704
6.7920	6572
6.7960	6583
6.8000	6702
6.8040	7335
6.8080	7175
6.8120	7422
6.8160	7519
6.8200	7337
6.8240	6632
6.8280	6895
6.8320	6641
6.8360	6725
6.8400	7492
6.8440	7112
6.8480	7406
6.8520	7216
6.8560	7443
6.8600	7173
6.8640	6682
6.8680	6902
6.8720	6554
6.8760	6874
6.8800	7391
6.8840	6980
6.8880	7379
6.8920	6741
6.8960	6761
6.9000	6786
6.9040	6611
6.9080	6627
6.9120	7272
6.9160	7251
6.9200	7582
6.9240	7259
6.9280	7526
6.9320	6727
6.9360	6760
6.9400	6598
6.9440	6877
6.9480	7332
6.9520	7091
6.9560	7419
6.9600	7479
6.9640	7438
6.9680	6726
6.9720	6962
6.9760	6720
6.9800	7285
6.9840	7191
6.9880	7346
6.9920	7339
6.9960	7441
7.0000	7603
7.0040	6832
7.0080	7091
7.0120	6761
7.0160	7444
7.0200	7329
7.0240	7627
7.0280	7426
7.0320	7485
7.0360	7288
7.0400	7432
7.0440	7129
7.0480	6988
7.0520	7160
7.0560	7183
7.0600	7336
7.0640	7391
7.0680	6695
7.0720	7017
7.0760	6829
7.0800	6787
7.0840	6794
7.0880	6811
7.0920	7377
7.0960	7408
7.1000	7459
7.1040	7109
7.1080	7161
7.1120	6614
7.1160	6836
7.1200	6876
7.1240	7336
7.1280	6676
7.1320	6543
7.1360	7479
7.1400	6683
7.1440	6733
7.1480	7081
7.1520	6675
7.1560	6627
7.1600	7188
7.1640	6862
7.1680	6737
7.1720	7381
7.1760	6652
7.1800	6933
7.1840	7081
7.1880	6601
7.1920	7151
7.1960	7217
7.2000	6825
7.2040	6909
7.2080	7238
7.2120	6727
7.2160	6647
7.2200	7407
7.2240	7126
7.2280	7260
7.2320	7094
7.2360	6510
7.2400	7133
7.2440	6775
7.2480	7036
7.2520	6961
7.2560	7219
7.2600	7461
7.2640	7258
7.2680	6711
7.2720	6975
7.2760	6892
7.2800	6680
7.2840	7047
7.2880	7378
7.2920	7276
7.2960	7397
7.3000	6683
7.3040	7223
7.3080	6806
7.3120	7607
7.3160	6697
7.3200	6924
7.3240	7055
7.3280	7358
7.3320	6738
7.3360	6654
7.3400	7235
7.3440	6979
7.3480	7434
7.3520	7300
7.3560	7069
7.3600	7267
7.3640	7410
7.3680	6635
7.3720	6979
7.3760	6906
7.3800	6880
7.3840	7041
7.3880	6985
7.3920	6623
7.3960	7064
7.4000	7320
7.4040	7333
7.4080	6658
7.4120	6707
7.4160	7325
7.4200	6837
7.4240	6895
7.4280	6769
7.4320	6728
7.4360	6999
7.4400	7201
7.4440	6670
7.4480	6646
7.4520	7405
7.4560	6813
7.4600	6796
7.4640	6545
7.4680	7087
7.4720	6987
7.4760	7461
7.4800	6666
7.4840	6610
7.4880	6883
7.4920	6700
7.4960	7229
7.5000	7434
7.5040	6808
7.5080	6815
7.5120	7312
7.5160	6884
7.5200	7297
7.5240	7291
7.5280	6766
7.5320	6612
7.5360	7485
7.5400	7038
7.5440	7001
7.5480	6873
7.5520	6786
7.5560	7354
7.5600	6793
7.5640	6736
7.5680	6521
7.5720	6602
7.5760	7070
7.5800	7495
7.5840	7097
7.5880	6703
7.5920	6886
7.5960	6743
7.6000	6740
7.6040	7063
7.6080	6699
7.6120	6783
7.6160	7396
7.6200	6614
7.6240	7018
7.6280	7396
7.6320	7281
7.6360	6984
7.6400	6815
7.6440	6685
7.6480	6891
7.6520	7394
7.6560	6765
7.6600	7175
7.6640	7399
7.6680	7371
7.6720	7442
7.6760	7011
7.6800	6678
7.6840	6786
7.6880	7380
7.6920	7401
7.6960	7385
7.7000	7280
7.7040	7372
7.7080	7494
7.7120	6902
7.7160	6742
7.7200	6823
7.7240	7201
7.7280	7380
7.7320	7545
7.7360	7398
7.7400	6783
7.7440	6840
7.7480	7318
7.7520	6825
7.7560	6675
7.7600	7250
7.7640	7464
7.7680	7307
7.7720	7141
7.7760	6570
7.7800	7403
7.7840	7107
7.7880	6727
7.7920	6682
7.7960	7318
7.8000	7211
7.8040	7212
7.8080	7327
7.8120	7100
7.8160	7299
7.8200	7095
7.8240	7160
7.8280	7485
7.8320	7315
7.8360	7464
7.8400	7330
7.8440	7139
7.8480	7216
7.8520	7344
7.8560	7109
7.8600	7328
7.8640	7462
7.8680	7062
7.8720	7465
7.8760	6899
7.8800	7113
7.8840	7574
7.8880	7460
7.8920	7271
7.8960	6786
7.9000	7316
7.9040	7291
7.9080	7257
7.9120	7424
7.9160	7115
7.9200	7455
7.9240	7474
7.9280	7198
7.9320	6716
7.9360	6843
7.9400	7359
7.9440	7253
7.9480	7079
7.9520	7164
7.9560	7154
7.9600	7357
7.9640	6813
7.9680	6563
7.9720	6835
7.9760	7158
7.9800	7084
7.9840	7159
7.9880	6880
7.9920	7597
7.9960	7378
8.0000	6611
8.0040	6652
8.0080	7452
8.0120	6578
8.0160	7214
8.0200	6999
8.0240	6957
8.0280	7414
8.0320	7336
8.0360	6680
8.0400	6623
8.0440	7349
8.0480	6725
8.0520	7438
8.0560	6652
8.0600	7269
8.0640	7321
8.0680	7439
8.0720	6934
8.0760	6752
8.0800	7651
8.0840	7137
8.0880	7074
8.0920	6680
8.0960	7402
8.1000	6707
8.1040	7126
8.1080	6837
8.1120	6833
8.1160	7204
8.1200	7238
8.1240	7042
8.1280	7005
8.1320	7216
8.1360	6443
8.1400	7400
8.1440	6581
8.1480	7011
8.1520	7133
8.1560	7073
8.1600	7289
8.1640	7298
8.1680	7095
8.1720	7540
8.1760	7145
8.1800	6825
8.1840	7226
8.1880	7041
8.1920	6780
8.1960	7395
8.2000	7387
8.2040	7375
8.2080	7374
8.2120	6934
8.2160	7155
8.2200	7364
8.2240	7411
8.2280	7435
8.2320	7180
8.2360	7305
8.2400	6814
8.2440	7077
8.2480	6974
8.2520	6750
8.2560	7165
8.2600	7145
8.2640	7192
8.2680	7370
8.2720	7354
8.2760	7190
8.2800	7295
8.2840	7222
8.2880	6726
8.2920	7195
8.2960	7190
8.3000	6813
8.3040	7124
8.3080	7376
8.3120	7524
8.3160	7297
8.3200	7382
8.3240	7241
8.3280	6958
8.3320	7271
8.3360	7525
8.3400	7398
8.3440	7472
8.3480	7360
8.3520	7039
8.3560	7103
8.3600	7177
8.3640	7620
8.3680	7280
8.3720	7382
8.3760	7412
8.3800	7234
8.3840	7379
8.3880	7381
8.3920	7244
8.3960	7333
8.4000	7562
8.4040	7088
8.4080	6972
8.4120	7510
8.4160	7231
8.4200	7562
8.4240	7455
8.4280	7453
8.4320	7406
8.4360	7537
8.4400	7235
8.4440	7006
8.4480	7212
8.4520	7577
8.4560	7378
8.4600	7313
8.4640	7228
8.4680	7286
8.4720	7359
8.4760	7094
8.4800	6839
8.4840	7254
8.4880	7099
8.4920	7392
8.4960	7198
8.5000	7355
8.5040	7397
8.5080	7301
8.5120	7109
8.5160	7374
8.5200	7445
8.5240	7017
8.5280	7197
8.5320	6736
8.5360	6700
8.5400	7462
8.5440	7387
8.5480	7185
8.5520	7413
8.5560	7337
8.5600	7099
8.5640	7225
8.5680	7231
8.5720	6717
8.5760	6754
8.5800	7441
8.5840	7115
8.5880	6996
8.5920	7200
8.5960	6621
8.6000	7531
8.6040	7159
8.6080	7299
8.6120	7073
8.6160	6869
8.6200	6862
8.6240	7185
8.6280	7320
8.6320	6540
8.6360	7017
8.6400	6901
8.6440	7129
8.6480	7373
8.6520	6944
8.6560	6857
8.6600	6606
8.6640	7157
8.6680	6772
8.6720	6554
8.6760	7128
8.6800	6961
8.6840	7232
8.6880	6692
8.6920	7002
8.6960	6626
8.7000	6881
8.7040	6698
8.7080	6566
8.7120	7437
8.7160	7443
8.7200	7141
8.7240	6661
8.7280	6902
8.7320	6574
8.7360	7174
8.7400	6545
8.7440	7005
8.7480	7348
8.7520	7377
8.7560	7314
8.7600	6658
8.7640	6887
8.7680	6711
8.7720	7334
8.7760	7214
8.7800	7569
8.7840	7657
8.7880	7388
8.7920	7481
8.7960	6706
8.8000	6725
8.8040	6912
8.8080	7290
8.8120	7330
8.8160	7425
8.8200	7325
8.8240	7415
8.8280	7323
8.8320	6998
8.8360	6596
8.8400	7105
8.8440	7221
8.8480	7159
8.8520	7350
8.8560	7357
8.8600	7277
8.8640	7046
8.8680	6783
8.8720	6509
8.8760	7157
8.8800	6910
8.8840	6861
8.8880	7358
8.8920	7384
8.8960	7386
8.9000	7146
8.9040	6589
8.9080	6658
8.9120	6762
8.9160	7286
8.9200	6894
8.9240	7300
8.9280	7441
8.9320	7458
8.9360	7267
8.9400	6703
8.9440	6709
8.9480	6951
8.9520	7411
8.9560	7418
8.9600	7411
8.9640	7587
8.9680	7303
8.9720	7269
8.9760	6920
8.9800	6941
8.9840	7323
8.9880	7412
8.9920	7438
8.9960	7404
9.0000	7381
9.0040	7590
9.0080	7172
9.0120	6633
9.0160	6992
9.0200	7287
9.0240	7460
9.0280	7264
9.0320	7238
9.0360	7399
9.0400	7466
9.0440	7385
9.0480	7177
9.0520	6769
9.0560	7070
9.0600	7423
9.0640	7574
9.0680	7275
9.0720	7340
9.0760	6920
9.0800	7250
9.0840	6733
9.0880	7019
9.0920	7433
9.0960	6982
9.1000	6989
9.1040	7395
9.1080	7460
9.1120	7338
9.1160	7252
9.1200	6869
9.1240	7103
9.1280	7477
9.1320	7255
9.1360	6934
9.1400	7553
9.1440	7288
9.1480	7372
9.1520	6978
9.1560	7274
9.1600	7578
9.1640	7512
9.1680	7389
9.1720	6853
9.1760	7279
9.1800	7229
9.1840	7332
9.1880	6552
9.1920	6975
9.1960	7428
9.2000	7066
9.2040	6750
9.2080	7048
9.2120	7394
9.2160	6912
9.2200	7455
9.2240	6697
9.2280	6956
9.2320	7105
9.2360	7355
9.2400	6649
9.2440	6808
9.2480	7291
9.2520	7312
9.2560	7279
9.2600	7439
9.2640	7386
9.2680	7540
9.2720	7079
9.2760	6756
9.2800	6787
9.2840	7395
9.2880	6887
9.2920	7455
9.2960	7319
9.3000	7303
9.3040	7085
9.3080	7003
9.3120	6681
9.3160	6937
9.3200	7370
9.3240	7370
9.3280	7492
9.3320	7423
9.3360	7289
9.3400	7018
9.3440	7332
9.3480	6620
9.3520	6670
9.3560	7306
9.3600	7454
9.3640	6921
9.3680	7259
9.3720	7011
9.3760	6968
9.3800	7019
9.3840	6538
9.3880	6749
9.3920	7459
9.3960	7274
9.4000	7304
9.4040	7198
9.4080	7377
9.4120	6621
9.4160	7346
9.4200	6561
9.4240	6703
9.4280	7549
9.4320	7554
9.4360	7029
9.4400	7236
9.4440	7417
9.4480	7206
9.4520	7081
9.4560	7142
9.4600	6706
9.4640	6923
9.4680	7605
9.4720	6866
9.4760	6984
9.4800	7041
9.4840	6893
9.4880	7445
9.4920	6988
9.4960	7143
9.5000	6857
9.5040	6903
9.5080	7056
9.5120	7159
9.5160	7240
9.5200	6535
9.5240	7470
9.5280	7079
9.5320	6701
9.5360	7430
9.5400	7133
9.5440	6993
9.5480	7318
9.5520	6987
9.5560	7286
9.5600	7054
9.5640	7032
9.5680	6775
9.5720	7438
9.5760	7328
9.5800	6796
9.5840	6731
9.5880	7026
9.5920	6353
9.5960	7332
9.6000	6604
9.6040	7202
9.6080	7256
9.6120	6806
9.6160	6722
9.6200	7462
9.6240	7024
9.6280	6985
9.6320	7578
9.6360	7219
9.6400	7367
9.6440	7596
9.6480	7141
9.6520	6764
9.6560	7123
9.6600	6838
9.6640	6916
9.6680	7073
9.6720	7418
9.6760	7524
9.6800	7088
9.6840	6628
9.6880	7167
9.6920	7425
9.6960	7267
9.7000	7396
9.7040	7269
9.7080	7094
9.7120	7289
9.7160	7322
9.7200	6708
9.7240	6843
9.7280	7046
9.7320	7120
9.7360	7039
9.7400	7274
9.7440	7456
9.7480	7109
9.7520	6831
9.7560	7114
9.7600	7521
9.7640	7516
9.7680	7562
9.7720	6893
9.7760	7059
9.7800	7277
9.7840	7517
9.7880	6795
9.7920	7111
9.7960	7515
9.8000	7433
9.8040	7206
9.8080	7277
9.8120	7498
9.8160	7317
9.8200	7486
9.8240	7003
9.8280	7194
9.8320	7424
9.8360	7566
9.8400	7060
9.8440	7291
9.8480	7361
9.8520	7422
9.8560	7437
9.8600	7218
9.8640	7016
9.8680	7404
9.8720	7490
9.8760	7225
9.8800	7273
9.8840	7434
9.8880	7317
9.8920	6628
9.8960	6968
9.9000	7472
9.9040	6923
9.9080	7468
9.9120	7278
9.9160	7056
9.9200	7042
9.9240	7330
9.9280	6770
9.9320	7015
9.9360	7323
9.9400	6879
9.9440	7073
9.9480	7368
9.9520	6700
9.9560	6673
9.9600	6877
9.9640	7212
9.9680	7267
9.9720	7181
9.9760	6934
9.9800	7303
9.9840	6950
9.9880	7003
9.9920	7054
9.9960	7152
10.0000	7023
10.0040	7284
10.0080	7443
10.0120	6786
10.0160	6881
10.0200	7096
10.0240	6795
10.0280	7542
10.0320	7041
10.0360	6721
10.0400	7015
10.0440	7281
10.0480	6638
10.0520	6662
10.0560	7502
10.0600	6764
10.0640	6701
10.0680	7342
10.0720	6512
10.0760	6579
10.0800	7250
10.0840	6946
10.0880	6573
10.0920	7399
10.0960	7020
10.1000	6658
10.1040	6851
10.1080	6707
10.1120	6636
10.1160	7222
10.1200	6942
10.1240	6591
10.1280	7636
10.1320	7208
10.1360	6955
10.1400	6599
10.1440	6969
10.1480	6505
10.1520	7403
10.1560	6730
10.1600	6722
10.1640	7572
10.1680	7443
10.1720	7322
10.1760	6667
10.1800	7025
10.1840	6800
10.1880	7011
10.1920	6608
10.1960	7038
10.2000	7611
10.2040	7346
10.2080	7402
10.2120	7195
10.2160	6974
10.2200	6772
10.2240	7319
10.2280	6655
10.2320	7093
10.2360	7555
10.2400	7350
10.2440	7378
10.2480	6556
10.2520	7144
10.2560	6504
10.2600	7330
10.2640	6645
10.2680	7103
10.2720	7452
10.2760	7240
10.2800	7269
10.2840	6827
10.2880	7012
10.2920	6830
10.2960	7298
10.3000	7372
10.3040	7194
10.3080	7364
10.3120	7158
10.3160	7475
10.3200	6520
10.3240	6830
10.3280	6490
10.3320	7454
10.3360	7158
10.3400	7187
10.3440	7344
10.3480	7427
10.3520	7365
10.3560	6768
10.3600	6687
10.3640	6990
10.3680	7418
10.3720	7258
10.3760	7460
10.3800	6663
10.3840	7239
10.3880	6844
10.3920	6776
10.3960	7051
10.4000	7063
10.4040	7424
10.4080	7420
10.4120	7453
10.4160	6852
10.4200	6547
10.4240	7266
10.4280	6597
10.4320	7133
10.4360	7059
10.4400	6855
10.4440	7250
10.4480	7446
10.4520	7281
10.4560	7479
10.4600	7106
10.4640	7332
10.4680	6747
10.4720	7590
10.4760	7049
10.4800	6740
10.4840	7248
10.4880	7263
10.4920	7322
10.4960	7335
10.5000	7431
10.5040	7306
10.5080	6850
10.5120	7176
10.5160	7275
10.5200	7317
10.5240	7537
10.5280	7385
10.5320	7246
10.5360	7445
10.5400	7423
10.5440	7398
10.5480	6813
10.5520	7051
10.5560	7701
10.5600	7531
10.5640	7701
10.5680	7648
10.5720	7369
10.5760	7459
10.5800	7442
10.5840	7197
10.5880	6937
10.5920	7267
10.5960	7342
10.6000	7391
10.6040	7157
10.6080	7146
10.6120	7108
10.6160	7266
10.6200	6847
10.6240	6718
10.6280	7556
10.6320	7364
10.6360	7593
10.6400	7369
10.6440	7502
10.6480	7263
10.6520	7300
10.6560	6815
10.6600	6879
10.6640	7050
10.6680	7355
10.6720	7086
10.6760	6857
10.6800	7466
10.6840	7032
10.6880	7407
10.6920	6967
10.6960	6766
10.7000	6796
10.7040	7600
10.7080	7551
10.7120	6803
10.7160	7514
10.7200	6611
10.7240	7403
10.7280	6730
10.7320	6939
10.7360	7477
10.7400	7043
10.7440	6505
10.7480	7463
10.7520	7367
10.7560	6637
10.7600	7016
10.7640	6689
10.7680	6554
10.7720	7403
10.7760	7431
10.7800	6708
10.7840	6817
10.7880	6918
10.7920	6495
10.7960	7290
10.8000	7255
10.8040	6850
10.8080	7453
10.8120	7321
10.8160	6714
10.8200	6696
10.8240	7559
10.8280	6564
10.8320	7352
10.8360	6743
10.8400	7481
10.8440	6940
10.8480	7312
10.8520	6637
10.8560	6792
10.8600	7411
10.8640	7310
10.8680	7224
10.8720	7443
10.8760	7297
10.8800	7398
10.8840	7380
10.8880	6679
10.8920	6856
10.8960	7544
10.9000	7464
10.9040	7187
10.9080	7534
10.9120	7267
10.9160	7444
10.9200	6937
10.9240	7330
10.9280	7445
10.9320	7574
10.9360	7416
10.9400	7479
10.9440	6682
10.9480	7200
10.9520	7275
10.9560	7267
10.9600	6857
10.9640	7496
10.9680	7314
10.9720	6746
10.9760	6552
10.9800	7270
10.9840	7161
10.9880	7281
10.9920	7215
10.9960	7352
11.0000	6993
11.0040	7502
11.0080	7383
11.0120	6648
11.0160	6988
11.0200	7136
11.0240	7456
11.0280	7116
11.0320	7299
11.0360	7437
11.0400	6821
11.0440	7082
11.0480	7362
11.0520	6978
11.0560	7155
11.0600	7209
11.0640	7512
11.0680	6856
11.0720	7457
11.0760	7468
11.0800	7213
11.0840	7349
11.0880	7487
11.0920	7044
11.0960	7131
11.1000	7415
11.1040	7398
11.1080	7482
11.1120	7562
11.1160	7528
11.1200	6753
11.1240	6655
11.1280	7060
11.1320	7115
11.1360	7311
11.1400	6865
11.1440	6976
11.1480	7370
11.1520	6896
11.1560	6843
11.1600	6868
11.1640	6979
11.1680	7404
11.1720	7322
11.1760	7374
11.1800	7069
11.1840	7530
11.1880	6694
11.1920	6688
11.1960	7252
11.2000	7409
11.2040	7339
11.2080	7352
11.2120	7437
11.2160	7189
11.2200	7520
11.2240	7232
11.2280	7368
11.2320	7164
11.2360	7054
11.2400	7393
11.2440	7346
11.2480	7564
11.2520	6929
11.2560	7240
11.2600	6825
11.2640	7179
11.2680	7542
11.2720	7008
11.2760	6689
11.2800	7466
11.2840	7154
11.2880	7287
11.2920	7317
11.2960	7294
11.3000	7009
11.3040	7192
11.3080	7346
11.3120	6776
11.3160	6961
11.3200	6600
11.3240	6782
11.3280	6574
11.3320	6676
11.3360	7176
11.3400	7362
11.3440	6788
11.3480	6873
11.3520	7128
11.3560	7272
11.3600	6921
11.3640	7100
11.3680	6528
11.3720	7391
11.3760	7327
11.3800	6795
11.3840	6758
11.3880	7312
11.3920	6521
11.3960	7374
11.4000	6600
11.4040	6629
11.4080	7549
11.4120	7384
11.4160	7259
11.4200	7172
11.4240	7458
11.4280	7381
11.4320	7240
11.4360	6667
11.4400	6863
11.4440	7541
11.4480	7520
11.4520	6829
11.4560	7134
11.4600	7423
11.4640	7179
11.4680	7164
11.4720	6713
11.4760	7358
11.4800	7335
11.4840	7071
11.4880	6826
11.4920	6987
11.4960	7289
11.5000	6702
11.5040	7422
11.5080	6489
11.5120	6789
11.5160	7361
11.5200	7056
11.5240	6610
11.5280	7493
11.5320	6536
11.5360	6740
11.5400	7311
11.5440	6895
11.5480	6539
11.5520	7033
11.5560	7059
11.5600	6686
11.5640	7353
11.5680	6772
11.5720	6956
11.5760	7292
11.5800	7311
11.5840	7180
11.5880	6849
11.5920	7009
11.5960	7131
11.6000	6896
11.6040	7515
11.6080	7012
11.6120	7344
11.6160	7060
11.6200	7494
11.6240	7470
11.6280	6639
11.6320	7060
11.6360	7545
11.6400	7460
11.6440	7528
11.6480	7216
11.6520	7365
11.6560	7106
11.6600	7388
11.6640	7297
11.6680	6568
11.6720	6955
11.6760	7387
11.6800	7376
11.6840	7422
11.6880	7335
11.6920	7443
11.6960	7212
11.7000	7379
11.7040	6528
11.7080	6715
11.7120	7493
11.7160	7254
11.7200	7271
11.7240	7270
11.7280	7350
11.7320	7371
11.7360	6719
11.7400	6941
11.7440	7367
11.7480	7580
11.7520	7422
11.7560	7085
11.7600	6974
11.7640	7316
11.7680	7518
11.7720	7200
11.7760	7064
11.7800	7491
11.7840	7504
11.7880	7017
11.7920	6623
11.7960	6963
11.8000	7474
11.8040	7410
11.8080	7199
11.8120	7593
11.8160	7544
11.8200	7268
11.8240	6941
11.8280	6833
11.8320	6882
11.8360	7286
11.8400	7239
11.8440	6891
11.8480	7283
11.8520	7098
11.8560	7341
11.8600	6808
11.8640	6954
11.8680	7294
11.8720	7121
11.8760	6724
11.8800	7204
11.8840	7307
11.8880	7358
11.8920	7332
11.8960	7204
11.9000	7039
11.9040	7418
11.9080	7000
11.9120	6876
11.9160	6636
11.9200	7316
11.9240	7057
11.9280	7242
11.9320	7079
11.9360	7177
11.9400	7381
11.9440	7224
11.9480	6687
11.9520	6708
11.9560	7459
11.9600	6755
11.9640	7474
11.9680	7021
11.9720	7474
11.9760	7443
11.9800	6685
11.9840	6726
11.9880	7380
11.9920	7466
11.9960	7471
12.0000	7136
12.0040	6752
12.0080	7300
12.0120	7274
12.0160	6635
12.0200	6699
12.0240	7253
12.0280	7371
12.0320	6726
12.0360	6629
12.0400	6904
12.0440	7455
12.0480	7261
12.0520	7316
12.0560	6666
12.0600	7168
12.0640	7258
12.0680	7195
12.0720	6911
12.0760	6857
12.0800	7033
12.0840	7265
12.0880	6740
12.0920	6660
12.0960	7020
12.1000	7242
12.1040	6874
12.1080	6669
12.1120	6979
12.1160	7411
12.1200	7556
12.1240	7095
12.1280	6908
12.1320	7291
12.1360	7551
12.1400	6711
12.1440	6724
12.1480	6742
12.1520	7579
12.1560	7324
12.1600	7259
12.1640	7556
12.1680	7401
12.1720	7139
12.1760	6783
12.1800	6647
12.1840	6598
12.1880	7311
12.1920	7177
12.1960	7316
12.2000	7244
12.2040	7312
12.2080	7422
12.2120	6804
12.2160	7018
12.2200	6553
12.2240	7313
12.2280	7038
12.2320	7214
12.2360	7219
12.2400	7327
12.2440	7454
12.2480	7030
12.2520	6995
12.2560	6758
12.2600	7313
12.2640	7492
12.2680	7420
12.2720	7459
12.2760	7507
12.2800	7167
12.2840	6947
12.2880	6787
12.2920	7005
12.2960	6897
12.3000	7317
12.3040	7455
12.3080	7472
12.3120	7297
12.3160	7445
12.3200	6633
12.3240	6882
12.3280	6675
12.3320	6853
12.3360	7356
12.3400	7490
12.3440	7618
12.3480	6915
12.3520	7250
12.3560	6530
12.3600	7503
12.3640	6592
12.3680	7175
12.3720	7011
12.3760	7499
12.3800	7200
12.3840	6966
12.3880	7444
12.3920	6605
12.3960	7105
12.4000	6698
12.4040	6900
12.4080	6663
12.4120	6884
12.4160	7093
12.4200	6961
12.4240	7365
12.4280	6755
12.4320	6419
12.4360	6675
12.4400	6448
12.4440	6599
12.4480	7058
12.4520	7287
12.4560	6791
12.4600	7315
12.4640	6725
12.4680	6625
12.4720	6820
12.4760	6510
12.4800	6744
12.4840	7220
12.4880	7064
12.4920	7329
12.4960	7332
12.5000	6750
12.5040	6801
12.5080	6588
12.5120	6680
12.5160	6832
12.5200	7244
12.5240	7026
12.5280	7500
12.5320	7188
12.5360	6783
12.5400	6653
12.5440	6716
12.5480	6532
12.5520	6588
12.5560	7110
12.5600	6690
12.5640	7209
12.5680	6628
12.5720	6935
12.5760	7101
12.5800	6549
12.5840	6745
12.5880	7018
12.5920	7169
12.5960	6999
12.6000	7416
12.6040	7052
12.6080	7157
12.6120	7161
12.6160	6524
12.6200	6746
12.6240	7049
12.6280	7356
12.6320	7479
12.6360	7290
12.6400	7519
12.6440	7436
12.6480	7094
12.6520	6772
12.6560	6655
12.6600	7107
12.6640	7437
12.6680	7601
12.6720	6835
12.6760	7347
12.6800	7230
12.6840	7351
12.6880	6731
12.6920	6761
12.6960	7080
12.7000	7405
12.7040	7350
12.7080	6865
12.7120	7018
12.7160	7486
12.7200	7342
12.7240	6813
12.7280	6636
12.7320	7047
12.7360	7172
12.7400	7447
12.7440	7026
12.7480	6911
12.7520	7047
12.7560	7364
12.7600	6840
12.7640	6836
12.7680	7078
12.7720	7444
12.7760	7008
12.7800	6807
12.7840	6822
12.7880	7473
12.7920	7301
12.7960	7084
12.8000	6609
12.8040	7141
12.8080	7504
12.8120	7143
12.8160	6665
12.8200	7294
12.8240	7190
12.8280	7441
12.8320	6872
12.8360	6822
12.8400	6901
12.8440	7589
12.8480	7191
12.8520	6695
12.8560	6852
12.8600	7455
12.8640	7472
12.8680	6742
12.8720	6707
12.8760	6916
12.8800	7371
12.8840	7278
12.8880	6602
12.8920	6953
12.8960	6836
12.9000	7258
12.9040	6587
12.9080	6507
12.9120	7402
12.9160	7264
12.9200	7000
12.9240	6667
12.9280	6557
12.9320	7357
12.9360	7369
12.9400	6707
12.9440	6936
12.9480	7164
12.9520	7369
12.9560	6536
12.9600	7050
12.9640	6755
12.9680	7532
12.9720	7430
12.9760	7230
12.9800	6956
12.9840	7329
12.9880	7396
12.9920	6798
12.9960	6784
13.0000	6810
13.0040	7420
13.0080	7444
13.0120	7445
13.0160	7468
13.0200	7457
13.0240	6881
13.0280	6748
13.0320	6854
13.0360	7211
13.0400	7504
13.0440	7083
13.0480	6888
13.0520	7419
13.0560	7361
13.0600	7081
13.0640	6783
13.0680	7031
13.0720	7143
13.0760	7070
13.0800	7151
13.0840	7106
13.0880	7229
13.0920	7248
13.0960	7333
13.1000	6718
13.1040	6636
13.1080	7329
13.1120	6774
13.1160	6792
13.1200	6985
13.1240	7568
13.1280	7299
13.1320	7545
13.1360	7228
13.1400	6670
13.1440	6691
13.1480	6737
13.1520	7009
13.1560	7331
13.1600	7105
13.1640	7523
13.1680	7062
13.1720	6760
13.1760	7291
13.1800	6907
13.1840	6694
13.1880	6883
13.1920	7537
13.1960	7463
13.2000	7353
13.2040	7237
13.2080	7162
13.2120	7105
13.2160	6917
13.2200	6992
13.2240	6745
13.2280	6923
13.2320	7424
13.2360	7437
13.2400	7065
13.2440	7275
13.2480	7411
13.2520	7030
13.2560	6509
13.2600	6949
13.2640	7241
13.2680	6899
13.2720	7342
13.2760	7356
13.2800	7243
13.2840	7409
13.2880	7433
13.2920	6562
13.2960	6589
13.3000	7098
13.3040	7467
13.3080	6681
13.3120	7348
13.3160	7027
13.3200	7419
13.3240	6803
13.3280	6589
13.3320	6634
13.3360	6602
13.3400	7331
13.3440	7426
13.3480	6856
13.3520	7425
13.3560	7208
13.3600	7060
13.3640	6761
13.3680	7194
13.3720	7309
13.3760	6731
13.3800	7221
13.3840	7374
13.3880	7399
13.3920	7217
13.3960	7568
13.4000	6575
13.4040	6764
13.4080	7310
13.4120	7437
13.4160	6480
13.4200	6695
13.4240	7299
13.4280	7478
13.4320	7208
13.4360	7033
13.4400	6566
13.4440	7064
13.4480	7480
13.4520	6645
13.4560	6644
13.4600	7400
13.4640	6855
13.4680	7222
13.4720	6669
13.4760	7334
13.4800	7261
13.4840	6790
13.4880	6643
13.4920	7255
13.4960	7262
13.5000	7233
13.5040	7078
13.5080	6826
13.5120	6543
13.5160	7369
13.5200	7152
13.5240	6753
13.5280	6989
13.5320	7364
13.5360	7372
13.5400	6603
13.5440	6758
13.5480	7341
13.5520	7597
13.5560	6927
13.5600	6681
13.5640	7007
13.5680	7491
13.5720	7306
13.5760	6750
13.5800	6953
13.5840	7241
13.5880	7297
13.5920	6831
13.5960	6873
13.6000	6983
13.6040	7544
13.6080	7259
13.6120	6805
13.6160	6915
13.6200	7100
13.6240	7074
13.6280	6827
13.6320	6685
13.6360	6644
13.6400	7305
13.6440	7244
13.6480	6668
13.6520	6631
13.6560	7521
13.6600	7037
13.6640	6636
13.6680	6596
13.6720	7385
13.6760	7252
13.6800	7322
13.6840	6845
13.6880	6710
13.6920	6818
13.6960	7334
13.7000	6840
13.7040	6825
13.7080	7390
13.7120	7374
13.7160	6795
13.7200	6589
13.7240	7090
13.7280	7057
13.7320	6990
13.7360	6995
13.7400	7067
13.7440	7397
13.7480	7524
13.7520	7171
13.7560	6714
13.7600	6888
13.7640	7466
13.7680	7330
13.7720	6901
13.7760	7203
13.7800	7353
13.7840	7424
13.7880	7207
13.7920	6557
13.7960	6641
13.8000	7127
13.8040	7129
13.8080	6741
13.8120	6842
13.8160	6993
13.8200	7292
13.8240	7458
13.8280	7135
13.8320	6561
13.8360	6990
13.8400	7063
13.8440	6815
13.8480	6902
13.8520	7479
13.8560	7315
13.8600	7085
13.8640	6824
13.8680	6784
13.8720	6869
13.8760	7088
13.8800	7306
13.8840	6977
13.8880	7328
13.8920	7430
13.8960	6966
13.9000	6764
13.9040	7203
13.9080	7405
13.9120	6772
13.9160	6812
13.9200	7463
13.9240	7333
13.9280	7311
13.9320	7142
13.9360	7074
13.9400	6963
13.9440	7047
13.9480	6660
13.9520	6667
13.9560	7461
13.9600	7266
13.9640	7252
13.9680	6703
13.9720	6887
13.9760	7404
13.9800	7100
13.9840	6525
13.9880	6493
13.9920	7248
13.9960	7274
14.0000	7317
14.0040	7020
14.0080	7447
14.0120	7217
14.0160	6877
14.0200	6488
14.0240	6996
14.0280	6933
14.0320	7489
14.0360	7272
14.0400	6846
14.0440	7392
14.0480	7465
14.0520	6804
14.0560	6531
14.0600	7479
14.0640	7325
14.0680	6732
14.0720	6683
14.0760	7250
14.0800	7615
14.0840	7560
14.0880	7090
14.0920	6651
14.0960	7163
14.1000	7038
14.1040	7506
14.1080	6790
14.1120	6889
14.1160	7303
14.1200	7240
14.1240	6477
14.1280	6771
14.1320	7296
14.1360	7376
14.1400	7150
14.1440	6644
14.1480	7108
14.1520	7311
14.1560	7333
14.1600	6769
14.1640	6731
14.1680	7374
14.1720	7458
14.1760	6718
14.1800	6826
14.1840	7349
14.1880	7637
14.1920	7144
14.1960	6809
14.2000	6439
14.2040	7246
14.2080	7192
14.2120	6960
14.2160	6541
14.2200	7521
14.2240	7476
14.2280	6748
14.2320	6621
14.2360	7184
14.2400	7162
14.2440	7459
14.2480	7183
14.2520	6723
14.2560	7167
14.2600	7297
14.2640	7544
14.2680	6621
14.2720	7255
14.2760	7539
14.2800	7228
14.2840	6830
14.2880	6978
14.2920	7487
14.2960	7431
14.3000	7252
14.3040	6965
14.3080	7200
14.3120	7168
14.3160	6796
14.3200	6637
14.3240	6502
14.3280	7422
14.3320	6980
14.3360	7330
14.3400	6813
14.3440	6912
14.3480	6979
14.3520	6760
14.3560	6449
14.3600	6624
14.3640	6991
14.3680	7262
14.3720	7054
14.3760	7185
14.3800	6680
14.3840	7414
14.3880	7275
14.3920	6696
14.3960	6691
14.4000	6954
14.4040	7429
14.4080	7188
14.4120	7346
14.4160	7382
14.4200	7267
14.4240	7322
14.4280	6729
14.4320	7462
14.4360	6794
14.4400	7407
14.4440	7433
14.4480	7514
14.4520	6902
14.4560	7033
14.4600	6709
14.4640	6763
14.4680	6766
14.4720	6785
14.4760	7486
14.4800	7319
14.4840	7011
14.4880	7339
14.4920	6858
14.4960	7429
14.5000	6831
14.5040	6603
14.5080	7128
14.5120	6599
14.5160	6837
14.5200	7270
14.5240	7432
14.5280	7305
14.5320	7440
14.5360	6779
14.5400	6680
14.5440	6922
14.5480	7388
14.5520	6359
14.5560	6829
14.5600	7202
14.5640	7499
14.5680	6710
14.5720	7157
14.5760	7439
14.5800	7101
14.5840	6741
14.5880	6756
14.5920	7185
14.5960	7368
14.6000	7493
14.6040	6835
14.6080	6814
14.6120	7346
14.6160	7514
14.6200	6779
14.6240	6785
14.6280	7336
14.6320	7514
14.6360	6981
14.6400	6901
14.6440	7238
14.6480	7416
14.6520	7208
14.6560	7153
14.6600	7113
14.6640	7311
14.6680	7115
14.6720	6709
14.6760	6644
14.6800	7069
14.6840	7114
14.6880	7231
14.6920	6854
14.6960	7536
14.7000	7322
14.7040	6927
14.7080	6684
14.7120	6637
14.7160	6828
14.7200	7013
14.7240	6967
14.7280	7413
14.7320	7484
14.7360	7337
14.7400	6720
14.7440	6643
14.7480	6537
14.7520	7312
14.7560	7470
14.7600	6743
14.7640	6914
14.7680	7368
14.7720	7330
14.7760	6683
14.7800	6695
14.7840	6937
14.7880	7105
14.7920	7498
14.7960	6807
14.8000	6770
14.8040	7280
14.8080	7500
14.8120	6770
14.8160	6714
14.8200	7641
14.8240	7270
14.8280	7143
14.8320	6718
14.8360	6769
14.8400	6575
14.8440	6857
14.8480	6926
14.8520	6590
14.8560	6866
14.8600	6979
14.8640	7010
14.8680	6690
14.8720	6773
14.8760	7264
14.8800	6607
14.8840	6576
14.8880	6753
14.8920	7355
14.8960	7286
14.9000	7651
14.9040	7102
14.9080	6926
14.9120	7294
14.9160	7245
14.9200	6992
14.9240	7134
14.9280	7258
14.9320	7237
14.9360	7406
14.9400	7305
14.9440	7245
14.9480	7258
14.9520	6946
14.9560	6755
14.9600	6931
14.9640	6884
14.9680	7418
14.9720	7421
14.9760	7197
14.9800	7179
14.9840	7474
14.9880	7139
14.9920	6846
14.9960	6967
15.0000	7146
15.0040	7304
15.0080	7323
15.0120	7154
15.0160	7041
15.0200	7257
15.0240	7156
15.0280	6485
15.0320	6875
15.0360	7138
15.0400	7025
15.0440	7073
15.0480	6742
15.0520	7272
15.0560	7334
15.0600	6594
15.0640	6867
15.0680	6561
15.0720	7147
15.0760	7209
15.0800	7335
15.0840	6478
15.0880	6907
15.0920	7193
15.0960	7145
15.1000	6907
15.1040	6584
15.1080	7418
15.1120	7322
15.1160	6659
15.1200	7381
15.1240	7470
15.1280	7118
15.1320	6773
15.1360	6700
15.1400	6772
15.1440	7382
15.1480	7054
15.1520	7303
15.1560	6844
15.1600	7583
15.1640	7195
15.1680	7131
15.1720	6720
15.1760	7472
15.1800	7261
15.1840	7427
15.1880	7434
15.1920	7418
15.1960	7012
15.2000	7112
15.2040	6545
15.2080	6792
15.2120	7066
15.2160	7093
15.2200	7482
15.2240	7316
15.2280	7451
15.2320	6855
15.2360	6720
15.2400	6573
15.2440	7158
15.2480	7011
15.2520	7449
15.2560	7360
15.2600	7482
15.2640	7158
15.2680	7479
15.2720	6814
15.2760	6748
15.2800	6664
15.2840	7160
15.2880	7279
15.2920	7349
15.2960	7025
15.3000	7282
15.3040	7417
15.3080	6669
15.3120	6773
15.3160	6675
15.3200	6848
15.3240	7378
15.3280	7346
15.3320	6942
15.3360	6888
15.3400	7450
15.3440	6902
15.3480	7247
15.3520	6811
15.3560	6989
15.3600	7316
15.3640	6994
15.3680	6734
15.3720	7303
15.3760	7175
15.3800	6560
15.3840	7029
15.3880	6832
15.3920	6730
15.3960	7293
15.4000	7314
15.4040	6852
15.4080	7131
15.4120	6840
15.4160	6542
15.4200	6626
15.4240	6699
15.4280	6468
15.4320	6814
15.4360	7112
15.4400	6945
15.4440	7054
15.4480	7390
15.4520	6602
15.4560	6656
15.4600	6878
15.4640	6713
15.4680	6973
15.4720	7359
15.4760	6681
15.4800	6657
15.4840	7283
15.4880	7247
15.4920	6627
15.4960	6608
15.5000	6811
15.5040	6746
15.5080	7155
15.5120	7187
15.5160	6980
15.5200	7205
15.5240	6932
15.5280	7346
15.5320	7358
15.5360	6887
15.5400	6690
15.5440	7038
15.5480	7202
15.5520	7292
15.5560	7311
15.5600	6590
15.5640	7105
15.5680	7241
15.5720	6950
15.5760	6636
15.5800	6941
15.5840	7494
15.5880	7377
15.5920	6930
15.5960	6636
15.6000	6960
15.6040	7194
15.6080	7357
15.6120	6767
15.6160	6915
15.6200	7495
15.6240	7369
15.6280	6864
15.6320	6934
15.6360	7329
15.6400	7351
15.6440	7402
15.6480	6637
15.6520	7215
15.6560	6959
15.6600	7416
15.6640	6597
15.6680	6861
15.6720	7590
15.6760	7431
15.6800	6692
15.6840	6928
15.6880	7384
15.6920	7060
15.6960	7103
15.7000	6618
15.7040	6754
15.7080	7501
15.7120	7098
15.7160	6661
15.7200	6724
15.7240	7435
15.7280	7070
15.7320	7027
15.7360	6689
15.7400	6769
15.7440	7296
15.7480	7319
15.7520	6834
15.7560	6549
15.7600	7165
15.7640	6655
15.7680	7464
15.7720	6590
15.7760	7109
15.7800	7302
15.7840	7135
15.7880	6414
15.7920	6866
15.7960	7338
15.8000	7333
15.8040	7308
15.8080	7386
15.8120	7212
15.8160	7037
15.8200	7069
15.8240	6631
15.8280	6847
15.8320	7300
15.8360	7426
15.8400	7353
15.8440	7026
15.8480	7562
15.8520	7392
15.8560	6697
15.8600	6662
15.8640	7071
15.8680	7275
15.8720	6957
15.8760	7391
15.8800	7452
15.8840	7587
15.8880	7414
15.8920	7144
15.8960	6744
15.9000	6680
15.9040	7236
15.9080	7293
15.9120	6962
15.9160	7476
15.9200	7172
15.9240	7061
15.9280	6573
15.9320	6689
15.9360	6488
15.9400	6686
15.9440	7198
15.9480	7382
15.9520	7411
15.9560	7431
15.9600	7478
15.9640	6749
15.9680	6535
15.9720	6920
15.9760	6704
15.9800	7067
15.9840	7065
15.9880	6944
15.9920	7541
15.9960	7195
16.0000	6772
16.0040	6634
16.0080	6801
16.0120	7094
16.0160	7111
16.0200	7314
16.0240	7486
16.0280	7506
16.0320	7212
16.0360	6994
16.0400	7012
16.0440	6877
16.0480	6756
16.0520	7026
16.0560	7238
16.0600	7479
16.0640	7334
16.0680	7183
16.0720	6942
16.0760	6942
16.0800	6813
16.0840	6614
16.0880	6982
16.0920	7394
16.0960	7281
16.1000	7118
16.1040	7140
16.1080	6715
16.1120	6458
16.1160	7094
16.1200	6876
16.1240	6530
16.1280	7576
16.1320	7084
16.1360	7399
16.1400	6892
16.1440	6634
16.1480	6557
16.1520	7272
16.1560	7046
16.1600	6602
16.1640	7020
16.1680	7138
16.1720	7222
16.1760	6676
16.1800	6642
16.1840	7305
16.1880	7238
16.1920	6731
16.1960	6659
16.2000	7039
16.2040	7027
16.2080	7165
16.2120	7290
16.2160	6636
16.2200	7417
16.2240	7285
16.2280	6931
16.2320	7390
16.2360	7232
16.2400	7021
16.2440	7488
16.2480	6893
16.2520	7032
16.2560	7352
16.2600	7148
16.2640	6532
16.2680	6884
16.2720	7203
16.2760	7038
16.2800	7192
16.2840	7001
16.2880	7338
16.2920	7230
16.2960	7283
16.3000	6646
16.3040	6578
16.3080	7570
16.3120	7099
16.3160	6958
16.3200	6480
16.3240	7406
16.3280	6519
16.3320	7417
16.3360	6720
16.3400	6876
16.3440	7048
16.3480	7429
16.3520	6796
16.3560	6662
16.3600	7506
16.3640	6803
16.3680	7313
16.3720	6489
16.3760	6727
16.3800	7370
16.3840	7602
16.3880	6980
16.3920	6786
16.3960	7322
16.4000	7316
16.4040	7423
16.4080	6817
16.4120	7119
16.4160	7277
16.4200	6728
16.4240	6643
16.4280	7140
16.4320	7468
16.4360	7374
16.4400	7465
16.4440	7354
16.4480	7030
16.4520	7234
16.4560	7369
16.4600	6690
16.4640	6959
16.4680	7257
16.4720	7448
16.4760	6747
16.4800	7149
16.4840	7344
16.4880	7225
16.4920	7170
16.4960	7414
16.5000	6785
16.5040	6928
16.5080	7300
16.5120	7079
16.5160	6843
16.5200	7356
16.5240	7498
16.5280	7150
16.5320	7109
16.5360	7359
16.5400	7312
16.5440	7060
16.5480	7261
16.5520	7288
16.5560	7547
16.5600	7503
16.5640	7368
16.5680	6841
16.5720	7173
16.5760	7448
16.5800	7217
16.5840	7483
16.5880	7594
16.5920	7605
16.5960	7423
16.6000	7237
16.6040	6689
16.6080	7093
16.6120	7342
16.6160	7284
16.6200	7399
16.6240	7295
16.6280	7414
16.6320	7463
16.6360	7426
16.6400	7029
16.6440	6718
16.6480	6611
16.6520	6974
16.6560	7114
16.6600	7568
16.6640	6923
16.6680	7409
16.6720	7303
16.6760	7485
16.6800	6957
16.6840	6635
16.6880	6609
16.6920	7430
16.6960	6961
16.7000	6626
16.7040	6898
16.7080	7470
16.7120	7259
16.7160	6989
16.7200	6463
16.7240	6815
16.7280	7183
16.7320	7005
16.7360	6584
16.7400	6985
16.7440	7535
16.7480	7243
16.7520	7130
16.7560	6657
16.7600	6714
16.7640	7020
16.7680	6711
16.7720	6571
16.7760	6731
16.7800	7185
16.7840	7213
16.7880	7166
16.7920	6635
16.7960	6748
16.8000	6691
16.8040	7117
16.8080	6544
16.8120	7170
16.8160	7308
16.8200	6585
16.8240	7371
16.8280	7063
16.8320	7401
16.8360	7007
16.8400	7304
16.8440	6861
16.8480	6992
16.8520	7299
16.8560	7114
16.8600	7316
16.8640	6792
16.8680	7457
16.8720	6990
16.8760	6736
16.8800	7185
16.8840	7502
16.8880	6600
16.8920	6620
16.8960	7195
16.9000	7121
16.9040	7516
16.9080	6715
16.9120	7373
16.9160	6668
16.9200	7210
16.9240	6574
16.9280	6908
16.9320	7380
16.9360	7566
16.9400	7529
16.9440	6849
16.9480	7399
16.9520	7532
16.9560	6634
16.9600	7093
16.9640	6887
16.9680	7516
16.9720	7283
16.9760	7358
16.9800	6571
16.9840	7388
16.9880	7391
16.9920	6892
16.9960	7353
17.0000	6947
17.0040	7434
17.0080	6699
17.0120	7100
17.0160	6613
17.0200	6617
17.0240	7227
17.0280	6647
17.0320	7262
17.0360	7273
17.0400	6949
17.0440	6793
17.0480	6897
17.0520	7160
17.0560	6594
17.0600	6825
17.0640	6593
17.0680	7399
17.0720	7368
17.0760	7130
17.0800	6813
17.0840	7282
17.0880	7463
17.0920	6792
17.0960	7398
17.1000	6562
17.1040	7323
17.1080	7472
17.1120	6663
17.1160	6714
17.1200	6830
17.1240	7167
17.1280	7094
17.1320	6885
17.1360	6674
17.1400	7054
17.1440	7303
17.1480	6677
17.1520	7376
17.1560	6616
17.1600	6512
17.1640	6416
17.1680	6666
17.1720	7368
17.1760	6590
17.1800	6865
17.1840	6666
17.1880	6968
17.1920	7074
17.1960	6710
17.2000	6717
17.2040	6713
17.2080	7305
17.2120	6589
17.2160	7480
17.2200	6674
17.2240	7543
17.2280	7027
17.2320	6652
17.2360	6932
17.2400	6463
17.2440	7445
17.2480	6566
17.2520	6998
17.2560	6739
17.2600	7411
17.2640	6827
17.2680	6875
17.2720	6728
17.2760	6839
17.2800	7230
17.2840	6582
17.2880	6863
17.2920	7007
17.2960	7099
17.3000	7518
17.3040	6674
17.3080	6690
17.3120	6645
17.3160	7525
17.3200	6779
17.3240	6759
17.3280	7061
17.3320	6902
17.3360	7309
17.3400	6797
17.3440	6473
17.3480	6790
17.3520	7255
17.3560	7288
17.3600	7345
17.3640	7323
17.3680	6875
17.3720	7389
17.3760	6671
17.3800	6671
17.3840	7035
17.3880	7456
17.3920	7180
17.3960	7376
17.4000	6529
17.4040	6531
17.4080	7254
17.4120	6615
17.4160	6670
17.4200	7156
17.4240	6840
17.4280	7084
17.4320	7530
17.4360	6677
17.4400	6600
17.4440	7302
17.4480	6649
17.4520	6673
17.4560	7453
17.4600	6835
17.4640	6922
17.4680	7617
17.4720	7117
17.4760	6709
17.4800	7431
17.4840	6788
17.4880	6672
17.4920	7349
17.4960	7437
17.5000	7224
17.5040	7278
17.5080	6749
17.5120	6837
17.5160	7129
17.5200	6784
17.5240	6377
17.5280	7356
17.5320	6972
17.5360	7150
17.5400	7165
17.5440	6807
17.5480	6359
17.5520	7220
17.5560	6499
17.5600	7354
17.5640	7333
17.5680	7469
17.5720	7366
17.5760	7502
17.5800	6961
17.5840	6559
17.5880	7449
17.5920	6604
17.5960	6842
17.6000	7158
17.6040	7432
17.6080	7118
17.6120	7483
17.6160	6829
17.6200	7100
17.6240	7125
17.6280	6953
17.6320	7063
17.6360	7409
17.6400	7268
17.6440	7457
17.6480	7238
17.6520	7485
17.6560	7111
17.6600	7044
17.6640	6588
17.6680	7270
17.6720	7104
17.6760	7327
17.6800	6986
17.6840	7187
17.6880	6966
17.6920	7390
17.6960	7133
17.7000	6876
17.7040	6704
17.7080	7290
17.7120	6674
17.7160	7198
17.7200	6930
17.7240	7029
17.7280	6929
17.7320	6871
17.7360	6664
17.7400	7381
17.7440	7399
17.7480	7420
17.7520	7329
17.7560	7436
17.7600	7319
17.7640	6648
17.7680	7435
17.7720	6776
17.7760	7363
17.7800	6657
17.7840	7518
17.7880	7340
17.7920	6722
17.7960	6660
17.8000	7555
17.8040	7437
17.8080	7356
17.8120	7524
17.8160	6839
17.8200	6732
17.8240	7383
17.8280	7453
17.8320	6721
17.8360	7171
17.8400	6699
17.8440	7230
17.8480	7123
17.8520	7334
17.8560	7236
17.8600	7127
17.8640	6966
17.8680	6800
17.8720	7175
17.8760	6757
17.8800	6595
17.8840	7172
17.8880	6868
17.8920	7275
17.8960	7443
17.9000	6451
17.9040	6787
17.9080	7222
17.9120	6958
17.9160	6910
17.9200	7591
17.9240	6860
17.9280	6907
17.9320	6830
17.9360	6614
17.9400	6746
17.9440	7357
17.9480	7194
17.9520	7392
17.9560	7336
17.9600	7380
17.9640	7449
17.9680	7002
17.9720	6693
17.9760	7208
17.9800	7482
17.9840	7497
17.9880	7681
17.9920	7221
17.9960	7450
18.0000	7352
18.0040	7026
18.0080	6606
18.0120	6988
18.0160	7403
18.0200	7299
18.0240	7322
18.0280	7289
18.0320	7060
18.0360	7279
18.0400	6562
18.0440	6583
18.0480	7098
18.0520	7356
18.0560	7321
18.0600	7409
18.0640	7217
18.0680	7393
18.0720	7222
18.0760	6737
18.0800	6618
18.0840	7356
18.0880	6983
18.0920	7510
18.0960	7245
18.1000	6887
18.1040	7105
18.1080	6661
18.1120	6620
18.1160	6835
18.1200	7169
18.1240	7364
18.1280	7283
18.1320	7352
18.1360	7366
18.1400	7154
18.1440	6763
18.1480	6893
18.1520	7225
18.1560	7470
18.1600	7361
18.1640	7389
18.1680	7171
18.1720	6798
18.1760	7390
18.1800	7119
18.1840	6862
18.1880	6883
18.1920	7487
18.1960	7399
18.2000	7114
18.2040	7440
18.2080	6644
18.2120	7455
18.2160	6478
18.2200	6860
18.2240	6579
18.2280	6866
18.2320	7524
18.2360	7352
18.2400	7192
18.2440	6707
18.2480	7108
18.2520	6675
18.2560	7279
18.2600	6489
18.2640	6994
18.2680	7112
18.2720	7467
18.2760	6630
18.2800	6743
18.2840	7224
18.2880	6612
18.2920	7144
18.2960	6665
18.3000	6796
18.3040	7118
18.3080	7305
18.3120	7316
18.3160	6704
18.3200	6723
18.3240	6873
18.3280	7061
18.3320	6746
18.3360	6740
18.3400	6812
18.3440	7288
18.3480	6980
18.3520	6617
18.3560	7457
18.3600	6722
18.3640	7028
18.3680	6924
18.3720	7187
18.3760	7268
18.3800	6618
18.3840	7406
18.3880	6644
18.3920	7072
18.3960	6503
18.4000	6481
18.4040	6580
18.4080	6561
18.4120	6993
18.4160	7189
18.4200	7286
18.4240	6943
18.4280	7051
18.4320	6635
18.4360	7090
18.4400	6591
18.4440	6978
18.4480	6457
18.4520	7072
18.4560	6637
18.4600	6957
18.4640	7329
18.4680	7151
18.4720	6607
18.4760	6581
18.4800	6882
18.4840	6596
18.4880	6796
18.4920	7011
18.4960	6672
18.5000	7411
18.5040	6763
18.5080	6835
18.5120	6646
18.5160	6726
18.5200	6559
18.5240	7037
18.5280	7489
18.5320	6780
18.5360	7493
18.5400	6834
18.5440	6626
18.5480	6678
18.5520	6644
18.5560	6566
18.5600	7370
18.5640	6932
18.5680	7223
18.5720	7176
18.5760	6765
18.5800	6645
18.5840	7368
18.5880	6783
18.5920	6596
18.5960	7005
18.6000	7503
18.6040	7237
18.6080	7170
18.6120	7209
18.6160	7367
18.6200	7024
18.6240	6645
18.6280	6413
18.6320	6759
18.6360	7345
18.6400	7159
18.6440	7325
18.6480	7425
18.6520	7446
18.6560	6625
18.6600	6813
18.6640	6804
18.6680	7482
18.6720	7412
18.6760	7501
18.6800	7451
18.6840	7535
18.6880	7156
18.6920	6670
18.6960	6765
18.7000	7373
18.7040	7310
18.7080	7186
18.7120	7231
18.7160	6967
18.7200	7161
18.7240	6835
18.7280	6633
18.7320	6765
18.7360	7389
18.7400	7053
18.7440	7309
18.7480	7058
18.7520	6835
18.7560	6650
18.7600	6565
18.7640	6766
18.7680	7125
18.7720	7462
18.7760	7477
18.7800	7475
18.7840	7032
18.7880	6997
18.7920	7005
18.7960	6928
18.8000	6633
18.8040	6885
18.8080	7163
18.8120	7332
18.8160	7296
18.8200	7426
18.8240	6990
18.8280	6686
18.8320	6627
18.8360	6619
18.8400	6702
18.8440	7379
18.8480	6725
18.8520	7538
18.8560	6749
18.8600	7254
18.8640	7184
18.8680	6510
18.8720	6652
18.8760	6961
18.8800	7379
18.8840	7036
18.8880	6940
18.8920	7308
18.8960	6596
18.9000	7069
18.9040	6664
18.9080	7147
18.9120	6584
18.9160	7171
18.9200	6667
18.9240	7213
18.9280	7144
18.9320	6614
18.9360	6534
18.9400	6562
18.9440	6469
18.9480	6577
18.9520	7045
18.9560	6494
18.9600	7288
18.9640	6554
18.9680	6905
18.9720	7259
18.9760	6658
18.9800	6608
18.9840	6567
18.9880	6927
18.9920	6697
18.9960	7407
19.0000	6710
19.0040	6727
19.0080	7296
19.0120	6606
19.0160	7080
19.0200	6621
19.0240	7254
19.0280	7069
19.0320	7497
19.0360	6880
19.0400	7058
19.0440	7281
19.0480	6716
19.0520	6805
19.0560	7145
19.0600	7140
19.0640	7254
19.0680	7299
19.0720	7323
19.0760	7443
19.0800	7070
19.0840	6999
19.0880	7410
19.0920	6932
19.0960	6585
19.1000	6890
19.1040	6969
19.1080	6922
19.1120	7249
19.1160	6980
19.1200	6544
19.1240	6752
19.1280	6731
19.1320	7141
19.1360	7062
19.1400	7473
19.1440	7157
19.1480	7464
19.1520	6521
19.1560	7046
19.1600	6616
19.1640	7460
19.1680	7330
19.1720	7506
19.1760	7463
19.1800	7414
19.1840	7412
19.1880	7193
19.1920	6767
19.1960	6734
19.2000	7092
19.2040	7207
19.2080	6979
19.2120	7394
19.2160	6736
19.2200	7323
19.2240	6671
19.2280	6637
19.2320	6752
19.2360	6809
19.2400	7500
19.2440	7502
19.2480	7463
19.2520	7329
19.2560	7230
19.2600	6713
19.2640	6951
19.2680	6557
19.2720	6636
19.2760	6827
19.2800	7317
19.2840	7238
19.2880	7298
19.2920	6669
19.2960	6981
19.3000	6380
19.3040	6653
19.3080	6671
19.3120	6961
19.3160	7130
19.3200	7421
19.3240	7332
19.3280	7035
19.3320	6804
19.3360	7029
19.3400	6599
19.3440	6627
19.3480	6846
19.3520	7407
19.3560	7411
19.3600	7230
19.3640	6989
19.3680	6853
19.3720	6992
19.3760	7032
19.3800	6549
19.3840	6654
19.3880	7136
19.3920	7627
19.3960	7382
19.4000	7520
19.4040	6761
19.4080	6766
19.4120	6964
19.4160	6859
19.4200	6830
19.4240	7327
19.4280	7271
19.4320	7355
19.4360	7054
19.4400	6607
19.4440	6604
19.4480	6767
19.4520	6750
19.4560	6589
19.4600	7115
19.4640	7240
19.4680	7375
19.4720	6948
19.4760	6608
19.4800	6532
19.4840	7305
19.4880	6995
19.4920	6702
19.4960	6638
19.5000	7399
19.5040	7314
19.5080	6919
19.5120	6689
19.5160	7164
19.5200	6845
19.5240	6771
19.5280	6458
19.5320	6853
19.5360	7320
19.5400	7436
19.5440	6828
19.5480	6548
19.5520	7444
19.5560	7561
19.5600	6686
19.5640	6711
19.5680	7171
19.5720	7567
19.5760	6893
19.5800	6634
19.5840	6705
19.5880	7364
19.5920	7352
19.5960	6753
19.6000	7099
19.6040	6986
19.6080	7052
19.6120	7309
19.6160	7064
19.6200	6671
19.6240	7503
19.6280	7332
19.6320	6756
19.6360	6458
19.6400	7207
19.6440	7137
19.6480	7299
19.6520	6705
19.6560	6606
19.6600	7341
19.6640	7613
19.6680	6740
19.6720	6675
19.6760	7282
19.6800	7350
19.6840	6819
19.6880	6665
19.6920	6466
19.6960	7358
19.7000	7222
19.7040	6771
19.7080	6896
19.7120	7143
19.7160	7231
19.7200	6689
19.7240	6798
19.7280	6724
19.7320	7368
19.7360	7369
19.7400	7044
19.7440	6902
19.7480	7502
19.7520	7298
19.7560	6542
19.7600	7090
19.7640	7159
19.7680	7326
19.7720	7356
19.7760	6690
19.7800	7064
19.7840	7334
19.7880	7503
19.7920	6780
19.7960	6691
19.8000	6635
19.8040	7349
19.8080	7411
19.8120	6874
19.8160	6837
19.8200	7249
19.8240	6843
19.8280	6678
19.8320	6797
19.8360	7318
19.8400	6834
19.8440	6828
19.8480	6764
19.8520	7040
19.8560	7073
19.8600	7452
19.8640	6602
19.8680	6571
19.8720	6799
19.8760	7013
19.8800	6745
19.8840	7020
19.8880	7440
19.8920	7370
19.8960	7005
19.9000	6682
19.9040	6798
19.9080	7021
19.9120	6890
19.9160	6910
19.9200	6940
19.9240	7203
19.9280	7480
19.9320	7304
19.9360	6668
19.9400	6611
19.9440	6961
19.9480	6854
19.9520	6876
19.9560	7538
19.9600	7413
19.9640	7287
19.9680	6772
19.9720	6807
19.9760	6868
19.9800	6651
19.9840	6795
19.9880	7030
19.9920	7130
19.9960	7041
