0.0000	6598
0.0040	6984
0.0080	7501
0.0120	6859
0.0160	7569
0.0200	7291
0.0240	6484
0.0280	6493
0.0320	7065
0.0360	6623
0.0400	6690
0.0440	7092
0.0480	6851
0.0520	7518
0.0560	7529
0.0600	7427
0.0640	7158
0.0680	6926
0.0720	7375
0.0760	6711
0.0800	6670
0.0840	6581
0.0880	6772
0.0920	7067
0.0960	7452
0.1000	7385
0.1040	7170
0.1080	7273
0.1120	6790
0.1160	6436
0.1200	6935
0.1240	6796
0.1280	6839
0.1320	6820
0.1360	7404
0.1400	7047
0.1440	7265
0.1480	7144
0.1520	7265
0.1560	7216
0.1600	7357
0.1640	6635
0.1680	6585
0.1720	7045
0.1760	7226
0.1800	7238
0.1840	7012
0.1880	7132
0.1920	7160
0.1960	7362
0.2000	6924
0.2040	6573
0.2080	6555
0.2120	6798
0.2160	6755
0.2200	7042
0.2240	6655
0.2280	6576
0.2320	6511
0.2360	7355
0.2400	6856
0.2440	6635
0.2480	6942
0.2520	6567
0.2560	7339
0.2600	6322
0.2640	7227
0.2680	6630
0.2720	7263
0.2760	6720
0.2800	6480
0.2840	7217
0.2880	7091
0.2920	7381
0.2960	6672
0.3000	6495
0.3040	6512
0.3080	7120
0.3120	7003
0.3160	6820
0.3200	6792
0.3240	7474
0.3280	6637
0.3320	7463
0.3360	6902
0.3400	7048
0.3440	6683
0.3480	7191
0.3520	6794
0.3560	6984
0.3600	7086
0.3640	6870
0.3680	7348
0.3720	7548
0.3760	7452
0.3800	7250
0.3840	6880
0.3880	7286
0.3920	6803
0.3960	6817
0.4000	6944
0.4040	6941
0.4080	7076
0.4120	7397
0.4160	7145
0.4200	6860
0.4240	7198
0.4280	6968
0.4320	6784
0.4360	6951
0.4400	7370
0.4440	6803
0.4480	6749
0.4520	7136
0.4560	7134
0.4600	7206
0.4640	6449
0.4680	6568
0.4720	7261
0.4760	7201
0.4800	6863
0.4840	6815
0.4880	7232
0.4920	6860
0.4960	6720
0.5000	6845
0.5040	7163
0.5080	7088
0.5120	7330
0.5160	7087
0.5200	6816
0.5240	7206
0.5280	6934
0.5320	6683
0.5360	6379
0.5400	7083
0.5440	7323
0.5480	7276
0.5520	7287
0.5560	7350
0.5600	7490
0.5640	7313
0.5680	6830
0.5720	6885
0.5760	6492
0.5800	7338
0.5840	7281
0.5880	7253
0.5920	7272
0.5960	6813
0.6000	7475
0.6040	7086
0.6080	6583
0.6120	6822
0.6160	7176
0.6200	7335
0.6240	7099
0.6280	6653
0.6320	7346
0.6360	6864
0.6400	7121
0.6440	7282
0.6480	7166
0.6520	7059
0.6560	6350
0.6600	6466
0.6640	6490
0.6680	7351
0.6720	6939
0.6760	6767
0.6800	7086
0.6840	7201
0.6880	7008
0.6920	6732
0.6960	7053
0.7000	6774
0.7040	7445
0.7080	6926
0.7120	7289
0.7160	7368
0.7200	7449
0.7240	7353
0.7280	7099
0.7320	6595
0.7360	6872
0.7400	6698
0.7440	7607
0.7480	7701
0.7520	7376
0.7560	6984
0.7600	6650
0.7640	7356
0.7680	6584
0.7720	6935
0.7760	6767
0.7800	6799
0.7840	7393
0.7880	7210
0.7920	6618
0.7960	6597
0.8000	6985
0.8040	6538
0.8080	6979
0.8120	6747
0.8160	7085
0.8200	6793
0.8240	7131
0.8280	6466
0.8320	6502
0.8360	6964
0.8400	6822
0.8440	6364
0.8480	6660
0.8520	6846
0.8560	7183
0.8600	6678
0.8640	7299
0.8680	6544
0.8720	7331
0.8760	6501
0.8800	7171
0.8840	7053
0.8880	6530
0.8920	6376
0.8960	7148
0.9000	7188
0.9040	7277
0.9080	7366
0.9120	6986
0.9160	6546
0.9200	6869
0.9240	6646
0.9280	6774
0.9320	7215
0.9360	6820
0.9400	7451
0.9440	7106
0.9480	7308
0.9520	6855
0.9560	6678
0.9600	6534
0.9640	6916
0.9680	7168
0.9720	7378
0.9760	7159
0.9800	7206
0.9840	6940
0.9880	7145
0.9920	6540
0.9960	6674
1.0000	7275
1.0040	7120
1.0080	7382
1.0120	7415
1.0160	7360
1.0200	7344
1.0240	6410
1.0280	6535
1.0320	6629
1.0360	7257
1.0400	7260
1.0440	7248
1.0480	7574
1.0520	7585
1.0560	7473
1.0600	7320
1.0640	6461
1.0680	6489
1.0720	7308
1.0760	7321
1.0800	7182
1.0840	7312
1.0880	7472
1.0920	7359
1.0960	7054
1.1000	6659
1.1040	6710
1.1080	6872
1.1120	7161
1.1160	6809
1.1200	7144
1.1240	7167
1.1280	7204
1.1320	6950
1.1360	6826
1.1400	6596
1.1440	7136
1.1480	7339
1.1520	6627
1.1560	6572
1.1600	7286
1.1640	7209
1.1680	7262
1.1720	6416
1.1760	6590
1.1800	7220
1.1840	6563
1.1880	7017
1.1920	7413
1.1960	7228
1.2000	7044
1.2040	6951
1.2080	7221
1.2120	6511
1.2160	6551
1.2200	6963
1.2240	7037
1.2280	6917
1.2320	7323
1.2360	6481
1.2400	6676
1.2440	6686
1.2480	6473
1.2520	6548
1.2560	7192
1.2600	6893
1.2640	7359
1.2680	7464
1.2720	6811
1.2760	6503
1.2800	6761
1.2840	7066
1.2880	6419
1.2920	7113
1.2960	7442
1.3000	7263
1.3040	6947
1.3080	6853
1.3120	7443
1.3160	6679
1.3200	7380
1.3240	6686
1.3280	7324
1.3320	7263
1.3360	7580
1.3400	7403
1.3440	7090
1.3480	6705
1.3520	6772
1.3560	6984
1.3600	6717
1.3640	7261
1.3680	7446
1.3720	6947
1.3760	7445
1.3800	6903
1.3840	7066
1.3880	6597
1.3920	6698
1.3960	7384
1.4000	7139
1.4040	7029
1.4080	6913
1.4120	7607
1.4160	6908
1.4200	7113
1.4240	6965
1.4280	6873
1.4320	7240
1.4360	7131
1.4400	6882
1.4440	7216
1.4480	7547
1.4520	6964
1.4560	7415
1.4600	7083
1.4640	7025
1.4680	7301
1.4720	7167
1.4760	6770
1.4800	7356
1.4840	6966
1.4880	6931
1.4920	7244
1.4960	7392
1.5000	6802
1.5040	7059
1.5080	7273
1.5120	7280
1.5160	7222
1.5200	7048
1.5240	7274
1.5280	7108
1.5320	7227
1.5360	7188
1.5400	7017
1.5440	6767
1.5480	7130
1.5520	7379
1.5560	7141
1.5600	7318
1.5640	7213
1.5680	6855
1.5720	7048
1.5760	7137
1.5800	6256
1.5840	6519
1.5880	7077
1.5920	7192
1.5960	7116
1.6000	6814
1.6040	6580
1.6080	6608
1.6120	6533
1.6160	7068
1.6200	6876
1.6240	7281
1.6280	7490
1.6320	7296
1.6360	6625
1.6400	6908
1.6440	6870
1.6480	6759
1.6520	6924
1.6560	7142
1.6600	7181
1.6640	7399
1.6680	7387
1.6720	7049
1.6760	6765
1.6800	6833
1.6840	6563
1.6880	6900
1.6920	6883
1.6960	7414
1.7000	7324
1.7040	7447
1.7080	6967
1.7120	6516
1.7160	6738
1.7200	6803
1.7240	6827
1.7280	6614
1.7320	7172
1.7360	6554
1.7400	7408
1.7440	6876
1.7480	6886
1.7520	6528
1.7560	6734
1.7600	6717
1.7640	6627
1.7680	7305
1.7720	6812
1.7760	7176
1.7800	7338
1.7840	7370
1.7880	6892
1.7920	6864
1.7960	7113
1.8000	6693
1.8040	7366
1.8080	6895
1.8120	7176
1.8160	6748
1.8200	7522
1.8240	7292
1.8280	6959
1.8320	7344
1.8360	7502
1.8400	6522
1.8440	7225
1.8480	6681
1.8520	6589
1.8560	7243
1.8600	6712
1.8640	7370
1.8680	6752
1.8720	7425
1.8760	6507
1.8800	7097
1.8840	6911
1.8880	6731
1.8920	7166
1.8960	7511
1.9000	7014
1.9040	7018
1.9080	7293
1.9120	6719
1.9160	6691
1.9200	6709
1.9240	6328
1.9280	7321
1.9320	6793
1.9360	7084
1.9400	6597
1.9440	7129
1.9480	6477
1.9520	6661
1.9560	7177
1.9600	7141
1.9640	7205
1.9680	6557
1.9720	7527
1.9760	7161
1.9800	7491
1.9840	6779
1.9880	7010
1.9920	7025
1.9960	6875
2.0000	7452
2.0040	6623
2.0080	7478
2.0120	7560
2.0160	7293
2.0200	6829
2.0240	7063
2.0280	7341
2.0320	6862
2.0360	7282
2.0400	6580
2.0440	7154
2.0480	7310
2.0520	6731
2.0560	7202
2.0600	7179
2.0640	7265
2.0680	7264
2.0720	7304
2.0760	6826
2.0800	6695
2.0840	6789
2.0880	6567
2.0920	7030
2.0960	7385
2.1000	7160
2.1040	7072
2.1080	6931
2.1120	6948
2.1160	7458
2.1200	7114
2.1240	7417
2.1280	6962
2.1320	6664
2.1360	6677
2.1400	7332
2.1440	6692
2.1480	6792
2.1520	7366
2.1560	7339
2.1600	7425
2.1640	7381
2.1680	6741
2.1720	6888
2.1760	6855
2.1800	7275
2.1840	7189
2.1880	7388
2.1920	7502
2.1960	7262
2.2000	7399
2.2040	6906
2.2080	6614
2.2120	7165
2.2160	7375
2.2200	7187
2.2240	6589
2.2280	7426
2.2320	7128
2.2360	7333
2.2400	7173
2.2440	7240
2.2480	7291
2.2520	7126
2.2560	6768
2.2600	6328
2.2640	6844
2.2680	6977
2.2720	7310
2.2760	7053
2.2800	7186
2.2840	6965
2.2880	6689
2.2920	6474
2.2960	6699
2.3000	7087
2.3040	7366
2.3080	7019
2.3120	6770
2.3160	6888
2.3200	7054
2.3240	6534
2.3280	6690
2.3320	6812
2.3360	7388
2.3400	7286
2.3440	6601
2.3480	6631
2.3520	7131
2.3560	7136
2.3600	6721
2.3640	7209
2.3680	6664
2.3720	7161
2.3760	6971
2.3800	6557
2.3840	7002
2.3880	7393
2.3920	7390
2.3960	6762
2.4000	6727
2.4040	6457
2.4080	6914
2.4120	6697
2.4160	6563
2.4200	6731
2.4240	7258
2.4280	7344
2.4320	6511
2.4360	7283
2.4400	6810
2.4440	7064
2.4480	7176
2.4520	6709
2.4560	6975
2.4600	7342
2.4640	6807
2.4680	6754
2.4720	6550
2.4760	7053
2.4800	7185
2.4840	7442
2.4880	6810
2.4920	7011
2.4960	7202
2.5000	6764
2.5040	6757
2.5080	6673
2.5120	6765
2.5160	7164
2.5200	6927
2.5240	7097
2.5280	6733
2.5320	7382
2.5360	6711
2.5400	6804
2.5440	7236
2.5480	7264
2.5520	7521
2.5560	7434
2.5600	6792
2.5640	6632
2.5680	6667
2.5720	6633
2.5760	6581
2.5800	7291
2.5840	7336
2.5880	7322
2.5920	7227
2.5960	6673
2.6000	7079
2.6040	7140
2.6080	6932
2.6120	6921
2.6160	6969
2.6200	7068
2.6240	7065
2.6280	6965
2.6320	7400
2.6360	7089
2.6400	7388
2.6440	6350
2.6480	6849
2.6520	6571
2.6560	6663
2.6600	6639
2.6640	7372
2.6680	7199
2.6720	7550
2.6760	7372
2.6800	6875
2.6840	6951
2.6880	7231
2.6920	6724
2.6960	6695
2.7000	7248
2.7040	7618
2.7080	7607
2.7120	7328
2.7160	6789
2.7200	7432
2.7240	7357
2.7280	6765
2.7320	7457
2.7360	7010
2.7400	6927
2.7440	6596
2.7480	6499
2.7520	6387
2.7560	6950
2.7600	7168
2.7640	7109
2.7680	6883
2.7720	6919
2.7760	7093
2.7800	6622
2.7840	6397
2.7880	6914
2.7920	6609
2.7960	7395
2.8000	6639
2.8040	7086
2.8080	6739
2.8120	7713
2.8160	6495
2.8200	7218
2.8240	6626
2.8280	6663
2.8320	7111
2.8360	7127
2.8400	6728
2.8440	7329
2.8480	7485
2.8520	6660
2.8560	6571
2.8600	7128
2.8640	6776
2.8680	7368
2.8720	6753
2.8760	6935
2.8800	7150
2.8840	6745
2.8880	6488
2.8920	6717
2.8960	7252
2.9000	6972
2.9040	7132
2.9080	6785
2.9120	7240
2.9160	7324
2.9200	7300
2.9240	7000
2.9280	6519
2.9320	7179
2.9360	6996
2.9400	7306
2.9440	6324
2.9480	6968
2.9520	6782
2.9560	7087
2.9600	6575
2.9640	6400
2.9680	6803
2.9720	7369
2.9760	7080
2.9800	6537
2.9840	6678
2.9880	6616
2.9920	7534
2.9960	7226
3.0000	7324
3.0040	7138
3.0080	7675
3.0120	6716
3.0160	6613
3.0200	6563
3.0240	6595
3.0280	6818
3.0320	7131
3.0360	7486
3.0400	7395
3.0440	7328
3.0480	6849
3.0520	7197
3.0560	7160
3.0600	7160
3.0640	7494
3.0680	6710
3.0720	6681
3.0760	7607
3.0800	7172
3.0840	6807
3.0880	7259
3.0920	7087
3.0960	6584
3.1000	7507
3.1040	7427
3.1080	6761
3.1120	7013
3.1160	7408
3.1200	6646
3.1240	7574
3.1280	7063
3.1320	6711
3.1360	7212
3.1400	6835
3.1440	6758
3.1480	7382
3.1520	7298
3.1560	7272
3.1600	7034
3.1640	7526
3.1680	6608
3.1720	7192
3.1760	6785
3.1800	6606
3.1840	6520
3.1880	7424
3.1920	6809
3.1960	6488
3.2000	7232
3.2040	7092
3.2080	7059
3.2120	7048
3.2160	6833
3.2200	6599
3.2240	6825
3.2280	7266
3.2320	7143
3.2360	7096
3.2400	6866
3.2440	6828
3.2480	7310
3.2520	7491
3.2560	7154
3.2600	6775
3.2640	7086
3.2680	6882
3.2720	7492
3.2760	6803
3.2800	6448
3.2840	7023
3.2880	6582
3.2920	7272
3.2960	6667
3.3000	7277
3.3040	6770
3.3080	7299
3.3120	6631
3.3160	6394
3.3200	7128
3.3240	7225
3.3280	6754
3.3320	7182
3.3360	7015
3.3400	7074
3.3440	7391
3.3480	6549
3.3520	6736
3.3560	7275
3.3600	7452
3.3640	6406
3.3680	6716
3.3720	6420
3.3760	7292
3.3800	7356
3.3840	6585
3.3880	6646
3.3920	7013
3.3960	7199
3.4000	7001
3.4040	7293
3.4080	6545
3.4120	6585
3.4160	7201
3.4200	7444
3.4240	6986
3.4280	7216
3.4320	7454
3.4360	7063
3.4400	6542
3.4440	6553
3.4480	7333
3.4520	6763
3.4560	6640
3.4600	7301
3.4640	7318
3.4680	6612
3.4720	7100
3.4760	6679
3.4800	6828
3.4840	6869
3.4880	6692
3.4920	6681
3.4960	6795
3.5000	7229
3.5040	6774
3.5080	7303
3.5120	7271
3.5160	6820
3.5200	6765
3.5240	7333
3.5280	6492
3.5320	7126
3.5360	7183
3.5400	7223
3.5440	6689
3.5480	6522
3.5520	6678
3.5560	6857
3.5600	6848
3.5640	7268
3.5680	7452
3.5720	7332
3.5760	7482
3.5800	7223
3.5840	7357
3.5880	7414
3.5920	7426
3.5960	7507
3.6000	7031
3.6040	6701
3.6080	6650
3.6120	6793
3.6160	6621
3.6200	6664
3.6240	6694
3.6280	7044
3.6320	6577
3.6360	6961
3.6400	7333
3.6440	7419
3.6480	6683
3.6520	7349
3.6560	6672
3.6600	6774
3.6640	6640
3.6680	6760
3.6720	6408
3.6760	7266
3.6800	7008
3.6840	7171
3.6880	7031
3.6920	6429
3.6960	7212
3.7000	6686
3.7040	7060
3.7080	6586
3.7120	6785
3.7160	7565
3.7200	7062
3.7240	6661
3.7280	6799
3.7320	6459
3.7360	6868
3.7400	7242
3.7440	7346
3.7480	6633
3.7520	6853
3.7560	6853
3.7600	7329
3.7640	6769
3.7680	6497
3.7720	6831
3.7760	6810
3.7800	7334
3.7840	7720
3.7880	7599
3.7920	7588
3.7960	6808
3.8000	6721
3.8040	7064
3.8080	7276
3.8120	6962
3.8160	7205
3.8200	7043
3.8240	7447
3.8280	7213
3.8320	7400
3.8360	6894
3.8400	6652
3.8440	7300
3.8480	7313
3.8520	7103
3.8560	7756
3.8600	6849
3.8640	6829
3.8680	6813
3.8720	6976
3.8760	7123
3.8800	6505
3.8840	7264
3.8880	6867
3.8920	6673
3.8960	6642
3.9000	7624
3.9040	7379
3.9080	7467
3.9120	7062
3.9160	6669
3.9200	6847
3.9240	7363
3.9280	7087
3.9320	6546
3.9360	6603
3.9400	6489
3.9440	7115
3.9480	7326
3.9520	6810
3.9560	7340
3.9600	6295
3.9640	6830
3.9680	7213
3.9720	6483
3.9760	6619
3.9800	6593
3.9840	7294
3.9880	7223
3.9920	6311
3.9960	6543
4.0000	6649
4.0040	7147
4.0080	7067
4.0120	6240
4.0160	6325
4.0200	7153
4.0240	7052
4.0280	6639
4.0320	6546
4.0360	6231
4.0400	7162
4.0440	7055
4.0480	6753
4.0520	6565
4.0560	7330
4.0600	7285
4.0640	7106
4.0680	6513
4.0720	6567
4.0760	6599
4.0800	7472
4.0840	7346
4.0880	7159
4.0920	7214
4.0960	7454
4.1000	6997
4.1040	6643
4.1080	6734
4.1120	6616
4.1160	6794
4.1200	7415
4.1240	7525
4.1280	7000
4.1320	7010
4.1360	7093
4.1400	7236
4.1440	7522
4.1480	7383
4.1520	7288
4.1560	6900
4.1600	6828
4.1640	6818
4.1680	7040
4.1720	7033
4.1760	7413
4.1800	7135
4.1840	7479
4.1880	7070
4.1920	7361
4.1960	6585
4.2000	6552
4.2040	7183
4.2080	7393
4.2120	7594
4.2160	6942
4.2200	7583
4.2240	7158
4.2280	7135
4.2320	7167
4.2360	6936
4.2400	7236
4.2440	7135
4.2480	7515
4.2520	7340
4.2560	6798
4.2600	6875
4.2640	6930
4.2680	6723
4.2720	7151
4.2760	6936
4.2800	6697
4.2840	7032
4.2880	6994
4.2920	7304
4.2960	7349
4.3000	7102
4.3040	7164
4.3080	7126
4.3120	6586
4.3160	7046
4.3200	7135
4.3240	7035
4.3280	7482
4.3320	6838
4.3360	6637
4.3400	6861
4.3440	6562
4.3480	6562
4.3520	6354
4.3560	7158
4.3600	6760
4.3640	7086
4.3680	6744
4.3720	7257
4.3760	6642
4.3800	6140
4.3840	6284
4.3880	6344
4.3920	7110
4.3960	6915
4.4000	7186
4.4040	7511
4.4080	7351
4.4120	7080
4.4160	6978
4.4200	7336
4.4240	7300
4.4280	6809
4.4320	7222
4.4360	6686
4.4400	7330
4.4440	7141
4.4480	6786
4.4520	6756
4.4560	6657
4.4600	6896
4.4640	6846
4.4680	7540
4.4720	7176
4.4760	7628
4.4800	7250
4.4840	7776
4.4880	7182
4.4920	7702
4.4960	7571
4.5000	7655
4.5040	7235
4.5080	7341
4.5120	6938
4.5160	7498
4.5200	7256
4.5240	7038
4.5280	7450
4.5320	7332
4.5360	7202
4.5400	6684
4.5440	6985
4.5480	6992
4.5520	7444
4.5560	7313
4.5600	6899
4.5640	6859
4.5680	7258
4.5720	7391
4.5760	6555
4.5800	6685
4.5840	6640
4.5880	6873
4.5920	7396
4.5960	7571
4.6000	6898
4.6040	6966
4.6080	6652
4.6120	6400
4.6160	6452
4.6200	6792
4.6240	7310
4.6280	7360
4.6320	6813
4.6360	6541
4.6400	6596
4.6440	6798
4.6480	6923
4.6520	7062
4.6560	6521
4.6600	7312
4.6640	6514
4.6680	6787
4.6720	6882
4.6760	6600
4.6800	7268
4.6840	6617
4.6880	7294
4.6920	6791
4.6960	7159
4.7000	6903
4.7040	6534
4.7080	6476
4.7120	6386
4.7160	6397
4.7200	6741
4.7240	7224
4.7280	7091
4.7320	6524
4.7360	7390
4.7400	7033
4.7440	6739
4.7480	7341
4.7520	6815
4.7560	7183
4.7600	7344
4.7640	6779
4.7680	7399
4.7720	6501
4.7760	7409
4.7800	7298
4.7840	7156
4.7880	6870
4.7920	7317
4.7960	7556
4.8000	7357
4.8040	7148
4.8080	7401
4.8120	6770
4.8160	7389
4.8200	6877
4.8240	6622
4.8280	7271
4.8320	6959
4.8360	7049
4.8400	6815
4.8440	6786
4.8480	7419
4.8520	7289
4.8560	7481
4.8600	6967
4.8640	7388
4.8680	6895
4.8720	7421
4.8760	6747
4.8800	6934
4.8840	7005
4.8880	7164
4.8920	7253
4.8960	7004
4.9000	7250
4.9040	6744
4.9080	6664
4.9120	7224
4.9160	7097
4.9200	7016
4.9240	7273
4.9280	6675
4.9320	7231
4.9360	6538
4.9400	7256
4.9440	6622
4.9480	7080
4.9520	7305
4.9560	6748
4.9600	7160
4.9640	6440
4.9680	6527
4.9720	6500
4.9760	7163
4.9800	6543
4.9840	6869
4.9880	6643
4.9920	6782
4.9960	7379
5.0000	6749
5.0040	6725
5.0080	6756
5.0120	6687
5.0160	7165
5.0200	6947
5.0240	6878
5.0280	7246
5.0320	7422
5.0360	7583
5.0400	6864
5.0440	6576
5.0480	6518
5.0520	7124
5.0560	6815
5.0600	7284
5.0640	6516
5.0680	7358
5.0720	7055
5.0760	7460
5.0800	6888
5.0840	6672
5.0880	6933
5.0920	6928
5.0960	7076
5.1000	6491
5.1040	6936
5.1080	7215
5.1120	7498
5.1160	7303
5.1200	7026
5.1240	6742
5.1280	6764
5.1320	6973
5.1360	6756
5.1400	6848
5.1440	6756
5.1480	7125
5.1520	7353
5.1560	7022
5.1600	6838
5.1640	6637
5.1680	6621
5.1720	6672
5.1760	6933
5.1800	7178
5.1840	7256
5.1880	7258
5.1920	7500
5.1960	6728
5.2000	7551
5.2040	6722
5.2080	7416
5.2120	6734
5.2160	6652
5.2200	7320
5.2240	7466
5.2280	7265
5.2320	7206
5.2360	6766
5.2400	6638
5.2440	6855
5.2480	6890
5.2520	6843
5.2560	6513
5.2600	7327
5.2640	7125
5.2680	7444
5.2720	7406
5.2760	7630
5.2800	7223
5.2840	7132
5.2880	6574
5.2920	6960
5.2960	7151
5.3000	6711
5.3040	6926
5.3080	7356
5.3120	7349
5.3160	7210
5.3200	7196
5.3240	7074
5.3280	7336
5.3320	7426
5.3360	7290
5.3400	6857
5.3440	6470
5.3480	6719
5.3520	6891
5.3560	7263
5.3600	7397
5.3640	7107
5.3680	6854
5.3720	6671
5.3760	7262
5.3800	6830
5.3840	6784
5.3880	6413
5.3920	6662
5.3960	7466
5.4000	7197
5.4040	7291
5.4080	6735
5.4120	7020
5.4160	6939
5.4200	6630
5.4240	6377
5.4280	6965
5.4320	6820
5.4360	7298
5.4400	6953
5.4440	6956
5.4480	6958
5.4520	6237
5.4560	6883
5.4600	6981
5.4640	6683
5.4680	7244
5.4720	7379
5.4760	7032
5.4800	7051
5.4840	6697
5.4880	7156
5.4920	7168
5.4960	6520
5.5000	7092
5.5040	7010
5.5080	6982
5.5120	6921
5.5160	7568
5.5200	7230
5.5240	7586
5.5280	7395
5.5320	7307
5.5360	7151
5.5400	6775
5.5440	6683
5.5480	7713
5.5520	6942
5.5560	7415
5.5600	6657
5.5640	6849
5.5680	7087
5.5720	6599
5.5760	7140
5.5800	7450
5.5840	7448
5.5880	7537
5.5920	6827
5.5960	6792
5.6000	6443
5.6040	6777
5.6080	7362
5.6120	6589
5.6160	7305
5.6200	7395
5.6240	7164
5.6280	6952
5.6320	7036
5.6360	6540
5.6400	7371
5.6440	7060
5.6480	6949
5.6520	6892
5.6560	6556
5.6600	6621
5.6640	7166
5.6680	7367
5.6720	7134
5.6760	7054
5.6800	6724
5.6840	6855
5.6880	7374
5.6920	7137
5.6960	7522
5.7000	7346
5.7040	7229
5.7080	7117
5.7120	6556
5.7160	6630
5.7200	6761
5.7240	7108
5.7280	7278
5.7320	7072
5.7360	7106
5.7400	6945
5.7440	7423
5.7480	6586
5.7520	7029
5.7560	6748
5.7600	6829
5.7640	6629
5.7680	6784
5.7720	6806
5.7760	6571
5.7800	7275
5.7840	7193
5.7880	7327
5.7920	7309
5.7960	7406
5.8000	6741
5.8040	7133
5.8080	6834
5.8120	7100
5.8160	7276
5.8200	6789
5.8240	6944
5.8280	7453
5.8320	7611
5.8360	6650
5.8400	6907
5.8440	7406
5.8480	6621
5.8520	6597
5.8560	7120
5.8600	7015
5.8640	6752
5.8680	7482
5.8720	7293
5.8760	7006
5.8800	7279
5.8840	6651
5.8880	6671
5.8920	7197
5.8960	6925
5.9000	7178
5.9040	7181
5.9080	7250
5.9120	7336
5.9160	6847
5.9200	6701
5.9240	6706
5.9280	7479
5.9320	7517
5.9360	7023
5.9400	7299
5.9440	6975
5.9480	7328
5.9520	6918
5.9560	6595
5.9600	6711
5.9640	7030
5.9680	6622
5.9720	7292
5.9760	6404
5.9800	7392
5.9840	6921
5.9880	7322
5.9920	7108
5.9960	6938
6.0000	6476
6.0040	7345
6.0080	7368
6.0120	6687
6.0160	6663
6.0200	6670
6.0240	6896
6.0280	7294
6.0320	6951
6.0360	6528
6.0400	7292
6.0440	7203
6.0480	6624
6.0520	7051
6.0560	7015
6.0600	6845
6.0640	7087
6.0680	7423
6.0720	7128
6.0760	7425
6.0800	7211
6.0840	7084
6.0880	6747
6.0920	6642
6.0960	6970
6.1000	6737
6.1040	7270
6.1080	7228
6.1120	7439
6.1160	7278
6.1200	6742
6.1240	6533
6.1280	7000
6.1320	7414
6.1360	7290
6.1400	7351
6.1440	7384
6.1480	7164
6.1520	7507
6.1560	6451
6.1600	7238
6.1640	6740
6.1680	7357
6.1720	7253
6.1760	7577
6.1800	7378
6.1840	7543
6.1880	7012
6.1920	6657
6.1960	6948
6.2000	6568
6.2040	7457
6.2080	7320
6.2120	7184
6.2160	6908
6.2200	7368
6.2240	7328
6.2280	6840
6.2320	7218
6.2360	6636
6.2400	6995
6.2440	7424
6.2480	7535
6.2520	7521
6.2560	7190
6.2600	6860
6.2640	6743
6.2680	7287
6.2720	7182
6.2760	7077
6.2800	7566
6.2840	7281
6.2880	7299
6.2920	7373
6.2960	6516
6.3000	7013
6.3040	6512
6.3080	6579
6.3120	6485
6.3160	7072
6.3200	7184
6.3240	6893
6.3280	7210
6.3320	7307
6.3360	6463
6.3400	6870
6.3440	6440
6.3480	6639
6.3520	6447
6.3560	6965
6.3600	6705
6.3640	7153
6.3680	7199
6.3720	7158
6.3760	6472
6.3800	7078
6.3840	6435
6.3880	6762
6.3920	6747
6.3960	7256
6.4000	6654
6.4040	7178
6.4080	6551
6.4120	6783
6.4160	6655
6.4200	6860
6.4240	6615
6.4280	7479
6.4320	7498
6.4360	7304
6.4400	7360
6.4440	6987
6.4480	6698
6.4520	7039
6.4560	6720
6.4600	7171
6.4640	6689
6.4680	7264
6.4720	7330
6.4760	7188
6.4800	7521
6.4840	7429
6.4880	6765
6.4920	6652
6.4960	6764
6.5000	6619
6.5040	7139
6.5080	7285
6.5120	7300
6.5160	7260
6.5200	7161
6.5240	6881
6.5280	7178
6.5320	6766
6.5360	6825
6.5400	6720
6.5440	6875
6.5480	7069
6.5520	7439
6.5560	7189
6.5600	6929
6.5640	7063
6.5680	7213
6.5720	6632
6.5760	7074
6.5800	6785
6.5840	6840
6.5880	7468
6.5920	7091
6.5960	7192
6.6000	7029
6.6040	7038
6.6080	6797
6.6120	6731
6.6160	6528
6.6200	7327
6.6240	7270
6.6280	7359
6.6320	7012
6.6360	6895
6.6400	7313
6.6440	6630
6.6480	6573
6.6520	6599
6.6560	6751
6.6600	6971
6.6640	7028
6.6680	6589
6.6720	6606
6.6760	6799
6.6800	6390
6.6840	6676
6.6880	6586
6.6920	6590
6.6960	6940
6.7000	7221
6.7040	7325
6.7080	6578
6.7120	6605
6.7160	6698
6.7200	7208
6.7240	7290
6.7280	6761
6.7320	7329
6.7360	7376
6.7400	7222
6.7440	6526
6.7480	6651
6.7520	7169
6.7560	7461
6.7600	6673
6.7640	6999
6.7680	7088
6.7720	7427
6.7760	7138
6.7800	6929
6.7840	7233
6.7880	6864
6.7920	6706
6.7960	6767
6.8000	7297
6.8040	6706
6.8080	7518
6.8120	7254
6.8160	6597
6.8200	7067
6.8240	7359
6.8280	6802
6.8320	7087
6.8360	7211
6.8400	6645
6.8440	7188
6.8480	7317
6.8520	6660
6.8560	6971
6.8600	7339
6.8640	7074
6.8680	6835
6.8720	7416
6.8760	6493
6.8800	7089
6.8840	6789
6.8880	6905
6.8920	7202
6.8960	7403
6.9000	7187
6.9040	6918
6.9080	7027
6.9120	6689
6.9160	6643
6.9200	6612
6.9240	6726
6.9280	7408
6.9320	7326
6.9360	6857
6.9400	7251
6.9440	7153
6.9480	6701
6.9520	6598
6.9560	6952
6.9600	6620
6.9640	7172
6.9680	7190
6.9720	6646
6.9760	7174
6.9800	7147
6.9840	6693
6.9880	6712
6.9920	6582
6.9960	6525
7.0000	7289
7.0040	6695
7.0080	6573
7.0120	7296
7.0160	7289
7.0200	6491
7.0240	6396
7.0280	6653
7.0320	6867
7.0360	7282
7.0400	7133
7.0440	7156
7.0480	6431
7.0520	6707
7.0560	6587
7.0600	7034
7.0640	6643
7.0680	7259
7.0720	7226
7.0760	7236
7.0800	6684
7.0840	6947
7.0880	6537
7.0920	7086
7.0960	7051
7.1000	6582
7.1040	6941
7.1080	7193
7.1120	7235
7.1160	7086
7.1200	7048
7.1240	6698
7.1280	6828
7.1320	7232
7.1360	6572
7.1400	7443
7.1440	7373
7.1480	7366
7.1520	7105
7.1560	6808
7.1600	6918
7.1640	6884
7.1680	6503
7.1720	6645
7.1760	7173
7.1800	7063
7.1840	7273
7.1880	7082
7.1920	6641
7.1960	6428
7.2000	7353
7.2040	7570
7.2080	6725
7.2120	7151
7.2160	6970
7.2200	6448
7.2240	6713
7.2280	6559
7.2320	7118
7.2360	7375
7.2400	7419
7.2440	7020
7.2480	6974
7.2520	6607
7.2560	6742
7.2600	6410
7.2640	6885
7.2680	6486
7.2720	6831
7.2760	6731
7.2800	6911
7.2840	6609
7.2880	6592
7.2920	6978
7.2960	7426
7.3000	7489
7.3040	7519
7.3080	7047
7.3120	6673
7.3160	7096
7.3200	7454
7.3240	7343
7.3280	7101
7.3320	7175
7.3360	6928
7.3400	7581
7.3440	6797
7.3480	6817
7.3520	7385
7.3560	6662
7.3600	7129
7.3640	6976
7.3680	7368
7.3720	7035
7.3760	7379
7.3800	7140
7.3840	6910
7.3880	7288
7.3920	6771
7.3960	6846
7.4000	7283
7.4040	7463
7.4080	7122
7.4120	7641
7.4160	6884
7.4200	6714
7.4240	6961
7.4280	7061
7.4320	7045
7.4360	7544
7.4400	7359
7.4440	7397
7.4480	7219
7.4520	7082
7.4560	7604
7.4600	6761
7.4640	7304
7.4680	6645
7.4720	6755
7.4760	7629
7.4800	7562
7.4840	6863
7.4880	7609
7.4920	7489
7.4960	7648
7.5000	6943
7.5040	7001
7.5080	7342
7.5120	6940
7.5160	7274
7.5200	7890
7.5240	7836
7.5280	8034
7.5320	8569
7.5360	8094
7.5400	8017
7.5440	7051
7.5480	7067
7.5520	6172
7.5560	7229
7.5600	7710
7.5640	7275
7.5680	7569
7.5720	7701
7.5760	7106
7.5800	6264
7.5840	7262
7.5880	7255
7.5920	6599
7.5960	6580
7.6000	8038
7.6040	8468
7.6080	8814
7.6120	7583
7.6160	7222
7.6200	7904
7.6240	8134
7.6280	6834
7.6320	7197
7.6360	8053
7.6400	9209
7.6440	8711
7.6480	7503
7.6520	6366
7.6560	7425
7.6600	7164
7.6640	7274
7.6680	6553
7.6720	7340
7.6760	7981
7.6800	8135
7.6840	7382
7.6880	6627
7.6920	6657
7.6960	6604
7.7000	6368
7.7040	6919
7.7080	7637
7.7120	8110
7.7160	8087
7.7200	7399
7.7240	7180
7.7280	7035
7.7320	7155
7.7360	6755
7.7400	7312
7.7440	7940
7.7480	7671
7.7520	7863
7.7560	7733
7.7600	7266
7.7640	7081
7.7680	7170
7.7720	7123
7.7760	7561
7.7800	8210
7.7840	8369
7.7880	8288
7.7920	7940
7.7960	7556
7.8000	7106
7.8040	7136
7.8080	7221
7.8120	7600
7.8160	7474
7.8200	8046
7.8240	7550
7.8280	7449
7.8320	7570
7.8360	7354
7.8400	7759
7.8440	7710
7.8480	7557
7.8520	7385
7.8560	7648
7.8600	7638
7.8640	7403
7.8680	7402
7.8720	7221
7.8760	7151
7.8800	7403
7.8840	7451
7.8880	6684
7.8920	6693
7.8960	6980
7.9000	6543
7.9040	6676
7.9080	6907
7.9120	7409
7.9160	7253
7.9200	6615
7.9240	6207
7.9280	6069
7.9320	6845
7.9360	7010
7.9400	7128
7.9440	6622
7.9480	7355
7.9520	6978
7.9560	6428
7.9600	6307
7.9640	6922
7.9680	6962
7.9720	6270
7.9760	6917
7.9800	7110
7.9840	7698
7.9880	6892
7.9920	6538
7.9960	6708
8.0000	6795
8.0040	6969
8.0080	6993
8.0120	6971
8.0160	7956
8.0200	7477
8.0240	7776
8.0280	7351
8.0320	7044
8.0360	6392
8.0400	6488
8.0440	6779
8.0480	7175
8.0520	7516
8.0560	7775
8.0600	7761
8.0640	7119
8.0680	7168
8.0720	6939
8.0760	7025
8.0800	6719
8.0840	7476
8.0880	6734
8.0920	7785
8.0960	7598
8.1000	7540
8.1040	6825
8.1080	7078
8.1120	7166
8.1160	6926
8.1200	7557
8.1240	7643
8.1280	7130
8.1320	7744
8.1360	7283
8.1400	7535
8.1440	7058
8.1480	6920
8.1520	7015
8.1560	7369
8.1600	7692
8.1640	7736
8.1680	7831
8.1720	7384
8.1760	7707
8.1800	7150
8.1840	7215
8.1880	7097
8.1920	7158
8.1960	7119
8.2000	7183
8.2040	6994
8.2080	6881
8.2120	7097
8.2160	6941
8.2200	6854
8.2240	6950
8.2280	7235
8.2320	7492
8.2360	7436
8.2400	7476
8.2440	7123
8.2480	7325
8.2520	7177
8.2560	7503
8.2600	6718
8.2640	6697
8.2680	7259
8.2720	7253
8.2760	7132
8.2800	6674
8.2840	6335
8.2880	6422
8.2920	6309
8.2960	7301
8.3000	6301
8.3040	6486
8.3080	6467
8.3120	6759
8.3160	6732
8.3200	7083
8.3240	6193
8.3280	6310
8.3320	6240
8.3360	6861
8.3400	7017
8.3440	7065
8.3480	7275
8.3520	7201
8.3560	6409
8.3600	7142
8.3640	6229
8.3680	6353
8.3720	7234
8.3760	6418
8.3800	7196
8.3840	6720
8.3880	6558
8.3920	7165
8.3960	7305
8.4000	6366
8.4040	6667
8.4080	7180
8.4120	6720
8.4160	7307
8.4200	6919
8.4240	7128
8.4280	6576
8.4320	6462
8.4360	7124
8.4400	6841
8.4440	6696
8.4480	6652
8.4520	6926
8.4560	6478
8.4600	7092
8.4640	6329
8.4680	7050
8.4720	7335
8.4760	6784
8.4800	6828
8.4840	6773
8.4880	7102
8.4920	7308
8.4960	6964
8.5000	7126
8.5040	7000
8.5080	7535
8.5120	7428
8.5160	7130
8.5200	7287
8.5240	7602
8.5280	7341
8.5320	7323
8.5360	7130
8.5400	7096
8.5440	7636
8.5480	7057
8.5520	7099
8.5560	7304
8.5600	7336
8.5640	7612
8.5680	7296
8.5720	7690
8.5760	7735
8.5800	7506
8.5840	7252
8.5880	7509
8.5920	6977
8.5960	7366
8.6000	7706
8.6040	7480
8.6080	7365
8.6120	7346
8.6160	6771
8.6200	7269
8.6240	6888
8.6280	7273
8.6320	6923
8.6360	7299
8.6400	7488
8.6440	7179
8.6480	6779
8.6520	7046
8.6560	6763
8.6600	6349
8.6640	7075
8.6680	6674
8.6720	6738
8.6760	7061
8.6800	6909
8.6840	6380
8.6880	6613
8.6920	6994
8.6960	7034
8.7000	7063
8.7040	6837
8.7080	6570
8.7120	7144
8.7160	7381
8.7200	7482
8.7240	6759
8.7280	6627
8.7320	7142
8.7360	7111
8.7400	6488
8.7440	6592
8.7480	7238
8.7520	7188
8.7560	7073
8.7600	7277
8.7640	6362
8.7680	7189
8.7720	6610
8.7760	6546
8.7800	7061
8.7840	7097
8.7880	6854
8.7920	7031
8.7960	7282
8.8000	6600
8.8040	7066
8.8080	6534
8.8120	7303
8.8160	7153
8.8200	7430
8.8240	7035
8.8280	7178
8.8320	7247
8.8360	6764
8.8400	6956
8.8440	7131
8.8480	6872
8.8520	7529
8.8560	7432
8.8600	7646
8.8640	7766
8.8680	6981
8.8720	7872
8.8760	7799
8.8800	7407
8.8840	6842
8.8880	7135
8.8920	7681
8.8960	7846
8.9000	7810
8.9040	7378
8.9080	8001
8.9120	7411
8.9160	7694
8.9200	7189
8.9240	7138
8.9280	7429
8.9320	7707
8.9360	7824
8.9400	7191
8.9440	7956
8.9480	7280
8.9520	7330
8.9560	7635
8.9600	7404
8.9640	7063
8.9680	7416
8.9720	7528
8.9760	6980
8.9800	7320
8.9840	7351
8.9880	7234
8.9920	6895
8.9960	7170
9.0000	7162
9.0040	6891
9.0080	7267
9.0120	6657
9.0160	7455
9.0200	7131
9.0240	7312
9.0280	7150
9.0320	7185
9.0360	6641
9.0400	6913
9.0440	7181
9.0480	7191
9.0520	6753
9.0560	6534
9.0600	6488
9.0640	6783
9.0680	7402
9.0720	7289
9.0760	6237
9.0800	6674
9.0840	6674
9.0880	6820
9.0920	6667
9.0960	6612
9.1000	7229
9.1040	7442
9.1080	6632
9.1120	7149
9.1160	6428
9.1200	6300
9.1240	5954
9.1280	6325
9.1320	7922
9.1360	8174
9.1400	8259
9.1440	7492
9.1480	6879
9.1520	7274
9.1560	7480
9.1600	6721
9.1640	6632
9.1680	7432
9.1720	8687
9.1760	8216
9.1800	7632
9.1840	7171
9.1880	6343
9.1920	6545
9.1960	6906
9.2000	6675
9.2040	6979
9.2080	7064
9.2120	7290
9.2160	7109
9.2200	6834
9.2240	7468
9.2280	6698
9.2320	6939
9.2360	7579
9.2400	7516
9.2440	7125
9.2480	7694
9.2520	7854
9.2560	7777
9.2600	7750
9.2640	7682
9.2680	7120
9.2720	7499
9.2760	7043
9.2800	7579
9.2840	7653
9.2880	7908
9.2920	7568
9.2960	7608
9.3000	7083
9.3040	6907
9.3080	7519
9.3120	7533
9.3160	7732
9.3200	7871
9.3240	7590
9.3280	7382
9.3320	7126
9.3360	7134
9.3400	7309
9.3440	6957
9.3480	7301
9.3520	7444
9.3560	7203
9.3600	7254
9.3640	6734
9.3680	7333
9.3720	6929
9.3760	6595
9.3800	7122
9.3840	6551
9.3880	7165
9.3920	7423
9.3960	7052
9.4000	7085
9.4040	6877
9.4080	6513
9.4120	6894
9.4160	6689
9.4200	6874
9.4240	6988
9.4280	7180
9.4320	6618
9.4360	7063
9.4400	6532
9.4440	6424
9.4480	6726
9.4520	6326
9.4560	6328
9.4600	7197
9.4640	6394
9.4680	6990
9.4720	6497
9.4760	6380
9.4800	6899
9.4840	6881
9.4880	6582
9.4920	6391
9.4960	7249
9.5000	6578
9.5040	6875
9.5080	6548
9.5120	6456
9.5160	6836
9.5200	6822
9.5240	6311
9.5280	7165
9.5320	7045
9.5360	6395
9.5400	7502
9.5440	6497
9.5480	7000
9.5520	7296
9.5560	6710
9.5600	6756
9.5640	7366
9.5680	6723
9.5720	7069
9.5760	7467
9.5800	6948
9.5840	7431
9.5880	7675
9.5920	6939
9.5960	7228
9.6000	7218
9.6040	7714
9.6080	7187
9.6120	7581
9.6160	7482
9.6200	7829
9.6240	7808
9.6280	6960
9.6320	7573
9.6360	7737
9.6400	7347
9.6440	7014
9.6480	6928
9.6520	7006
9.6560	7747
9.6600	7638
9.6640	7104
9.6680	7465
9.6720	7084
9.6760	7188
9.6800	7141
9.6840	6890
9.6880	7153
9.6920	7164
9.6960	7558
9.7000	6701
9.7040	7526
9.7080	7278
9.7120	6862
9.7160	6864
9.7200	6861
9.7240	6634
9.7280	6889
9.7320	6458
9.7360	7032
9.7400	7136
9.7440	7336
9.7480	6737
9.7520	6966
9.7560	7299
9.7600	7240
9.7640	7222
9.7680	6957
9.7720	6808
9.7760	6637
9.7800	6694
9.7840	7163
9.7880	7365
9.7920	6494
9.7960	6689
9.8000	6813
9.8040	6398
9.8080	7236
9.8120	6302
9.8160	6784
9.8200	7297
9.8240	7259
9.8280	6440
9.8320	7230
9.8360	6449
9.8400	7120
9.8440	7044
9.8480	6300
9.8520	6892
9.8560	6886
9.8600	7276
9.8640	6560
9.8680	6671
9.8720	6418
9.8760	7081
9.8800	6763
9.8840	6819
9.8880	7091
9.8920	6593
9.8960	6949
9.9000	6650
9.9040	6510
9.9080	7066
9.9120	6840
9.9160	7015
9.9200	6602
9.9240	7541
9.9280	6718
9.9320	6731
9.9360	7540
9.9400	6619
9.9440	7538
9.9480	7311
9.9520	7657
9.9560	7612
9.9600	6985
9.9640	7848
9.9680	7716
9.9720	6951
9.9760	7179
9.9800	7615
9.9840	6841
9.9880	6914
9.9920	7658
9.9960	7058
10.0000	7359
10.0040	7309
10.0080	7307
10.0120	7647
10.0160	7470
10.0200	6817
10.0240	7093
10.0280	7282
10.0320	6926
10.0360	7068
10.0400	6882
10.0440	6956
10.0480	7569
10.0520	6762
10.0560	6885
10.0600	6672
10.0640	7427
10.0680	6680
10.0720	7344
10.0760	6686
10.0800	7319
10.0840	7169
10.0880	7244
10.0920	6719
10.0960	7385
10.1000	6995
10.1040	6743
10.1080	6597
10.1120	6992
10.1160	6807
10.1200	6805
10.1240	6860
10.1280	7025
10.1320	7348
10.1360	6897
10.1400	7068
10.1440	6992
10.1480	6563
10.1520	6719
10.1560	6879
10.1600	6505
10.1640	6737
10.1680	6485
10.1720	6879
10.1760	7237
10.1800	7103
10.1840	7268
10.1880	6800
10.1920	6365
10.1960	6746
10.2000	6242
10.2040	6416
10.2080	7131
10.2120	6826
10.2160	7197
10.2200	7063
10.2240	7174
10.2280	6525
10.2320	6412
10.2360	6601
10.2400	6761
10.2440	6848
10.2480	7135
10.2520	7273
10.2560	6719
10.2600	6748
10.2640	6653
10.2680	6642
10.2720	7120
10.2760	6694
10.2800	7386
10.2840	7113
10.2880	6845
10.2920	7158
10.2960	6876
10.3000	7369
10.3040	6801
10.3080	6914
10.3120	7282
10.3160	6898
10.3200	7501
10.3240	6772
10.3280	7519
10.3320	7282
10.3360	7617
10.3400	7557
10.3440	7703
10.3480	7460
10.3520	7355
10.3560	6826
10.3600	6838
10.3640	7654
10.3680	7697
10.3720	7515
10.3760	7374
10.3800	6870
10.3840	7634
10.3880	6836
10.3920	6776
10.3960	6722
10.4000	7076
10.4040	7585
10.4080	7540
10.4120	7185
10.4160	6956
10.4200	7384
10.4240	6849
10.4280	6777
10.4320	7208
10.4360	7316
10.4400	6907
10.4440	7058
10.4480	7324
10.4520	6882
10.4560	7457
10.4600	6654
10.4640	6865
10.4680	6599
10.4720	6579
10.4760	6575
10.4800	6753
10.4840	7363
10.4880	7354
10.4920	6858
10.4960	6965
10.5000	7354
10.5040	7191
10.5080	6759
10.5120	6534
10.5160	6596
10.5200	7091
10.5240	6824
10.5280	6420
10.5320	7175
10.5360	7245
10.5400	7216
10.5440	7223
10.5480	6903
10.5520	6424
10.5560	6584
10.5600	6603
10.5640	6435
10.5680	7006
10.5720	7209
10.5760	7059
10.5800	7143
10.5840	7131
10.5880	6678
10.5920	6346
10.5960	7128
10.6000	6471
10.6040	7082
10.6080	7011
10.6120	7166
10.6160	7284
10.6200	7455
10.6240	6412
10.6280	6503
10.6320	6741
10.6360	6954
10.6400	7051
10.6440	6656
10.6480	7331
10.6520	7342
10.6560	7538
10.6600	7181
10.6640	7365
10.6680	7441
10.6720	7237
10.6760	7453
10.6800	7050
10.6840	7213
10.6880	7133
10.6920	6896
10.6960	6884
10.7000	7504
10.7040	7458
10.7080	7718
10.7120	7290
10.7160	7490
10.7200	7130
10.7240	6796
10.7280	7126
10.7320	7649
10.7360	7710
10.7400	7399
10.7440	7237
10.7480	7453
10.7520	7325
10.7560	7091
10.7600	7408
10.7640	7172
10.7680	7627
10.7720	7247
10.7760	7671
10.7800	7318
10.7840	7511
10.7880	7296
10.7920	6856
10.7960	6851
10.8000	7165
10.8040	7101
10.8080	7512
10.8120	7210
10.8160	7500
10.8200	7396
10.8240	7206
10.8280	6648
10.8320	6894
10.8360	6616
10.8400	6998
10.8440	7422
10.8480	7508
10.8520	7291
10.8560	6728
10.8600	6622
10.8640	6533
10.8680	7199
10.8720	7422
10.8760	6928
10.8800	6504
10.8840	6655
10.8880	6413
10.8920	6587
10.8960	6833
10.9000	6981
10.9040	6475
10.9080	6592
10.9120	7171
10.9160	7054
10.9200	6583
10.9240	6329
10.9280	6348
10.9320	7037
10.9360	6447
10.9400	6331
10.9440	6576
10.9480	7089
10.9520	7030
10.9560	7289
10.9600	6356
10.9640	6746
10.9680	6589
10.9720	6866
10.9760	6459
10.9800	7092
10.9840	7166
10.9880	7015
10.9920	6905
10.9960	6605
11.0000	7334
11.0040	6607
11.0080	7524
11.0120	6985
11.0160	7615
11.0200	7356
11.0240	7384
11.0280	6727
11.0320	7594
11.0360	7589
11.0400	7610
11.0440	6922
11.0480	6964
11.0520	7161
11.0560	6887
11.0600	6977
11.0640	7357
11.0680	7137
11.0720	7030
11.0760	7419
11.0800	7093
11.0840	7099
11.0880	7124
11.0920	6705
11.0960	6734
11.1000	7375
11.1040	6865
11.1080	7191
11.1120	6817
11.1160	7467
11.1200	7483
11.1240	7376
11.1280	7332
11.1320	6673
11.1360	7616
11.1400	6828
11.1440	7245
11.1480	6748
11.1520	7359
11.1560	7420
11.1600	7333
11.1640	6709
11.1680	6611
11.1720	7349
11.1760	6551
11.1800	6762
11.1840	6690
11.1880	7426
11.1920	6707
11.1960	6486
11.2000	6583
11.2040	6612
11.2080	6743
11.2120	7254
11.2160	7074
11.2200	7254
11.2240	6684
11.2280	6653
11.2320	7296
11.2360	7131
11.2400	6720
11.2440	6767
11.2480	6424
11.2520	6520
11.2560	6285
11.2600	6383
11.2640	6576
11.2680	7166
11.2720	6711
11.2760	6758
11.2800	7124
11.2840	7153
11.2880	6534
11.2920	6434
11.2960	6504
11.3000	7164
11.3040	7154
11.3080	6922
11.3120	6439
11.3160	7286
11.3200	6380
11.3240	6646
11.3280	6757
11.3320	6897
11.3360	7000
11.3400	7405
11.3440	7498
11.3480	7327
11.3520	7391
11.3560	6814
11.3600	6704
11.3640	6975
11.3680	7594
11.3720	7005
11.3760	7085
11.3800	7547
11.3840	7505
11.3880	7110
11.3920	6756
11.3960	6933
11.4000	6900
11.4040	6847
11.4080	6718
11.4120	6937
11.4160	6663
11.4200	6860
11.4240	6912
11.4280	7347
11.4320	7088
11.4360	6853
11.4400	7374
11.4440	7766
11.4480	7665
11.4520	7416
11.4560	7413
11.4600	7578
11.4640	7604
11.4680	7426
11.4720	7425
11.4760	7436
11.4800	7228
11.4840	7482
11.4880	7603
11.4920	7482
11.4960	7228
11.5000	7261
11.5040	7017
11.5080	6689
11.5120	7492
11.5160	7323
11.5200	7470
11.5240	7379
11.5280	7566
11.5320	7390
11.5360	7181
11.5400	7002
11.5440	7018
11.5480	7319
11.5520	7326
11.5560	7415
11.5600	6982
11.5640	7399
11.5680	7460
11.5720	6468
11.5760	6504
11.5800	6567
11.5840	7375
11.5880	7105
11.5920	6596
11.5960	6508
11.6000	6589
11.6040	6874
11.6080	6402
11.6120	7166
11.6160	6574
11.6200	6810
11.6240	6570
11.6280	6988
11.6320	6624
11.6360	7308
11.6400	6519
11.6440	7337
11.6480	6903
11.6520	7216
11.6560	6497
11.6600	6623
11.6640	6730
11.6680	6786
11.6720	7124
11.6760	6749
11.6800	7119
11.6840	6882
11.6880	7223
11.6920	6979
11.6960	6977
11.7000	6603
11.7040	6686
11.7080	6934
11.7120	6628
11.7160	7315
11.7200	7462
11.7240	7373
11.7280	7205
11.7320	7243
11.7360	7205
11.7400	6855
11.7440	7026
11.7480	6827
11.7520	6737
11.7560	6798
11.7600	6903
11.7640	7311
11.7680	7346
11.7720	6769
11.7760	7116
11.7800	7333
11.7840	7219
11.7880	6841
11.7920	6608
11.7960	6723
11.8000	6859
11.8040	7223
11.8080	6854
11.8120	6994
11.8160	7578
11.8200	7477
11.8240	7387
11.8280	7190
11.8320	6807
11.8360	6676
11.8400	6747
11.8440	6477
11.8480	6712
11.8520	7390
11.8560	7395
11.8600	7109
11.8640	6827
11.8680	7158
11.8720	7227
11.8760	6718
11.8800	6758
11.8840	6929
11.8880	6948
11.8920	7241
11.8960	7319
11.9000	6710
11.9040	7047
11.9080	7391
11.9120	6991
11.9160	6689
11.9200	7146
11.9240	7301
11.9280	6661
11.9320	6641
11.9360	6706
11.9400	7028
11.9440	7139
11.9480	7094
11.9520	6660
11.9560	6748
11.9600	7328
11.9640	6981
11.9680	6562
11.9720	6657
11.9760	6460
11.9800	6310
11.9840	6404
11.9880	6830
11.9920	7126
11.9960	7067
12.0000	6236
12.0040	6934
12.0080	6785
12.0120	6587
12.0160	6318
12.0200	6558
12.0240	6623
12.0280	7189
12.0320	6742
12.0360	6500
12.0400	7086
12.0440	6814
12.0480	6532
12.0520	6608
12.0560	6994
12.0600	6660
12.0640	7047
12.0680	6621
12.0720	6783
12.0760	6436
12.0800	6584
12.0840	7095
12.0880	7410
12.0920	7166
12.0960	6817
12.1000	6815
12.1040	6967
12.1080	6640
12.1120	6861
12.1160	6737
12.1200	7054
12.1240	7447
12.1280	6996
12.1320	7179
12.1360	7213
12.1400	7026
12.1440	6956
12.1480	6633
12.1520	7129
12.1560	6885
12.1600	7028
12.1640	6895
12.1680	6981
12.1720	7355
12.1760	6949
12.1800	6674
12.1840	7328
12.1880	6745
12.1920	7395
12.1960	7166
12.2000	6786
12.2040	7362
12.2080	7462
12.2120	7227
12.2160	7412
12.2200	7161
12.2240	6868
12.2280	6796
12.2320	7008
12.2360	6867
12.2400	7477
12.2440	7547
12.2480	7212
12.2520	7389
12.2560	7469
12.2600	7004
12.2640	6865
12.2680	6944
12.2720	6756
12.2760	7411
12.2800	7432
12.2840	7477
12.2880	7310
12.2920	7353
12.2960	6964
12.3000	6441
12.3040	6620
12.3080	6597
12.3120	7173
12.3160	7003
12.3200	6767
12.3240	7147
12.3280	7123
12.3320	6534
12.3360	6606
12.3400	6585
12.3440	6552
12.3480	6354
12.3520	6826
12.3560	6860
12.3600	6534
12.3640	7347
12.3680	7181
12.3720	6851
12.3760	7248
12.3800	6635
12.3840	6424
12.3880	6644
12.3920	6607
12.3960	6966
12.4000	6946
12.4040	6880
12.4080	6559
12.4120	7420
12.4160	7174
12.4200	6489
12.4240	6678
12.4280	7167
12.4320	6677
12.4360	7372
12.4400	6888
12.4440	6746
12.4480	7300
12.4520	7318
12.4560	6723
12.4600	6986
12.4640	7489
12.4680	7132
12.4720	7446
12.4760	7547
12.4800	6842
12.4840	7072
12.4880	6780
12.4920	6871
12.4960	7059
12.5000	7180
12.5040	6861
12.5080	6916
12.5120	7162
12.5160	6729
12.5200	7099
12.5240	6650
12.5280	7111
12.5320	6680
12.5360	7081
12.5400	6711
12.5440	7107
12.5480	6812
12.5520	6757
12.5560	6784
12.5600	7454
12.5640	7107
12.5680	6949
12.5720	6920
12.5760	6740
12.5800	7383
12.5840	6816
12.5880	6640
12.5920	6809
12.5960	7424
12.6000	7482
12.6040	6499
12.6080	6718
12.6120	7166
12.6160	7370
12.6200	6701
12.6240	6716
12.6280	6698
12.6320	7394
12.6360	7437
12.6400	6989
12.6440	6539
12.6480	6815
12.6520	6908
12.6560	6675
12.6600	6578
12.6640	6735
12.6680	7276
12.6720	7436
12.6760	7028
12.6800	6937
12.6840	6803
12.6880	6371
12.6920	6406
12.6960	6341
12.7000	6561
12.7040	6700
12.7080	7083
12.7120	6600
12.7160	6784
12.7200	6848
12.7240	6625
12.7280	6567
12.7320	6466
12.7360	6378
12.7400	6656
12.7440	6653
12.7480	7042
12.7520	6803
12.7560	6613
12.7600	6456
12.7640	6832
12.7680	6971
12.7720	6774
12.7760	7290
12.7800	6791
12.7840	6920
12.7880	6769
12.7920	6653
12.7960	6884
12.8000	6808
12.8040	6953
12.8080	6707
12.8120	6947
12.8160	7255
12.8200	6872
12.8240	6781
12.8280	6629
12.8320	7079
12.8360	7026
12.8400	6750
12.8440	6790
12.8480	6661
12.8520	7119
12.8560	7229
12.8600	6995
12.8640	6716
12.8680	6755
12.8720	7380
12.8760	7163
12.8800	6955
12.8840	6547
12.8880	6740
12.8920	7220
12.8960	7524
12.9000	7351
12.9040	6898
12.9080	6859
12.9120	7003
12.9160	6584
12.9200	6850
12.9240	6607
12.9280	7275
12.9320	7380
12.9360	7472
12.9400	6725
12.9440	6675
12.9480	7054
12.9520	6821
12.9560	6678
12.9600	6691
12.9640	6899
12.9680	7444
12.9720	7517
12.9760	6565
12.9800	6645
12.9840	6667
12.9880	6646
12.9920	6692
12.9960	6681
13.0000	6503
13.0040	7434
13.0080	7042
13.0120	6946
13.0160	6630
13.0200	6412
13.0240	6771
13.0280	6546
13.0320	6496
13.0360	6480
13.0400	6907
13.0440	7348
13.0480	7156
13.0520	6659
13.0560	6616
13.0600	6538
13.0640	6949
13.0680	7281
13.0720	6514
13.0760	7322
13.0800	7253
13.0840	6885
13.0880	7004
13.0920	7233
13.0960	6359
13.1000	7098
13.1040	6913
13.1080	6744
13.1120	7209
13.1160	7460
13.1200	6465
13.1240	6554
13.1280	7388
13.1320	6964
13.1360	6999
13.1400	6926
13.1440	6818
13.1480	7344
13.1520	6886
13.1560	6638
13.1600	6981
13.1640	7338
13.1680	7303
13.1720	7313
13.1760	7332
13.1800	6786
13.1840	7371
13.1880	6941
13.1920	6748
13.1960	7103
13.2000	7435
13.2040	6703
13.2080	7025
13.2120	6699
13.2160	6984
13.2200	6993
13.2240	6707
13.2280	6624
13.2320	6768
13.2360	6709
13.2400	6804
13.2440	7071
13.2480	6745
13.2520	6823
13.2560	7185
13.2600	6687
13.2640	6644
13.2680	6924
13.2720	7069
13.2760	6715
13.2800	7112
13.2840	6799
13.2880	6647
13.2920	7287
13.2960	7224
13.3000	6628
13.3040	6713
13.3080	6845
13.3120	6567
13.3160	7232
13.3200	6619
13.3240	7110
13.3280	6957
13.3320	6725
13.3360	6819
13.3400	6764
13.3440	6926
13.3480	6689
13.3520	7080
13.3560	7442
13.3600	6618
13.3640	7342
13.3680	7303
13.3720	7141
13.3760	7216
13.3800	7238
13.3840	6410
13.3880	6974
13.3920	6871
13.3960	6466
13.4000	7150
13.4040	7276
13.4080	6912
13.4120	7229
13.4160	7153
13.4200	6932
13.4240	6771
13.4280	7016
13.4320	6355
13.4360	6684
13.4400	6808
13.4440	7352
13.4480	7207
13.4520	7183
13.4560	6558
13.4600	6510
13.4640	6521
13.4680	6579
13.4720	6649
13.4760	6620
13.4800	6580
13.4840	7031
13.4880	7536
13.4920	7124
13.4960	6569
13.5000	6742
13.5040	7089
13.5080	6688
13.5120	6794
13.5160	6811
13.5200	7577
13.5240	7402
13.5280	7054
13.5320	6770
13.5360	6781
13.5400	6640
13.5440	6868
13.5480	6759
13.5520	6593
13.5560	7420
13.5600	7422
13.5640	6632
13.5680	6811
13.5720	6952
13.5760	6623
13.5800	6695
13.5840	7017
13.5880	7009
13.5920	6798
13.5960	6744
13.6000	6888
13.6040	6644
13.6080	7100
13.6120	6630
13.6160	7393
13.6200	6822
13.6240	7295
13.6280	7320
13.6320	6709
13.6360	6780
13.6400	7130
13.6440	6717
13.6480	6732
13.6520	6499
13.6560	6587
13.6600	6947
13.6640	7215
13.6680	6699
13.6720	6656
13.6760	7257
13.6800	7189
13.6840	6833
13.6880	7309
13.6920	6627
13.6960	6831
13.7000	6886
13.7040	7295
13.7080	6923
13.7120	7032
13.7160	6800
13.7200	6656
13.7240	7061
13.7280	6348
13.7320	6989
13.7360	6804
13.7400	6604
13.7440	7063
13.7480	7183
13.7520	6821
13.7560	6612
13.7600	6480
13.7640	6420
13.7680	6465
13.7720	6512
13.7760	6542
13.7800	7038
13.7840	6948
13.7880	7144
13.7920	7147
13.7960	6784
13.8000	6557
13.8040	6476
13.8080	6516
13.8120	6565
13.8160	7215
13.8200	6837
13.8240	7237
13.8280	7033
13.8320	6857
13.8360	6807
13.8400	6560
13.8440	6535
13.8480	6736
13.8520	6588
13.8560	7214
13.8600	6890
13.8640	7522
13.8680	6751
13.8720	6990
13.8760	6954
13.8800	6875
13.8840	6943
13.8880	6939
13.8920	7531
13.8960	7274
13.9000	7633
13.9040	6673
13.9080	6578
13.9120	7305
13.9160	6536
13.9200	7365
13.9240	6429
13.9280	7311
13.9320	7441
13.9360	7392
13.9400	7239
13.9440	7429
13.9480	6791
13.9520	6944
13.9560	7381
13.9600	7064
13.9640	7283
13.9680	7298
13.9720	7500
13.9760	7434
13.9800	7385
13.9840	6829
13.9880	7367
13.9920	7399
13.9960	6847
14.0000	7067
14.0040	7554
14.0080	7419
14.0120	7471
14.0160	7383
14.0200	7073
14.0240	7404
14.0280	7136
14.0320	6788
14.0360	7097
14.0400	7058
14.0440	6982
14.0480	7506
14.0520	7246
14.0560	7339
14.0600	7120
14.0640	7329
14.0680	7151
14.0720	6700
14.0760	6596
14.0800	6933
14.0840	7454
14.0880	7155
14.0920	7180
14.0960	6685
14.1000	7198
14.1040	7085
14.1080	6699
14.1120	6531
14.1160	6820
14.1200	7227
14.1240	7090
14.1280	7012
14.1320	6955
14.1360	7038
14.1400	7400
14.1440	6599
14.1480	6632
14.1520	6599
14.1560	7448
14.1600	7220
14.1640	7206
14.1680	6440
14.1720	6525
14.1760	6507
14.1800	6920
14.1840	6488
14.1880	6737
14.1920	7397
14.1960	7412
14.2000	7308
14.2040	6743
14.2080	6898
14.2120	6753
14.2160	6752
14.2200	6981
14.2240	7010
14.2280	7527
14.2320	7597
14.2360	7395
14.2400	7106
14.2440	6787
14.2480	7270
14.2520	6653
14.2560	6606
14.2600	6842
14.2640	7347
14.2680	7397
14.2720	6732
14.2760	6619
14.2800	6613
14.2840	6575
14.2880	6830
14.2920	6876
14.2960	7109
14.3000	6927
14.3040	7589
14.3080	7361
14.3120	6831
14.3160	6610
14.3200	6734
14.3240	6844
14.3280	6992
14.3320	7073
14.3360	7629
14.3400	7409
14.3440	7432
14.3480	7251
14.3520	6629
14.3560	6636
14.3600	6631
14.3640	6756
14.3680	6444
14.3720	7112
14.3760	7215
14.3800	6811
14.3840	7340
14.3880	7178
14.3920	6738
14.3960	7104
14.4000	6543
14.4040	6641
14.4080	6771
14.4120	7211
14.4160	6966
14.4200	6990
14.4240	7442
14.4280	6887
14.4320	6935
14.4360	6874
14.4400	6495
14.4440	6528
14.4480	6836
14.4520	6612
14.4560	6948
14.4600	7022
14.4640	6802
14.4680	6521
14.4720	6819
14.4760	6537
14.4800	6797
14.4840	6655
14.4880	6428
14.4920	7038
14.4960	7181
14.5000	6679
14.5040	6760
14.5080	6790
14.5120	6716
14.5160	6601
14.5200	6735
14.5240	6572
14.5280	7423
14.5320	7491
14.5360	6865
14.5400	6751
14.5440	6740
14.5480	6508
14.5520	6909
14.5560	6751
14.5600	6828
14.5640	7342
14.5680	7440
14.5720	6903
14.5760	6731
14.5800	7276
14.5840	7221
14.5880	6744
14.5920	7329
14.5960	6918
14.6000	7082
14.6040	7270
14.6080	7530
14.6120	6705
14.6160	6797
14.6200	7274
14.6240	6844
14.6280	7393
14.6320	6658
14.6360	7397
14.6400	7719
14.6440	6872
14.6480	6930
14.6520	6797
14.6560	7003
14.6600	6575
14.6640	7074
14.6680	6945
14.6720	7063
14.6760	7192
14.6800	6847
14.6840	7027
14.6880	7310
14.6920	7205
14.6960	6824
14.7000	7101
14.7040	6692
14.7080	6720
14.7120	6975
14.7160	7025
14.7200	6779
14.7240	7507
14.7280	7404
14.7320	6520
14.7360	7258
14.7400	6942
14.7440	6589
14.7480	6917
14.7520	6622
14.7560	7132
14.7600	7520
14.7640	7598
14.7680	6646
14.7720	6793
14.7760	7277
14.7800	6889
14.7840	6523
14.7880	6641
14.7920	6744
14.7960	7386
14.8000	7295
14.8040	6780
14.8080	6831
14.8120	7261
14.8160	6565
14.8200	6621
14.8240	6567
14.8280	6713
14.8320	7069
14.8360	7300
14.8400	6865
14.8440	6917
14.8480	7078
14.8520	6724
14.8560	6470
14.8600	6614
14.8640	6342
14.8680	7244
14.8720	7030
14.8760	6630
14.8800	6757
14.8840	6508
14.8880	6580
14.8920	6561
14.8960	6489
14.9000	6547
14.9040	7034
14.9080	7455
14.9120	6825
14.9160	6741
14.9200	6690
14.9240	6862
14.9280	6806
14.9320	6907
14.9360	6672
14.9400	7175
14.9440	7408
14.9480	7159
14.9520	6681
14.9560	6670
14.9600	7118
14.9640	6770
14.9680	7139
14.9720	6602
14.9760	7434
14.9800	7217
14.9840	6675
14.9880	6796
14.9920	6945
14.9960	6677
15.0000	6548
15.0040	6650
15.0080	6782
15.0120	7076
15.0160	7176
15.0200	6495
15.0240	6769
15.0280	7429
15.0320	7055
15.0360	6662
15.0400	6745
15.0440	7326
15.0480	6722
15.0520	6716
15.0560	6674
15.0600	7103
15.0640	6935
15.0680	6962
15.0720	6741
15.0760	6667
15.0800	7042
15.0840	7111
15.0880	6513
15.0920	6649
15.0960	7182
15.1000	7284
15.1040	6657
15.1080	6864
15.1120	6774
15.1160	6908
15.1200	6647
15.1240	6595
15.1280	7046
15.1320	6956
15.1360	6793
15.1400	6407
15.1440	6592
15.1480	6474
15.1520	6948
15.1560	6638
15.1600	6462
15.1640	6458
15.1680	7086
15.1720	6887
15.1760	6411
15.1800	6929
15.1840	7046
15.1880	6567
15.1920	6524
15.1960	6470
15.2000	6424
15.2040	6668
15.2080	6987
15.2120	6810
15.2160	6597
15.2200	6947
15.2240	6696
15.2280	7177
15.2320	6790
15.2360	6940
15.2400	6853
15.2440	6973
15.2480	6597
15.2520	6787
15.2560	6997
15.2600	6946
15.2640	6824
15.2680	6634
15.2720	6650
15.2760	7046
15.2800	6675
15.2840	7472
15.2880	6522
15.2920	7354
15.2960	7533
15.3000	7314
15.3040	6898
15.3080	6440
15.3120	6662
15.3160	6604
15.3200	6787
15.3240	6752
15.3280	7370
15.3320	7283
15.3360	7292
15.3400	6632
15.3440	6782
15.3480	6559
15.3520	6675
15.3560	7070
15.3600	6949
15.3640	6913
15.3680	7342
15.3720	7213
15.3760	7490
15.3800	7322
15.3840	7291
15.3880	6657
15.3920	7305
15.3960	6923
15.4000	6600
15.4040	6888
15.4080	7634
15.4120	7443
15.4160	7076
15.4200	7148
15.4240	6592
15.4280	7064
15.4320	7073
15.4360	6611
15.4400	6818
15.4440	7229
15.4480	7500
15.4520	6674
15.4560	6787
15.4600	7179
15.4640	7370
15.4680	6990
15.4720	7118
15.4760	6703
15.4800	6595
15.4840	7391
15.4880	6695
15.4920	6676
15.4960	7294
15.5000	7127
15.5040	7289
15.5080	7208
15.5120	6859
15.5160	7139
15.5200	6631
15.5240	7215
15.5280	6754
15.5320	7448
15.5360	6654
15.5400	6477
15.5440	6924
15.5480	7432
15.5520	7151
15.5560	6697
15.5600	7305
15.5640	6880
15.5680	7200
15.5720	6667
15.5760	6460
15.5800	6607
15.5840	7359
15.5880	7402
15.5920	6514
15.5960	7384
15.6000	7415
15.6040	7196
15.6080	7422
15.6120	6712
15.6160	6708
15.6200	7524
15.6240	7420
15.6280	6864
15.6320	7414
15.6360	7422
15.6400	7055
15.6440	7410
15.6480	6901
15.6520	6777
15.6560	7421
15.6600	7378
15.6640	6634
15.6680	7520
15.6720	7474
15.6760	6782
15.6800	7417
15.6840	7462
15.6880	6588
15.6920	6944
15.6960	6701
15.7000	6534
15.7040	6690
15.7080	6973
15.7120	7348
15.7160	7405
15.7200	7452
15.7240	6941
15.7280	6937
15.7320	6823
15.7360	6831
15.7400	6869
15.7440	6739
15.7480	7315
15.7520	7125
15.7560	7120
15.7600	6655
15.7640	6521
15.7680	6848
15.7720	7017
15.7760	6566
15.7800	6698
15.7840	7569
15.7880	6949
15.7920	7484
15.7960	6578
15.8000	6626
15.8040	6831
15.8080	6707
15.8120	6954
15.8160	6678
15.8200	7255
15.8240	7352
15.8280	7594
15.8320	6901
15.8360	6623
15.8400	6747
15.8440	6473
15.8480	7093
15.8520	6695
15.8560	7084
15.8600	7319
15.8640	7382
15.8680	7051
15.8720	6682
15.8760	6483
15.8800	6573
15.8840	7023
15.8880	6570
15.8920	6594
15.8960	7266
15.9000	7454
15.9040	7333
15.9080	7176
15.9120	6434
15.9160	6947
15.9200	7098
15.9240	6879
15.9280	6673
15.9320	7401
15.9360	6708
15.9400	6584
15.9440	6867
15.9480	7013
15.9520	6653
15.9560	6848
15.9600	7143
15.9640	6684
15.9680	7378
15.9720	7506
15.9760	6859
15.9800	6890
15.9840	7537
15.9880	6803
15.9920	7403
15.9960	7249
16.0000	6691
16.0040	6932
16.0080	7411
16.0120	7202
16.0160	7131
16.0200	7475
16.0240	7451
16.0280	7112
16.0320	7225
16.0360	6662
16.0400	7356
16.0440	6874
16.0480	6792
16.0520	7264
16.0560	7285
16.0600	7275
16.0640	6600
16.0680	7333
16.0720	6666
16.0760	7156
16.0800	6924
16.0840	6493
16.0880	7444
16.0920	6701
16.0960	7508
16.1000	6713
16.1040	7010
16.1080	6521
16.1120	6744
16.1160	6541
16.1200	6685
16.1240	7454
16.1280	6682
16.1320	7370
16.1360	6625
16.1400	6490
16.1440	6925
16.1480	6609
16.1520	6726
16.1560	6684
16.1600	7393
16.1640	6941
16.1680	7480
16.1720	6673
16.1760	6678
16.1800	7025
16.1840	6501
16.1880	7215
16.1920	6680
16.1960	7416
16.2000	7015
16.2040	7327
16.2080	6897
16.2120	6739
16.2160	6609
16.2200	6521
16.2240	6710
16.2280	6441
16.2320	7367
16.2360	7225
16.2400	7164
16.2440	6714
16.2480	6644
16.2520	6468
16.2560	6441
16.2600	6548
16.2640	6633
16.2680	7213
16.2720	7206
16.2760	7058
16.2800	6977
16.2840	7332
16.2880	6682
16.2920	6523
16.2960	6593
16.3000	6656
16.3040	6721
16.3080	6948
16.3120	7398
16.3160	7399
16.3200	7165
16.3240	6968
16.3280	6669
16.3320	6970
16.3360	6697
16.3400	6835
16.3440	6990
16.3480	7350
16.3520	7455
16.3560	6879
16.3600	6649
16.3640	6531
16.3680	6652
16.3720	6565
16.3760	6965
16.3800	7431
16.3840	7134
16.3880	7261
16.3920	7288
16.3960	6651
16.4000	6650
16.4040	6645
16.4080	6731
16.4120	6684
16.4160	6988
16.4200	6737
16.4240	6584
16.4280	6700
16.4320	6561
16.4360	6536
16.4400	6820
16.4440	7318
16.4480	7291
16.4520	6619
16.4560	6817
16.4600	6805
16.4640	7201
16.4680	6913
16.4720	6644
16.4760	6736
16.4800	7399
16.4840	7499
16.4880	6930
16.4920	6852
16.4960	6996
16.5000	6779
16.5040	6708
16.5080	6578
16.5120	6922
16.5160	7346
16.5200	7457
16.5240	7247
16.5280	7063
16.5320	7180
16.5360	7291
16.5400	6597
16.5440	6733
16.5480	7019
16.5520	7149
16.5560	7096
16.5600	6951
16.5640	7204
16.5680	7337
16.5720	7009
16.5760	6707
16.5800	7041
16.5840	6532
16.5880	7373
16.5920	6964
16.5960	6686
16.6000	7180
16.6040	7505
16.6080	6835
16.6120	7096
16.6160	7130
16.6200	6840
16.6240	7275
16.6280	7238
16.6320	6494
16.6360	7047
16.6400	7414
16.6440	6750
16.6480	6712
16.6520	6596
16.6560	6701
16.6600	7377
16.6640	6875
16.6680	6614
16.6720	6915
16.6760	7371
16.6800	7146
16.6840	7230
16.6880	6750
16.6920	7387
16.6960	7129
16.7000	6703
16.7040	7036
16.7080	7566
16.7120	7438
16.7160	6569
16.7200	7019
16.7240	7053
16.7280	6752
16.7320	7421
16.7360	6549
16.7400	6726
16.7440	7183
16.7480	7253
16.7520	6789
16.7560	6806
16.7600	6475
16.7640	6739
16.7680	6677
16.7720	6743
16.7760	6791
16.7800	7153
16.7840	7404
16.7880	6478
16.7920	7375
16.7960	6487
16.8000	7498
16.8040	6977
16.8080	6521
16.8120	7014
16.8160	7111
16.8200	7245
16.8240	6707
16.8280	6648
16.8320	6598
16.8360	6706
16.8400	7247
16.8440	6730
16.8480	6722
16.8520	7366
16.8560	7544
16.8600	6702
16.8640	6860
16.8680	6627
16.8720	6824
16.8760	6638
16.8800	6932
16.8840	7451
16.8880	7456
16.8920	6925
16.8960	6750
16.9000	6543
16.9040	6468
16.9080	6721
16.9120	7164
16.9160	6897
16.9200	6725
16.9240	7010
16.9280	7150
16.9320	6544
16.9360	6685
16.9400	6976
16.9440	6516
16.9480	6485
16.9520	6375
16.9560	7014
16.9600	6858
16.9640	7221
16.9680	7037
16.9720	6645
16.9760	6479
16.9800	6931
16.9840	6537
16.9880	6779
16.9920	7150
16.9960	7411
17.0000	7114
17.0040	6851
17.0080	6931
17.0120	6652
17.0160	6672
17.0200	6444
17.0240	6592
17.0280	6564
17.0320	7494
17.0360	7355
17.0400	6772
17.0440	6745
17.0480	6991
17.0520	6650
17.0560	7001
17.0600	6527
17.0640	6959
17.0680	6935
17.0720	7113
17.0760	6831
17.0800	6624
17.0840	7034
17.0880	7053
17.0920	6649
17.0960	6788
17.1000	6486
17.1040	7228
17.1080	6843
17.1120	6836
17.1160	6981
17.1200	7289
17.1240	6967
17.1280	6733
17.1320	6515
17.1360	6603
17.1400	6409
17.1440	6723
17.1480	6726
17.1520	7259
17.1560	7101
17.1600	6768
17.1640	6442
17.1680	6647
17.1720	6936
17.1760	6666
17.1800	6636
17.1840	6702
17.1880	7392
17.1920	7104
17.1960	6626
17.2000	6678
17.2040	7144
17.2080	6743
17.2120	6639
17.2160	6743
17.2200	6904
17.2240	7520
17.2280	7522
17.2320	6765
17.2360	6717
17.2400	7436
17.2440	7218
17.2480	6750
17.2520	6692
17.2560	7211
17.2600	7417
17.2640	6956
17.2680	6585
17.2720	6802
17.2760	7169
17.2800	7201
17.2840	6576
17.2880	6850
17.2920	6448
17.2960	7395
17.3000	6967
17.3040	6424
17.3080	7335
17.3120	7202
17.3160	6697
17.3200	6661
17.3240	6671
17.3280	6825
17.3320	7521
17.3360	7247
17.3400	6880
17.3440	6946
17.3480	7410
17.3520	6939
17.3560	6810
17.3600	6542
17.3640	7348
17.3680	7223
17.3720	6718
17.3760	6756
17.3800	7101
17.3840	7073
17.3880	6879
17.3920	6789
17.3960	6776
17.4000	6944
17.4040	7387
17.4080	6764
17.4120	6748
17.4160	7375
17.4200	7519
17.4240	6789
17.4280	6730
17.4320	6824
17.4360	6721
17.4400	7161
17.4440	7123
17.4480	6838
17.4520	7084
17.4560	7251
17.4600	6780
17.4640	6769
17.4680	6593
17.4720	6730
17.4760	7136
17.4800	6902
17.4840	6492
17.4880	6690
17.4920	6884
17.4960	6953
17.5000	6579
17.5040	6503
17.5080	6867
17.5120	7153
17.5160	6580
17.5200	6545
17.5240	6475
17.5280	7288
17.5320	7351
17.5360	6568
17.5400	6419
17.5440	6780
17.5480	7136
17.5520	6693
17.5560	6625
17.5600	7059
17.5640	7412
17.5680	7025
17.5720	6880
17.5760	6904
17.5800	6922
17.5840	7475
17.5880	6785
17.5920	6631
17.5960	7356
17.6000	7376
17.6040	6802
17.6080	6764
17.6120	6597
17.6160	6769
17.6200	7170
17.6240	6764
17.6280	6612
17.6320	7173
17.6360	7384
17.6400	6676
17.6440	6705
17.6480	6926
17.6520	7380
17.6560	6687
17.6600	6511
17.6640	6626
17.6680	6816
17.6720	6711
17.6760	6946
17.6800	6519
17.6840	6833
17.6880	7276
17.6920	6604
17.6960	6780
17.7000	6619
17.7040	7564
17.7080	6540
17.7120	6567
17.7160	6859
17.7200	7202
17.7240	7152
17.7280	6959
17.7320	6527
17.7360	6635
17.7400	6743
17.7440	7122
17.7480	6623
17.7520	6644
17.7560	7392
17.7600	7034
17.7640	6557
17.7680	6955
17.7720	7108
17.7760	6664
17.7800	6630
17.7840	6754
17.7880	7034
17.7920	7222
17.7960	7065
17.8000	6521
17.8040	6570
17.8080	6935
17.8120	6888
17.8160	6501
17.8200	6353
17.8240	7067
17.8280	7223
17.8320	6877
17.8360	6678
17.8400	7104
17.8440	6949
17.8480	6598
17.8520	6770
17.8560	6637
17.8600	6852
17.8640	7044
17.8680	6924
17.8720	6959
17.8760	6966
17.8800	7163
17.8840	6695
17.8880	6694
17.8920	6611
17.8960	6823
17.9000	7209
17.9040	6631
17.9080	7200
17.9120	7392
17.9160	7163
17.9200	6612
17.9240	6589
17.9280	6612
17.9320	6649
17.9360	6621
17.9400	7133
17.9440	7246
17.9480	7577
17.9520	7295
17.9560	6785
17.9600	6881
17.9640	6806
17.9680	7170
17.9720	6571
17.9760	6699
17.9800	7141
17.9840	7235
17.9880	6917
17.9920	6670
17.9960	6593
18.0000	6360
18.0040	7016
18.0080	6829
18.0120	6560
18.0160	6647
18.0200	7398
18.0240	7369
18.0280	6945
18.0320	6503
18.0360	6589
18.0400	6553
18.0440	6785
18.0480	6531
18.0520	6709
18.0560	7232
18.0600	7410
18.0640	7176
18.0680	6534
18.0720	6470
18.0760	6547
18.0800	6508
18.0840	6605
18.0880	6697
18.0920	7373
18.0960	7107
18.1000	7056
18.1040	6832
18.1080	6668
18.1120	7334
18.1160	6688
18.1200	6527
18.1240	6567
18.1280	7264
18.1320	7437
18.1360	7148
18.1400	6641
18.1440	6673
18.1480	7132
18.1520	6752
18.1560	6895
18.1600	6623
18.1640	7439
18.1680	7329
18.1720	6591
18.1760	6626
18.1800	6703
18.1840	7125
18.1880	6561
18.1920	6821
18.1960	6509
18.2000	7470
18.2040	7384
18.2080	6802
18.2120	6557
18.2160	6903
18.2200	6852
18.2240	6669
18.2280	6881
18.2320	6618
18.2360	7252
18.2400	7548
18.2440	6596
18.2480	6780
18.2520	7330
18.2560	7076
18.2600	6892
18.2640	7020
18.2680	6590
18.2720	7215
18.2760	7454
18.2800	7038
18.2840	6650
18.2880	7203
18.2920	7025
18.2960	6914
18.3000	7329
18.3040	7163
18.3080	7350
18.3120	7208
18.3160	7195
18.3200	7258
18.3240	7039
18.3280	6687
18.3320	6629
18.3360	6602
18.3400	6585
18.3440	6897
18.3480	6735
18.3520	6646
18.3560	7376
18.3600	7207
18.3640	6640
18.3680	6571
18.3720	6537
18.3760	6552
18.3800	6666
18.3840	7050
18.3880	7577
18.3920	6676
18.3960	7097
18.4000	7007
18.4040	6662
18.4080	6446
18.4120	6540
18.4160	6514
18.4200	6618
18.4240	7121
18.4280	7478
18.4320	7131
18.4360	6814
18.4400	6756
18.4440	6592
18.4480	6759
18.4520	6660
18.4560	6696
18.4600	6610
18.4640	6990
18.4680	7289
18.4720	7156
18.4760	7194
18.4800	7078
18.4840	6679
18.4880	6600
18.4920	6614
18.4960	6783
18.5000	7392
18.5040	7402
18.5080	7238
18.5120	6918
18.5160	6516
18.5200	6636
18.5240	6558
18.5280	6644
18.5320	6467
18.5360	7043
18.5400	7234
18.5440	7433
18.5480	6841
18.5520	6765
18.5560	6526
18.5600	6763
18.5640	6501
18.5680	7105
18.5720	6904
18.5760	7078
18.5800	7232
18.5840	6732
18.5880	6555
18.5920	7061
18.5960	6381
18.6000	7050
18.6040	6615
18.6080	7344
18.6120	6855
18.6160	6595
18.6200	7446
18.6240	7570
18.6280	6781
18.6320	6862
18.6360	6842
18.6400	6624
18.6440	7509
18.6480	7621
18.6520	6860
18.6560	6636
18.6600	7356
18.6640	7104
18.6680	7049
18.6720	7058
18.6760	6767
18.6800	7291
18.6840	7272
18.6880	6906
18.6920	6866
18.6960	7071
18.7000	6815
18.7040	6941
18.7080	7276
18.7120	6519
18.7160	7432
18.7200	6539
18.7240	6501
18.7280	7408
18.7320	7307
18.7360	7002
18.7400	6777
18.7440	6706
18.7480	6862
18.7520	7031
18.7560	6544
18.7600	6624
18.7640	7494
18.7680	6868
18.7720	6937
18.7760	6845
18.7800	6560
18.7840	6761
18.7880	6729
18.7920	6552
18.7960	6571
18.8000	7347
18.8040	7244
18.8080	6980
18.8120	6927
18.8160	6653
18.8200	6854
18.8240	6702
18.8280	6644
18.8320	6735
18.8360	7453
18.8400	7443
18.8440	6890
18.8480	6968
18.8520	6675
18.8560	6971
18.8600	6608
18.8640	6593
18.8680	6481
18.8720	7232
18.8760	7401
18.8800	7167
18.8840	6484
18.8880	6483
18.8920	6599
18.8960	6531
18.9000	6789
18.9040	6658
18.9080	7297
18.9120	7290
18.9160	6422
18.9200	6916
18.9240	6531
18.9280	6518
18.9320	6662
18.9360	6873
18.9400	6774
18.9440	6983
18.9480	7238
18.9520	7088
18.9560	6629
18.9600	7181
18.9640	6689
18.9680	7265
18.9720	6689
18.9760	6795
18.9800	6820
18.9840	6925
18.9880	7378
18.9920	6921
18.9960	6720
19.0000	7092
19.0040	6518
19.0080	7425
19.0120	6713
19.0160	7450
19.0200	7125
19.0240	6959
19.0280	7066
19.0320	7261
19.0360	7078
19.0400	6851
19.0440	6508
19.0480	7028
19.0520	6665
19.0560	7051
19.0600	6824
19.0640	6869
19.0680	7438
19.0720	7142
19.0760	6659
19.0800	6760
19.0840	6795
19.0880	6441
19.0920	6593
19.0960	6961
19.1000	7468
19.1040	7365
19.1080	7558
19.1120	6802
19.1160	6589
19.1200	6409
19.1240	6634
19.1280	6650
19.1320	6676
19.1360	6862
19.1400	7446
19.1440	7383
19.1480	6634
19.1520	6456
19.1560	6674
19.1600	6614
19.1640	6572
19.1680	6598
19.1720	6780
19.1760	7293
19.1800	7546
19.1840	6930
19.1880	6693
19.1920	6907
19.1960	7104
19.2000	6961
19.2040	6854
19.2080	7483
19.2120	7420
19.2160	6953
19.2200	6619
19.2240	7032
19.2280	6592
19.2320	6670
19.2360	7087
19.2400	6871
19.2440	7047
19.2480	6967
19.2520	7008
19.2560	6572
19.2600	6691
19.2640	7013
19.2680	6919
19.2720	7488
19.2760	6437
19.2800	7529
19.2840	7209
19.2880	7279
19.2920	6478
19.2960	6529
19.3000	6572
19.3040	6645
19.3080	7245
19.3120	6630
19.3160	7535
19.3200	7143
19.3240	6512
19.3280	6816
19.3320	7497
19.3360	7005
19.3400	6693
19.3440	6979
19.3480	6710
19.3520	6844
19.3560	6608
19.3600	6758
19.3640	6917
19.3680	7365
19.3720	7021
19.3760	6977
19.3800	7102
19.3840	6573
19.3880	7015
19.3920	6725
19.3960	6652
19.4000	7104
19.4040	7288
19.4080	7041
19.4120	7300
19.4160	6968
19.4200	6470
19.4240	6749
19.4280	6706
19.4320	6758
19.4360	6876
19.4400	7008
19.4440	6944
19.4480	6494
19.4520	7079
19.4560	6600
19.4600	7251
19.4640	6604
19.4680	6652
19.4720	7158
19.4760	7365
19.4800	6529
19.4840	6675
19.4880	6456
19.4920	6750
19.4960	7109
19.5000	6763
19.5040	6641
19.5080	7013
19.5120	7536
19.5160	6709
19.5200	7047
19.5240	6766
19.5280	7046
19.5320	6973
19.5360	6566
19.5400	6635
19.5440	6658
19.5480	7082
19.5520	6902
19.5560	6613
19.5600	6743
19.5640	6593
19.5680	7029
19.5720	6810
19.5760	6543
19.5800	7024
19.5840	7311
19.5880	6709
19.5920	6804
19.5960	6880
19.6000	6550
19.6040	6908
19.6080	6885
19.6120	6687
19.6160	7349
19.6200	7311
19.6240	6979
19.6280	6819
19.6320	7099
19.6360	6527
19.6400	7176
19.6440	6523
19.6480	6715
19.6520	7322
19.6560	7348
19.6600	6419
19.6640	7044
19.6680	6982
19.6720	6601
19.6760	6671
19.6800	6871
19.6840	6709
19.6880	7387
19.6920	7427
19.6960	6625
19.7000	7410
19.7040	6591
19.7080	6700
19.7120	6601
19.7160	6701
19.7200	7236
19.7240	7301
19.7280	6957
19.7320	6813
19.7360	6807
19.7400	6631
19.7440	7309
19.7480	7006
19.7520	6794
19.7560	6774
19.7600	7156
19.7640	7300
19.7680	6496
19.7720	6742
19.7760	6428
19.7800	6589
19.7840	6443
19.7880	6525
19.7920	6535
19.7960	7257
19.8000	7400
19.8040	6754
19.8080	6470
19.8120	6911
19.8160	6544
19.8200	6975
19.8240	6725
19.8280	7360
19.8320	6757
19.8360	6681
19.8400	7002
19.8440	6786
19.8480	6705
19.8520	6681
19.8560	6693
19.8600	6685
19.8640	7406
19.8680	7520
19.8720	6773
19.8760	6540
19.8800	7104
19.8840	6732
19.8880	7223
19.8920	6730
19.8960	6793
19.9000	7234
19.9040	7424
19.9080	7408
19.9120	6621
19.9160	6671
19.9200	6536
19.9240	6615
19.9280	6738
19.9320	6704
19.9360	7285
19.9400	7050
19.9440	6540
19.9480	7129
19.9520	7302
19.9560	6484
19.9600	6785
19.9640	6362
19.9680	6717
19.9720	6417
19.9760	6747
19.9800	6874
19.9840	7442
19.9880	7130
19.9920	6961
19.9960	6710
