0.0000	7496
0.0040	7392
0.0080	7304
0.0120	7347
0.0160	7066
0.0200	6809
0.0240	7050
0.0280	7449
0.0320	7321
0.0360	7390
0.0400	7314
0.0440	7014
0.0480	6702
0.0520	6636
0.0560	7453
0.0600	6810
0.0640	7398
0.0680	7157
0.0720	7265
0.0760	7412
0.0800	6570
0.0840	6542
0.0880	6715
0.0920	6865
0.0960	7500
0.1000	6796
0.1040	7027
0.1080	7388
0.1120	7496
0.1160	6713
0.1200	6840
0.1240	6727
0.1280	7472
0.1320	7249
0.1360	7496
0.1400	7222
0.1440	7350
0.1480	6941
0.1520	6716
0.1560	6898
0.1600	7088
0.1640	7361
0.1680	7359
0.1720	7382
0.1760	7555
0.1800	7552
0.1840	7639
0.1880	6692
0.1920	6606
0.1960	7537
0.2000	7688
0.2040	6971
0.2080	7505
0.2120	7285
0.2160	7385
0.2200	7152
0.2240	6996
0.2280	6682
0.2320	6579
0.2360	7381
0.2400	7350
0.2440	7467
0.2480	7004
0.2520	6975
0.2560	7383
0.2600	7115
0.2640	7195
0.2680	7127
0.2720	6916
0.2760	7549
0.2800	7138
0.2840	6742
0.2880	6604
0.2920	7221
0.2960	6910
0.3000	7369
0.3040	7023
0.3080	7110
0.3120	6887
0.3160	6613
0.3200	6523
0.3240	6680
0.3280	7128
0.3320	7286
0.3360	7141
0.3400	6671
0.3440	6637
0.3480	6577
0.3520	6653
0.3560	6909
0.3600	6703
0.3640	7308
0.3680	6750
0.3720	7015
0.3760	6665
0.3800	6914
0.3840	6649
0.3880	6688
0.3920	7161
0.3960	6662
0.4000	7024
0.4040	6846
0.4080	6779
0.4120	6533
0.4160	7519
0.4200	7020
0.4240	7347
0.4280	7236
0.4320	6624
0.4360	6949
0.4400	7231
0.4440	7091
0.4480	7516
0.4520	7454
0.4560	7440
0.4600	6823
0.4640	7027
0.4680	6826
0.4720	7490
0.4760	7542
0.4800	7601
0.4840	7182
0.4880	6895
0.4920	7717
0.4960	7090
0.5000	7479
0.5040	6739
0.5080	7093
0.5120	7529
0.5160	7293
0.5200	6738
0.5240	7200
0.5280	6729
0.5320	7189
0.5360	6959
0.5400	7022
0.5440	6756
0.5480	7435
0.5520	6960
0.5560	7618
0.5600	7547
0.5640	6848
0.5680	6666
0.5720	6770
0.5760	6853
0.5800	6734
0.5840	6763
0.5880	6495
0.5920	7195
0.5960	7668
0.6000	6440
0.6040	6749
0.6080	7397
0.6120	7162
0.6160	6864
0.6200	6981
0.6240	6570
0.6280	7503
0.6320	6503
0.6360	7476
0.6400	7145
0.6440	7034
0.6480	7053
0.6520	6835
0.6560	7205
0.6600	7203
0.6640	6845
0.6680	7013
0.6720	6507
0.6760	7216
0.6800	6807
0.6840	6662
0.6880	6746
0.6920	6968
0.6960	7441
0.7000	7402
0.7040	6692
0.7080	7027
0.7120	6861
0.7160	7263
0.7200	6907
0.7240	7575
0.7280	6939
0.7320	7039
0.7360	6851
0.7400	7384
0.7440	6568
0.7480	6465
0.7520	7262
0.7560	6878
0.7600	7265
0.7640	6934
0.7680	7530
0.7720	7219
0.7760	6980
0.7800	6885
0.7840	7215
0.7880	6639
0.7920	6929
0.7960	6791
0.8000	7286
0.8040	7402
0.8080	7580
0.8120	7281
0.8160	6832
0.8200	7026
0.8240	6881
0.8280	6705
0.8320	6933
0.8360	7543
0.8400	6930
0.8440	6691
0.8480	7285
0.8520	7422
0.8560	6961
0.8600	7319
0.8640	7059
0.8680	7022
0.8720	7215
0.8760	6875
0.8800	7520
0.8840	6875
0.8880	6607
0.8920	7360
0.8960	7331
0.9000	7144
0.9040	6698
0.9080	6925
0.9120	6896
0.9160	6940
0.9200	7301
0.9240	6962
0.9280	6919
0.9320	7057
0.9360	6986
0.9400	6484
0.9440	6589
0.9480	7238
0.9520	6709
0.9560	7378
0.9600	6973
0.9640	6599
0.9680	6517
0.9720	7146
0.9760	7314
0.9800	6874
0.9840	6424
0.9880	6953
0.9920	7223
0.9960	7380
1.0000	6794
1.0040	7475
1.0080	6640
1.0120	6921
1.0160	7472
1.0200	6655
1.0240	7354
1.0280	7427
1.0320	7568
1.0360	7394
1.0400	7046
1.0440	6535
1.0480	6620
1.0520	7039
1.0560	6777
1.0600	7377
1.0640	6614
1.0680	7208
1.0720	7405
1.0760	7299
1.0800	7447
1.0840	6727
1.0880	6630
1.0920	7234
1.0960	7255
1.1000	6679
1.1040	7037
1.1080	6658
1.1120	6737
1.1160	6622
1.1200	7328
1.1240	6826
1.1280	7374
1.1320	6648
1.1360	6707
1.1400	6582
1.1440	6975
1.1480	7159
1.1520	7121
1.1560	6837
1.1600	7240
1.1640	7256
1.1680	6863
1.1720	6765
1.1760	6729
1.1800	6578
1.1840	6747
1.1880	6867
1.1920	6817
1.1960	7161
1.2000	7373
1.2040	6804
1.2080	6739
1.2120	7044
1.2160	6926
1.2200	6962
1.2240	6745
1.2280	7265
1.2320	7425
1.2360	7498
1.2400	7408
1.2440	7524
1.2480	7585
1.2520	7379
1.2560	7170
1.2600	6686
1.2640	7507
1.2680	6899
1.2720	7059
1.2760	7303
1.2800	7536
1.2840	6888
1.2880	7049
1.2920	7547
1.2960	7077
1.3000	6615
1.3040	6490
1.3080	6877
1.3120	7041
1.3160	7208
1.3200	6673
1.3240	6841
1.3280	6648
1.3320	7254
1.3360	6904
1.3400	7656
1.3440	6630
1.3480	7459
1.3520	6492
1.3560	7024
1.3600	6691
1.3640	6761
1.3680	6624
1.3720	6856
1.3760	7073
1.3800	6994
1.3840	6987
1.3880	7168
1.3920	7221
1.3960	6859
1.4000	7453
1.4040	6910
1.4080	7295
1.4120	6840
1.4160	7212
1.4200	6962
1.4240	6583
1.4280	6852
1.4320	6836
1.4360	7142
1.4400	7421
1.4440	7014
1.4480	6499
1.4520	7368
1.4560	6978
1.4600	7059
1.4640	6794
1.4680	7451
1.4720	7266
1.4760	7027
1.4800	7377
1.4840	7196
1.4880	7298
1.4920	6807
1.4960	7007
1.5000	7456
1.5040	7390
1.5080	6664
1.5120	7377
1.5160	7366
1.5200	6808
1.5240	6860
1.5280	6668
1.5320	7156
1.5360	6753
1.5400	6427
1.5440	6938
1.5480	6921
1.5520	6793
1.5560	6699
1.5600	6677
1.5640	6768
1.5680	6988
1.5720	6881
1.5760	6691
1.5800	6793
1.5840	7503
1.5880	7154
1.5920	6800
1.5960	6844
1.6000	7273
1.6040	7140
1.6080	6885
1.6120	7452
1.6160	7364
1.6200	7431
1.6240	6948
1.6280	6920
1.6320	6811
1.6360	7533
1.6400	7367
1.6440	7422
1.6480	7405
1.6520	6993
1.6560	6916
1.6600	7100
1.6640	7030
1.6680	6928
1.6720	6811
1.6760	7217
1.6800	6864
1.6840	6723
1.6880	6512
1.6920	6695
1.6960	6500
1.7000	6952
1.7040	6769
1.7080	6524
1.7120	6891
1.7160	6886
1.7200	7306
1.7240	7266
1.7280	6631
1.7320	6687
1.7360	6659
1.7400	6698
1.7440	6639
1.7480	6584
1.7520	6698
1.7560	6675
1.7600	7096
1.7640	6694
1.7680	7018
1.7720	6556
1.7760	7302
1.7800	6551
1.7840	6890
1.7880	6652
1.7920	6841
1.7960	7022
1.8000	6706
1.8040	6774
1.8080	7121
1.8120	6697
1.8160	6458
1.8200	7522
1.8240	7508
1.8280	7301
1.8320	7403
1.8360	7312
1.8400	7403
1.8440	7325
1.8480	7477
1.8520	7003
1.8560	7238
1.8600	7265
1.8640	7381
1.8680	7388
1.8720	7339
1.8760	6653
1.8800	6971
1.8840	7470
1.8880	7477
1.8920	7453
1.8960	7080
1.9000	6781
1.9040	7333
1.9080	7258
1.9120	6599
1.9160	6832
1.9200	7326
1.9240	7487
1.9280	7291
1.9320	6597
1.9360	6849
1.9400	7361
1.9440	7269
1.9480	6757
1.9520	6696
1.9560	7421
1.9600	7581
1.9640	6716
1.9680	6706
1.9720	7469
1.9760	7147
1.9800	7486
1.9840	7161
1.9880	7204
1.9920	7272
1.9960	6770
2.0000	6976
2.0040	6728
2.0080	7136
2.0120	6701
2.0160	6556
2.0200	7360
2.0240	7265
2.0280	7487
2.0320	7132
2.0360	6898
2.0400	6930
2.0440	7182
2.0480	6979
2.0520	6695
2.0560	6837
2.0600	6692
2.0640	6761
2.0680	7263
2.0720	6816
2.0760	6725
2.0800	7383
2.0840	6766
2.0880	6895
2.0920	6957
2.0960	7486
2.1000	6978
2.1040	6813
2.1080	6931
2.1120	6836
2.1160	6709
2.1200	7400
2.1240	6573
2.1280	7135
2.1320	6658
2.1360	6958
2.1400	7105
2.1440	7534
2.1480	6727
2.1520	6949
2.1560	6941
2.1600	7338
2.1640	7213
2.1680	6587
2.1720	6670
2.1760	7397
2.1800	6842
2.1840	7217
2.1880	6779
2.1920	6641
2.1960	6596
2.2000	7098
2.2040	6996
2.2080	6812
2.2120	7304
2.2160	6854
2.2200	7552
2.2240	6821
2.2280	7277
2.2320	6816
2.2360	7144
2.2400	6779
2.2440	7349
2.2480	7423
2.2520	6831
2.2560	7436
2.2600	6985
2.2640	7005
2.2680	7119
2.2720	6992
2.2760	7420
2.2800	6864
2.2840	6801
2.2880	6804
2.2920	7559
2.2960	7117
2.3000	6722
2.3040	6883
2.3080	6612
2.3120	7398
2.3160	6813
2.3200	6839
2.3240	7361
2.3280	7023
2.3320	6721
2.3360	6801
2.3400	6827
2.3440	6996
2.3480	7284
2.3520	6978
2.3560	6912
2.3600	7414
2.3640	6726
2.3680	6647
2.3720	6652
2.3760	6985
2.3800	7489
2.3840	6781
2.3880	6714
2.3920	7112
2.3960	7269
2.4000	6635
2.4040	6736
2.4080	6859
2.4120	7477
2.4160	7338
2.4200	7330
2.4240	7312
2.4280	7298
2.4320	6656
2.4360	7107
2.4400	7214
2.4440	7322
2.4480	7305
2.4520	6758
2.4560	7028
2.4600	7621
2.4640	7305
2.4680	7107
2.4720	7092
2.4760	7305
2.4800	6776
2.4840	6734
2.4880	7175
2.4920	7702
2.4960	6992
2.5000	7234
2.5040	7173
2.5080	6994
2.5120	6550
2.5160	7282
2.5200	7305
2.5240	6936
2.5280	7513
2.5320	7139
2.5360	6945
2.5400	7078
2.5440	7010
2.5480	6314
2.5520	6522
2.5560	6517
2.5600	6754
2.5640	7353
2.5680	6766
2.5720	6611
2.5760	6673
2.5800	6869
2.5840	6576
2.5880	6733
2.5920	7331
2.5960	6753
2.6000	7154
2.6040	6873
2.6080	6807
2.6120	6955
2.6160	6910
2.6200	6656
2.6240	6687
2.6280	7422
2.6320	7021
2.6360	7454
2.6400	6926
2.6440	6721
2.6480	6583
2.6520	7498
2.6560	6598
2.6600	6758
2.6640	7516
2.6680	7102
2.6720	7579
2.6760	7550
2.6800	7310
2.6840	6820
2.6880	6991
2.6920	7041
2.6960	6713
2.7000	7221
2.7040	6953
2.7080	7356
2.7120	7481
2.7160	7409
2.7200	7415
2.7240	7289
2.7280	6524
2.7320	6567
2.7360	7229
2.7400	7300
2.7440	7217
2.7480	7009
2.7520	7264
2.7560	7664
2.7600	6587
2.7640	7073
2.7680	7377
2.7720	7406
2.7760	7414
2.7800	7602
2.7840	7114
2.7880	7190
2.7920	7430
2.7960	7526
2.8000	7090
2.8040	7508
2.8080	6963
2.8120	7363
2.8160	7377
2.8200	7450
2.8240	7411
2.8280	7682
2.8320	7506
2.8360	7151
2.8400	7375
2.8440	6783
2.8480	6895
2.8520	7349
2.8560	7218
2.8600	7049
2.8640	6908
2.8680	7490
2.8720	7598
2.8760	7564
2.8800	6883
2.8840	6780
2.8880	6542
2.8920	7184
2.8960	7380
2.9000	6633
2.9040	7405
2.9080	6770
2.9120	7330
2.9160	6610
2.9200	6714
2.9240	6462
2.9280	6661
2.9320	6852
2.9360	7026
2.9400	7323
2.9440	7383
2.9480	7302
2.9520	7145
2.9560	7103
2.9600	6982
2.9640	6949
2.9680	6609
2.9720	7417
2.9760	7066
2.9800	7442
2.9840	7217
2.9880	6795
2.9920	6741
2.9960	6980
3.0000	7237
3.0040	7022
3.0080	7131
3.0120	7345
3.0160	6821
3.0200	7509
3.0240	7395
3.0280	7447
3.0320	7263
3.0360	6681
3.0400	6829
3.0440	7279
3.0480	6725
3.0520	6902
3.0560	6966
3.0600	7455
3.0640	7404
3.0680	7350
3.0720	6822
3.0760	6859
3.0800	7532
3.0840	6699
3.0880	6486
3.0920	7301
3.0960	7298
3.1000	7401
3.1040	7279
3.1080	6973
3.1120	7489
3.1160	7284
3.1200	7246
3.1240	7065
3.1280	7008
3.1320	7467
3.1360	7321
3.1400	7310
3.1440	7364
3.1480	7227
3.1520	7142
3.1560	7298
3.1600	7295
3.1640	7255
3.1680	6764
3.1720	7464
3.1760	7482
3.1800	7513
3.1840	7480
3.1880	6688
3.1920	6585
3.1960	6970
3.2000	7652
3.2040	6794
3.2080	6974
3.2120	7371
3.2160	7145
3.2200	6827
3.2240	6967
3.2280	7216
3.2320	6921
3.2360	7312
3.2400	7057
3.2440	7249
3.2480	6862
3.2520	7260
3.2560	6614
3.2600	6752
3.2640	6714
3.2680	7272
3.2720	7521
3.2760	7548
3.2800	7786
3.2840	7220
3.2880	6704
3.2920	6383
3.2960	6694
3.3000	7097
3.3040	7051
3.3080	7372
3.3120	7025
3.3160	7087
3.3200	6995
3.3240	7292
3.3280	7185
3.3320	7230
3.3360	7490
3.3400	7683
3.3440	7671
3.3480	7750
3.3520	7565
3.3560	6784
3.3600	6831
3.3640	6541
3.3680	6854
3.3720	6567
3.3760	7509
3.3800	6944
3.3840	7361
3.3880	7654
3.3920	6877
3.3960	7035
3.4000	7301
3.4040	7217
3.4080	7062
3.4120	6989
3.4160	6841
3.4200	7065
3.4240	7239
3.4280	7372
3.4320	6967
3.4360	7015
3.4400	6857
3.4440	6797
3.4480	6547
3.4520	6946
3.4560	6701
3.4600	7517
3.4640	6695
3.4680	7184
3.4720	6609
3.4760	7000
3.4800	6995
3.4840	7213
3.4880	7146
3.4920	6817
3.4960	7421
3.5000	7220
3.5040	6848
3.5080	6946
3.5120	7087
3.5160	6793
3.5200	7453
3.5240	6916
3.5280	7227
3.5320	7187
3.5360	7181
3.5400	6791
3.5440	7001
3.5480	6660
3.5520	6761
3.5560	7017
3.5600	6955
3.5640	7510
3.5680	7418
3.5720	7216
3.5760	6606
3.5800	6728
3.5840	7332
3.5880	6626
3.5920	7091
3.5960	6739
3.6000	7503
3.6040	7284
3.6080	7038
3.6120	6708
3.6160	6703
3.6200	7297
3.6240	6838
3.6280	7070
3.6320	6890
3.6360	7143
3.6400	7341
3.6440	7414
3.6480	6847
3.6520	6637
3.6560	7310
3.6600	6910
3.6640	7010
3.6680	6687
3.6720	6728
3.6760	7063
3.6800	7018
3.6840	6712
3.6880	6787
3.6920	7271
3.6960	6779
3.7000	7383
3.7040	6961
3.7080	6614
3.7120	6558
3.7160	7481
3.7200	6645
3.7240	6965
3.7280	7658
3.7320	6975
3.7360	6682
3.7400	6828
3.7440	6699
3.7480	6640
3.7520	7189
3.7560	6855
3.7600	6581
3.7640	7138
3.7680	7145
3.7720	6729
3.7760	6468
3.7800	6554
3.7840	6601
3.7880	7532
3.7920	6892
3.7960	6702
3.8000	7477
3.8040	7036
3.8080	6847
3.8120	6753
3.8160	6535
3.8200	7141
3.8240	6988
3.8280	7062
3.8320	7043
3.8360	7444
3.8400	6880
3.8440	6616
3.8480	6650
3.8520	6884
3.8560	7549
3.8600	6714
3.8640	7061
3.8680	6503
3.8720	7335
3.8760	6767
3.8800	7102
3.8840	7102
3.8880	6857
3.8920	7512
3.8960	6997
3.9000	7791
3.9040	7193
3.9080	7284
3.9120	6495
3.9160	7411
3.9200	7120
3.9240	7122
3.9280	7558
3.9320	7652
3.9360	7075
3.9400	7517
3.9440	6569
3.9480	6595
3.9520	7091
3.9560	6965
3.9600	7504
3.9640	6900
3.9680	7024
3.9720	7232
3.9760	7239
3.9800	6522
3.9840	7274
3.9880	6707
3.9920	7024
3.9960	6585
4.0000	7391
4.0040	6942
4.0080	7626
4.0120	7276
4.0160	6763
4.0200	7032
4.0240	6743
4.0280	7180
4.0320	6789
4.0360	7554
4.0400	7473
4.0440	6638
4.0480	6878
4.0520	6690
4.0560	6687
4.0600	7354
4.0640	6891
4.0680	7388
4.0720	7282
4.0760	6993
4.0800	7581
4.0840	7277
4.0880	7068
4.0920	6610
4.0960	6806
4.1000	6927
4.1040	7621
4.1080	6683
4.1120	7398
4.1160	7148
4.1200	7469
4.1240	6799
4.1280	6527
4.1320	7012
4.1360	6560
4.1400	7301
4.1440	6739
4.1480	7153
4.1520	7316
4.1560	7190
4.1600	6920
4.1640	6735
4.1680	7043
4.1720	6621
4.1760	6909
4.1800	7574
4.1840	7405
4.1880	7512
4.1920	7397
4.1960	7459
4.2000	7045
4.2040	7471
4.2080	6736
4.2120	6662
4.2160	7049
4.2200	6786
4.2240	7554
4.2280	7479
4.2320	7338
4.2360	7508
4.2400	7109
4.2440	6683
4.2480	6612
4.2520	7485
4.2560	6668
4.2600	6884
4.2640	7692
4.2680	7552
4.2720	7398
4.2760	6867
4.2800	6949
4.2840	6754
4.2880	7300
4.2920	6978
4.2960	6680
4.3000	6707
4.3040	7160
4.3080	7283
4.3120	7077
4.3160	6497
4.3200	6824
4.3240	6940
4.3280	6974
4.3320	7199
4.3360	7383
4.3400	6590
4.3440	6849
4.3480	6789
4.3520	6914
4.3560	6616
4.3600	6846
4.3640	7121
4.3680	6771
4.3720	7378
4.3760	7599
4.3800	6876
4.3840	7470
4.3880	6995
4.3920	7076
4.3960	6942
4.4000	7275
4.4040	6871
4.4080	7438
4.4120	6855
4.4160	6934
4.4200	7283
4.4240	7162
4.4280	7452
4.4320	6782
4.4360	7642
4.4400	7341
4.4440	6996
4.4480	6926
4.4520	6711
4.4560	7323
4.4600	6804
4.4640	6532
4.4680	6644
4.4720	6701
4.4760	7184
4.4800	7330
4.4840	7213
4.4880	6654
4.4920	7132
4.4960	6637
4.5000	6601
4.5040	7321
4.5080	6673
4.5120	6803
4.5160	7460
4.5200	6830
4.5240	7176
4.5280	7274
4.5320	7360
4.5360	6699
4.5400	7440
4.5440	7090
4.5480	6661
4.5520	6728
4.5560	6848
4.5600	6880
4.5640	7404
4.5680	7463
4.5720	7458
4.5760	6919
4.5800	6681
4.5840	6659
4.5880	7315
4.5920	7099
4.5960	6651
4.6000	7471
4.6040	7512
4.6080	7448
4.6120	7100
4.6160	6707
4.6200	7134
4.6240	7317
4.6280	7199
4.6320	7356
4.6360	7452
4.6400	7414
4.6440	7416
4.6480	6879
4.6520	6582
4.6560	7129
4.6600	7234
4.6640	7280
4.6680	7367
4.6720	7414
4.6760	6740
4.6800	7295
4.6840	6838
4.6880	6707
4.6920	6962
4.6960	7571
4.7000	7329
4.7040	7439
4.7080	6556
4.7120	6769
4.7160	7327
4.7200	6829
4.7240	6581
4.7280	6673
4.7320	7245
4.7360	7582
4.7400	7478
4.7440	7145
4.7480	7012
4.7520	7383
4.7560	6552
4.7600	6635
4.7640	7140
4.7680	7385
4.7720	7501
4.7760	7493
4.7800	7502
4.7840	7575
4.7880	7380
4.7920	6536
4.7960	6532
4.8000	7336
4.8040	7595
4.8080	7323
4.8120	7302
4.8160	7339
4.8200	6618
4.8240	6700
4.8280	6911
4.8320	7271
4.8360	7287
4.8400	7290
4.8440	7319
4.8480	6690
4.8520	7330
4.8560	7325
4.8600	7158
4.8640	6452
4.8680	7340
4.8720	7323
4.8760	7559
4.8800	7307
4.8840	7458
4.8880	7070
4.8920	7080
4.8960	7083
4.9000	6589
4.9040	6552
4.9080	7492
4.9120	7128
4.9160	7564
4.9200	7509
4.9240	7301
4.9280	7461
4.9320	7163
4.9360	6795
4.9400	6932
4.9440	6693
4.9480	6882
4.9520	7102
4.9560	7667
4.9600	7236
4.9640	7235
4.9680	6805
4.9720	6712
4.9760	6718
4.9800	7556
4.9840	7270
4.9880	7410
4.9920	7277
4.9960	7548
5.0000	6813
5.0040	7125
5.0080	6563
5.0120	6659
5.0160	7170
5.0200	6771
5.0240	6979
5.0280	6855
5.0320	7285
5.0360	6425
5.0400	7296
5.0440	6633
5.0480	6984
5.0520	7079
5.0560	7486
5.0600	7450
5.0640	7542
5.0680	7166
5.0720	6940
5.0760	6919
5.0800	6924
5.0840	6721
5.0880	7427
5.0920	7325
5.0960	7154
5.1000	7479
5.1040	7254
5.1080	7279
5.1120	7001
5.1160	6692
5.1200	6820
5.1240	7398
5.1280	7035
5.1320	6948
5.1360	7394
5.1400	6791
5.1440	6718
5.1480	7354
5.1520	6642
5.1560	6722
5.1600	6617
5.1640	6669
5.1680	6817
5.1720	7457
5.1760	6745
5.1800	6773
5.1840	7002
5.1880	6520
5.1920	6501
5.1960	6831
5.2000	6566
5.2040	6667
5.2080	7176
5.2120	6592
5.2160	6621
5.2200	7173
5.2240	7095
5.2280	6705
5.2320	6902
5.2360	7235
5.2400	6767
5.2440	7547
5.2480	6576
5.2520	6476
5.2560	7199
5.2600	7192
5.2640	7241
5.2680	6774
5.2720	6617
5.2760	7036
5.2800	7087
5.2840	7352
5.2880	6595
5.2920	6924
5.2960	7524
5.3000	7450
5.3040	7197
5.3080	6860
5.3120	6672
5.3160	7430
5.3200	7078
5.3240	6882
5.3280	6867
5.3320	7201
5.3360	7127
5.3400	7075
5.3440	6731
5.3480	6659
5.3520	7302
5.3560	7361
5.3600	7239
5.3640	7090
5.3680	7158
5.3720	7220
5.3760	6913
5.3800	6763
5.3840	6711
5.3880	6960
5.3920	7315
5.3960	7157
5.4000	7585
5.4040	7190
5.4080	7513
5.4120	6636
5.4160	7214
5.4200	6970
5.4240	6814
5.4280	7298
5.4320	7106
5.4360	7105
5.4400	7580
5.4440	7462
5.4480	6939
5.4520	7170
5.4560	6907
5.4600	6750
5.4640	7060
5.4680	7467
5.4720	6838
5.4760	7065
5.4800	7342
5.4840	6608
5.4880	7023
5.4920	6634
5.4960	7123
5.5000	7094
5.5040	7177
5.5080	7412
5.5120	6987
5.5160	7594
5.5200	7132
5.5240	6610
5.5280	6641
5.5320	7249
5.5360	6825
5.5400	6671
5.5440	7250
5.5480	6701
5.5520	6598
5.5560	7330
5.5600	7103
5.5640	7111
5.5680	6592
5.5720	6684
5.5760	6949
5.5800	7367
5.5840	6684
5.5880	6687
5.5920	7228
5.5960	6750
5.6000	7001
5.6040	6924
5.6080	6577
5.6120	7379
5.6160	6664
5.6200	6722
5.6240	7485
5.6280	7344
5.6320	7451
5.6360	7165
5.6400	7136
5.6440	7002
5.6480	7137
5.6520	6893
5.6560	7116
5.6600	7249
5.6640	6912
5.6680	7395
5.6720	7597
5.6760	6997
5.6800	7006
5.6840	7422
5.6880	7366
5.6920	6803
5.6960	7187
5.7000	7205
5.7040	7151
5.7080	7396
5.7120	7003
5.7160	6684
5.7200	7100
5.7240	6752
5.7280	6583
5.7320	7261
5.7360	7319
5.7400	7210
5.7440	7184
5.7480	6767
5.7520	6714
5.7560	6583
5.7600	7426
5.7640	6598
5.7680	7291
5.7720	6892
5.7760	7000
5.7800	7072
5.7840	6741
5.7880	6860
5.7920	6622
5.7960	7418
5.8000	6798
5.8040	7132
5.8080	7522
5.8120	7032
5.8160	6676
5.8200	6755
5.8240	6958
5.8280	6733
5.8320	7357
5.8360	6840
5.8400	7037
5.8440	7434
5.8480	7520
5.8520	7007
5.8560	6614
5.8600	6943
5.8640	6759
5.8680	7529
5.8720	6742
5.8760	6930
5.8800	7546
5.8840	7400
5.8880	7366
5.8920	6688
5.8960	7327
5.9000	6859
5.9040	7099
5.9080	6656
5.9120	7026
5.9160	7296
5.9200	7228
5.9240	7293
5.9280	7131
5.9320	6748
5.9360	6656
5.9400	7464
5.9440	6545
5.9480	7443
5.9520	6664
5.9560	7228
5.9600	6595
5.9640	7421
5.9680	6618
5.9720	6543
5.9760	7189
5.9800	6841
5.9840	7069
5.9880	7270
5.9920	7459
5.9960	6731
6.0000	7461
6.0040	6669
6.0080	6874
6.0120	7257
6.0160	7160
6.0200	7441
6.0240	7387
6.0280	7323
6.0320	7478
6.0360	7182
6.0400	6878
6.0440	7501
6.0480	6925
6.0520	7430
6.0560	6921
6.0600	7263
6.0640	7420
6.0680	7382
6.0720	7036
6.0760	7054
6.0800	7309
6.0840	6694
6.0880	7344
6.0920	6848
6.0960	7143
6.1000	7475
6.1040	7076
6.1080	6756
6.1120	7466
6.1160	6835
6.1200	6841
6.1240	7316
6.1280	7325
6.1320	6757
6.1360	6694
6.1400	6724
6.1440	6635
6.1480	7358
6.1520	6876
6.1560	6915
6.1600	7522
6.1640	7552
6.1680	7400
6.1720	6771
6.1760	6768
6.1800	6780
6.1840	7271
6.1880	7498
6.1920	6986
6.1960	7431
6.2000	7450
6.2040	7203
6.2080	6774
6.2120	6603
6.2160	6638
6.2200	7312
6.2240	7480
6.2280	7393
6.2320	7274
6.2360	7463
6.2400	7109
6.2440	6690
6.2480	6749
6.2520	6608
6.2560	7248
6.2600	7288
6.2640	7081
6.2680	7100
6.2720	7320
6.2760	7135
6.2800	6557
6.2840	7225
6.2880	6517
6.2920	7486
6.2960	6536
6.3000	6952
6.3040	6993
6.3080	7503
6.3120	7086
6.3160	6661
6.3200	6845
6.3240	6677
6.3280	6898
6.3320	6758
6.3360	6776
6.3400	6631
6.3440	7479
6.3480	7383
6.3520	6650
6.3560	7167
6.3600	6719
6.3640	7529
6.3680	7078
6.3720	6612
6.3760	6649
6.3800	7217
6.3840	7406
6.3880	6777
6.3920	6695
6.3960	6809
6.4000	6953
6.4040	7152
6.4080	6735
6.4120	6815
6.4160	6694
6.4200	7028
6.4240	6659
6.4280	7050
6.4320	6638
6.4360	7413
6.4400	6936
6.4440	7157
6.4480	6867
6.4520	6697
6.4560	7120
6.4600	6797
6.4640	7472
6.4680	6787
6.4720	7476
6.4760	6638
6.4800	7509
6.4840	7543
6.4880	7113
6.4920	6884
6.4960	6833
6.5000	7244
6.5040	6909
6.5080	7155
6.5120	7340
6.5160	7534
6.5200	7429
6.5240	6830
6.5280	6726
6.5320	7256
6.5360	7564
6.5400	7486
6.5440	7362
6.5480	7461
6.5520	6971
6.5560	7554
6.5600	6888
6.5640	6644
6.5680	6803
6.5720	7500
6.5760	7405
6.5800	6835
6.5840	7452
6.5880	7281
6.5920	7440
6.5960	6674
6.6000	6466
6.6040	6446
6.6080	7275
6.6120	6586
6.6160	6481
6.6200	6673
6.6240	7010
6.6280	7204
6.6320	6563
6.6360	6480
6.6400	7260
6.6440	6718
6.6480	6587
6.6520	6719
6.6560	7249
6.6600	6920
6.6640	6953
6.6680	7323
6.6720	6647
6.6760	7314
6.6800	6861
6.6840	6716
6.6880	6658
6.6920	6782
6.6960	6604
6.7000	7232
6.7040	6964
6.7080	6938
6.7120	6783
6.7160	7422
6.7200	7011
6.7240	6768
6.7280	6816
6.7320	6699
6.7360	7193
6.7400	6860
6.7440	6616
6.7480	6711
6.7520	7381
6.7560	7449
6.7600	6825
6.7640	6654
6.7680	6734
6.7720	7206
6.7760	7217
6.7800	6552
6.7840	6557
6.7880	7214
6.7920	7223
6.7960	7040
6.8000	6811
6.8040	6537
6.8080	7442
6.8120	6991
6.8160	7289
6.8200	6965
6.8240	7557
6.8280	7321
6.8320	7157
6.8360	6474
6.8400	6732
6.8440	7270
6.8480	6951
6.8520	6763
6.8560	7037
6.8600	7483
6.8640	6889
6.8680	6705
6.8720	6456
6.8760	6816
6.8800	7332
6.8840	6916
6.8880	7001
6.8920	7555
6.8960	7544
6.9000	7407
6.9040	6617
6.9080	7009
6.9120	6712
6.9160	6856
6.9200	7367
6.9240	7007
6.9280	7437
6.9320	7303
6.9360	7347
6.9400	7011
6.9440	6868
6.9480	6698
6.9520	7343
6.9560	7313
6.9600	7095
6.9640	7334
6.9680	7121
6.9720	7211
6.9760	6724
6.9800	6672
6.9840	6499
6.9880	6914
6.9920	7302
6.9960	7473
7.0000	7368
7.0040	7098
7.0080	7036
7.0120	6597
7.0160	6661
7.0200	6844
7.0240	7202
7.0280	7080
7.0320	7487
7.0360	7111
7.0400	7155
7.0440	7416
7.0480	6710
7.0520	6666
7.0560	7034
7.0600	7707
7.0640	7164
7.0680	7292
7.0720	7084
7.0760	6623
7.0800	7448
7.0840	6733
7.0880	6711
7.0920	7352
7.0960	7483
7.1000	6959
7.1040	7210
7.1080	7415
7.1120	6850
7.1160	7470
7.1200	7172
7.1240	6951
7.1280	7234
7.1320	7430
7.1360	6853
7.1400	6810
7.1440	7051
7.1480	6935
7.1520	7039
7.1560	6646
7.1600	7495
7.1640	7279
7.1680	7233
7.1720	6844
7.1760	7619
7.1800	6565
7.1840	6584
7.1880	7285
7.1920	6787
7.1960	6698
7.2000	6987
7.2040	6778
7.2080	6846
7.2120	7029
7.2160	6596
7.2200	6551
7.2240	7458
7.2280	6779
7.2320	7001
7.2360	6832
7.2400	6637
7.2440	6910
7.2480	7260
7.2520	7214
7.2560	6684
7.2600	7368
7.2640	7231
7.2680	6955
7.2720	6918
7.2760	7112
7.2800	6678
7.2840	7213
7.2880	6760
7.2920	7266
7.2960	6824
7.3000	7273
7.3040	6625
7.3080	6928
7.3120	7482
7.3160	7167
7.3200	6977
7.3240	6504
7.3280	6678
7.3320	6672
7.3360	7412
7.3400	7164
7.3440	6681
7.3480	7275
7.3520	7393
7.3560	6659
7.3600	6835
7.3640	6920
7.3680	6588
7.3720	6879
7.3760	7461
7.3800	6819
7.3840	7079
7.3880	7584
7.3920	6568
7.3960	7137
7.4000	6661
7.4040	6776
7.4080	6980
7.4120	7421
7.4160	6997
7.4200	6687
7.4240	7063
7.4280	6753
7.4320	6988
7.4360	6709
7.4400	7490
7.4440	7604
7.4480	7006
7.4520	7332
7.4560	6667
7.4600	6970
7.4640	6830
7.4680	7358
7.4720	6894
7.4760	6829
7.4800	7362
7.4840	7444
7.4880	7445
7.4920	6502
7.4960	7213
7.5000	6942
7.5040	6546
7.5080	6686
7.5120	7232
7.5160	6837
7.5200	7427
7.5240	6676
7.5280	6691
7.5320	6643
7.5360	6774
7.5400	7053
7.5440	6696
7.5480	6768
7.5520	6705
7.5560	7001
7.5600	7173
7.5640	6644
7.5680	6737
7.5720	7058
7.5760	7395
7.5800	7368
7.5840	6904
7.5880	6791
7.5920	6766
7.5960	7463
7.6000	6696
7.6040	6690
7.6080	7131
7.6120	7553
7.6160	7469
7.6200	7213
7.6240	6652
7.6280	7071
7.6320	7136
7.6360	6959
7.6400	6856
7.6440	6923
7.6480	6923
7.6520	7378
7.6560	6764
7.6600	6733
7.6640	6997
7.6680	7306
7.6720	6679
7.6760	6647
7.6800	6945
7.6840	6783
7.6880	7063
7.6920	6875
7.6960	6473
7.7000	7367
7.7040	7294
7.7080	7262
7.7120	6612
7.7160	6642
7.7200	6942
7.7240	7466
7.7280	7347
7.7320	6793
7.7360	6785
7.7400	7365
7.7440	7196
7.7480	7271
7.7520	7062
7.7560	6574
7.7600	7413
7.7640	7188
7.7680	7422
7.7720	7412
7.7760	7369
7.7800	7467
7.7840	7486
7.7880	7289
7.7920	7358
7.7960	6850
7.8000	7424
7.8040	7445
7.8080	6844
7.8120	6795
7.8160	7205
7.8200	7201
7.8240	7415
7.8280	7398
7.8320	7298
7.8360	7398
7.8400	7330
7.8440	7412
7.8480	6692
7.8520	7275
7.8560	6989
7.8600	7311
7.8640	6857
7.8680	7351
7.8720	6941
7.8760	7051
7.8800	7361
7.8840	6618
7.8880	6907
7.8920	7218
7.8960	7329
7.9000	7391
7.9040	7586
7.9080	6711
7.9120	6937
7.9160	7219
7.9200	6775
7.9240	7151
7.9280	7395
7.9320	7416
7.9360	7489
7.9400	7300
7.9440	6936
7.9480	7154
7.9520	6921
7.9560	6711
7.9600	7010
7.9640	7454
7.9680	7108
7.9720	7346
7.9760	7206
7.9800	6736
7.9840	7144
7.9880	6730
7.9920	6686
7.9960	7494
8.0000	7413
8.0040	7274
8.0080	7278
8.0120	7274
8.0160	6708
8.0200	7067
8.0240	6914
8.0280	6598
8.0320	7198
8.0360	7390
8.0400	6733
8.0440	6751
8.0480	7098
8.0520	6770
8.0560	7216
8.0600	7174
8.0640	7235
8.0680	7456
8.0720	7050
8.0760	7449
8.0800	6580
8.0840	7520
8.0880	6554
8.0920	7397
8.0960	6667
8.1000	6977
8.1040	7354
8.1080	7300
8.1120	7284
8.1160	7542
8.1200	7479
8.1240	7185
8.1280	7499
8.1320	6602
8.1360	6691
8.1400	7379
8.1440	7503
8.1480	7219
8.1520	7358
8.1560	6698
8.1600	7231
8.1640	6964
8.1680	7101
8.1720	7302
8.1760	7198
8.1800	7388
8.1840	7383
8.1880	7420
8.1920	7011
8.1960	6726
8.2000	7361
8.2040	6553
8.2080	7300
8.2120	7324
8.2160	6699
8.2200	6782
8.2240	7394
8.2280	6981
8.2320	7529
8.2360	7345
8.2400	7426
8.2440	6896
8.2480	7132
8.2520	7081
8.2560	7100
8.2600	7300
8.2640	7029
8.2680	7320
8.2720	7057
8.2760	7296
8.2800	7421
8.2840	7276
8.2880	6970
8.2920	7373
8.2960	7409
8.3000	7705
8.3040	7471
8.3080	7371
8.3120	7199
8.3160	6818
8.3200	7286
8.3240	7099
8.3280	7225
8.3320	7254
8.3360	7485
8.3400	7411
8.3440	7615
8.3480	7390
8.3520	6935
8.3560	6651
8.3600	7061
8.3640	7209
8.3680	7278
8.3720	7147
8.3760	7148
8.3800	7226
8.3840	6936
8.3880	7454
8.3920	6876
8.3960	6706
8.4000	7200
8.4040	7336
8.4080	6965
8.4120	7322
8.4160	7357
8.4200	7298
8.4240	6933
8.4280	7259
8.4320	6743
8.4360	6866
8.4400	6992
8.4440	6955
8.4480	7027
8.4520	7022
8.4560	7468
8.4600	7352
8.4640	6864
8.4680	7240
8.4720	7370
8.4760	7310
8.4800	7545
8.4840	7518
8.4880	7181
8.4920	7328
8.4960	7293
8.5000	6860
8.5040	6970
8.5080	7261
8.5120	7451
8.5160	7303
8.5200	7231
8.5240	7393
8.5280	7389
8.5320	7470
8.5360	7259
8.5400	6745
8.5440	7052
8.5480	7162
8.5520	7438
8.5560	6385
8.5600	6949
8.5640	6737
8.5680	7210
8.5720	6884
8.5760	7187
8.5800	7305
8.5840	7640
8.5880	6779
8.5920	6765
8.5960	7044
8.6000	7144
8.6040	7028
8.6080	7065
8.6120	6628
8.6160	7309
8.6200	6953
8.6240	7033
8.6280	6562
8.6320	7355
8.6360	7133
8.6400	7161
8.6440	6767
8.6480	7340
8.6520	7195
8.6560	7215
8.6600	7499
8.6640	7048
8.6680	6990
8.6720	7364
8.6760	7476
8.6800	6896
8.6840	7148
8.6880	7171
8.6920	7260
8.6960	6781
8.7000	7464
8.7040	6918
8.7080	7410
8.7120	6954
8.7160	7079
8.7200	7548
8.7240	7470
8.7280	7377
8.7320	6884
8.7360	6506
8.7400	7088
8.7440	6644
8.7480	7092
8.7520	6678
8.7560	7401
8.7600	7328
8.7640	6807
8.7680	7070
8.7720	7534
8.7760	7357
8.7800	7487
8.7840	7376
8.7880	6778
8.7920	6787
8.7960	7243
8.8000	7451
8.8040	6743
8.8080	7430
8.8120	7245
8.8160	7284
8.8200	6775
8.8240	6801
8.8280	7132
8.8320	7471
8.8360	7479
8.8400	7401
8.8440	7601
8.8480	7493
8.8520	7490
8.8560	6689
8.8600	6835
8.8640	7583
8.8680	7559
8.8720	7453
8.8760	7339
8.8800	7327
8.8840	7511
8.8880	7231
8.8920	6908
8.8960	7015
8.9000	7450
8.9040	7442
8.9080	7357
8.9120	7415
8.9160	7305
8.9200	7249
8.9240	7229
8.9280	7295
8.9320	6921
8.9360	7508
8.9400	6983
8.9440	7449
8.9480	7183
8.9520	7351
8.9560	7361
8.9600	6959
8.9640	6851
8.9680	6939
8.9720	7015
8.9760	7313
8.9800	7235
8.9840	7453
8.9880	6974
8.9920	6816
8.9960	7409
9.0000	6765
9.0040	6708
9.0080	6716
9.0120	7118
9.0160	7219
9.0200	6936
9.0240	7060
9.0280	7303
9.0320	7344
9.0360	6733
9.0400	6673
9.0440	7470
9.0480	7407
9.0520	7315
9.0560	7356
9.0600	7030
9.0640	7296
9.0680	7006
9.0720	7203
9.0760	7367
9.0800	7358
9.0840	7210
9.0880	7017
9.0920	7374
9.0960	7072
9.1000	7307
9.1040	6526
9.1080	7012
9.1120	7100
9.1160	7412
9.1200	6560
9.1240	6956
9.1280	7338
9.1320	6936
9.1360	7284
9.1400	6926
9.1440	6735
9.1480	7410
9.1520	7385
9.1560	6585
9.1600	6723
9.1640	7291
9.1680	7216
9.1720	7299
9.1760	6766
9.1800	7008
9.1840	7309
9.1880	6952
9.1920	6956
9.1960	7494
9.2000	7189
9.2040	7329
9.2080	6710
9.2120	6908
9.2160	7064
9.2200	7526
9.2240	7592
9.2280	7342
9.2320	7425
9.2360	6848
9.2400	7175
9.2440	7179
9.2480	7271
9.2520	7149
9.2560	7161
9.2600	7390
9.2640	7505
9.2680	7247
9.2720	7050
9.2760	7157
9.2800	6774
9.2840	7072
9.2880	7122
9.2920	7051
9.2960	7410
9.3000	7203
9.3040	6758
9.3080	6533
9.3120	7211
9.3160	6553
9.3200	6508
9.3240	6889
9.3280	7311
9.3320	7420
9.3360	7202
9.3400	7359
9.3440	6613
9.3480	7151
9.3520	6602
9.3560	6753
9.3600	7291
9.3640	6732
9.3680	6746
9.3720	7591
9.3760	6853
9.3800	7019
9.3840	7481
9.3880	6867
9.3920	6874
9.3960	6903
9.4000	7436
9.4040	7159
9.4080	7244
9.4120	7163
9.4160	6671
9.4200	7263
9.4240	6846
9.4280	6991
9.4320	6877
9.4360	6920
9.4400	7038
9.4440	7375
9.4480	7367
9.4520	7220
9.4560	7357
9.4600	6527
9.4640	6624
9.4680	7126
9.4720	7068
9.4760	6807
9.4800	7315
9.4840	7092
9.4880	6877
9.4920	7123
9.4960	6602
9.5000	6776
9.5040	7180
9.5080	7281
9.5120	7330
9.5160	7387
9.5200	7421
9.5240	7155
9.5280	6957
9.5320	6860
9.5360	6835
9.5400	7300
9.5440	7483
9.5480	7213
9.5520	7674
9.5560	7362
9.5600	7459
9.5640	6996
9.5680	6690
9.5720	6780
9.5760	6752
9.5800	7109
9.5840	7286
9.5880	7521
9.5920	7089
9.5960	7561
9.6000	6705
9.6040	6812
9.6080	6832
9.6120	6429
9.6160	6480
9.6200	6895
9.6240	7422
9.6280	6859
9.6320	7076
9.6360	6893
9.6400	6671
9.6440	7209
9.6480	6793
9.6520	6731
9.6560	6739
9.6600	7226
9.6640	7214
9.6680	7206
9.6720	7431
9.6760	6975
9.6800	7224
9.6840	6935
9.6880	6700
9.6920	6547
9.6960	7387
9.7000	7268
9.7040	7310
9.7080	7520
9.7120	7218
9.7160	7416
9.7200	6629
9.7240	6833
9.7280	7083
9.7320	7166
9.7360	7585
9.7400	7482
9.7440	7481
9.7480	7623
9.7520	7471
9.7560	6702
9.7600	6707
9.7640	7339
9.7680	7509
9.7720	7124
9.7760	7242
9.7800	7346
9.7840	7353
9.7880	7378
9.7920	6892
9.7960	6637
9.8000	6931
9.8040	7345
9.8080	6753
9.8120	6726
9.8160	7036
9.8200	6862
9.8240	7255
9.8280	6826
9.8320	6645
9.8360	7359
9.8400	7286
9.8440	6873
9.8480	6826
9.8520	7423
9.8560	7008
9.8600	7463
9.8640	6708
9.8680	6709
9.8720	7404
9.8760	7271
9.8800	6709
9.8840	6925
9.8880	7484
9.8920	7419
9.8960	7130
9.9000	6756
9.9040	7233
9.9080	7509
9.9120	7388
9.9160	6788
9.9200	6980
9.9240	7475
9.9280	7561
9.9320	6972
9.9360	6568
9.9400	6943
9.9440	7561
9.9480	6887
9.9520	6505
9.9560	7019
9.9600	7322
9.9640	7322
9.9680	6712
9.9720	6701
9.9760	6864
9.9800	7013
9.9840	7055
9.9880	6642
9.9920	6784
9.9960	7263
10.0000	7261
10.0040	6693
10.0080	6664
10.0120	6969
10.0160	7519
10.0200	6883
10.0240	6687
10.0280	6796
10.0320	7369
10.0360	7330
10.0400	7152
10.0440	6540
10.0480	6792
10.0520	7386
10.0560	7319
10.0600	6571
10.0640	6957
10.0680	7400
10.0720	7357
10.0760	7173
10.0800	6943
10.0840	7259
10.0880	7495
10.0920	7184
10.0960	6805
10.1000	6782
10.1040	7325
10.1080	7035
10.1120	7326
10.1160	6951
10.1200	7280
10.1240	7287
10.1280	6993
10.1320	6631
10.1360	7022
10.1400	7239
10.1440	7019
10.1480	6980
10.1520	6584
10.1560	7238
10.1600	7344
10.1640	7141
10.1680	6989
10.1720	7202
10.1760	7022
10.1800	7229
10.1840	6770
10.1880	6822
10.1920	7386
10.1960	7430
10.2000	7149
10.2040	7206
10.2080	7453
10.2120	7284
10.2160	6644
10.2200	6620
10.2240	7408
10.2280	7482
10.2320	7432
10.2360	7390
10.2400	7294
10.2440	7286
10.2480	7516
10.2520	6714
10.2560	6793
10.2600	7029
10.2640	7446
10.2680	7208
10.2720	6983
10.2760	7462
10.2800	7567
10.2840	6955
10.2880	6810
10.2920	6709
10.2960	6880
10.3000	7262
10.3040	7370
10.3080	7270
10.3120	7400
10.3160	7389
10.3200	6947
10.3240	6485
10.3280	6663
10.3320	6801
10.3360	6882
10.3400	7243
10.3440	7412
10.3480	7336
10.3520	7373
10.3560	6667
10.3600	7068
10.3640	6516
10.3680	7563
10.3720	7298
10.3760	7241
10.3800	7345
10.3840	7463
10.3880	6762
10.3920	6664
10.3960	6673
10.4000	7022
10.4040	7354
10.4080	7231
10.4120	7087
10.4160	7297
10.4200	7389
10.4240	6993
10.4280	6958
10.4320	6604
10.4360	7238
10.4400	7523
10.4440	7419
10.4480	7225
10.4520	7438
10.4560	7292
10.4600	7281
10.4640	6842
10.4680	6825
10.4720	7482
10.4760	7397
10.4800	7286
10.4840	7473
10.4880	7221
10.4920	7090
10.4960	7140
10.5000	6552
10.5040	6712
10.5080	7027
10.5120	7370
10.5160	7149
10.5200	7216
10.5240	7305
10.5280	7263
10.5320	7251
10.5360	6583
10.5400	6567
10.5440	6733
10.5480	7438
10.5520	7191
10.5560	7452
10.5600	7365
10.5640	7266
10.5680	6856
10.5720	6683
10.5760	6903
10.5800	6970
10.5840	6976
10.5880	7364
10.5920	7505
10.5960	7473
10.6000	7373
10.6040	7288
10.6080	6926
10.6120	6814
10.6160	7335
10.6200	7493
10.6240	6755
10.6280	7498
10.6320	7235
10.6360	7400
10.6400	7076
10.6440	6698
10.6480	6702
10.6520	6839
10.6560	7560
10.6600	6924
10.6640	7028
10.6680	7101
10.6720	6914
10.6760	6609
10.6800	7188
10.6840	6722
10.6880	6918
10.6920	6792
10.6960	7162
10.7000	7342
10.7040	7504
10.7080	7221
10.7120	6812
10.7160	6882
10.7200	6888
10.7240	7312
10.7280	7090
10.7320	6615
10.7360	7167
10.7400	7265
10.7440	7443
10.7480	6537
10.7520	6651
10.7560	7064
10.7600	7180
10.7640	6828
10.7680	6726
10.7720	7096
10.7760	7280
10.7800	7366
10.7840	6791
10.7880	6805
10.7920	6921
10.7960	7283
10.8000	7221
10.8040	7148
10.8080	7279
10.8120	6943
10.8160	7222
10.8200	6712
10.8240	6657
10.8280	7450
10.8320	7019
10.8360	6819
10.8400	7304
10.8440	7329
10.8480	7197
10.8520	7211
10.8560	6607
10.8600	6851
10.8640	7239
10.8680	7165
10.8720	6476
10.8760	7556
10.8800	6956
10.8840	7388
10.8880	6880
10.8920	7274
10.8960	7222
10.9000	7273
10.9040	7338
10.9080	7172
10.9120	7376
10.9160	6962
10.9200	7305
10.9240	6817
10.9280	6780
10.9320	7450
10.9360	6720
10.9400	6723
10.9440	7673
10.9480	7453
10.9520	7407
10.9560	7306
10.9600	7072
10.9640	6817
10.9680	7295
10.9720	7112
10.9760	6848
10.9800	7102
10.9840	7065
10.9880	7490
10.9920	6711
10.9960	7018
11.0000	7328
11.0040	6667
11.0080	6596
11.0120	6685
11.0160	6942
11.0200	7297
11.0240	7219
11.0280	7029
11.0320	6552
11.0360	7052
11.0400	6947
11.0440	6779
11.0480	6712
11.0520	7156
11.0560	7477
11.0600	7263
11.0640	7360
11.0680	6620
11.0720	6833
11.0760	7016
11.0800	6719
11.0840	6572
11.0880	7250
11.0920	7398
11.0960	7214
11.1000	6838
11.1040	7179
11.1080	7292
11.1120	6881
11.1160	6694
11.1200	6772
11.1240	7180
11.1280	7500
11.1320	7388
11.1360	7115
11.1400	7304
11.1440	7403
11.1480	7519
11.1520	6677
11.1560	6724
11.1600	7142
11.1640	7382
11.1680	7259
11.1720	7478
11.1760	7178
11.1800	7533
11.1840	7484
11.1880	6557
11.1920	6664
11.1960	6989
11.2000	7406
11.2040	7235
11.2080	7099
11.2120	7347
11.2160	6625
11.2200	7064
11.2240	6978
11.2280	6609
11.2320	6869
11.2360	7383
11.2400	7260
11.2440	7121
11.2480	7072
11.2520	7521
11.2560	7167
11.2600	7045
11.2640	6631
11.2680	7385
11.2720	7319
11.2760	6985
11.2800	6579
11.2840	7152
11.2880	7114
11.2920	7288
11.2960	7057
11.3000	7144
11.3040	7440
11.3080	7422
11.3120	7169
11.3160	6526
11.3200	7090
11.3240	7330
11.3280	7326
11.3320	6694
11.3360	6745
11.3400	7429
11.3440	7487
11.3480	6704
11.3520	6754
11.3560	7453
11.3600	7350
11.3640	7461
11.3680	6714
11.3720	6823
11.3760	7265
11.3800	7420
11.3840	6657
11.3880	6488
11.3920	7384
11.3960	7168
11.4000	7311
11.4040	6604
11.4080	7122
11.4120	7368
11.4160	7182
11.4200	6604
11.4240	6979
11.4280	7232
11.4320	7369
11.4360	6984
11.4400	6883
11.4440	7003
11.4480	7391
11.4520	6819
11.4560	7057
11.4600	7055
11.4640	7413
11.4680	7343
11.4720	6992
11.4760	6949
11.4800	7568
11.4840	7539
11.4880	6808
11.4920	6749
11.4960	7577
11.5000	7492
11.5040	7248
11.5080	7200
11.5120	7542
11.5160	7595
11.5200	7494
11.5240	7090
11.5280	6716
11.5320	7219
11.5360	7302
11.5400	7286
11.5440	7366
11.5480	7487
11.5520	7272
11.5560	6892
11.5600	6852
11.5640	7430
11.5680	7404
11.5720	7496
11.5760	7358
11.5800	7330
11.5840	7349
11.5880	7506
11.5920	7128
11.5960	7066
11.6000	7404
11.6040	7207
11.6080	7229
11.6120	7525
11.6160	7354
11.6200	7236
11.6240	7334
11.6280	7472
11.6320	7252
11.6360	7300
11.6400	6835
11.6440	6991
11.6480	7378
11.6520	7226
11.6560	7584
11.6600	7302
11.6640	7340
11.6680	7422
11.6720	7324
11.6760	7204
11.6800	7457
11.6840	7433
11.6880	7238
11.6920	7436
11.6960	7566
11.7000	7153
11.7040	7538
11.7080	7068
11.7120	6900
11.7160	7434
11.7200	7137
11.7240	7364
11.7280	7403
11.7320	7350
11.7360	7007
11.7400	6952
11.7440	7396
11.7480	6893
11.7520	7430
11.7560	6915
11.7600	7096
11.7640	7474
11.7680	7294
11.7720	6467
11.7760	6664
11.7800	7339
11.7840	7011
11.7880	7285
11.7920	7218
11.7960	7347
11.8000	7453
11.8040	6530
11.8080	6662
11.8120	6901
11.8160	7327
11.8200	6648
11.8240	7124
11.8280	7198
11.8320	7087
11.8360	7575
11.8400	7173
11.8440	6700
11.8480	7312
11.8520	6916
11.8560	7218
11.8600	7280
11.8640	7591
11.8680	7477
11.8720	7341
11.8760	7396
11.8800	6982
11.8840	6712
11.8880	6983
11.8920	6830
11.8960	7051
11.9000	6947
11.9040	7211
11.9080	7065
11.9120	7092
11.9160	6679
11.9200	7253
11.9240	7260
11.9280	7128
11.9320	7298
11.9360	7477
11.9400	7390
11.9440	6853
11.9480	7033
11.9520	6576
11.9560	7345
11.9600	6579
11.9640	6705
11.9680	7236
11.9720	7439
11.9760	7147
11.9800	7112
11.9840	7225
11.9880	6686
11.9920	6872
11.9960	6847
12.0000	6576
12.0040	7097
12.0080	7038
12.0120	6920
12.0160	7386
12.0200	7144
12.0240	6721
12.0280	6803
12.0320	6999
12.0360	6645
12.0400	7257
12.0440	7227
12.0480	6868
12.0520	7235
12.0560	6655
12.0600	6861
12.0640	7337
12.0680	7306
12.0720	7335
12.0760	6777
12.0800	6740
12.0840	6727
12.0880	7436
12.0920	6600
12.0960	7070
12.1000	6967
12.1040	7288
12.1080	7231
12.1120	7114
12.1160	6472
12.1200	7239
12.1240	7041
12.1280	6606
12.1320	6665
12.1360	6448
12.1400	7267
12.1440	7464
12.1480	7224
12.1520	7179
12.1560	6776
12.1600	7486
12.1640	6633
12.1680	6643
12.1720	6601
12.1760	6631
12.1800	7290
12.1840	7532
12.1880	7525
12.1920	7554
12.1960	7427
12.2000	7058
12.2040	6696
12.2080	6768
12.2120	6831
12.2160	6624
12.2200	7316
12.2240	7252
12.2280	7251
12.2320	7313
12.2360	7067
12.2400	6880
12.2440	6764
12.2480	6943
12.2520	6578
12.2560	7261
12.2600	7356
12.2640	7184
12.2680	7484
12.2720	6995
12.2760	6741
12.2800	6588
12.2840	6575
12.2880	6847
12.2920	7286
12.2960	7198
12.3000	7335
12.3040	7398
12.3080	7302
12.3120	7027
12.3160	7176
12.3200	7226
12.3240	7423
12.3280	7277
12.3320	7515
12.3360	7156
12.3400	7423
12.3440	7011
12.3480	7207
12.3520	7256
12.3560	7040
12.3600	7359
12.3640	7425
12.3680	7543
12.3720	7368
12.3760	7464
12.3800	7419
12.3840	7498
12.3880	7623
12.3920	7115
12.3960	6626
12.4000	7622
12.4040	7050
12.4080	7327
12.4120	6938
12.4160	7358
12.4200	7549
12.4240	7433
12.4280	7008
12.4320	6852
12.4360	7456
12.4400	7125
12.4440	7290
12.4480	6573
12.4520	7040
12.4560	7367
12.4600	7032
12.4640	6629
12.4680	7179
12.4720	7306
12.4760	7319
12.4800	7207
12.4840	6566
12.4880	6807
12.4920	7260
12.4960	7505
12.5000	6572
12.5040	6723
12.5080	7211
12.5120	7432
12.5160	6698
12.5200	6626
12.5240	6901
12.5280	7054
12.5320	7121
12.5360	7084
12.5400	7037
12.5440	7390
12.5480	7476
12.5520	6868
12.5560	6780
12.5600	7022
12.5640	7099
12.5680	6649
12.5720	6657
12.5760	7539
12.5800	7633
12.5840	7213
12.5880	6929
12.5920	6885
12.5960	7190
12.6000	7341
12.6040	6598
12.6080	6692
12.6120	7189
12.6160	7002
12.6200	7327
12.6240	6624
12.6280	6622
12.6320	7187
12.6360	7282
12.6400	6640
12.6440	6648
12.6480	7217
12.6520	7195
12.6560	7222
12.6600	6780
12.6640	6701
12.6680	7429
12.6720	7395
12.6760	7200
12.6800	6662
12.6840	6881
12.6880	7362
12.6920	7241
12.6960	6888
12.7000	6950
12.7040	7582
12.7080	7240
12.7120	6741
12.7160	6771
12.7200	7228
12.7240	7481
12.7280	7093
12.7320	7629
12.7360	6927
12.7400	7196
12.7440	7588
12.7480	7049
12.7520	6752
12.7560	7421
12.7600	7367
12.7640	7458
12.7680	7410
12.7720	7320
12.7760	7297
12.7800	7389
12.7840	7263
12.7880	6778
12.7920	7174
12.7960	7072
12.8000	7267
12.8040	6781
12.8080	7041
12.8120	7110
12.8160	6675
12.8200	6694
12.8240	7212
12.8280	7265
12.8320	7334
12.8360	7185
12.8400	6674
12.8440	6521
12.8480	7248
12.8520	7131
12.8560	6725
12.8600	7152
12.8640	7230
12.8680	7373
12.8720	6607
12.8760	6650
12.8800	6737
12.8840	6721
12.8880	7207
12.8920	7177
12.8960	6766
12.9000	7516
12.9040	7399
12.9080	7025
12.9120	6692
12.9160	6801
12.9200	6612
12.9240	6906
12.9280	6745
12.9320	7125
12.9360	7411
12.9400	7380
12.9440	7602
12.9480	7458
12.9520	7038
12.9560	6633
12.9600	7331
12.9640	6950
12.9680	7127
12.9720	7346
12.9760	7198
12.9800	7457
12.9840	7425
12.9880	7195
12.9920	6671
12.9960	7205
13.0000	7194
13.0040	6949
13.0080	7404
13.0120	7529
13.0160	7512
13.0200	6787
13.0240	7030
13.0280	6692
13.0320	7260
13.0360	7381
13.0400	6481
13.0440	7322
13.0480	7346
13.0520	7591
13.0560	6780
13.0600	6732
13.0640	7196
13.0680	6624
13.0720	6539
13.0760	6638
13.0800	6710
13.0840	7234
13.0880	7847
13.0920	7339
13.0960	7219
13.1000	7433
13.1040	6660
13.1080	7165
13.1120	7221
13.1160	6662
13.1200	6622
13.1240	7615
13.1280	7378
13.1320	7631
13.1360	7384
13.1400	7355
13.1440	7294
13.1480	7368
13.1520	6754
13.1560	6636
13.1600	6836
13.1640	7414
13.1680	7375
13.1720	6588
13.1760	6817
13.1800	7241
13.1840	7499
13.1880	7124
13.1920	6843
13.1960	6909
13.2000	7478
13.2040	7461
13.2080	6667
13.2120	6479
13.2160	7112
13.2200	7046
13.2240	7490
13.2280	7409
13.2320	7147
13.2360	7054
13.2400	7032
13.2440	6549
13.2480	6812
13.2520	6895
13.2560	7287
13.2600	7456
13.2640	7461
13.2680	7570
13.2720	7504
13.2760	7036
13.2800	6693
13.2840	6883
13.2880	6528
13.2920	7501
13.2960	7384
13.3000	6849
13.3040	7446
13.3080	7021
13.3120	6992
13.3160	6701
13.3200	6517
13.3240	6666
13.3280	6605
13.3320	6950
13.3360	7073
13.3400	7452
13.3440	6598
13.3480	7258
13.3520	6583
13.3560	6894
13.3600	7424
13.3640	7357
13.3680	6516
13.3720	6794
13.3760	7229
13.3800	6956
13.3840	7267
13.3880	6792
13.3920	6700
13.3960	6917
13.4000	7383
13.4040	6806
13.4080	6804
13.4120	7221
13.4160	6722
13.4200	7346
13.4240	6613
13.4280	6662
13.4320	7484
13.4360	7474
13.4400	7428
13.4440	7471
13.4480	7519
13.4520	7433
13.4560	7240
13.4600	6782
13.4640	6748
13.4680	7408
13.4720	7499
13.4760	7217
13.4800	6943
13.4840	7537
13.4880	7364
13.4920	6699
13.4960	6431
13.5000	7281
13.5040	7434
13.5080	7293
13.5120	7183
13.5160	7341
13.5200	7317
13.5240	7260
13.5280	7038
13.5320	6630
13.5360	6982
13.5400	7402
13.5440	7105
13.5480	6492
13.5520	7389
13.5560	6782
13.5600	7414
13.5640	6513
13.5680	6612
13.5720	6517
13.5760	6606
13.5800	6932
13.5840	7110
13.5880	7426
13.5920	7077
13.5960	7454
13.6000	6593
13.6040	6452
13.6080	6874
13.6120	6777
13.6160	6666
13.6200	7057
13.6240	7423
13.6280	7484
13.6320	7436
13.6360	7068
13.6400	6756
13.6440	6584
13.6480	6717
13.6520	6601
13.6560	6880
13.6600	7304
13.6640	7236
13.6680	6928
13.6720	7223
13.6760	7470
13.6800	6868
13.6840	6558
13.6880	6499
13.6920	6670
13.6960	6680
13.7000	7094
13.7040	6943
13.7080	7505
13.7120	7175
13.7160	7349
13.7200	6652
13.7240	6823
13.7280	6753
13.7320	7017
13.7360	7172
13.7400	7273
13.7440	6850
13.7480	7210
13.7520	7294
13.7560	7091
13.7600	6508
13.7640	6993
13.7680	7403
13.7720	6998
13.7760	6819
13.7800	7120
13.7840	7477
13.7880	7248
13.7920	7264
13.7960	7361
13.8000	7120
13.8040	7410
13.8080	7208
13.8120	6813
13.8160	6740
13.8200	7467
13.8240	7582
13.8280	7297
13.8320	6980
13.8360	7347
13.8400	7459
13.8440	6855
13.8480	6776
13.8520	7514
13.8560	7346
13.8600	7330
13.8640	7181
13.8680	6919
13.8720	6970
13.8760	7298
13.8800	7470
13.8840	6742
13.8880	7460
13.8920	6951
13.8960	7274
13.9000	6593
13.9040	7029
13.9080	7001
13.9120	7418
13.9160	6939
13.9200	7154
13.9240	7188
13.9280	7332
13.9320	7042
13.9360	7057
13.9400	6505
13.9440	7257
13.9480	6894
13.9520	6601
13.9560	6800
13.9600	7439
13.9640	7021
13.9680	7345
13.9720	6987
13.9760	7143
13.9800	7388
13.9840	7533
13.9880	7217
13.9920	6857
13.9960	6887
14.0000	6997
14.0040	7271
14.0080	6856
14.0120	6874
14.0160	7141
14.0200	7420
14.0240	6612
14.0280	6850
14.0320	7202
14.0360	7322
14.0400	7059
14.0440	6854
14.0480	7161
14.0520	7182
14.0560	7507
14.0600	6686
14.0640	6644
14.0680	7501
14.0720	7396
14.0760	7144
14.0800	6742
14.0840	7402
14.0880	7184
14.0920	7288
14.0960	6546
14.1000	6825
14.1040	7442
14.1080	7403
14.1120	6567
14.1160	6833
14.1200	7543
14.1240	7391
14.1280	7338
14.1320	6761
14.1360	6792
14.1400	7398
14.1440	7348
14.1480	6664
14.1520	6730
14.1560	7352
14.1600	7277
14.1640	7405
14.1680	7381
14.1720	7361
14.1760	7098
14.1800	6873
14.1840	6714
14.1880	6654
14.1920	7407
14.1960	6881
14.2000	7396
14.2040	7183
14.2080	7324
14.2120	7204
14.2160	6637
14.2200	6546
14.2240	7097
14.2280	6873
14.2320	7324
14.2360	7092
14.2400	7495
14.2440	7214
14.2480	7451
14.2520	6893
14.2560	6781
14.2600	6880
14.2640	7248
14.2680	7089
14.2720	7101
14.2760	7272
14.2800	7495
14.2840	7287
14.2880	7466
14.2920	6990
14.2960	6564
14.3000	6751
14.3040	7122
14.3080	6935
14.3120	7168
14.3160	7349
14.3200	7151
14.3240	7451
14.3280	6778
14.3320	6541
14.3360	6819
14.3400	7012
14.3440	7075
14.3480	7537
14.3520	7293
14.3560	7561
14.3600	7255
14.3640	7047
14.3680	6676
14.3720	6925
14.3760	7394
14.3800	6966
14.3840	6951
14.3880	7472
14.3920	7218
14.3960	6698
14.4000	7078
14.4040	7373
14.4080	6925
14.4120	6601
14.4160	6726
14.4200	6798
14.4240	6895
14.4280	7461
14.4320	7290
14.4360	6751
14.4400	7101
14.4440	7557
14.4480	6452
14.4520	6598
14.4560	7204
14.4600	7359
14.4640	6774
14.4680	6920
14.4720	7395
14.4760	7424
14.4800	7223
14.4840	6944
14.4880	6794
14.4920	6709
14.4960	7487
14.5000	7360
14.5040	6646
14.5080	7518
14.5120	7372
14.5160	6842
14.5200	6867
14.5240	6822
14.5280	7419
14.5320	7503
14.5360	7454
14.5400	6854
14.5440	6749
14.5480	7342
14.5520	7326
14.5560	6707
14.5600	6574
14.5640	7237
14.5680	7383
14.5720	6534
14.5760	6639
14.5800	7043
14.5840	7344
14.5880	7179
14.5920	6701
14.5960	6582
14.6000	7342
14.6040	7383
14.6080	6683
14.6120	6461
14.6160	7432
14.6200	6979
14.6240	6919
14.6280	6492
14.6320	6851
14.6360	7375
14.6400	7525
14.6440	6799
14.6480	6681
14.6520	7447
14.6560	7497
14.6600	6684
14.6640	6700
14.6680	7046
14.6720	7327
14.6760	7410
14.6800	6824
14.6840	6951
14.6880	7409
14.6920	7410
14.6960	6642
14.7000	6792
14.7040	7096
14.7080	7189
14.7120	7523
14.7160	6910
14.7200	6893
14.7240	7376
14.7280	7509
14.7320	6698
14.7360	6786
14.7400	6749
14.7440	7226
14.7480	6694
14.7520	6660
14.7560	7207
14.7600	7322
14.7640	6998
14.7680	6574
14.7720	6646
14.7760	6685
14.7800	7505
14.7840	7157
14.7880	6665
14.7920	6568
14.7960	7412
14.8000	7440
14.8040	6623
14.8080	6615
14.8120	6656
14.8160	6887
14.8200	7166
14.8240	7112
14.8280	6791
14.8320	7155
14.8360	7321
14.8400	6737
14.8440	6728
14.8480	7100
14.8520	7562
14.8560	6769
14.8600	6884
14.8640	7196
14.8680	6933
14.8720	6980
14.8760	7098
14.8800	6737
14.8840	7121
14.8880	7533
14.8920	6838
14.8960	6548
14.9000	7076
14.9040	7475
14.9080	6689
14.9120	6515
14.9160	7141
14.9200	7282
14.9240	7229
14.9280	6946
14.9320	6680
14.9360	6753
14.9400	7242
14.9440	7146
14.9480	6548
14.9520	7344
14.9560	7150
14.9600	7252
14.9640	6533
14.9680	6906
14.9720	7256
14.9760	7284
14.9800	6566
14.9840	6744
14.9880	6963
14.9920	7187
14.9960	7164
15.0000	6994
15.0040	7053
15.0080	7464
15.0120	7286
15.0160	6632
15.0200	6722
15.0240	7122
15.0280	7442
15.0320	7192
15.0360	6954
15.0400	7476
15.0440	7290
15.0480	6735
15.0520	6894
15.0560	6763
15.0600	7415
15.0640	7468
15.0680	7233
15.0720	6749
15.0760	6801
15.0800	7363
15.0840	7033
15.0880	6709
15.0920	6752
15.0960	7444
15.1000	7113
15.1040	6574
15.1080	7214
15.1120	7301
15.1160	6944
15.1200	6550
15.1240	6722
15.1280	6788
15.1320	7479
15.1360	7193
15.1400	6574
15.1440	6734
15.1480	7237
15.1520	7254
15.1560	6719
15.1600	6506
15.1640	7131
15.1680	6824
15.1720	6614
15.1760	6769
15.1800	7462
15.1840	7108
15.1880	7333
15.1920	6741
15.1960	6832
15.2000	7294
15.2040	7459
15.2080	6609
15.2120	6744
15.2160	7427
15.2200	7208
15.2240	7155
15.2280	6779
15.2320	6760
15.2360	6945
15.2400	7199
15.2440	7434
15.2480	6937
15.2520	7454
15.2560	7377
15.2600	7089
15.2640	6688
15.2680	6946
15.2720	7369
15.2760	7182
15.2800	6779
15.2840	6715
15.2880	7177
15.2920	7354
15.2960	7231
15.3000	6766
15.3040	6852
15.3080	7188
15.3120	7089
15.3160	6766
15.3200	6735
15.3240	7216
15.3280	7240
15.3320	7318
15.3360	6695
15.3400	6600
15.3440	7387
15.3480	7173
15.3520	6645
15.3560	6572
15.3600	7299
15.3640	7577
15.3680	7349
15.3720	7225
15.3760	6814
15.3800	7289
15.3840	7534
15.3880	6896
15.3920	6681
15.3960	7571
15.4000	7410
15.4040	7488
15.4080	7263
15.4120	6996
15.4160	7050
15.4200	7290
15.4240	7011
15.4280	6806
15.4320	7383
15.4360	7226
15.4400	7038
15.4440	6719
15.4480	6581
15.4520	7373
15.4560	7210
15.4600	6979
15.4640	6892
15.4680	7002
15.4720	7320
15.4760	7255
15.4800	6588
15.4840	6937
15.4880	7432
15.4920	7530
15.4960	6619
15.5000	7202
15.5040	7308
15.5080	7009
15.5120	6626
15.5160	7065
15.5200	7195
15.5240	7201
15.5280	7196
15.5320	6863
15.5360	7001
15.5400	7358
15.5440	7501
15.5480	6594
15.5520	6837
15.5560	7457
15.5600	7197
15.5640	6810
15.5680	7049
15.5720	7342
15.5760	7606
15.5800	7232
15.5840	6617
15.5880	6682
15.5920	6986
15.5960	7534
15.6000	6919
15.6040	6756
15.6080	7416
15.6120	7439
15.6160	7123
15.6200	7255
15.6240	7010
15.6280	6549
15.6320	6500
15.6360	6610
15.6400	7033
15.6440	7156
15.6480	7482
15.6520	7286
15.6560	6922
15.6600	6868
15.6640	6881
15.6680	6610
15.6720	7049
15.6760	7233
15.6800	7126
15.6840	7237
15.6880	6872
15.6920	7164
15.6960	7444
15.7000	7113
15.7040	6649
15.7080	7010
15.7120	7362
15.7160	7245
15.7200	7362
15.7240	7239
15.7280	7307
15.7320	7453
15.7360	7468
15.7400	6729
15.7440	6718
15.7480	7439
15.7520	7433
15.7560	7237
15.7600	7459
15.7640	7306
15.7680	7448
15.7720	6779
15.7760	6755
15.7800	6738
15.7840	7525
15.7880	6910
15.7920	7445
15.7960	7095
15.8000	7400
15.8040	7206
15.8080	6647
15.8120	6566
15.8160	6860
15.8200	7325
15.8240	7274
15.8280	7352
15.8320	7076
15.8360	7372
15.8400	7284
15.8440	7441
15.8480	6497
15.8520	6622
15.8560	7133
15.8600	7496
15.8640	7322
15.8680	7623
15.8720	7270
15.8760	6921
15.8800	6660
15.8840	6811
15.8880	6539
15.8920	7125
15.8960	7312
15.9000	7339
15.9040	7144
15.9080	7478
15.9120	7484
15.9160	6557
15.9200	6730
15.9240	6834
15.9280	7486
15.9320	7392
15.9360	7509
15.9400	7215
15.9440	7359
15.9480	7539
15.9520	7124
15.9560	7033
15.9600	6741
15.9640	7379
15.9680	7046
15.9720	7156
15.9760	6800
15.9800	7284
15.9840	7415
15.9880	6823
15.9920	6469
15.9960	6660
16.0000	7186
16.0040	7259
16.0080	7314
16.0120	6846
16.0160	7435
16.0200	6907
16.0240	6992
16.0280	6778
16.0320	6738
16.0360	7099
16.0400	7423
16.0440	6829
16.0480	7206
16.0520	7398
16.0560	7307
16.0600	6924
16.0640	6542
16.0680	6633
16.0720	7374
16.0760	7051
16.0800	6866
16.0840	6917
16.0880	7188
16.0920	7488
16.0960	6662
16.1000	6741
16.1040	7371
16.1080	7258
16.1120	7413
16.1160	7347
16.1200	7237
16.1240	7518
16.1280	7408
16.1320	6696
16.1360	6804
16.1400	7392
16.1440	6861
16.1480	7295
16.1520	7045
16.1560	7379
16.1600	7335
16.1640	6741
16.1680	6698
16.1720	6921
16.1760	7457
16.1800	7127
16.1840	7326
16.1880	6882
16.1920	7178
16.1960	7309
16.2000	7104
16.2040	6694
16.2080	6961
16.2120	7379
16.2160	7314
16.2200	7246
16.2240	7180
16.2280	7314
16.2320	7298
16.2360	7386
16.2400	6918
16.2440	6832
16.2480	7306
16.2520	7407
16.2560	7454
16.2600	7401
16.2640	6953
16.2680	7525
16.2720	6946
16.2760	7242
16.2800	7308
16.2840	7326
16.2880	7241
16.2920	7336
16.2960	7256
16.3000	7528
16.3040	7419
16.3080	6823
16.3120	7039
16.3160	7425
16.3200	7362
16.3240	7209
16.3280	7127
16.3320	7431
16.3360	7014
16.3400	7242
16.3440	6588
16.3480	7223
16.3520	7299
16.3560	6935
16.3600	7332
16.3640	7518
16.3680	7450
16.3720	7397
16.3760	7343
16.3800	6782
16.3840	6763
16.3880	7394
16.3920	7571
16.3960	6926
16.4000	7512
16.4040	6948
16.4080	7252
16.4120	7188
16.4160	7297
16.4200	6962
16.4240	6839
16.4280	7398
16.4320	7402
16.4360	7308
16.4400	7320
16.4440	7064
16.4480	7406
16.4520	7020
16.4560	7446
16.4600	7469
16.4640	6775
16.4680	7110
16.4720	7431
16.4760	7311
16.4800	7313
16.4840	7518
16.4880	7498
16.4920	7328
16.4960	7549
16.5000	7238
16.5040	6728
16.5080	7321
16.5120	6671
16.5160	6853
16.5200	7316
16.5240	7164
16.5280	7351
16.5320	7335
16.5360	6981
16.5400	6802
16.5440	7137
16.5480	7029
16.5520	6748
16.5560	7236
16.5600	6612
16.5640	7455
16.5680	7110
16.5720	7455
16.5760	6775
16.5800	7187
16.5840	7100
16.5880	7059
16.5920	7275
16.5960	7036
16.6000	7465
16.6040	7445
16.6080	7041
16.6120	6887
16.6160	7461
16.6200	7205
16.6240	6884
16.6280	7435
16.6320	7024
16.6360	7406
16.6400	7100
16.6440	7132
16.6480	6663
16.6520	7606
16.6560	6833
16.6600	7372
16.6640	7099
16.6680	7551
16.6720	7357
16.6760	7328
16.6800	6838
16.6840	6787
16.6880	7571
16.6920	6984
16.6960	7357
16.7000	6451
16.7040	7214
16.7080	6641
16.7120	7326
16.7160	6469
16.7200	6940
16.7240	7245
16.7280	7187
16.7320	7330
16.7360	6735
16.7400	7219
16.7440	7011
16.7480	7275
16.7520	7017
16.7560	6724
16.7600	7439
16.7640	6992
16.7680	7396
16.7720	6956
16.7760	7270
16.7800	7377
16.7840	7237
16.7880	6802
16.7920	7249
16.7960	7335
16.8000	7319
16.8040	7502
16.8080	7417
16.8120	7616
16.8160	7025
16.8200	7079
16.8240	7320
16.8280	7541
16.8320	7258
16.8360	7242
16.8400	7384
16.8440	7263
16.8480	7342
16.8520	7405
16.8560	6923
16.8600	7350
16.8640	7123
16.8680	7335
16.8720	7437
16.8760	7170
16.8800	7199
16.8840	7311
16.8880	7409
16.8920	7086
16.8960	6727
16.9000	7339
16.9040	6990
16.9080	7406
16.9120	7230
16.9160	7275
16.9200	7453
16.9240	7378
16.9280	7204
16.9320	7256
16.9360	6903
16.9400	7316
16.9440	7074
16.9480	7423
16.9520	7535
16.9560	7152
16.9600	7325
16.9640	6912
16.9680	7377
16.9720	7150
16.9760	7266
16.9800	7531
16.9840	7300
16.9880	7487
16.9920	7535
16.9960	7389
17.0000	7181
17.0040	7213
17.0080	7484
17.0120	7402
17.0160	7466
17.0200	7459
17.0240	7320
17.0280	7258
17.0320	7289
17.0360	7033
17.0400	7124
17.0440	7312
17.0480	7393
17.0520	7288
17.0560	7390
17.0600	7273
17.0640	7368
17.0680	6641
17.0720	6653
17.0760	7274
17.0800	7475
17.0840	7293
17.0880	7458
17.0920	7273
17.0960	7615
17.1000	7171
17.1040	7203
17.1080	6549
17.1120	7238
17.1160	7369
17.1200	7407
17.1240	6934
17.1280	7446
17.1320	7350
17.1360	7179
17.1400	7140
17.1440	6727
17.1480	6926
17.1520	7555
17.1560	7301
17.1600	7174
17.1640	7465
17.1680	7064
17.1720	7048
17.1760	7390
17.1800	6813
17.1840	7330
17.1880	7625
17.1920	7039
17.1960	6739
17.2000	7427
17.2040	6826
17.2080	7415
17.2120	6799
17.2160	7231
17.2200	7370
17.2240	7179
17.2280	7263
17.2320	6468
17.2360	7245
17.2400	6888
17.2440	7303
17.2480	6828
17.2520	7410
17.2560	6742
17.2600	7129
17.2640	6718
17.2680	7174
17.2720	7183
17.2760	7485
17.2800	7299
17.2840	6813
17.2880	7140
17.2920	7015
17.2960	6821
17.3000	7076
17.3040	6761
17.3080	7297
17.3120	7111
17.3160	6802
17.3200	6572
17.3240	7304
17.3280	6863
17.3320	6980
17.3360	7378
17.3400	7341
17.3440	7509
17.3480	7319
17.3520	7202
17.3560	6559
17.3600	7504
17.3640	7365
17.3680	7466
17.3720	7409
17.3760	7181
17.3800	7371
17.3840	7124
17.3880	7310
17.3920	6605
17.3960	7311
17.4000	7218
17.4040	7289
17.4080	7392
17.4120	7369
17.4160	7217
17.4200	7332
17.4240	7446
17.4280	7356
17.4320	7125
17.4360	7341
17.4400	7419
17.4440	7198
17.4480	7340
17.4520	6925
17.4560	7420
17.4600	6805
17.4640	7102
17.4680	7395
17.4720	7421
17.4760	6972
17.4800	7474
17.4840	7266
17.4880	7479
17.4920	7203
17.4960	7412
17.5000	6770
17.5040	7175
17.5080	7096
17.5120	7145
17.5160	7536
17.5200	7433
17.5240	7523
17.5280	7387
17.5320	7397
17.5360	7174
17.5400	7382
17.5440	6963
17.5480	6936
17.5520	7409
17.5560	7132
17.5600	7459
17.5640	7194
17.5680	7146
17.5720	7140
17.5760	7356
17.5800	7182
17.5840	7266
17.5880	6958
17.5920	7254
17.5960	6874
17.6000	7218
17.6040	6971
17.6080	6977
17.6120	7461
17.6160	7146
17.6200	7453
17.6240	7323
17.6280	7374
17.6320	6916
17.6360	7161
17.6400	6874
17.6440	7172
17.6480	7362
17.6520	7438
17.6560	6857
17.6600	7330
17.6640	7092
17.6680	7302
17.6720	7340
17.6760	7141
17.6800	7036
17.6840	7322
17.6880	7387
17.6920	7442
17.6960	7397
17.7000	6798
17.7040	6935
17.7080	6884
17.7120	7096
17.7160	7086
17.7200	7480
17.7240	7004
17.7280	7556
17.7320	7327
17.7360	7245
17.7400	7021
17.7440	7402
17.7480	7009
17.7520	7212
17.7560	7282
17.7600	7052
17.7640	7062
17.7680	7383
17.7720	7209
17.7760	7317
17.7800	7211
17.7840	6782
17.7880	7127
17.7920	7207
17.7960	7109
17.8000	7544
17.8040	7330
17.8080	7361
17.8120	7180
17.8160	7385
17.8200	7250
17.8240	6895
17.8280	7333
17.8320	6870
17.8360	7365
17.8400	7236
17.8440	7334
17.8480	7245
17.8520	7192
17.8560	6923
17.8600	6933
17.8640	7490
17.8680	7182
17.8720	7403
17.8760	7413
17.8800	7302
17.8840	7308
17.8880	7353
17.8920	7278
17.8960	6725
17.9000	7363
17.9040	7151
17.9080	7440
17.9120	7093
17.9160	7299
17.9200	7382
17.9240	7304
17.9280	7303
17.9320	7148
17.9360	7247
17.9400	7377
17.9440	7194
17.9480	6683
17.9520	7148
17.9560	7078
17.9600	6962
17.9640	7239
17.9680	7127
17.9720	7316
17.9760	7399
17.9800	6789
17.9840	6791
17.9880	7555
17.9920	6841
17.9960	7055
18.0000	7119
18.0040	6621
18.0080	6977
18.0120	7434
18.0160	7321
18.0200	7007
18.0240	7333
18.0280	7093
18.0320	7586
18.0360	7021
18.0400	6750
18.0440	7324
18.0480	7660
18.0520	7380
18.0560	6860
18.0600	7344
18.0640	7016
18.0680	7404
18.0720	7055
18.0760	6686
18.0800	7451
18.0840	7295
18.0880	7078
18.0920	6449
18.0960	7319
18.1000	6796
18.1040	7065
18.1080	6944
18.1120	6701
18.1160	7244
18.1200	6976
18.1240	7057
18.1280	6697
18.1320	7073
18.1360	6947
18.1400	6781
18.1440	7155
18.1480	6925
18.1520	7504
18.1560	7377
18.1600	6874
18.1640	6609
18.1680	7488
18.1720	6812
18.1760	7132
18.1800	7181
18.1840	7153
18.1880	7262
18.1920	7355
18.1960	6665
18.2000	6566
18.2040	7144
18.2080	6602
18.2120	7020
18.2160	7484
18.2200	7191
18.2240	7193
18.2280	7490
18.2320	6744
18.2360	6721
18.2400	7131
18.2440	6952
18.2480	7400
18.2520	7137
18.2560	7473
18.2600	7394
18.2640	6982
18.2680	6661
18.2720	7056
18.2760	7400
18.2800	6862
18.2840	7035
18.2880	7111
18.2920	7200
18.2960	7087
18.3000	7350
18.3040	6518
18.3080	7146
18.3120	7474
18.3160	7059
18.3200	7420
18.3240	7014
18.3280	7176
18.3320	7504
18.3360	7269
18.3400	7110
18.3440	6564
18.3480	7146
18.3520	7297
18.3560	7410
18.3600	7326
18.3640	6846
18.3680	7419
18.3720	6841
18.3760	6815
18.3800	6929
18.3840	6846
18.3880	7287
18.3920	7426
18.3960	7418
18.4000	7306
18.4040	7417
18.4080	6967
18.4120	7042
18.4160	7427
18.4200	7443
18.4240	7023
18.4280	7190
18.4320	7455
18.4360	7373
18.4400	7216
18.4440	7181
18.4480	7200
18.4520	6768
18.4560	7053
18.4600	6852
18.4640	7060
18.4680	7239
18.4720	7117
18.4760	7295
18.4800	6994
18.4840	7096
18.4880	7293
18.4920	7033
18.4960	6825
18.5000	7030
18.5040	7502
18.5080	7172
18.5120	7513
18.5160	7167
18.5200	7217
18.5240	7151
18.5280	7235
18.5320	6978
18.5360	6990
18.5400	7327
18.5440	7397
18.5480	7133
18.5520	6914
18.5560	7411
18.5600	7475
18.5640	7234
18.5680	7040
18.5720	7276
18.5760	7482
18.5800	7307
18.5840	7326
18.5880	6929
18.5920	7356
18.5960	7350
18.6000	7469
18.6040	6872
18.6080	7346
18.6120	7190
18.6160	7471
18.6200	7000
18.6240	6631
18.6280	7076
18.6320	7353
18.6360	7374
18.6400	6963
18.6440	6875
18.6480	6950
18.6520	6972
18.6560	7175
18.6600	6865
18.6640	7190
18.6680	7195
18.6720	6779
18.6760	6885
18.6800	7173
18.6840	7195
18.6880	6927
18.6920	7267
18.6960	6574
18.7000	7314
18.7040	7372
18.7080	6801
18.7120	6768
18.7160	7320
18.7200	7073
18.7240	7440
18.7280	7225
18.7320	7292
18.7360	7269
18.7400	7178
18.7440	6918
18.7480	6863
18.7520	6929
18.7560	6928
18.7600	7635
18.7640	6889
18.7680	7481
18.7720	7108
18.7760	7439
18.7800	6868
18.7840	6605
18.7880	7112
18.7920	7413
18.7960	7488
18.8000	6676
18.8040	7259
18.8080	6619
18.8120	7120
18.8160	6428
18.8200	6716
18.8240	7366
18.8280	7413
18.8320	7366
18.8360	7219
18.8400	7557
18.8440	7245
18.8480	7316
18.8520	6768
18.8560	6672
18.8600	7148
18.8640	7285
18.8680	6921
18.8720	7140
18.8760	7052
18.8800	7079
18.8840	7280
18.8880	6937
18.8920	7060
18.8960	7386
18.9000	7261
18.9040	7341
18.9080	7262
18.9120	7379
18.9160	7267
18.9200	7417
18.9240	7507
18.9280	7453
18.9320	7421
18.9360	7329
18.9400	7269
18.9440	7312
18.9480	7507
18.9520	7462
18.9560	7322
18.9600	7326
18.9640	7124
18.9680	7369
18.9720	7379
18.9760	7211
18.9800	7412
18.9840	7294
18.9880	6994
18.9920	7214
18.9960	7315
19.0000	7167
19.0040	7300
19.0080	7184
19.0120	6770
19.0160	7128
19.0200	7381
19.0240	6978
19.0280	7037
19.0320	7267
19.0360	7033
19.0400	7260
19.0440	7408
19.0480	7165
19.0520	6967
19.0560	7257
19.0600	7128
19.0640	7233
19.0680	7202
19.0720	7431
19.0760	7088
19.0800	7457
19.0840	7493
19.0880	7288
19.0920	7397
19.0960	7497
19.1000	7448
19.1040	6993
19.1080	7491
19.1120	7300
19.1160	7475
19.1200	7156
19.1240	7540
19.1280	7535
19.1320	7644
19.1360	7480
19.1400	7340
19.1440	7437
19.1480	7511
19.1520	7421
19.1560	6712
19.1600	7141
19.1640	6999
19.1680	7100
19.1720	7408
19.1760	7266
19.1800	7320
19.1840	6852
19.1880	6649
19.1920	6973
19.1960	7365
19.2000	7063
19.2040	6782
19.2080	7265
19.2120	7275
19.2160	7370
19.2200	6368
19.2240	6758
19.2280	6763
19.2320	7323
19.2360	6788
19.2400	7063
19.2440	7242
19.2480	7228
19.2520	7424
19.2560	6657
19.2600	6572
19.2640	7235
19.2680	7132
19.2720	7096
19.2760	7436
19.2800	7360
19.2840	7379
19.2880	7581
19.2920	7105
19.2960	6635
19.3000	6989
19.3040	6996
19.3080	7210
19.3120	7475
19.3160	7476
19.3200	6730
19.3240	7437
19.3280	6766
19.3320	6699
19.3360	7035
19.3400	7295
19.3440	7001
19.3480	7433
19.3520	7214
19.3560	6673
19.3600	6783
19.3640	6416
19.3680	6643
19.3720	7281
19.3760	7157
19.3800	7311
19.3840	7341
19.3880	6842
19.3920	6609
19.3960	7245
19.4000	6782
19.4040	6920
19.4080	6696
19.4120	7124
19.4160	7406
19.4200	7228
19.4240	6591
19.4280	6677
19.4320	7397
19.4360	6626
19.4400	6531
19.4440	6817
19.4480	7286
19.4520	7414
19.4560	7439
19.4600	7414
19.4640	6976
19.4680	7407
19.4720	6761
19.4760	7145
19.4800	7329
19.4840	7427
19.4880	7147
19.4920	7366
19.4960	6973
19.5000	7267
19.5040	7430
19.5080	7057
19.5120	6795
19.5160	7351
19.5200	7346
19.5240	7002
19.5280	6795
19.5320	7150
19.5360	6731
19.5400	7114
19.5440	7025
19.5480	6613
19.5520	6934
19.5560	7327
19.5600	7479
19.5640	7158
19.5680	7415
19.5720	6795
19.5760	7329
19.5800	6636
19.5840	6644
19.5880	6981
19.5920	7507
19.5960	7133
19.6000	7114
19.6040	7155
19.6080	7070
19.6120	7307
19.6160	7234
19.6200	7258
19.6240	7259
19.6280	7434
19.6320	7326
19.6360	6836
19.6400	7430
19.6440	6669
19.6480	7027
19.6520	6687
19.6560	7067
19.6600	7291
19.6640	6968
19.6680	6697
19.6720	6921
19.6760	7205
19.6800	6677
19.6840	6630
19.6880	7363
19.6920	6742
19.6960	7338
19.7000	7342
19.7040	6612
19.7080	6586
19.7120	6800
19.7160	6726
19.7200	7324
19.7240	7339
19.7280	7283
19.7320	7575
19.7360	7197
19.7400	6747
19.7440	6541
19.7480	7390
19.7520	6833
19.7560	7540
19.7600	7031
19.7640	7156
19.7680	6716
19.7720	7273
19.7760	6583
19.7800	6759
19.7840	7033
19.7880	7429
19.7920	7449
19.7960	7333
19.8000	7458
19.8040	6618
19.8080	7221
19.8120	6586
19.8160	6653
19.8200	7068
19.8240	7020
19.8280	7072
19.8320	6784
19.8360	6711
19.8400	7033
19.8440	7205
19.8480	6570
19.8520	6868
19.8560	7106
19.8600	7052
19.8640	7273
19.8680	7216
19.8720	6799
19.8760	7356
19.8800	6794
19.8840	6799
19.8880	7315
19.8920	7114
19.8960	6869
19.9000	6738
19.9040	7346
19.9080	7010
19.9120	7306
19.9160	7258
19.9200	7539
19.9240	7248
19.9280	6847
19.9320	6662
19.9360	7088
19.9400	7262
19.9440	7284
19.9480	7275
19.9520	7376
19.9560	7138
19.9600	7438
19.9640	6468
19.9680	6841
19.9720	7451
19.9760	7218
19.9800	7308
19.9840	7332
19.9880	7372
19.9920	7518
19.9960	7233
