0.0000	7276
0.0040	6789
0.0080	7460
0.0120	6946
0.0160	7357
0.0200	6670
0.0240	7287
0.0280	7518
0.0320	7458
0.0360	7387
0.0400	7478
0.0440	7227
0.0480	7140
0.0520	7386
0.0560	6681
0.0600	6981
0.0640	6853
0.0680	7344
0.0720	6799
0.0760	7416
0.0800	7299
0.0840	7519
0.0880	7051
0.0920	7335
0.0960	6963
0.1000	7413
0.1040	7144
0.1080	7635
0.1120	7217
0.1160	7222
0.1200	6688
0.1240	7378
0.1280	6602
0.1320	7335
0.1360	7458
0.1400	7592
0.1440	7164
0.1480	6882
0.1520	7192
0.1560	7292
0.1600	7384
0.1640	6892
0.1680	7036
0.1720	7049
0.1760	6597
0.1800	7143
0.1840	7233
0.1880	6482
0.1920	6599
0.1960	7243
0.2000	7364
0.2040	6969
0.2080	7057
0.2120	6917
0.2160	6719
0.2200	6757
0.2240	6709
0.2280	6358
0.2320	6792
0.2360	7145
0.2400	7433
0.2440	6287
0.2480	6783
0.2520	7323
0.2560	6833
0.2600	6491
0.2640	6450
0.2680	6627
0.2720	7388
0.2760	7093
0.2800	7263
0.2840	6535
0.2880	6585
0.2920	7349
0.2960	6511
0.3000	7067
0.3040	7203
0.3080	7248
0.3120	7387
0.3160	7235
0.3200	6949
0.3240	6569
0.3280	6787
0.3320	6988
0.3360	6702
0.3400	6930
0.3440	7145
0.3480	6939
0.3520	7428
0.3560	7407
0.3600	7281
0.3640	7061
0.3680	6540
0.3720	6927
0.3760	7487
0.3800	7437
0.3840	7192
0.3880	7457
0.3920	7513
0.3960	7496
0.4000	7383
0.4040	6766
0.4080	6535
0.4120	7469
0.4160	6697
0.4200	7583
0.4240	7286
0.4280	6894
0.4320	6554
0.4360	7404
0.4400	7042
0.4440	6815
0.4480	7363
0.4520	7244
0.4560	7128
0.4600	7436
0.4640	6914
0.4680	6877
0.4720	7300
0.4760	7276
0.4800	7518
0.4840	7385
0.4880	7497
0.4920	7450
0.4960	7107
0.5000	6734
0.5040	7195
0.5080	7469
0.5120	7500
0.5160	7017
0.5200	6988
0.5240	7395
0.5280	7395
0.5320	7351
0.5360	6609
0.5400	6571
0.5440	6878
0.5480	6459
0.5520	7335
0.5560	6952
0.5600	6647
0.5640	6983
0.5680	7175
0.5720	7163
0.5760	7265
0.5800	7117
0.5840	6910
0.5880	6732
0.5920	7441
0.5960	6848
0.6000	6529
0.6040	7063
0.6080	7212
0.6120	6657
0.6160	6648
0.6200	7208
0.6240	7296
0.6280	6482
0.6320	6433
0.6360	6904
0.6400	6505
0.6440	7215
0.6480	7397
0.6520	7149
0.6560	7381
0.6600	7610
0.6640	6938
0.6680	6791
0.6720	6866
0.6760	7193
0.6800	6791
0.6840	7032
0.6880	7487
0.6920	7332
0.6960	7123
0.7000	7366
0.7040	6913
0.7080	6602
0.7120	7052
0.7160	7287
0.7200	7318
0.7240	7280
0.7280	7271
0.7320	7204
0.7360	6948
0.7400	7396
0.7440	7466
0.7480	7151
0.7520	7211
0.7560	7460
0.7600	7326
0.7640	7496
0.7680	7059
0.7720	7520
0.7760	7130
0.7800	7537
0.7840	7256
0.7880	7494
0.7920	7213
0.7960	7470
0.8000	7399
0.8040	7279
0.8080	7077
0.8120	7584
0.8160	7478
0.8200	7516
0.8240	7333
0.8280	6977
0.8320	6668
0.8360	7399
0.8400	6685
0.8440	7283
0.8480	7415
0.8520	7478
0.8560	7468
0.8600	7329
0.8640	7153
0.8680	7260
0.8720	7227
0.8760	6615
0.8800	7041
0.8840	6657
0.8880	7335
0.8920	6694
0.8960	7363
0.9000	6534
0.9040	7181
0.9080	6541
0.9120	6751
0.9160	7270
0.9200	7223
0.9240	6939
0.9280	7376
0.9320	7222
0.9360	6796
0.9400	6467
0.9440	7087
0.9480	6398
0.9520	7057
0.9560	6482
0.9600	7305
0.9640	7393
0.9680	6704
0.9720	6637
0.9760	6753
0.9800	6993
0.9840	7386
0.9880	7362
0.9920	6608
0.9960	7393
1.0000	7439
1.0040	6679
1.0080	7529
1.0120	6927
1.0160	7571
1.0200	7283
1.0240	6887
1.0280	7342
1.0320	7392
1.0360	7153
1.0400	6758
1.0440	7000
1.0480	6666
1.0520	7195
1.0560	7333
1.0600	6742
1.0640	7173
1.0680	7313
1.0720	7200
1.0760	6696
1.0800	6768
1.0840	6782
1.0880	6853
1.0920	6857
1.0960	7112
1.1000	7490
1.1040	7392
1.1080	7393
1.1120	6950
1.1160	6984
1.1200	6661
1.1240	7343
1.1280	6857
1.1320	7080
1.1360	7206
1.1400	6701
1.1440	7328
1.1480	7146
1.1520	7227
1.1560	6974
1.1600	6868
1.1640	7276
1.1680	7372
1.1720	7281
1.1760	7209
1.1800	6943
1.1840	7342
1.1880	7146
1.1920	7520
1.1960	7443
1.2000	6865
1.2040	7403
1.2080	7128
1.2120	7315
1.2160	6864
1.2200	6664
1.2240	7447
1.2280	7225
1.2320	7366
1.2360	7329
1.2400	7111
1.2440	7294
1.2480	6647
1.2520	6830
1.2560	6878
1.2600	6671
1.2640	7247
1.2680	7127
1.2720	7344
1.2760	7357
1.2800	7439
1.2840	6974
1.2880	6794
1.2920	7134
1.2960	7279
1.3000	7117
1.3040	7418
1.3080	6690
1.3120	7474
1.3160	7088
1.3200	7158
1.3240	7377
1.3280	6979
1.3320	6789
1.3360	7519
1.3400	7501
1.3440	6536
1.3480	7167
1.3520	7171
1.3560	7456
1.3600	6656
1.3640	6897
1.3680	7357
1.3720	6990
1.3760	6838
1.3800	6853
1.3840	6716
1.3880	7291
1.3920	7183
1.3960	6800
1.4000	6748
1.4040	6835
1.4080	6704
1.4120	7218
1.4160	7413
1.4200	6625
1.4240	7362
1.4280	7344
1.4320	6846
1.4360	6859
1.4400	6968
1.4440	6646
1.4480	7207
1.4520	7176
1.4560	6619
1.4600	7521
1.4640	7161
1.4680	7044
1.4720	6898
1.4760	7167
1.4800	6673
1.4840	7644
1.4880	6954
1.4920	7515
1.4960	7383
1.5000	7006
1.5040	7241
1.5080	7166
1.5120	7467
1.5160	6583
1.5200	6833
1.5240	6773
1.5280	7579
1.5320	7506
1.5360	7416
1.5400	7308
1.5440	6931
1.5480	6879
1.5520	6871
1.5560	6754
1.5600	7276
1.5640	7285
1.5680	7559
1.5720	7509
1.5760	7514
1.5800	6840
1.5840	6747
1.5880	7327
1.5920	6612
1.5960	6971
1.6000	7419
1.6040	7356
1.6080	7493
1.6120	6939
1.6160	6570
1.6200	6470
1.6240	7341
1.6280	7028
1.6320	7117
1.6360	7342
1.6400	7391
1.6440	7227
1.6480	7117
1.6520	6804
1.6560	6600
1.6600	7329
1.6640	7309
1.6680	7206
1.6720	7404
1.6760	7006
1.6800	7384
1.6840	7140
1.6880	6524
1.6920	6454
1.6960	7191
1.7000	7049
1.7040	6841
1.7080	7475
1.7120	7246
1.7160	6851
1.7200	7392
1.7240	7159
1.7280	6954
1.7320	7407
1.7360	7167
1.7400	6792
1.7440	6707
1.7480	6994
1.7520	7027
1.7560	6736
1.7600	7366
1.7640	7524
1.7680	7192
1.7720	6462
1.7760	6852
1.7800	7010
1.7840	6472
1.7880	6480
1.7920	6723
1.7960	6740
1.8000	6831
1.8040	7288
1.8080	6711
1.8120	6672
1.8160	7031
1.8200	6798
1.8240	7202
1.8280	7401
1.8320	6998
1.8360	7380
1.8400	6485
1.8440	6896
1.8480	7096
1.8520	6890
1.8560	6621
1.8600	6799
1.8640	6943
1.8680	6776
1.8720	7311
1.8760	7147
1.8800	6743
1.8840	7144
1.8880	7242
1.8920	6537
1.8960	6788
1.9000	7102
1.9040	6942
1.9080	6740
1.9120	6709
1.9160	7056
1.9200	7361
1.9240	7475
1.9280	7088
1.9320	6968
1.9360	7406
1.9400	7375
1.9440	6562
1.9480	6665
1.9520	7330
1.9560	6663
1.9600	6819
1.9640	7346
1.9680	6947
1.9720	7132
1.9760	7316
1.9800	7108
1.9840	7047
1.9880	7125
1.9920	6634
1.9960	6850
2.0000	7599
2.0040	7251
2.0080	7425
2.0120	7008
2.0160	6677
2.0200	6948
2.0240	7215
2.0280	6761
2.0320	7148
2.0360	7370
2.0400	7074
2.0440	7426
2.0480	6701
2.0520	6741
2.0560	7118
2.0600	7404
2.0640	7079
2.0680	7344
2.0720	7450
2.0760	7258
2.0800	7163
2.0840	6734
2.0880	6745
2.0920	7186
2.0960	7414
2.1000	7509
2.1040	7540
2.1080	7288
2.1120	7068
2.1160	7243
2.1200	6834
2.1240	6643
2.1280	6781
2.1320	7366
2.1360	7136
2.1400	7005
2.1440	7333
2.1480	7186
2.1520	6917
2.1560	6640
2.1600	6566
2.1640	6859
2.1680	6773
2.1720	6978
2.1760	6535
2.1800	6978
2.1840	7119
2.1880	7243
2.1920	6827
2.1960	6944
2.2000	6567
2.2040	7014
2.2080	7230
2.2120	6714
2.2160	7232
2.2200	7318
2.2240	7365
2.2280	6718
2.2320	7486
2.2360	7129
2.2400	6962
2.2440	6955
2.2480	6629
2.2520	7530
2.2560	7293
2.2600	7205
2.2640	6831
2.2680	7489
2.2720	7005
2.2760	6929
2.2800	6844
2.2840	6688
2.2880	7339
2.2920	7345
2.2960	7392
2.3000	6523
2.3040	6885
2.3080	6578
2.3120	6788
2.3160	6519
2.3200	6538
2.3240	7109
2.3280	7030
2.3320	7120
2.3360	6609
2.3400	6793
2.3440	7031
2.3480	6857
2.3520	6802
2.3560	6447
2.3600	6599
2.3640	7246
2.3680	6894
2.3720	6896
2.3760	6563
2.3800	7185
2.3840	7451
2.3880	6466
2.3920	6776
2.3960	7179
2.4000	6819
2.4040	7489
2.4080	7361
2.4120	6978
2.4160	7028
2.4200	7397
2.4240	7282
2.4280	7242
2.4320	7292
2.4360	6700
2.4400	7340
2.4440	6799
2.4480	6790
2.4520	7563
2.4560	7414
2.4600	7024
2.4640	7548
2.4680	6879
2.4720	7198
2.4760	7225
2.4800	6763
2.4840	6582
2.4880	7087
2.4920	7241
2.4960	7284
2.5000	7029
2.5040	7270
2.5080	7361
2.5120	6715
2.5160	6870
2.5200	6808
2.5240	7010
2.5280	6430
2.5320	6871
2.5360	7464
2.5400	7364
2.5440	6465
2.5480	6796
2.5520	6494
2.5560	6729
2.5600	6542
2.5640	6662
2.5680	6761
2.5720	6884
2.5760	7409
2.5800	6676
2.5840	6769
2.5880	6618
2.5920	6537
2.5960	6804
2.6000	6960
2.6040	6483
2.6080	6591
2.6120	6918
2.6160	7038
2.6200	6644
2.6240	7017
2.6280	6738
2.6320	6854
2.6360	6794
2.6400	6620
2.6440	7300
2.6480	6978
2.6520	6874
2.6560	6671
2.6600	6582
2.6640	6494
2.6680	6358
2.6720	6466
2.6760	6675
2.6800	7220
2.6840	6941
2.6880	6744
2.6920	6983
2.6960	7052
2.7000	6545
2.7040	6928
2.7080	6635
2.7120	7197
2.7160	7262
2.7200	7253
2.7240	7327
2.7280	6611
2.7320	6684
2.7360	7023
2.7400	6487
2.7440	6674
2.7480	7383
2.7520	7069
2.7560	7003
2.7600	7321
2.7640	7268
2.7680	6763
2.7720	6645
2.7760	7012
2.7800	6917
2.7840	7426
2.7880	7289
2.7920	7367
2.7960	7524
2.8000	7124
2.8040	7095
2.8080	6704
2.8120	6506
2.8160	6873
2.8200	7457
2.8240	7262
2.8280	7315
2.8320	7075
2.8360	7142
2.8400	7002
2.8440	6828
2.8480	6555
2.8520	6817
2.8560	6715
2.8600	7348
2.8640	7187
2.8680	6612
2.8720	6570
2.8760	7059
2.8800	6552
2.8840	6808
2.8880	6554
2.8920	7264
2.8960	7242
2.9000	7364
2.9040	6511
2.9080	6618
2.9120	6904
2.9160	6895
2.9200	7041
2.9240	7061
2.9280	7123
2.9320	7396
2.9360	6687
2.9400	6627
2.9440	6910
2.9480	7096
2.9520	6592
2.9560	7367
2.9600	7312
2.9640	7407
2.9680	6896
2.9720	7015
2.9760	7153
2.9800	6735
2.9840	6921
2.9880	6518
2.9920	7240
2.9960	7025
3.0000	7055
3.0040	7299
3.0080	6999
3.0120	6641
3.0160	6888
3.0200	7191
3.0240	6495
3.0280	6998
3.0320	6651
3.0360	6949
3.0400	6909
3.0440	6434
3.0480	6594
3.0520	6765
3.0560	7164
3.0600	6592
3.0640	6881
3.0680	6697
3.0720	7397
3.0760	6747
3.0800	7021
3.0840	6628
3.0880	7642
3.0920	7268
3.0960	6636
3.1000	6866
3.1040	6754
3.1080	7232
3.1120	7060
3.1160	6698
3.1200	6572
3.1240	7356
3.1280	7425
3.1320	6736
3.1360	6667
3.1400	6910
3.1440	7212
3.1480	7129
3.1520	6788
3.1560	6974
3.1600	7258
3.1640	7206
3.1680	7005
3.1720	6977
3.1760	7386
3.1800	7444
3.1840	7291
3.1880	7359
3.1920	7218
3.1960	7227
3.2000	7228
3.2040	7223
3.2080	7002
3.2120	7352
3.2160	7290
3.2200	7305
3.2240	7240
3.2280	7227
3.2320	6653
3.2360	7129
3.2400	7100
3.2440	7422
3.2480	7271
3.2520	7323
3.2560	7274
3.2600	7184
3.2640	7229
3.2680	7357
3.2720	6978
3.2760	6894
3.2800	7253
3.2840	7015
3.2880	7155
3.2920	7309
3.2960	7426
3.3000	7045
3.3040	7075
3.3080	6917
3.3120	6844
3.3160	6928
3.3200	7395
3.3240	7059
3.3280	6684
3.3320	6797
3.3360	6910
3.3400	6744
3.3440	6785
3.3480	6623
3.3520	6642
3.3560	6669
3.3600	6573
3.3640	6604
3.3680	6718
3.3720	6761
3.3760	7046
3.3800	6584
3.3840	6692
3.3880	6718
3.3920	6697
3.3960	6580
3.4000	6660
3.4040	6612
3.4080	6579
3.4120	6668
3.4160	7044
3.4200	6527
3.4240	6755
3.4280	6681
3.4320	6844
3.4360	6624
3.4400	6621
3.4440	6549
3.4480	6599
3.4520	6874
3.4560	7005
3.4600	6588
3.4640	6622
3.4680	6788
3.4720	6571
3.4760	6811
3.4800	6531
3.4840	6681
3.4880	6626
3.4920	6641
3.4960	7232
3.5000	7464
3.5040	6735
3.5080	7055
3.5120	6825
3.5160	7354
3.5200	6628
3.5240	6658
3.5280	7176
3.5320	7394
3.5360	7241
3.5400	6647
3.5440	6678
3.5480	6968
3.5520	7261
3.5560	7044
3.5600	6658
3.5640	7243
3.5680	7234
3.5720	7062
3.5760	6700
3.5800	6799
3.5840	7274
3.5880	6961
3.5920	7079
3.5960	6661
3.6000	6930
3.6040	7161
3.6080	7246
3.6120	6500
3.6160	7278
3.6200	7024
3.6240	7310
3.6280	6835
3.6320	6701
3.6360	6892
3.6400	7182
3.6440	7379
3.6480	6918
3.6520	7075
3.6560	7623
3.6600	7315
3.6640	6490
3.6680	6729
3.6720	7388
3.6760	7041
3.6800	7343
3.6840	6931
3.6880	6739
3.6920	6870
3.6960	6904
3.7000	6626
3.7040	6478
3.7080	7465
3.7120	7260
3.7160	6886
3.7200	6685
3.7240	6958
3.7280	6915
3.7320	6633
3.7360	6912
3.7400	6580
3.7440	6872
3.7480	7366
3.7520	6835
3.7560	6532
3.7600	6892
3.7640	6792
3.7680	6773
3.7720	7186
3.7760	7226
3.7800	6513
3.7840	7113
3.7880	6991
3.7920	6979
3.7960	6835
3.8000	6758
3.8040	7090
3.8080	7517
3.8120	6966
3.8160	6733
3.8200	7073
3.8240	7231
3.8280	6588
3.8320	6711
3.8360	6835
3.8400	6793
3.8440	7550
3.8480	6982
3.8520	6876
3.8560	7039
3.8600	6866
3.8640	6909
3.8680	6874
3.8720	6944
3.8760	7095
3.8800	6734
3.8840	7225
3.8880	6707
3.8920	7028
3.8960	6494
3.9000	6679
3.9040	7359
3.9080	7311
3.9120	6869
3.9160	6551
3.9200	6568
3.9240	6613
3.9280	6674
3.9320	6934
3.9360	6867
3.9400	7525
3.9440	6950
3.9480	7078
3.9520	6377
3.9560	6878
3.9600	6985
3.9640	6958
3.9680	7327
3.9720	7342
3.9760	7489
3.9800	7305
3.9840	7434
3.9880	6879
3.9920	7218
3.9960	7266
4.0000	7471
4.0040	7154
4.0080	7390
4.0120	7347
4.0160	7202
4.0200	6896
4.0240	6974
4.0280	7302
4.0320	7503
4.0360	7546
4.0400	7193
4.0440	7380
4.0480	7383
4.0520	7267
4.0560	6728
4.0600	6887
4.0640	7274
4.0680	7076
4.0720	7038
4.0760	7230
4.0800	7218
4.0840	7161
4.0880	6904
4.0920	6625
4.0960	7299
4.1000	7347
4.1040	6739
4.1080	6602
4.1120	6927
4.1160	7435
4.1200	7104
4.1240	6618
4.1280	6666
4.1320	6721
4.1360	7005
4.1400	6493
4.1440	6822
4.1480	6598
4.1520	7434
4.1560	7158
4.1600	6610
4.1640	6660
4.1680	6700
4.1720	6474
4.1760	6725
4.1800	6766
4.1840	6641
4.1880	7189
4.1920	6893
4.1960	6923
4.2000	6893
4.2040	6600
4.2080	6709
4.2120	6688
4.2160	6657
4.2200	7076
4.2240	7246
4.2280	6708
4.2320	6792
4.2360	6781
4.2400	6617
4.2440	6795
4.2480	6587
4.2520	6511
4.2560	6689
4.2600	6887
4.2640	6446
4.2680	6520
4.2720	6653
4.2760	6313
4.2800	7033
4.2840	6785
4.2880	6706
4.2920	7145
4.2960	7191
4.3000	6740
4.3040	6540
4.3080	6508
4.3120	6709
4.3160	7301
4.3200	7113
4.3240	7100
4.3280	7080
4.3320	7272
4.3360	7236
4.3400	6681
4.3440	6771
4.3480	7173
4.3520	7356
4.3560	7181
4.3600	6986
4.3640	7299
4.3680	7349
4.3720	7399
4.3760	6601
4.3800	6846
4.3840	7096
4.3880	7341
4.3920	6699
4.3960	6644
4.4000	7389
4.4040	6845
4.4080	7414
4.4120	7037
4.4160	6676
4.4200	6495
4.4240	7408
4.4280	7114
4.4320	6515
4.4360	7319
4.4400	6635
4.4440	7151
4.4480	6742
4.4520	6543
4.4560	6977
4.4600	6995
4.4640	7065
4.4680	7034
4.4720	7329
4.4760	7354
4.4800	7361
4.4840	6753
4.4880	6953
4.4920	6839
4.4960	6992
4.5000	6639
4.5040	6716
4.5080	7331
4.5120	7460
4.5160	6583
4.5200	6720
4.5240	6589
4.5280	6600
4.5320	6713
4.5360	7014
4.5400	6733
4.5440	7427
4.5480	7356
4.5520	6725
4.5560	7088
4.5600	6666
4.5640	6674
4.5680	6958
4.5720	7120
4.5760	6853
4.5800	7465
4.5840	6973
4.5880	6572
4.5920	6692
4.5960	6488
4.6000	6547
4.6040	6737
4.6080	6735
4.6120	6549
4.6160	6799
4.6200	6779
4.6240	6450
4.6280	6547
4.6320	6888
4.6360	6666
4.6400	6976
4.6440	6680
4.6480	6738
4.6520	6904
4.6560	6875
4.6600	7070
4.6640	6449
4.6680	6649
4.6720	6599
4.6760	6574
4.6800	6629
4.6840	6934
4.6880	7266
4.6920	6936
4.6960	6847
4.7000	7351
4.7040	6833
4.7080	6701
4.7120	6658
4.7160	6644
4.7200	6535
4.7240	7257
4.7280	7582
4.7320	7233
4.7360	7304
4.7400	7421
4.7440	6769
4.7480	6849
4.7520	6955
4.7560	7429
4.7600	7303
4.7640	7254
4.7680	7396
4.7720	7344
4.7760	6757
4.7800	6554
4.7840	6669
4.7880	6493
4.7920	7261
4.7960	7290
4.8000	7358
4.8040	7224
4.8080	7415
4.8120	7152
4.8160	6633
4.8200	6766
4.8240	7189
4.8280	7272
4.8320	7133
4.8360	7008
4.8400	7428
4.8440	7326
4.8480	7421
4.8520	6676
4.8560	6690
4.8600	6523
4.8640	7064
4.8680	6885
4.8720	6659
4.8760	7180
4.8800	7402
4.8840	7085
4.8880	6833
4.8920	6993
4.8960	6730
4.9000	6862
4.9040	6939
4.9080	7119
4.9120	6940
4.9160	7021
4.9200	7016
4.9240	7029
4.9280	7508
4.9320	6833
4.9360	7294
4.9400	6649
4.9440	6860
4.9480	6923
4.9520	7210
4.9560	6454
4.9600	7134
4.9640	7054
4.9680	6643
4.9720	7271
4.9760	7120
4.9800	6633
4.9840	6934
4.9880	7344
4.9920	6656
4.9960	7389
5.0000	6879
5.0040	6780
5.0080	7201
5.0120	6847
5.0160	6669
5.0200	6969
5.0240	7062
5.0280	7280
5.0320	6974
5.0360	7179
5.0400	6916
5.0440	6884
5.0480	6553
5.0520	6784
5.0560	7472
5.0600	7203
5.0640	7356
5.0680	6418
5.0720	6637
5.0760	6927
5.0800	7276
5.0840	6633
5.0880	6787
5.0920	7526
5.0960	7421
5.1000	7039
5.1040	6646
5.1080	7075
5.1120	7467
5.1160	6832
5.1200	6584
5.1240	6796
5.1280	7283
5.1320	7238
5.1360	6987
5.1400	6451
5.1440	6889
5.1480	7334
5.1520	7035
5.1560	6620
5.1600	6638
5.1640	7255
5.1680	7471
5.1720	6790
5.1760	6930
5.1800	7022
5.1840	7371
5.1880	6944
5.1920	6922
5.1960	6967
5.2000	6961
5.2040	7197
5.2080	7386
5.2120	6655
5.2160	7037
5.2200	7261
5.2240	6746
5.2280	6779
5.2320	7401
5.2360	7466
5.2400	6913
5.2440	7040
5.2480	7188
5.2520	7172
5.2560	7207
5.2600	7385
5.2640	6921
5.2680	6720
5.2720	6950
5.2760	7020
5.2800	6579
5.2840	6684
5.2880	7411
5.2920	7246
5.2960	7001
5.3000	6965
5.3040	6730
5.3080	6602
5.3120	6720
5.3160	6673
5.3200	6435
5.3240	6953
5.3280	7192
5.3320	7008
5.3360	6560
5.3400	6588
5.3440	6721
5.3480	6704
5.3520	6433
5.3560	6592
5.3600	6468
5.3640	7364
5.3680	7105
5.3720	6758
5.3760	6662
5.3800	6644
5.3840	6710
5.3880	6693
5.3920	6402
5.3960	6937
5.4000	7128
5.4040	7000
5.4080	7063
5.4120	6820
5.4160	6758
5.4200	6875
5.4240	7322
5.4280	6743
5.4320	7316
5.4360	7403
5.4400	7410
5.4440	7514
5.4480	7002
5.4520	6711
5.4560	7152
5.4600	7242
5.4640	6793
5.4680	7237
5.4720	7248
5.4760	7166
5.4800	7350
5.4840	7384
5.4880	6762
5.4920	7006
5.4960	6947
5.5000	6608
5.5040	6984
5.5080	6767
5.5120	7044
5.5160	7293
5.5200	6983
5.5240	7292
5.5280	6610
5.5320	6578
5.5360	7435
5.5400	7209
5.5440	7107
5.5480	7277
5.5520	6982
5.5560	6501
5.5600	7354
5.5640	6771
5.5680	6782
5.5720	7271
5.5760	7381
5.5800	7043
5.5840	7355
5.5880	7152
5.5920	7112
5.5960	7497
5.6000	7263
5.6040	7472
5.6080	7310
5.6120	7502
5.6160	6840
5.6200	6821
5.6240	7484
5.6280	7361
5.6320	6799
5.6360	6821
5.6400	7264
5.6440	7590
5.6480	6765
5.6520	6596
5.6560	6806
5.6600	7480
5.6640	7407
5.6680	6715
5.6720	6817
5.6760	7000
5.6800	7445
5.6840	6603
5.6880	7184
5.6920	6818
5.6960	7059
5.7000	6708
5.7040	6585
5.7080	7007
5.7120	6331
5.7160	6885
5.7200	6656
5.7240	7085
5.7280	6618
5.7320	7053
5.7360	6562
5.7400	7264
5.7440	6741
5.7480	6669
5.7520	6571
5.7560	6577
5.7600	6431
5.7640	6522
5.7680	6495
5.7720	6489
5.7760	6692
5.7800	7083
5.7840	6612
5.7880	7061
5.7920	6564
5.7960	6748
5.8000	6499
5.8040	6615
5.8080	6540
5.8120	6540
5.8160	6670
5.8200	6669
5.8240	6845
5.8280	6835
5.8320	6686
5.8360	6762
5.8400	6875
5.8440	7187
5.8480	6559
5.8520	6454
5.8560	6834
5.8600	6827
5.8640	6545
5.8680	6431
5.8720	6927
5.8760	7231
5.8800	7216
5.8840	6832
5.8880	6987
5.8920	7105
5.8960	7400
5.9000	7140
5.9040	7212
5.9080	7336
5.9120	7200
5.9160	7271
5.9200	6653
5.9240	6851
5.9280	7601
5.9320	7524
5.9360	7106
5.9400	6878
5.9440	7379
5.9480	7394
5.9520	7548
5.9560	6903
5.9600	6811
5.9640	7558
5.9680	7129
5.9720	7321
5.9760	7112
5.9800	7485
5.9840	7491
5.9880	7116
5.9920	7123
5.9960	7326
6.0000	7348
6.0040	7582
6.0080	7385
6.0120	6996
6.0160	7206
6.0200	7469
6.0240	6737
6.0280	6726
6.0320	7257
6.0360	7139
6.0400	6558
6.0440	6455
6.0480	7393
6.0520	7368
6.0560	6393
6.0600	6742
6.0640	6502
6.0680	6574
6.0720	6739
6.0760	6661
6.0800	6558
6.0840	6898
6.0880	7261
6.0920	6498
6.0960	6795
6.1000	6444
6.1040	6328
6.1080	6794
6.1120	6866
6.1160	6527
6.1200	6552
6.1240	6604
6.1280	6628
6.1320	7026
6.1360	6857
6.1400	6730
6.1440	6965
6.1480	7004
6.1520	6752
6.1560	6661
6.1600	6548
6.1640	6742
6.1680	6673
6.1720	6802
6.1760	6706
6.1800	6873
6.1840	6893
6.1880	6777
6.1920	6920
6.1960	6617
6.2000	6580
6.2040	6590
6.2080	6811
6.2120	7000
6.2160	6565
6.2200	6776
6.2240	6665
6.2280	7162
6.2320	6735
6.2360	6870
6.2400	6722
6.2440	7167
6.2480	7192
6.2520	6691
6.2560	6817
6.2600	7049
6.2640	7480
6.2680	7297
6.2720	6641
6.2760	6940
6.2800	7316
6.2840	7425
6.2880	6931
6.2920	6954
6.2960	7417
6.3000	7359
6.3040	7257
6.3080	6617
6.3120	6847
6.3160	7556
6.3200	7516
6.3240	6995
6.3280	6782
6.3320	7490
6.3360	6939
6.3400	7527
6.3440	6980
6.3480	7260
6.3520	7319
6.3560	7227
6.3600	7264
6.3640	6558
6.3680	6914
6.3720	7051
6.3760	7409
6.3800	6695
6.3840	7347
6.3880	7340
6.3920	6436
6.3960	6505
6.4000	6614
6.4040	6981
6.4080	6869
6.4120	7323
6.4160	6904
6.4200	6717
6.4240	6894
6.4280	7015
6.4320	7172
6.4360	6984
6.4400	7202
6.4440	7359
6.4480	6459
6.4520	6600
6.4560	6667
6.4600	6523
6.4640	6405
6.4680	6685
6.4720	7067
6.4760	6898
6.4800	7220
6.4840	6590
6.4880	7497
6.4920	6941
6.4960	7167
6.5000	6698
6.5040	6679
6.5080	6684
6.5120	6533
6.5160	6749
6.5200	6607
6.5240	7044
6.5280	7242
6.5320	6567
6.5360	6621
6.5400	6862
6.5440	6665
6.5480	7000
6.5520	6808
6.5560	6957
6.5600	6967
6.5640	6676
6.5680	6632
6.5720	6597
6.5760	6734
6.5800	6604
6.5840	7357
6.5880	7302
6.5920	6504
6.5960	6729
6.6000	6912
6.6040	6502
6.6080	6681
6.6120	6530
6.6160	7046
6.6200	7411
6.6240	7305
6.6280	6648
6.6320	6871
6.6360	6890
6.6400	6580
6.6440	6747
6.6480	6721
6.6520	7240
6.6560	7326
6.6600	7562
6.6640	7273
6.6680	6670
6.6720	7198
6.6760	7103
6.6800	6658
6.6840	7041
6.6880	7239
6.6920	7314
6.6960	7292
6.7000	7344
6.7040	7525
6.7080	6727
6.7120	6811
6.7160	7316
6.7200	7048
6.7240	7115
6.7280	7254
6.7320	7368
6.7360	6819
6.7400	7415
6.7440	7107
6.7480	6761
6.7520	6539
6.7560	7422
6.7600	7198
6.7640	7277
6.7680	7181
6.7720	7522
6.7760	6785
6.7800	6536
6.7840	6650
6.7880	6632
6.7920	6858
6.7960	7339
6.8000	7222
6.8040	6872
6.8080	7194
6.8120	7242
6.8160	6567
6.8200	6980
6.8240	6671
6.8280	6721
6.8320	7224
6.8360	6945
6.8400	6636
6.8440	6985
6.8480	6804
6.8520	6699
6.8560	6805
6.8600	7104
6.8640	6510
6.8680	7507
6.8720	7378
6.8760	6600
6.8800	6644
6.8840	6827
6.8880	6782
6.8920	7414
6.8960	6709
6.9000	6728
6.9040	6575
6.9080	6783
6.9120	6731
6.9160	6705
6.9200	6528
6.9240	6451
6.9280	7278
6.9320	6816
6.9360	7329
6.9400	7270
6.9440	6669
6.9480	6508
6.9520	6852
6.9560	6460
6.9600	6713
6.9640	6561
6.9680	6684
6.9720	6866
6.9760	7408
6.9800	6726
6.9840	6813
6.9880	6889
6.9920	7395
6.9960	6558
7.0000	7446
7.0040	6647
7.0080	7351
7.0120	7520
7.0160	7267
7.0200	6994
7.0240	6948
7.0280	7390
7.0320	6949
7.0360	7297
7.0400	6547
7.0440	6973
7.0480	7237
7.0520	6777
7.0560	7008
7.0600	7496
7.0640	7240
7.0680	6648
7.0720	6721
7.0760	6673
7.0800	6922
7.0840	6759
7.0880	7114
7.0920	6797
7.0960	7379
7.1000	7330
7.1040	6449
7.1080	6680
7.1120	7229
7.1160	6834
7.1200	7165
7.1240	7249
7.1280	6877
7.1320	7549
7.1360	6910
7.1400	6893
7.1440	6437
7.1480	7416
7.1520	6951
7.1560	7552
7.1600	7122
7.1640	7263
7.1680	7357
7.1720	6736
7.1760	6860
7.1800	6737
7.1840	7317
7.1880	7178
7.1920	7031
7.1960	7161
7.2000	7588
7.2040	7122
7.2080	6574
7.2120	6867
7.2160	6590
7.2200	6741
7.2240	7316
7.2280	7378
7.2320	7180
7.2360	7360
7.2400	7133
7.2440	7060
7.2480	7410
7.2520	6538
7.2560	6556
7.2600	6649
7.2640	7275
7.2680	7468
7.2720	6762
7.2760	6561
7.2800	6889
7.2840	7128
7.2880	6751
7.2920	6901
7.2960	7160
7.3000	6931
7.3040	7441
7.3080	6800
7.3120	7199
7.3160	7215
7.3200	6835
7.3240	6671
7.3280	6735
7.3320	6770
7.3360	7148
7.3400	7171
7.3440	7336
7.3480	6570
7.3520	7383
7.3560	6788
7.3600	6585
7.3640	6574
7.3680	6710
7.3720	7424
7.3760	7476
7.3800	7247
7.3840	7072
7.3880	6741
7.3920	6824
7.3960	6718
7.4000	6671
7.4040	6658
7.4080	7578
7.4120	7031
7.4160	7547
7.4200	6662
7.4240	6494
7.4280	6562
7.4320	6617
7.4360	6801
7.4400	7007
7.4440	7271
7.4480	7151
7.4520	6921
7.4560	6927
7.4600	6614
7.4640	6630
7.4680	7041
7.4720	6910
7.4760	6880
7.4800	7255
7.4840	7302
7.4880	6683
7.4920	7509
7.4960	6571
7.5000	6740
7.5040	7039
7.5080	6637
7.5120	6518
7.5160	7354
7.5200	6668
7.5240	6621
7.5280	7239
7.5320	6736
7.5360	6753
7.5400	6969
7.5440	6840
7.5480	6515
7.5520	6939
7.5560	6921
7.5600	7105
7.5640	7174
7.5680	6736
7.5720	6813
7.5760	7013
7.5800	6817
7.5840	6815
7.5880	6669
7.5920	7176
7.5960	6935
7.6000	6725
7.6040	6710
7.6080	7027
7.6120	7139
7.6160	6641
7.6200	6855
7.6240	6666
7.6280	7259
7.6320	7209
7.6360	6614
7.6400	6496
7.6440	6943
7.6480	6934
7.6520	6594
7.6560	6964
7.6600	7057
7.6640	7125
7.6680	7152
7.6720	6617
7.6760	6570
7.6800	6876
7.6840	6647
7.6880	6848
7.6920	6730
7.6960	6948
7.7000	7426
7.7040	6880
7.7080	6769
7.7120	6794
7.7160	6699
7.7200	6541
7.7240	6984
7.7280	6881
7.7320	7213
7.7360	7450
7.7400	7153
7.7440	6667
7.7480	6635
7.7520	7176
7.7560	6594
7.7600	6767
7.7640	6727
7.7680	7441
7.7720	7434
7.7760	7485
7.7800	7164
7.7840	6514
7.7880	6773
7.7920	6538
7.7960	6444
7.8000	7030
7.8040	6911
7.8080	7387
7.8120	6943
7.8160	6855
7.8200	7118
7.8240	6358
7.8280	6607
7.8320	7035
7.8360	7494
7.8400	7233
7.8440	7383
7.8480	7142
7.8520	6985
7.8560	7059
7.8600	6964
7.8640	6461
7.8680	6753
7.8720	7341
7.8760	7309
7.8800	7250
7.8840	7464
7.8880	7401
7.8920	7206
7.8960	6902
7.9000	6636
7.9040	6509
7.9080	7291
7.9120	7435
7.9160	7400
7.9200	7549
7.9240	7285
7.9280	7359
7.9320	6638
7.9360	6776
7.9400	6772
7.9440	7068
7.9480	7438
7.9520	7305
7.9560	7449
7.9600	7324
7.9640	6851
7.9680	6721
7.9720	6970
7.9760	6652
7.9800	7347
7.9840	7192
7.9880	7120
7.9920	7255
7.9960	6773
8.0000	6705
8.0040	6545
8.0080	6548
8.0120	6797
8.0160	7442
8.0200	7214
8.0240	7360
8.0280	6748
8.0320	6938
8.0360	6820
8.0400	6835
8.0440	6883
8.0480	6666
8.0520	7013
8.0560	6923
8.0600	6910
8.0640	7206
8.0680	7371
8.0720	6989
8.0760	6860
8.0800	7138
8.0840	7125
8.0880	7108
8.0920	7008
8.0960	7412
8.1000	7216
8.1040	7232
8.1080	7218
8.1120	7501
8.1160	7455
8.1200	6881
8.1240	6969
8.1280	7265
8.1320	7408
8.1360	7480
8.1400	7485
8.1440	7363
8.1480	6688
8.1520	7362
8.1560	6641
8.1600	6997
8.1640	7300
8.1680	6593
8.1720	7012
8.1760	6589
8.1800	7052
8.1840	6655
8.1880	6666
8.1920	6473
8.1960	7257
8.2000	7216
8.2040	6988
8.2080	7244
8.2120	6673
8.2160	7173
8.2200	7192
8.2240	6562
8.2280	7388
8.2320	7177
8.2360	6837
8.2400	7516
8.2440	6983
8.2480	6915
8.2520	7396
8.2560	6685
8.2600	6598
8.2640	7074
8.2680	7475
8.2720	6955
8.2760	7023
8.2800	7019
8.2840	6828
8.2880	7272
8.2920	6796
8.2960	6935
8.3000	6941
8.3040	6842
8.3080	6714
8.3120	6917
8.3160	7402
8.3200	6841
8.3240	7169
8.3280	6542
8.3320	6808
8.3360	7164
8.3400	6409
8.3440	6937
8.3480	6791
8.3520	6940
8.3560	6825
8.3600	7358
8.3640	6579
8.3680	6647
8.3720	6920
8.3760	6746
8.3800	6522
8.3840	6769
8.3880	7234
8.3920	6926
8.3960	7207
8.4000	6496
8.4040	6571
8.4080	6700
8.4120	6603
8.4160	6567
8.4200	7310
8.4240	7335
8.4280	7262
8.4320	7403
8.4360	7202
8.4400	6602
8.4440	7090
8.4480	7021
8.4520	6596
8.4560	6562
8.4600	7533
8.4640	7323
8.4680	6958
8.4720	7380
8.4760	7336
8.4800	6737
8.4840	6593
8.4880	6699
8.4920	6812
8.4960	7236
8.5000	7033
8.5040	7500
8.5080	6791
8.5120	7106
8.5160	7379
8.5200	6646
8.5240	6647
8.5280	7480
8.5320	7420
8.5360	7017
8.5400	7382
8.5440	7207
8.5480	6995
8.5520	6877
8.5560	7125
8.5600	6450
8.5640	7135
8.5680	6898
8.5720	7333
8.5760	6777
8.5800	7309
8.5840	6989
8.5880	6930
8.5920	6843
8.5960	7397
8.6000	7196
8.6040	6850
8.6080	7507
8.6120	7302
8.6160	7268
8.6200	6767
8.6240	6843
8.6280	7191
8.6320	6932
8.6360	7532
8.6400	7277
8.6440	6602
8.6480	7124
8.6520	7161
8.6560	6914
8.6600	7444
8.6640	7321
8.6680	7191
8.6720	7175
8.6760	7077
8.6800	6849
8.6840	7130
8.6880	7256
8.6920	6999
8.6960	7210
8.7000	6900
8.7040	7418
8.7080	6821
8.7120	7095
8.7160	6725
8.7200	6823
8.7240	7144
8.7280	7266
8.7320	6656
8.7360	6955
8.7400	7306
8.7440	7518
8.7480	6906
8.7520	7175
8.7560	6816
8.7600	7417
8.7640	7181
8.7680	6867
8.7720	6835
8.7760	7238
8.7800	7400
8.7840	6729
8.7880	6828
8.7920	7000
8.7960	7319
8.8000	7448
8.8040	7162
8.8080	7149
8.8120	7372
8.8160	7407
8.8200	6675
8.8240	7137
8.8280	7006
8.8320	7405
8.8360	6658
8.8400	6798
8.8440	7228
8.8480	7160
8.8520	7368
8.8560	6908
8.8600	6555
8.8640	6686
8.8680	7179
8.8720	6863
8.8760	6445
8.8800	7106
8.8840	6980
8.8880	7261
8.8920	6617
8.8960	6705
8.9000	7209
8.9040	6964
8.9080	6969
8.9120	6652
8.9160	7262
8.9200	7023
8.9240	7329
8.9280	6912
8.9320	7146
8.9360	7388
8.9400	7335
8.9440	6662
8.9480	6678
8.9520	7303
8.9560	7277
8.9600	7268
8.9640	7240
8.9680	7302
8.9720	7345
8.9760	7471
8.9800	7070
8.9840	6711
8.9880	7218
8.9920	7148
8.9960	7286
9.0000	7378
9.0040	7473
9.0080	7077
9.0120	7291
9.0160	7419
9.0200	6959
9.0240	7339
9.0280	7464
9.0320	7322
9.0360	7451
9.0400	7352
9.0440	7179
9.0480	6920
9.0520	7245
9.0560	6818
9.0600	6941
9.0640	7465
9.0680	6980
9.0720	6866
9.0760	7242
9.0800	7033
9.0840	7119
9.0880	7448
9.0920	7393
9.0960	7373
9.1000	6871
9.1040	7383
9.1080	7040
9.1120	6886
9.1160	7401
9.1200	7381
9.1240	6523
9.1280	7326
9.1320	7354
9.1360	7155
9.1400	6545
9.1440	6742
9.1480	7081
9.1520	7001
9.1560	7517
9.1600	7437
9.1640	6954
9.1680	7013
9.1720	7338
9.1760	6678
9.1800	6632
9.1840	7379
9.1880	7383
9.1920	6929
9.1960	6768
9.2000	7087
9.2040	6767
9.2080	6589
9.2120	6527
9.2160	7071
9.2200	7211
9.2240	7078
9.2280	6867
9.2320	6631
9.2360	6903
9.2400	7067
9.2440	6600
9.2480	6742
9.2520	7456
9.2560	7014
9.2600	7349
9.2640	6518
9.2680	6941
9.2720	7306
9.2760	7406
9.2800	6618
9.2840	6799
9.2880	7451
9.2920	7203
9.2960	7100
9.3000	7320
9.3040	7593
9.3080	7380
9.3120	7140
9.3160	6708
9.3200	6556
9.3240	7402
9.3280	6890
9.3320	7188
9.3360	7394
9.3400	6930
9.3440	7265
9.3480	6804
9.3520	6831
9.3560	6726
9.3600	7321
9.3640	6861
9.3680	7378
9.3720	7486
9.3760	7352
9.3800	6842
9.3840	7285
9.3880	6767
9.3920	6671
9.3960	7257
9.4000	7208
9.4040	7146
9.4080	7466
9.4120	7036
9.4160	7015
9.4200	7236
9.4240	6682
9.4280	6752
9.4320	7390
9.4360	7420
9.4400	6964
9.4440	6907
9.4480	6805
9.4520	6957
9.4560	7162
9.4600	6801
9.4640	7404
9.4680	7300
9.4720	7246
9.4760	7084
9.4800	7140
9.4840	7352
9.4880	7377
9.4920	7044
9.4960	6749
9.5000	6930
9.5040	7408
9.5080	7522
9.5120	7034
9.5160	7298
9.5200	7375
9.5240	7401
9.5280	6726
9.5320	6711
9.5360	6727
9.5400	7043
9.5440	7408
9.5480	7329
9.5520	6944
9.5560	6977
9.5600	7246
9.5640	6575
9.5680	6694
9.5720	7029
9.5760	7227
9.5800	7026
9.5840	6836
9.5880	7496
9.5920	7397
9.5960	7291
9.6000	7037
9.6040	6671
9.6080	6530
9.6120	7529
9.6160	7273
9.6200	6678
9.6240	6746
9.6280	7380
9.6320	7185
9.6360	6662
9.6400	6896
9.6440	7456
9.6480	6876
9.6520	7053
9.6560	7516
9.6600	7092
9.6640	7111
9.6680	7431
9.6720	7451
9.6760	6444
9.6800	7317
9.6840	7342
9.6880	6730
9.6920	7329
9.6960	6754
9.7000	7104
9.7040	7023
9.7080	7006
9.7120	7207
9.7160	6782
9.7200	7226
9.7240	7403
9.7280	7250
9.7320	7438
9.7360	6908
9.7400	7405
9.7440	6563
9.7480	6892
9.7520	7338
9.7560	6839
9.7600	6839
9.7640	7190
9.7680	6872
9.7720	7181
9.7760	7326
9.7800	7133
9.7840	6811
9.7880	6806
9.7920	6934
9.7960	6847
9.8000	7435
9.8040	6757
9.8080	7055
9.8120	7098
9.8160	7187
9.8200	7228
9.8240	6884
9.8280	6544
9.8320	6676
9.8360	7428
9.8400	7342
9.8440	7262
9.8480	7464
9.8520	7531
9.8560	7248
9.8600	6933
9.8640	6748
9.8680	6771
9.8720	7360
9.8760	6916
9.8800	7427
9.8840	7252
9.8880	7137
9.8920	6931
9.8960	6722
9.9000	6984
9.9040	6640
9.9080	7283
9.9120	7561
9.9160	7319
9.9200	7330
9.9240	7347
9.9280	7222
9.9320	7083
9.9360	6664
9.9400	6603
9.9440	7249
9.9480	7353
9.9520	6618
9.9560	7086
9.9600	7268
9.9640	7575
9.9680	6716
9.9720	6816
9.9760	6716
9.9800	7460
9.9840	7241
9.9880	6780
9.9920	6785
9.9960	7379
10.0000	7151
10.0040	6563
10.0080	6706
10.0120	7228
10.0160	7300
10.0200	7026
10.0240	6779
10.0280	6758
10.0320	7443
10.0360	7584
10.0400	7326
10.0440	6592
10.0480	7276
10.0520	7420
10.0560	7220
10.0600	7037
10.0640	7394
10.0680	7236
10.0720	7499
10.0760	6787
10.0800	6899
10.0840	7260
10.0880	7320
10.0920	7301
10.0960	6989
10.1000	6915
10.1040	7335
10.1080	7384
10.1120	6769
10.1160	6537
10.1200	7208
10.1240	6802
10.1280	6910
10.1320	7292
10.1360	6815
10.1400	7030
10.1440	7406
10.1480	7020
10.1520	6817
10.1560	7178
10.1600	7375
10.1640	7182
10.1680	7374
10.1720	6731
10.1760	7375
10.1800	7460
10.1840	6794
10.1880	6853
10.1920	7363
10.1960	7447
10.2000	7293
10.2040	7470
10.2080	7411
10.2120	7495
10.2160	7585
10.2200	7274
10.2240	6526
10.2280	6994
10.2320	7432
10.2360	6862
10.2400	6718
10.2440	7405
10.2480	7253
10.2520	7114
10.2560	6628
10.2600	6668
10.2640	6913
10.2680	7161
10.2720	7342
10.2760	6557
10.2800	6877
10.2840	6972
10.2880	7280
10.2920	6563
10.2960	6751
10.3000	7433
10.3040	6669
10.3080	6693
10.3120	7206
10.3160	7240
10.3200	6836
10.3240	7160
10.3280	6557
10.3320	6581
10.3360	7302
10.3400	7487
10.3440	6364
10.3480	6539
10.3520	7473
10.3560	6860
10.3600	6490
10.3640	7343
10.3680	7380
10.3720	7071
10.3760	6652
10.3800	6701
10.3840	6693
10.3880	6998
10.3920	7383
10.3960	7010
10.4000	6996
10.4040	7417
10.4080	7505
10.4120	6716
10.4160	6552
10.4200	7297
10.4240	7472
10.4280	6678
10.4320	6948
10.4360	7457
10.4400	7333
10.4440	6964
10.4480	6598
10.4520	6452
10.4560	7021
10.4600	7154
10.4640	6552
10.4680	6530
10.4720	7062
10.4760	7236
10.4800	7496
10.4840	6496
10.4880	7085
10.4920	7362
10.4960	7264
10.5000	6645
10.5040	6689
10.5080	7033
10.5120	7374
10.5160	7232
10.5200	7032
10.5240	6716
10.5280	7271
10.5320	7301
10.5360	6575
10.5400	6498
10.5440	7468
10.5480	7153
10.5520	7055
10.5560	7019
10.5600	7376
10.5640	7382
10.5680	6596
10.5720	6844
10.5760	7224
10.5800	7322
10.5840	6944
10.5880	7315
10.5920	6739
10.5960	6967
10.6000	7265
10.6040	6953
10.6080	6874
10.6120	7184
10.6160	7142
10.6200	7357
10.6240	6876
10.6280	6970
10.6320	6784
10.6360	6978
10.6400	7263
10.6440	6531
10.6480	6931
10.6520	7331
10.6560	7158
10.6600	6672
10.6640	6565
10.6680	7496
10.6720	7066
10.6760	6650
10.6800	6487
10.6840	6641
10.6880	6571
10.6920	7131
10.6960	7247
10.7000	6869
10.7040	6973
10.7080	7366
10.7120	6743
10.7160	6820
10.7200	6682
10.7240	7043
10.7280	6531
10.7320	6537
10.7360	7442
10.7400	7344
10.7440	7238
10.7480	7106
10.7520	6717
10.7560	6954
10.7600	6771
10.7640	7131
10.7680	6576
10.7720	6660
10.7760	7479
10.7800	7362
10.7840	6698
10.7880	6543
10.7920	6914
10.7960	6924
10.8000	6728
10.8040	6795
10.8080	6901
10.8120	6938
10.8160	7252
10.8200	7200
10.8240	6530
10.8280	6611
10.8320	7272
10.8360	7274
10.8400	6592
10.8440	6451
10.8480	7370
10.8520	7089
10.8560	6925
10.8600	7106
10.8640	7420
10.8680	7281
10.8720	7352
10.8760	6740
10.8800	6597
10.8840	7064
10.8880	7389
10.8920	6871
10.8960	6665
10.9000	7417
10.9040	7255
10.9080	6735
10.9120	6875
10.9160	7544
10.9200	6915
10.9240	6698
10.9280	7291
10.9320	7377
10.9360	7010
10.9400	7359
10.9440	6829
10.9480	6811
10.9520	7101
10.9560	7621
10.9600	6715
10.9640	6652
10.9680	7467
10.9720	7284
10.9760	6506
10.9800	6744
10.9840	7182
10.9880	6988
10.9920	6756
10.9960	6636
11.0000	6902
11.0040	6527
11.0080	7233
11.0120	7391
11.0160	6395
11.0200	6935
11.0240	7287
11.0280	6772
11.0320	7067
11.0360	6909
11.0400	7197
11.0440	6866
11.0480	6755
11.0520	7071
11.0560	6730
11.0600	6806
11.0640	6553
11.0680	6696
11.0720	6582
11.0760	7069
11.0800	7060
11.0840	6483
11.0880	6742
11.0920	7492
11.0960	7438
11.1000	6703
11.1040	6680
11.1080	7143
11.1120	7158
11.1160	6621
11.1200	6629
11.1240	6601
11.1280	6976
11.1320	7379
11.1360	6776
11.1400	6729
11.1440	6574
11.1480	7427
11.1520	7003
11.1560	6612
11.1600	6656
11.1640	7534
11.1680	7274
11.1720	6558
11.1760	6959
11.1800	6684
11.1840	6858
11.1880	7107
11.1920	6939
11.1960	6517
11.2000	7402
11.2040	6968
11.2080	7376
11.2120	6742
11.2160	7420
11.2200	7096
11.2240	6627
11.2280	6746
11.2320	7244
11.2360	7405
11.2400	7296
11.2440	7526
11.2480	6776
11.2520	6747
11.2560	7564
11.2600	7346
11.2640	6590
11.2680	7398
11.2720	6977
11.2760	7192
11.2800	7419
11.2840	6845
11.2880	7027
11.2920	7508
11.2960	7470
11.3000	7161
11.3040	7127
11.3080	7213
11.3120	7093
11.3160	6842
11.3200	6625
11.3240	7252
11.3280	7116
11.3320	6770
11.3360	6809
11.3400	7158
11.3440	7256
11.3480	7090
11.3520	6931
11.3560	6601
11.3600	7068
11.3640	7382
11.3680	6499
11.3720	7259
11.3760	6699
11.3800	7354
11.3840	7122
11.3880	6937
11.3920	6589
11.3960	6795
11.4000	6575
11.4040	6595
11.4080	7291
11.4120	6755
11.4160	7448
11.4200	7364
11.4240	6817
11.4280	6654
11.4320	6810
11.4360	6615
11.4400	7412
11.4440	6889
11.4480	6704
11.4520	7181
11.4560	7031
11.4600	6977
11.4640	7156
11.4680	6911
11.4720	6662
11.4760	7131
11.4800	6941
11.4840	6888
11.4880	7322
11.4920	7215
11.4960	6646
11.5000	7463
11.5040	7286
11.5080	6604
11.5120	6704
11.5160	6921
11.5200	7156
11.5240	6704
11.5280	6719
11.5320	7309
11.5360	7370
11.5400	7172
11.5440	7435
11.5480	6592
11.5520	6763
11.5560	6774
11.5600	7084
11.5640	6556
11.5680	7568
11.5720	6765
11.5760	7409
11.5800	6735
11.5840	7239
11.5880	6938
11.5920	6850
11.5960	6816
11.6000	7549
11.6040	7357
11.6080	7039
11.6120	7287
11.6160	6735
11.6200	6626
11.6240	7472
11.6280	7567
11.6320	6719
11.6360	6997
11.6400	7531
11.6440	7361
11.6480	7396
11.6520	7318
11.6560	7094
11.6600	7416
11.6640	7249
11.6680	7235
11.6720	6830
11.6760	6869
11.6800	7363
11.6840	6478
11.6880	6760
11.6920	7108
11.6960	6977
11.7000	7268
11.7040	7017
11.7080	6460
11.7120	6651
11.7160	6560
11.7200	6700
11.7240	6692
11.7280	6966
11.7320	7503
11.7360	7095
11.7400	6591
11.7440	6574
11.7480	7006
11.7520	6461
11.7560	6608
11.7600	6535
11.7640	6625
11.7680	6593
11.7720	6821
11.7760	6570
11.7800	6636
11.7840	6656
11.7880	7283
11.7920	6652
11.7960	7044
11.8000	6578
11.8040	7344
11.8080	7005
11.8120	6604
11.8160	6795
11.8200	6690
11.8240	6591
11.8280	6750
11.8320	7063
11.8360	6925
11.8400	7477
11.8440	7184
11.8480	6610
11.8520	6878
11.8560	7173
11.8600	7294
11.8640	6585
11.8680	6654
11.8720	7126
11.8760	6993
11.8800	7137
11.8840	7024
11.8880	6679
11.8920	6520
11.8960	7390
11.9000	7131
11.9040	6889
11.9080	7089
11.9120	6724
11.9160	7110
11.9200	6677
11.9240	6919
11.9280	7568
11.9320	6706
11.9360	6924
11.9400	7204
11.9440	7318
11.9480	7366
11.9520	7276
11.9560	6855
11.9600	6668
11.9640	7463
11.9680	6972
11.9720	7116
11.9760	6624
11.9800	7212
11.9840	7206
11.9880	7415
11.9920	7378
11.9960	7365
12.0000	7026
12.0040	6707
12.0080	6845
12.0120	6730
12.0160	7238
12.0200	6686
12.0240	7386
12.0280	6737
12.0320	7063
12.0360	7056
12.0400	6752
12.0440	6696
12.0480	6910
12.0520	7339
12.0560	7373
12.0600	7304
12.0640	6711
12.0680	7120
12.0720	7019
12.0760	6575
12.0800	6873
12.0840	6712
12.0880	7458
12.0920	7446
12.0960	7280
12.1000	7359
12.1040	7239
12.1080	7266
12.1120	6384
12.1160	6665
12.1200	6624
12.1240	7246
12.1280	7355
12.1320	7374
12.1360	7343
12.1400	7266
12.1440	7082
12.1480	6714
12.1520	6970
12.1560	6644
12.1600	6926
12.1640	7445
12.1680	7300
12.1720	7158
12.1760	7285
12.1800	6715
12.1840	6658
12.1880	6606
12.1920	6882
12.1960	7528
12.2000	7459
12.2040	7212
12.2080	7390
12.2120	7460
12.2160	6871
12.2200	6595
12.2240	7157
12.2280	7045
12.2320	6633
12.2360	6981
12.2400	7307
12.2440	7313
12.2480	6949
12.2520	6752
12.2560	6560
12.2600	6570
12.2640	7244
12.2680	6459
12.2720	6744
12.2760	7235
12.2800	7091
12.2840	7254
12.2880	6664
12.2920	6829
12.2960	6722
12.3000	6696
12.3040	7130
12.3080	7191
12.3120	7042
12.3160	7441
12.3200	7298
12.3240	6912
12.3280	6503
12.3320	7048
12.3360	6658
12.3400	6700
12.3440	7108
12.3480	7483
12.3520	7487
12.3560	7633
12.3600	7322
12.3640	6619
12.3680	6650
12.3720	7348
12.3760	6738
12.3800	6590
12.3840	7343
12.3880	7259
12.3920	7002
12.3960	7061
12.4000	7356
12.4040	7106
12.4080	6920
12.4120	7033
12.4160	6463
12.4200	6511
12.4240	7165
12.4280	7287
12.4320	6598
12.4360	6770
12.4400	7183
12.4440	7326
12.4480	6552
12.4520	6770
12.4560	6971
12.4600	7264
12.4640	6930
12.4680	6919
12.4720	6809
12.4760	7347
12.4800	7496
12.4840	6506
12.4880	7440
12.4920	6976
12.4960	7440
12.5000	6904
12.5040	6550
12.5080	7298
12.5120	7320
12.5160	7118
12.5200	6609
12.5240	6934
12.5280	6506
12.5320	7361
12.5360	7140
12.5400	6600
12.5440	6488
12.5480	7415
12.5520	7358
12.5560	6705
12.5600	6701
12.5640	6983
12.5680	6834
12.5720	6618
12.5760	6592
12.5800	7025
12.5840	7076
12.5880	6994
12.5920	7046
12.5960	6457
12.6000	6882
12.6040	7003
12.6080	6859
12.6120	6708
12.6160	7517
12.6200	7072
12.6240	6705
12.6280	6564
12.6320	7339
12.6360	6794
12.6400	6576
12.6440	6554
12.6480	6658
12.6520	6579
12.6560	7456
12.6600	7273
12.6640	6533
12.6680	6618
12.6720	7386
12.6760	6747
12.6800	6988
12.6840	6719
12.6880	6934
12.6920	6872
12.6960	7445
12.7000	7436
12.7040	6990
12.7080	7168
12.7120	7431
12.7160	6606
12.7200	6797
12.7240	7016
12.7280	6990
12.7320	6686
12.7360	7278
12.7400	7135
12.7440	7120
12.7480	6567
12.7520	6972
12.7560	6784
12.7600	6453
12.7640	6765
12.7680	6855
12.7720	7202
12.7760	6715
12.7800	6821
12.7840	6666
12.7880	6745
12.7920	6474
12.7960	6670
12.8000	6423
12.8040	7094
12.8080	7152
12.8120	7398
12.8160	7161
12.8200	7198
12.8240	6499
12.8280	6482
12.8320	6810
12.8360	6674
12.8400	6506
12.8440	7286
12.8480	7286
12.8520	7395
12.8560	7208
12.8600	7062
12.8640	6952
12.8680	6530
12.8720	6813
12.8760	6922
12.8800	7305
12.8840	7321
12.8880	7388
12.8920	7431
12.8960	7104
12.9000	7056
12.9040	6919
12.9080	6966
12.9120	6752
12.9160	7474
12.9200	7092
12.9240	7212
12.9280	7135
12.9320	7239
12.9360	7331
12.9400	6771
12.9440	6718
12.9480	6510
12.9520	6941
12.9560	7383
12.9600	7440
12.9640	7047
12.9680	7359
12.9720	7141
12.9760	6989
12.9800	6680
12.9840	6866
12.9880	7407
12.9920	7259
12.9960	6788
13.0000	7446
13.0040	7336
13.0080	7157
13.0120	7314
13.0160	6774
13.0200	6625
13.0240	7416
13.0280	7292
13.0320	6898
13.0360	7189
13.0400	7359
13.0440	7410
13.0480	7127
13.0520	6784
13.0560	6801
13.0600	7399
13.0640	6838
13.0680	7318
13.0720	6657
13.0760	7331
13.0800	6978
13.0840	7123
13.0880	6748
13.0920	7591
13.0960	7321
13.1000	7061
13.1040	7135
13.1080	7177
13.1120	7357
13.1160	7314
13.1200	6913
13.1240	6535
13.1280	6915
13.1320	6723
13.1360	7149
13.1400	6560
13.1440	6959
13.1480	7136
13.1520	7263
13.1560	6699
13.1600	6803
13.1640	7273
13.1680	7283
13.1720	7544
13.1760	6834
13.1800	6780
13.1840	7309
13.1880	7225
13.1920	6956
13.1960	6481
13.2000	7318
13.2040	7216
13.2080	7042
13.2120	6675
13.2160	7337
13.2200	7271
13.2240	7361
13.2280	7332
13.2320	7277
13.2360	7321
13.2400	7421
13.2440	7446
13.2480	7119
13.2520	7352
13.2560	7136
13.2600	7343
13.2640	6658
13.2680	7048
13.2720	7060
13.2760	7354
13.2800	6823
13.2840	7397
13.2880	7433
13.2920	7127
13.2960	7110
13.3000	7111
13.3040	6528
13.3080	7313
13.3120	7100
13.3160	7393
13.3200	7448
13.3240	7060
13.3280	7298
13.3320	6611
13.3360	6811
13.3400	7151
13.3440	7319
13.3480	7055
13.3520	7369
13.3560	7256
13.3600	7409
13.3640	7309
13.3680	7221
13.3720	6709
13.3760	7362
13.3800	7426
13.3840	7275
13.3880	7525
13.3920	7236
13.3960	7585
13.4000	7191
13.4040	7364
13.4080	7328
13.4120	6753
13.4160	6970
13.4200	7358
13.4240	7536
13.4280	7437
13.4320	7424
13.4360	7458
13.4400	6966
13.4440	7287
13.4480	6918
13.4520	6450
13.4560	7234
13.4600	7246
13.4640	7224
13.4680	7320
13.4720	7207
13.4760	6638
13.4800	6518
13.4840	7322
13.4880	7046
13.4920	6679
13.4960	6897
13.5000	7313
13.5040	7286
13.5080	7601
13.5120	6792
13.5160	6783
13.5200	6993
13.5240	7459
13.5280	6695
13.5320	6612
13.5360	7229
13.5400	6896
13.5440	7377
13.5480	6521
13.5520	6943
13.5560	7283
13.5600	7019
13.5640	6577
13.5680	6700
13.5720	7480
13.5760	6997
13.5800	7615
13.5840	6727
13.5880	6587
13.5920	7071
13.5960	6925
13.6000	6652
13.6040	7196
13.6080	6798
13.6120	6767
13.6160	7230
13.6200	6590
13.6240	7085
13.6280	7329
13.6320	6689
13.6360	6695
13.6400	7385
13.6440	6621
13.6480	7007
13.6520	6770
13.6560	6529
13.6600	7171
13.6640	7355
13.6680	6743
13.6720	6895
13.6760	7209
13.6800	6788
13.6840	7125
13.6880	6679
13.6920	6999
13.6960	7606
13.7000	7011
13.7040	6784
13.7080	6572
13.7120	6986
13.7160	6949
13.7200	7011
13.7240	6968
13.7280	7141
13.7320	7345
13.7360	7433
13.7400	6649
13.7440	6780
13.7480	7544
13.7520	7520
13.7560	7444
13.7600	7224
13.7640	7216
13.7680	7387
13.7720	7561
13.7760	6715
13.7800	6826
13.7840	7390
13.7880	7490
13.7920	7279
13.7960	6958
13.8000	7240
13.8040	7254
13.8080	7158
13.8120	7000
13.8160	6685
13.8200	7202
13.8240	7230
13.8280	7288
13.8320	6840
13.8360	6847
13.8400	6928
13.8440	6770
13.8480	7012
13.8520	7373
13.8560	7125
13.8600	7332
13.8640	7355
13.8680	6785
13.8720	6668
13.8760	6832
13.8800	6627
13.8840	6710
13.8880	7278
13.8920	6877
13.8960	7407
13.9000	7301
13.9040	7217
13.9080	7219
13.9120	7034
13.9160	6712
13.9200	6691
13.9240	7055
13.9280	7487
13.9320	7146
13.9360	7260
13.9400	7380
13.9440	7365
13.9480	6993
13.9520	6747
13.9560	6738
13.9600	6845
13.9640	7486
13.9680	7019
13.9720	7214
13.9760	7180
13.9800	7564
13.9840	6538
13.9880	6665
13.9920	6579
13.9960	7246
14.0000	7249
14.0040	7342
14.0080	7424
14.0120	7305
14.0160	7399
14.0200	7328
14.0240	6610
14.0280	6408
14.0320	7325
14.0360	7278
14.0400	7120
14.0440	7268
14.0480	7417
14.0520	7336
14.0560	7344
14.0600	6930
14.0640	6879
14.0680	7010
14.0720	7349
14.0760	7052
14.0800	7009
14.0840	7446
14.0880	7133
14.0920	7376
14.0960	7061
14.1000	7542
14.1040	7372
14.1080	7102
14.1120	6714
14.1160	7079
14.1200	7578
14.1240	7059
14.1280	7331
14.1320	6714
14.1360	7295
14.1400	7302
14.1440	7215
14.1480	6709
14.1520	6899
14.1560	7352
14.1600	6869
14.1640	7069
14.1680	6545
14.1720	7117
14.1760	7339
14.1800	7114
14.1840	6457
14.1880	7007
14.1920	7312
14.1960	7276
14.2000	6644
14.2040	6705
14.2080	7115
14.2120	7244
14.2160	7179
14.2200	6695
14.2240	6943
14.2280	6820
14.2320	7273
14.2360	6520
14.2400	6507
14.2440	7231
14.2480	7217
14.2520	7223
14.2560	7129
14.2600	7368
14.2640	7234
14.2680	7351
14.2720	6705
14.2760	6668
14.2800	7430
14.2840	7398
14.2880	6518
14.2920	6741
14.2960	7347
14.3000	7034
14.3040	7132
14.3080	6664
14.3120	6798
14.3160	7058
14.3200	7395
14.3240	6977
14.3280	6655
14.3320	7343
14.3360	6836
14.3400	7328
14.3440	6966
14.3480	7219
14.3520	7228
14.3560	6642
14.3600	6548
14.3640	7021
14.3680	7274
14.3720	7210
14.3760	7380
14.3800	6810
14.3840	7121
14.3880	7275
14.3920	7194
14.3960	6678
14.4000	7087
14.4040	7291
14.4080	7151
14.4120	7211
14.4160	6875
14.4200	7027
14.4240	7418
14.4280	7262
14.4320	6765
14.4360	6892
14.4400	7445
14.4440	7150
14.4480	7267
14.4520	6744
14.4560	6743
14.4600	7428
14.4640	7370
14.4680	6784
14.4720	6619
14.4760	7238
14.4800	7494
14.4840	7272
14.4880	6919
14.4920	7396
14.4960	7438
14.5000	7254
14.5040	6755
14.5080	6658
14.5120	6737
14.5160	7226
14.5200	7316
14.5240	7120
14.5280	7439
14.5320	7293
14.5360	6485
14.5400	6692
14.5440	6644
14.5480	7250
14.5520	7096
14.5560	7094
14.5600	7011
14.5640	7087
14.5680	7289
14.5720	7421
14.5760	6530
14.5800	6780
14.5840	7244
14.5880	6984
14.5920	6591
14.5960	7196
14.6000	7441
14.6040	7355
14.6080	7127
14.6120	6808
14.6160	6767
14.6200	7103
14.6240	7009
14.6280	6581
14.6320	7084
14.6360	7124
14.6400	7308
14.6440	6785
14.6480	6881
14.6520	7445
14.6560	6904
14.6600	6707
14.6640	6979
14.6680	7489
14.6720	7403
14.6760	7502
14.6800	6792
14.6840	6852
14.6880	7445
14.6920	7256
14.6960	6620
14.7000	6605
14.7040	7343
14.7080	7096
14.7120	7140
14.7160	6999
14.7200	7345
14.7240	7329
14.7280	7272
14.7320	6667
14.7360	6667
14.7400	7191
14.7440	7370
14.7480	7226
14.7520	7521
14.7560	7045
14.7600	7329
14.7640	6598
14.7680	6917
14.7720	6723
14.7760	7212
14.7800	7227
14.7840	7083
14.7880	7043
14.7920	7360
14.7960	7402
14.8000	6813
14.8040	6898
14.8080	6576
14.8120	7373
14.8160	7084
14.8200	7436
14.8240	6886
14.8280	7286
14.8320	7322
14.8360	6587
14.8400	7185
14.8440	6753
14.8480	7378
14.8520	7337
14.8560	7333
14.8600	7233
14.8640	7411
14.8680	7274
14.8720	6840
14.8760	6800
14.8800	6544
14.8840	7173
14.8880	7047
14.8920	6705
14.8960	7294
14.9000	6959
14.9040	6862
14.9080	6616
14.9120	6418
14.9160	6800
14.9200	7115
14.9240	7423
14.9280	6926
14.9320	7287
14.9360	6807
14.9400	7197
14.9440	6263
14.9480	7000
14.9520	6620
14.9560	7301
14.9600	7235
14.9640	7043
14.9680	7434
14.9720	7308
14.9760	7504
14.9800	6480
14.9840	7109
14.9880	6633
14.9920	7490
14.9960	7320
15.0000	7147
15.0040	7459
15.0080	7234
15.0120	7417
15.0160	6842
15.0200	6506
15.0240	6892
15.0280	7448
15.0320	7339
15.0360	7162
15.0400	7495
15.0440	7112
15.0480	7365
15.0520	6961
15.0560	6601
15.0600	6884
15.0640	7419
15.0680	7308
15.0720	6732
15.0760	7258
15.0800	7152
15.0840	7171
15.0880	7200
15.0920	6901
15.0960	6610
15.1000	6622
15.1040	6877
15.1080	6844
15.1120	7353
15.1160	6860
15.1200	7169
15.1240	6809
15.1280	6746
15.1320	7192
15.1360	6729
15.1400	6795
15.1440	6834
15.1480	7249
15.1520	7329
15.1560	7316
15.1600	7115
15.1640	6599
15.1680	6918
15.1720	7328
15.1760	6614
15.1800	6606
15.1840	7515
15.1880	7169
15.1920	6789
15.1960	6589
15.2000	7183
15.2040	7247
15.2080	6750
15.2120	6855
15.2160	6461
15.2200	6559
15.2240	6963
15.2280	7178
15.2320	7027
15.2360	7303
15.2400	7290
15.2440	6558
15.2480	6488
15.2520	6618
15.2560	6637
15.2600	6461
15.2640	6983
15.2680	7404
15.2720	7377
15.2760	6825
15.2800	6605
15.2840	6876
15.2880	6740
15.2920	7393
15.2960	6687
15.3000	6718
15.3040	7304
15.3080	7417
15.3120	6762
15.3160	6567
15.3200	6563
15.3240	6937
15.3280	7055
15.3320	6577
15.3360	6706
15.3400	7299
15.3440	6808
15.3480	7190
15.3520	6612
15.3560	6933
15.3600	7310
15.3640	7301
15.3680	6955
15.3720	7207
15.3760	7511
15.3800	7169
15.3840	7161
15.3880	6789
15.3920	7183
15.3960	7258
15.4000	6912
15.4040	6801
15.4080	7471
15.4120	6938
15.4160	7205
15.4200	7050
15.4240	6731
15.4280	6949
15.4320	7453
15.4360	7181
15.4400	6632
15.4440	6965
15.4480	7011
15.4520	7124
15.4560	7250
15.4600	7169
15.4640	7584
15.4680	6945
15.4720	6827
15.4760	6587
15.4800	6726
15.4840	7467
15.4880	6678
15.4920	7298
15.4960	6844
15.5000	7208
15.5040	7295
15.5080	6733
15.5120	6624
15.5160	6585
15.5200	6987
15.5240	7332
15.5280	7376
15.5320	6907
15.5360	6847
15.5400	7385
15.5440	6780
15.5480	6991
15.5520	6779
15.5560	6793
15.5600	7106
15.5640	6790
15.5680	6615
15.5720	6450
15.5760	6623
15.5800	6542
15.5840	7198
15.5880	7283
15.5920	6536
15.5960	6947
15.6000	6560
15.6040	6550
15.6080	6995
15.6120	7196
15.6160	6898
15.6200	6661
15.6240	6879
15.6280	6540
15.6320	7345
15.6360	7293
15.6400	7019
15.6440	6928
15.6480	6842
15.6520	6761
15.6560	6852
15.6600	6507
15.6640	7031
15.6680	7307
15.6720	7194
15.6760	7321
15.6800	7384
15.6840	7375
15.6880	6673
15.6920	7134
15.6960	6750
15.7000	7334
15.7040	7465
15.7080	6886
15.7120	7368
15.7160	7386
15.7200	7406
15.7240	6955
15.7280	7093
15.7320	7044
15.7360	7034
15.7400	7190
15.7440	7274
15.7480	7213
15.7520	7202
15.7560	7271
15.7600	6895
15.7640	6800
15.7680	6678
15.7720	6992
15.7760	6752
15.7800	6785
15.7840	7404
15.7880	7152
15.7920	7393
15.7960	6785
15.8000	6775
15.8040	6572
15.8080	6799
15.8120	6511
15.8160	7221
15.8200	7317
15.8240	7340
15.8280	6870
15.8320	6631
15.8360	7013
15.8400	7237
15.8440	6514
15.8480	6629
15.8520	6991
15.8560	7278
15.8600	7108
15.8640	7118
15.8680	6958
15.8720	6694
15.8760	6617
15.8800	6594
15.8840	7113
15.8880	6715
15.8920	7508
15.8960	7286
15.9000	6559
15.9040	6721
15.9080	6712
15.9120	6709
15.9160	6648
15.9200	6715
15.9240	7292
15.9280	7240
15.9320	7208
15.9360	6436
15.9400	6563
15.9440	7071
15.9480	6881
15.9520	6457
15.9560	6484
15.9600	7207
15.9640	7337
15.9680	6974
15.9720	6821
15.9760	6480
15.9800	6922
15.9840	7026
15.9880	6750
15.9920	6519
15.9960	7550
16.0000	7065
16.0040	7213
16.0080	6560
16.0120	7061
16.0160	6929
16.0200	6888
16.0240	6845
16.0280	6937
16.0320	7317
16.0360	7125
16.0400	7505
16.0440	6545
16.0480	6922
16.0520	7524
16.0560	7318
16.0600	6837
16.0640	6941
16.0680	7470
16.0720	7281
16.0760	7478
16.0800	7022
16.0840	6872
16.0880	7495
16.0920	7607
16.0960	6943
16.1000	6809
16.1040	7537
16.1080	7452
16.1120	7356
16.1160	6763
16.1200	6797
16.1240	7457
16.1280	7429
16.1320	7161
16.1360	7005
16.1400	7297
16.1440	7084
16.1480	7036
16.1520	6772
16.1560	6842
16.1600	7378
16.1640	7134
16.1680	7096
16.1720	7096
16.1760	7414
16.1800	7077
16.1840	6784
16.1880	7251
16.1920	6668
16.1960	7405
16.2000	7286
16.2040	6468
16.2080	6796
16.2120	7152
16.2160	7399
16.2200	6639
16.2240	7118
16.2280	6584
16.2320	7142
16.2360	7162
16.2400	6457
16.2440	6711
16.2480	7501
16.2520	7214
16.2560	6986
16.2600	6542
16.2640	6674
16.2680	7030
16.2720	6763
16.2760	6543
16.2800	6987
16.2840	7264
16.2880	6925
16.2920	6582
16.2960	6433
16.3000	6519
16.3040	6427
16.3080	6478
16.3120	6441
16.3160	6502
16.3200	7161
16.3240	7193
16.3280	6661
16.3320	6664
16.3360	6999
16.3400	6814
16.3440	6516
16.3480	6983
16.3520	7390
16.3560	7273
16.3600	6644
16.3640	6693
16.3680	6526
16.3720	6673
16.3760	6867
16.3800	6526
16.3840	6774
16.3880	7503
16.3920	7495
16.3960	6639
16.4000	6955
16.4040	7447
16.4080	6879
16.4120	6625
16.4160	6832
16.4200	7546
16.4240	7527
16.4280	7430
16.4320	7238
16.4360	6803
16.4400	7366
16.4440	7310
16.4480	6895
16.4520	7092
16.4560	7569
16.4600	7414
16.4640	7004
16.4680	6909
16.4720	7179
16.4760	7056
16.4800	7140
16.4840	6890
16.4880	7039
16.4920	7393
16.4960	7267
16.5000	6763
16.5040	6905
16.5080	7146
16.5120	7345
16.5160	6798
16.5200	6911
16.5240	7197
16.5280	7220
16.5320	7147
16.5360	7102
16.5400	6523
16.5440	7024
16.5480	7241
16.5520	6730
16.5560	6840
16.5600	7418
16.5640	7186
16.5680	7150
16.5720	7492
16.5760	6593
16.5800	6573
16.5840	7064
16.5880	6847
16.5920	6668
16.5960	6881
16.6000	7349
16.6040	7251
16.6080	7245
16.6120	7099
16.6160	6604
16.6200	6678
16.6240	6723
16.6280	6559
16.6320	6519
16.6360	7351
16.6400	7031
16.6440	6846
16.6480	6610
16.6520	7069
16.6560	6627
16.6600	6468
16.6640	6836
16.6680	6513
16.6720	6888
16.6760	7334
16.6800	7009
16.6840	6664
16.6880	6623
16.6920	7455
16.6960	6414
16.7000	7505
16.7040	6803
16.7080	7479
16.7120	7397
16.7160	6794
16.7200	6453
16.7240	6758
16.7280	6983
16.7320	6598
16.7360	6982
16.7400	7049
16.7440	6996
16.7480	7404
16.7520	7129
16.7560	6831
16.7600	7185
16.7640	7205
16.7680	6633
16.7720	7338
16.7760	6845
16.7800	6857
16.7840	6661
16.7880	6595
16.7920	7463
16.7960	7347
16.8000	7412
16.8040	6736
16.8080	7277
16.8120	6772
16.8160	7152
16.8200	7351
16.8240	6758
16.8280	7199
16.8320	6569
16.8360	7132
16.8400	6425
16.8440	6760
16.8480	6563
16.8520	6573
16.8560	6977
16.8600	7267
16.8640	7405
16.8680	7252
16.8720	7414
16.8760	6781
16.8800	6989
16.8840	6923
16.8880	7433
16.8920	6658
16.8960	7070
16.9000	6994
16.9040	7128
16.9080	7269
16.9120	7262
16.9160	7087
16.9200	6678
16.9240	7225
16.9280	7459
16.9320	7150
16.9360	7424
16.9400	7302
16.9440	7344
16.9480	6708
16.9520	7398
16.9560	7276
16.9600	6724
16.9640	6568
16.9680	7237
16.9720	7346
16.9760	7435
16.9800	7416
16.9840	7348
16.9880	6904
16.9920	6863
16.9960	6612
17.0000	6553
17.0040	6781
17.0080	7331
17.0120	7319
17.0160	6914
17.0200	6902
17.0240	6555
17.0280	6633
17.0320	6524
17.0360	6693
17.0400	7282
17.0440	7392
17.0480	7134
17.0520	7181
17.0560	6789
17.0600	6700
17.0640	6302
17.0680	6591
17.0720	6426
17.0760	6758
17.0800	7066
17.0840	6691
17.0880	6603
17.0920	6819
17.0960	6734
17.1000	6773
17.1040	6747
17.1080	6712
17.1120	6812
17.1160	6792
17.1200	7135
17.1240	6914
17.1280	7038
17.1320	7139
17.1360	6710
17.1400	6986
17.1440	6737
17.1480	6833
17.1520	6989
17.1560	7056
17.1600	7424
17.1640	7412
17.1680	7295
17.1720	6725
17.1760	6684
17.1800	6805
17.1840	6907
17.1880	7175
17.1920	7092
17.1960	6886
17.2000	7340
17.2040	7371
17.2080	6682
17.2120	6714
17.2160	6863
17.2200	6801
17.2240	7384
17.2280	7281
17.2320	7134
17.2360	7248
17.2400	7486
17.2440	7086
17.2480	6573
17.2520	6655
17.2560	7173
17.2600	7298
17.2640	7236
17.2680	6963
17.2720	7346
17.2760	7218
17.2800	7277
17.2840	6714
17.2880	6609
17.2920	7272
17.2960	7350
17.3000	6742
17.3040	7014
17.3080	7456
17.3120	7431
17.3160	7340
17.3200	6731
17.3240	6617
17.3280	7439
17.3320	7406
17.3360	6593
17.3400	6904
17.3440	7084
17.3480	7180
17.3520	6699
17.3560	6694
17.3600	7075
17.3640	7272
17.3680	7313
17.3720	6558
17.3760	6562
17.3800	7313
17.3840	7310
17.3880	6846
17.3920	6562
17.3960	6729
17.4000	7296
17.4040	7285
17.4080	6657
17.4120	6846
17.4160	6962
17.4200	6926
17.4240	6563
17.4280	6667
17.4320	7097
17.4360	7277
17.4400	7090
17.4440	7028
17.4480	7067
17.4520	7157
17.4560	7225
17.4600	6648
17.4640	6930
17.4680	6968
17.4720	7393
17.4760	7479
17.4800	7110
17.4840	7534
17.4880	7267
17.4920	6817
17.4960	6728
17.5000	6754
17.5040	6686
17.5080	7074
17.5120	7406
17.5160	7098
17.5200	7008
17.5240	7268
17.5280	7016
17.5320	6940
17.5360	6646
17.5400	7349
17.5440	6978
17.5480	6640
17.5520	7254
17.5560	7264
17.5600	6895
17.5640	6862
17.5680	6776
17.5720	6520
17.5760	7057
17.5800	7252
17.5840	6973
17.5880	6512
17.5920	7491
17.5960	7220
17.6000	6487
17.6040	6415
17.6080	6998
17.6120	7102
17.6160	7350
17.6200	7381
17.6240	7131
17.6280	6649
17.6320	7151
17.6360	6910
17.6400	6685
17.6440	7087
17.6480	7368
17.6520	7209
17.6560	7362
17.6600	7467
17.6640	7272
17.6680	6725
17.6720	6628
17.6760	6810
17.6800	6858
17.6840	7274
17.6880	7359
17.6920	7349
17.6960	7452
17.7000	7435
17.7040	6758
17.7080	6454
17.7120	6674
17.7160	7160
17.7200	7106
17.7240	7344
17.7280	7296
17.7320	7325
17.7360	7175
17.7400	6857
17.7440	6686
17.7480	6694
17.7520	7012
17.7560	7481
17.7600	7165
17.7640	7410
17.7680	7330
17.7720	7385
17.7760	6661
17.7800	7369
17.7840	6874
17.7880	7325
17.7920	7233
17.7960	7401
17.8000	7471
17.8040	7510
17.8080	7249
17.8120	6756
17.8160	7190
17.8200	6742
17.8240	7434
17.8280	7301
17.8320	7199
17.8360	6803
17.8400	7494
17.8440	7466
17.8480	6596
17.8520	6937
17.8560	6831
17.8600	7192
17.8640	6697
17.8680	6726
17.8720	6768
17.8760	7384
17.8800	7366
17.8840	6843
17.8880	6938
17.8920	6535
17.8960	6920
17.9000	6602
17.9040	6534
17.9080	7032
17.9120	7520
17.9160	7211
17.9200	6515
17.9240	6876
17.9280	6593
17.9320	6962
17.9360	7154
17.9400	6859
17.9440	7558
17.9480	7097
17.9520	7200
17.9560	6528
17.9600	7046
17.9640	6410
17.9680	7354
17.9720	7202
17.9760	6846
17.9800	7317
17.9840	6869
17.9880	6981
17.9920	7018
17.9960	6780
18.0000	7018
18.0040	7345
18.0080	7383
18.0120	7216
18.0160	7461
18.0200	7231
18.0240	7476
18.0280	6661
18.0320	6706
18.0360	7304
18.0400	7413
18.0440	7141
18.0480	7356
18.0520	7335
18.0560	7313
18.0600	7242
18.0640	7378
18.0680	6778
18.0720	6748
18.0760	7152
18.0800	7172
18.0840	7053
18.0880	7036
18.0920	6993
18.0960	7198
18.1000	6648
18.1040	6425
18.1080	6717
18.1120	6643
18.1160	7109
18.1200	7342
18.1240	7050
18.1280	7100
18.1320	7472
18.1360	6613
18.1400	6631
18.1440	6672
18.1480	7063
18.1520	6887
18.1560	7100
18.1600	7401
18.1640	7468
18.1680	7220
18.1720	6645
18.1760	6760
18.1800	6477
18.1840	6602
18.1880	6868
18.1920	7221
18.1960	7454
18.2000	7404
18.2040	7275
18.2080	6787
18.2120	6630
18.2160	6495
18.2200	6497
18.2240	6504
18.2280	6621
18.2320	7306
18.2360	7405
18.2400	6886
18.2440	6814
18.2480	6462
18.2520	6487
18.2560	6655
18.2600	6788
18.2640	6576
18.2680	6835
18.2720	7314
18.2760	6636
18.2800	6602
18.2840	6734
18.2880	6798
18.2920	6523
18.2960	6647
18.3000	7120
18.3040	7258
18.3080	7086
18.3120	7167
18.3160	6679
18.3200	6535
18.3240	6803
18.3280	6519
18.3320	6661
18.3360	7066
18.3400	7475
18.3440	6769
18.3480	6666
18.3520	7359
18.3560	7343
18.3600	6804
18.3640	6567
18.3680	6742
18.3720	7331
18.3760	7154
18.3800	7361
18.3840	6973
18.3880	7173
18.3920	7319
18.3960	7300
18.4000	6554
18.4040	6744
18.4080	7405
18.4120	7438
18.4160	7021
18.4200	7356
18.4240	7242
18.4280	7207
18.4320	7050
18.4360	6661
18.4400	6898
18.4440	7451
18.4480	7092
18.4520	6819
18.4560	7144
18.4600	7220
18.4640	7064
18.4680	7076
18.4720	6568
18.4760	7198
18.4800	7118
18.4840	7184
18.4880	6728
18.4920	7238
18.4960	6853
18.5000	7222
18.5040	7046
18.5080	6640
18.5120	7036
18.5160	7471
18.5200	7387
18.5240	6607
18.5280	6769
18.5320	7259
18.5360	7224
18.5400	6934
18.5440	6953
18.5480	7578
18.5520	7478
18.5560	6697
18.5600	6956
18.5640	7323
18.5680	7314
18.5720	7339
18.5760	7138
18.5800	6598
18.5840	7348
18.5880	7464
18.5920	6545
18.5960	6682
18.6000	7192
18.6040	7317
18.6080	6970
18.6120	6842
18.6160	7052
18.6200	6708
18.6240	6935
18.6280	6673
18.6320	6611
18.6360	6750
18.6400	7057
18.6440	6788
18.6480	6706
18.6520	6752
18.6560	7277
18.6600	7097
18.6640	6546
18.6680	6622
18.6720	6723
18.6760	6535
18.6800	7161
18.6840	7147
18.6880	6672
18.6920	7182
18.6960	7463
18.7000	6888
18.7040	6827
18.7080	6551
18.7120	7215
18.7160	7283
18.7200	6908
18.7240	6992
18.7280	7542
18.7320	7422
18.7360	7312
18.7400	6712
18.7440	6770
18.7480	6921
18.7520	7433
18.7560	7322
18.7600	6778
18.7640	7333
18.7680	7197
18.7720	6855
18.7760	6606
18.7800	7548
18.7840	7056
18.7880	7359
18.7920	7032
18.7960	7429
18.8000	7298
18.8040	7328
18.8080	7396
18.8120	7312
18.8160	7352
18.8200	7174
18.8240	7197
18.8280	6745
18.8320	7397
18.8360	6733
18.8400	7136
18.8440	6855
18.8480	7377
18.8520	6995
18.8560	7407
18.8600	7051
18.8640	7098
18.8680	7254
18.8720	7346
18.8760	7116
18.8800	7253
18.8840	7093
18.8880	7160
18.8920	7189
18.8960	6710
18.9000	6555
18.9040	7374
18.9080	7587
18.9120	7149
18.9160	7415
18.9200	7416
18.9240	7412
18.9280	7014
18.9320	6747
18.9360	6615
18.9400	6811
18.9440	6951
18.9480	6587
18.9520	6587
18.9560	7321
18.9600	7422
18.9640	6689
18.9680	6541
18.9720	7111
18.9760	7366
18.9800	6239
18.9840	7127
18.9880	6519
18.9920	7360
18.9960	7258
19.0000	7081
19.0040	6476
19.0080	6787
19.0120	6615
19.0160	6678
19.0200	7204
19.0240	6578
19.0280	7222
19.0320	7121
19.0360	6602
19.0400	6486
19.0440	7226
19.0480	6822
19.0520	6852
19.0560	6798
19.0600	7311
19.0640	7486
19.0680	7411
19.0720	7092
19.0760	7043
19.0800	7287
19.0840	7419
19.0880	6679
19.0920	6709
19.0960	7468
19.1000	7361
19.1040	7071
19.1080	7009
19.1120	7394
19.1160	7229
19.1200	7351
19.1240	6794
19.1280	6771
19.1320	7129
19.1360	7291
19.1400	7360
19.1440	7118
19.1480	7485
19.1520	6919
19.1560	7465
19.1600	6868
19.1640	7310
19.1680	7332
19.1720	7420
19.1760	7225
19.1800	7389
19.1840	7172
19.1880	6904
19.1920	7391
19.1960	6689
19.2000	6624
19.2040	7355
19.2080	7359
19.2120	7425
19.2160	7214
19.2200	7349
19.2240	7462
19.2280	7478
19.2320	6737
19.2360	6812
19.2400	7532
19.2440	7448
19.2480	7304
19.2520	6721
19.2560	6920
19.2600	7451
19.2640	7343
19.2680	7115
19.2720	6773
19.2760	7192
19.2800	7335
19.2840	7091
19.2880	6625
19.2920	6697
19.2960	7049
19.3000	7042
19.3040	6884
19.3080	6676
19.3120	6694
19.3160	7280
19.3200	6782
19.3240	6411
19.3280	7264
19.3320	7215
19.3360	6640
19.3400	6974
19.3440	6628
19.3480	6917
19.3520	7103
19.3560	6625
19.3600	6629
19.3640	6500
19.3680	7356
19.3720	6541
19.3760	7512
19.3800	7024
19.3840	7041
19.3880	6916
19.3920	6750
19.3960	6684
19.4000	6901
19.4040	6990
19.4080	6594
19.4120	7241
19.4160	7145
19.4200	6678
19.4240	7274
19.4280	6641
19.4320	6503
19.4360	7132
19.4400	7345
19.4440	6782
19.4480	6804
19.4520	6734
19.4560	7126
19.4600	7000
19.4640	6714
19.4680	7102
19.4720	7354
19.4760	7287
19.4800	6857
19.4840	6671
19.4880	7140
19.4920	7185
19.4960	7316
19.5000	7213
19.5040	6559
19.5080	6816
19.5120	6947
19.5160	7315
19.5200	7104
19.5240	7470
19.5280	7162
19.5320	7436
19.5360	7178
19.5400	6764
19.5440	6440
19.5480	6872
19.5520	7200
19.5560	7480
19.5600	7317
19.5640	7118
19.5680	6946
19.5720	6932
19.5760	6609
19.5800	7071
19.5840	6606
19.5880	7253
19.5920	7272
19.5960	7239
19.6000	7474
19.6040	7381
19.6080	6800
19.6120	6562
19.6160	6578
19.6200	6596
19.6240	7210
19.6280	7469
19.6320	7467
19.6360	7161
19.6400	7009
19.6440	7281
19.6480	6606
19.6520	6618
19.6560	7014
19.6600	7162
19.6640	7316
19.6680	6866
19.6720	6646
19.6760	6526
19.6800	7249
19.6840	6988
19.6880	7319
19.6920	7229
19.6960	7365
19.7000	7001
19.7040	6560
19.7080	6564
19.7120	6861
19.7160	6528
19.7200	7395
19.7240	7013
19.7280	6616
19.7320	6454
19.7360	6629
19.7400	6494
19.7440	6761
19.7480	6581
19.7520	6720
19.7560	6806
19.7600	7089
19.7640	6659
19.7680	6870
19.7720	6655
19.7760	6635
19.7800	6700
19.7840	7154
19.7880	6651
19.7920	7060
19.7960	6775
19.8000	6843
19.8040	6993
19.8080	6767
19.8120	6651
19.8160	6686
19.8200	6798
19.8240	6659
19.8280	7272
19.8320	7320
19.8360	7113
19.8400	7237
19.8440	7556
19.8480	6702
19.8520	6816
19.8560	6626
19.8600	7306
19.8640	7089
19.8680	6892
19.8720	7246
19.8760	7585
19.8800	6756
19.8840	7007
19.8880	6593
19.8920	6739
19.8960	7441
19.9000	6675
19.9040	6643
19.9080	6982
19.9120	6615
19.9160	6924
19.9200	6384
19.9240	7326
19.9280	7037
19.9320	7161
19.9360	6939
19.9400	6841
19.9440	6609
19.9480	6635
19.9520	7126
19.9560	6670
19.9600	7397
19.9640	7279
19.9680	6810
19.9720	6801
19.9760	6728
19.9800	6618
19.9840	7000
19.9880	7150
19.9920	6618
19.9960	7102
