0.0000	7490
0.0050	7075
0.0100	7014
0.0150	6653
0.0200	7332
0.0250	7197
0.0300	6856
0.0350	7514
0.0400	6864
0.0450	6617
0.0500	6610
0.0550	7193
0.0600	7341
0.0650	6629
0.0700	7083
0.0750	6892
0.0800	7294
0.0850	7026
0.0900	6773
0.0950	6769
0.1000	6586
0.1050	7329
0.1100	6970
0.1150	7270
0.1200	6721
0.1250	6965
0.1300	6779
0.1350	6745
0.1400	6686
0.1450	7098
0.1500	6978
0.1550	7350
0.1600	6983
0.1650	6521
0.1700	6582
0.1750	6822
0.1800	6832
0.1850	6795
0.1900	7233
0.1950	7175
0.2000	7135
0.2050	6525
0.2100	6544
0.2150	6590
0.2200	6937
0.2250	7014
0.2300	6886
0.2350	7125
0.2400	6622
0.2450	6836
0.2500	7018
0.2550	7071
0.2600	7215
0.2650	6788
0.2700	6816
0.2750	6687
0.2800	6847
0.2850	6636
0.2900	6928
0.2950	6691
0.3000	6377
0.3050	6679
0.3100	6695
0.3150	6626
0.3200	7172
0.3250	7113
0.3300	6969
0.3350	6780
0.3400	6679
0.3450	6943
0.3500	6517
0.3550	7193
0.3600	7204
0.3650	7450
0.3700	7436
0.3750	6629
0.3800	6674
0.3850	7245
0.3900	7225
0.3950	7404
0.4000	6894
0.4050	7065
0.4100	7312
0.4150	6458
0.4200	6714
0.4250	7383
0.4300	7366
0.4350	6720
0.4400	6671
0.4450	7296
0.4500	6867
0.4550	6655
0.4600	7332
0.4650	7138
0.4700	6678
0.4750	6872
0.4800	6513
0.4850	6757
0.4900	6502
0.4950	6934
0.5000	6943
0.5050	6501
0.5100	6623
0.5150	6847
0.5200	7504
0.5250	7258
0.5300	7210
0.5350	6836
0.5400	7374
0.5450	6567
0.5500	6696
0.5550	6912
0.5600	7369
0.5650	6724
0.5700	7482
0.5750	7361
0.5800	6687
0.5850	6656
0.5900	7182
0.5950	7217
0.6000	6780
0.6050	6984
0.6100	6627
0.6150	6829
0.6200	6477
0.6250	6930
0.6300	7381
0.6350	6641
0.6400	7184
0.6450	6548
0.6500	6709
0.6550	7192
0.6600	7120
0.6650	7370
0.6700	6725
0.6750	7360
0.6800	6735
0.6850	6848
0.6900	7194
0.6950	7137
0.7000	7090
0.7050	6537
0.7100	7261
0.7150	7049
0.7200	6512
0.7250	7088
0.7300	6847
0.7350	6955
0.7400	6569
0.7450	7035
0.7500	7313
0.7550	6592
0.7600	7335
0.7650	6673
0.7700	6767
0.7750	7269
0.7800	6695
0.7850	7290
0.7900	7125
0.7950	6729
0.8000	7412
0.8050	6718
0.8100	6983
0.8150	7431
0.8200	7347
0.8250	6398
0.8300	7046
0.8350	7401
0.8400	6720
0.8450	6736
0.8500	6600
0.8550	7468
0.8600	6685
0.8650	6607
0.8700	7367
0.8750	6711
0.8800	6704
0.8850	6651
0.8900	6784
0.8950	6581
0.9000	6699
0.9050	6565
0.9100	6756
0.9150	6925
0.9200	6851
0.9250	6689
0.9300	6801
0.9350	6612
0.9400	6618
0.9450	6907
0.9500	7318
0.9550	6579
0.9600	6958
0.9650	6767
0.9700	6765
0.9750	6807
0.9800	6665
0.9850	6753
0.9900	6987
0.9950	6916
1.0000	6808
1.0050	6527
1.0100	6566
1.0150	6819
1.0200	6729
1.0250	6722
1.0300	6612
1.0350	6798
1.0400	7270
1.0450	6635
1.0500	7153
1.0550	7133
1.0600	6787
1.0650	6737
1.0700	6663
1.0750	7242
1.0800	7468
1.0850	6702
1.0900	7265
1.0950	6509
1.1000	7192
1.1050	6770
1.1100	6599
1.1150	7525
1.1200	7468
1.1250	6756
1.1300	6793
1.1350	6579
1.1400	6837
1.1450	6687
1.1500	7259
1.1550	7411
1.1600	6405
1.1650	7172
1.1700	7010
1.1750	6920
1.1800	7347
1.1850	7296
1.1900	6704
1.1950	6835
1.2000	7368
1.2050	7380
1.2100	6430
1.2150	6916
1.2200	7251
1.2250	7242
1.2300	7126
1.2350	7228
1.2400	7457
1.2450	6575
1.2500	6596
1.2550	6660
1.2600	7448
1.2650	6545
1.2700	6787
1.2750	7347
1.2800	6705
1.2850	6974
1.2900	6541
1.2950	6736
1.3000	6608
1.3050	6747
1.3100	6765
1.3150	6619
1.3200	6887
1.3250	6649
1.3300	6752
1.3350	6766
1.3400	6841
1.3450	6820
1.3500	6860
1.3550	7060
1.3600	6562
1.3650	6670
1.3700	6720
1.3750	7327
1.3800	6637
1.3850	7265
1.3900	6690
1.3950	7118
1.4000	6697
1.4050	6601
1.4100	7044
1.4150	6769
1.4200	7561
1.4250	6676
1.4300	6589
1.4350	6605
1.4400	6610
1.4450	6780
1.4500	6844
1.4550	7008
1.4600	6831
1.4650	6786
1.4700	7332
1.4750	7034
1.4800	7024
1.4850	6530
1.4900	6982
1.4950	6961
1.5000	6647
1.5050	7290
1.5100	7334
1.5150	6856
1.5200	6759
1.5250	7198
1.5300	7126
1.5350	6603
1.5400	7304
1.5450	7247
1.5500	6740
1.5550	6878
1.5600	6796
1.5650	7470
1.5700	6732
1.5750	7211
1.5800	7548
1.5850	6576
1.5900	6616
1.5950	6896
1.6000	7041
1.6050	6853
1.6100	6924
1.6150	7207
1.6200	6729
1.6250	6630
1.6300	7514
1.6350	6401
1.6400	6644
1.6450	7000
1.6500	7382
1.6550	6687
1.6600	6541
1.6650	6777
1.6700	6614
1.6750	6434
1.6800	6941
1.6850	6841
1.6900	7207
1.6950	6700
1.7000	6499
1.7050	6525
1.7100	6816
1.7150	6973
1.7200	7224
1.7250	6477
1.7300	6664
1.7350	6745
1.7400	6749
1.7450	6740
1.7500	6817
1.7550	6860
1.7600	6828
1.7650	6595
1.7700	7394
1.7750	6636
1.7800	7379
1.7850	7047
1.7900	7083
1.7950	6913
1.8000	6961
1.8050	6797
1.8100	6594
1.8150	6665
1.8200	6546
1.8250	7527
1.8300	7088
1.8350	7255
1.8400	6929
1.8450	6696
1.8500	6666
1.8550	6829
1.8600	7454
1.8650	7271
1.8700	7389
1.8750	7201
1.8800	6728
1.8850	6679
1.8900	6680
1.8950	7449
1.9000	7424
1.9050	7011
1.9100	7382
1.9150	7488
1.9200	6851
1.9250	7022
1.9300	7334
1.9350	7530
1.9400	6989
1.9450	7409
1.9500	7382
1.9550	6775
1.9600	7442
1.9650	6745
1.9700	7391
1.9750	7408
1.9800	7517
1.9850	7361
1.9900	7273
1.9950	7292
2.0000	6683
2.0050	7295
2.0100	7353
2.0150	7431
2.0200	7268
2.0250	6756
2.0300	7318
2.0350	6664
2.0400	6773
2.0450	6654
2.0500	7053
2.0550	6984
2.0600	6964
2.0650	7352
2.0700	6801
2.0750	7232
2.0800	7243
2.0850	6554
2.0900	7240
2.0950	7503
2.1000	6535
2.1050	7458
2.1100	7018
2.1150	6732
2.1200	7438
2.1250	7210
2.1300	7494
2.1350	6567
2.1400	6817
2.1450	6762
2.1500	6704
2.1550	6744
2.1600	7224
2.1650	7586
2.1700	6806
2.1750	6554
2.1800	6607
2.1850	6719
2.1900	6811
2.1950	7293
2.2000	7209
2.2050	6835
2.2100	6953
2.2150	6991
2.2200	6679
2.2250	6923
2.2300	7220
2.2350	7476
2.2400	7181
2.2450	6943
2.2500	7120
2.2550	6868
2.2600	6688
2.2650	6684
2.2700	7337
2.2750	6837
2.2800	7414
2.2850	6884
2.2900	6779
2.2950	7241
2.3000	7161
2.3050	7155
2.3100	6755
2.3150	7213
2.3200	7564
2.3250	6603
2.3300	6719
2.3350	7329
2.3400	7164
2.3450	6850
2.3500	6913
2.3550	6977
2.3600	7319
2.3650	6725
2.3700	6785
2.3750	7367
2.3800	6872
2.3850	6888
2.3900	6968
2.3950	6674
2.4000	7391
2.4050	6725
2.4100	6616
2.4150	7096
2.4200	6462
2.4250	7039
2.4300	6577
2.4350	6655
2.4400	7448
2.4450	6684
2.4500	6574
2.4550	6761
2.4600	6958
2.4650	6811
2.4700	6674
2.4750	6859
2.4800	7457
2.4850	6942
2.4900	7111
2.4950	6579
2.5000	7179
2.5050	6735
2.5100	6505
2.5150	7340
2.5200	7141
2.5250	6486
2.5300	6612
2.5350	6856
2.5400	6616
2.5450	7062
2.5500	6877
2.5550	7378
2.5600	6481
2.5650	6948
2.5700	7315
2.5750	6798
2.5800	6740
2.5850	7204
2.5900	7326
2.5950	6750
2.6000	6757
2.6050	7413
2.6100	6576
2.6150	6958
2.6200	6848
2.6250	7092
2.6300	6719
2.6350	7074
2.6400	7447
2.6450	6912
2.6500	6473
2.6550	7062
2.6600	6953
2.6650	7253
2.6700	6643
2.6750	7398
2.6800	7269
2.6850	6563
2.6900	7458
2.6950	7350
2.7000	6889
2.7050	7123
2.7100	7004
2.7150	6975
2.7200	6686
2.7250	7487
2.7300	6826
2.7350	6623
2.7400	6529
2.7450	7461
2.7500	6988
2.7550	6760
2.7600	7244
2.7650	6896
2.7700	7163
2.7750	7152
2.7800	6753
2.7850	7233
2.7900	6637
2.7950	6681
2.8000	7235
2.8050	6891
2.8100	6829
2.8150	7422
2.8200	6775
2.8250	6745
2.8300	7311
2.8350	6766
2.8400	6875
2.8450	7448
2.8500	7126
2.8550	6754
2.8600	6735
2.8650	6754
2.8700	7200
2.8750	6772
2.8800	6633
2.8850	7387
2.8900	6868
2.8950	7020
2.9000	6669
2.9050	7068
2.9100	7546
2.9150	6741
2.9200	7069
2.9250	7267
2.9300	7150
2.9350	7492
2.9400	6737
2.9450	7114
2.9500	7496
2.9550	6933
2.9600	6955
2.9650	7495
2.9700	7358
2.9750	7138
2.9800	7140
2.9850	7067
2.9900	6879
2.9950	7281
3.0000	6745
3.0050	7500
3.0100	7207
3.0150	7615
3.0200	6907
3.0250	7429
3.0300	7009
3.0350	6967
3.0400	7480
3.0450	7445
3.0500	7359
3.0550	7296
3.0600	6950
3.0650	7355
3.0700	7611
3.0750	7272
3.0800	7489
3.0850	7287
3.0900	7126
3.0950	7395
3.1000	7224
3.1050	7278
3.1100	7570
3.1150	7289
3.1200	7251
3.1250	6618
3.1300	7308
3.1350	7345
3.1400	7107
3.1450	7249
3.1500	6879
3.1550	7726
3.1600	6520
3.1650	6574
3.1700	7125
3.1750	7143
3.1800	6787
3.1850	6906
3.1900	7154
3.1950	6519
3.2000	6744
3.2050	7227
3.2100	7237
3.2150	6443
3.2200	7437
3.2250	7147
3.2300	6868
3.2350	7101
3.2400	7154
3.2450	6790
3.2500	6650
3.2550	7332
3.2600	7129
3.2650	7198
3.2700	6734
3.2750	7403
3.2800	6732
3.2850	6815
3.2900	7448
3.2950	7369
3.3000	7031
3.3050	6913
3.3100	7352
3.3150	7643
3.3200	6530
3.3250	6821
3.3300	6575
3.3350	7152
3.3400	7139
3.3450	7339
3.3500	6922
3.3550	7230
3.3600	7253
3.3650	6951
3.3700	7241
3.3750	7195
3.3800	7438
3.3850	7404
3.3900	6842
3.3950	7296
3.4000	7230
3.4050	6939
3.4100	7239
3.4150	7447
3.4200	7139
3.4250	7342
3.4300	7393
3.4350	7034
3.4400	7526
3.4450	6986
3.4500	7352
3.4550	7277
3.4600	7199
3.4650	7261
3.4700	7417
3.4750	7018
3.4800	7120
3.4850	7383
3.4900	7258
3.4950	7252
3.5000	7411
3.5050	7493
3.5100	7234
3.5150	7510
3.5200	7379
3.5250	6867
3.5300	6843
3.5350	7511
3.5400	7505
3.5450	7269
3.5500	6996
3.5550	7285
3.5600	6815
3.5650	6867
3.5700	7316
3.5750	7356
3.5800	7583
3.5850	6749
3.5900	6957
3.5950	7261
3.6000	6792
3.6050	7262
3.6100	7335
3.6150	7418
3.6200	7310
3.6250	6565
3.6300	6548
3.6350	6691
3.6400	7160
3.6450	7509
3.6500	7460
3.6550	7527
3.6600	7211
3.6650	6553
3.6700	6640
3.6750	6863
3.6800	7270
3.6850	7301
3.6900	6850
3.6950	7353
3.7000	7192
3.7050	6603
3.7100	6612
3.7150	7532
3.7200	6872
3.7250	7545
3.7300	7366
3.7350	7339
3.7400	6833
3.7450	6738
3.7500	7482
3.7550	6745
3.7600	7431
3.7650	7562
3.7700	7480
3.7750	7068
3.7800	6516
3.7850	7457
3.7900	6920
3.7950	7127
3.8000	7389
3.8050	7059
3.8100	6823
3.8150	6509
3.8200	7361
3.8250	6653
3.8300	7231
3.8350	7386
3.8400	6567
3.8450	6923
3.8500	7140
3.8550	7113
3.8600	6799
3.8650	7444
3.8700	7132
3.8750	7108
3.8800	7362
3.8850	6692
3.8900	6515
3.8950	7128
3.9000	7334
3.9050	7347
3.9100	6952
3.9150	6783
3.9200	6778
3.9250	6661
3.9300	7122
3.9350	7334
3.9400	7423
3.9450	6627
3.9500	7291
3.9550	6684
3.9600	6595
3.9650	7187
3.9700	7088
3.9750	7076
3.9800	6893
3.9850	7345
3.9900	6631
3.9950	6543
4.0000	7307
4.0050	7032
4.0100	7230
4.0150	7432
4.0200	7436
4.0250	7052
4.0300	6721
4.0350	6553
4.0400	7327
4.0450	7491
4.0500	7360
4.0550	7493
4.0600	7053
4.0650	7157
4.0700	6994
4.0750	7040
4.0800	7348
4.0850	7231
4.0900	7141
4.0950	6768
4.1000	7381
4.1050	7380
4.1100	7183
4.1150	7322
4.1200	7521
4.1250	7184
4.1300	7407
4.1350	7135
4.1400	7213
4.1450	7352
4.1500	7485
4.1550	7360
4.1600	7481
4.1650	7032
4.1700	7629
4.1750	7073
4.1800	7026
4.1850	6998
4.1900	7448
4.1950	7021
4.2000	7409
4.2050	7114
4.2100	7425
4.2150	6939
4.2200	6644
4.2250	7527
4.2300	7197
4.2350	7521
4.2400	7209
4.2450	7482
4.2500	7371
4.2550	6625
4.2600	7175
4.2650	7439
4.2700	7181
4.2750	7241
4.2800	7242
4.2850	7332
4.2900	7075
4.2950	6495
4.3000	7324
4.3050	7504
4.3100	7437
4.3150	7379
4.3200	7024
4.3250	6810
4.3300	7110
4.3350	7494
4.3400	7073
4.3450	6813
4.3500	7546
4.3550	6987
4.3600	6620
4.3650	6606
4.3700	6970
4.3750	7477
4.3800	6712
4.3850	6802
4.3900	6727
4.3950	6902
4.4000	6763
4.4050	7431
4.4100	7419
4.4150	6709
4.4200	6992
4.4250	6880
4.4300	7436
4.4350	6572
4.4400	7328
4.4450	7410
4.4500	6892
4.4550	7371
4.4600	7422
4.4650	7429
4.4700	6563
4.4750	7334
4.4800	7207
4.4850	6700
4.4900	7531
4.4950	6898
4.5000	6778
4.5050	6572
4.5100	7315
4.5150	7412
4.5200	7139
4.5250	7091
4.5300	7453
4.5350	7245
4.5400	6653
4.5450	6943
4.5500	6831
4.5550	7342
4.5600	7477
4.5650	7317
4.5700	6791
4.5750	7125
4.5800	7169
4.5850	7343
4.5900	7428
4.5950	7529
4.6000	7479
4.6050	7092
4.6100	6739
4.6150	7154
4.6200	7555
4.6250	7400
4.6300	7275
4.6350	7473
4.6400	7458
4.6450	6570
4.6500	6618
4.6550	7150
4.6600	7407
4.6650	7294
4.6700	6961
4.6750	7536
4.6800	6949
4.6850	6985
4.6900	6717
4.6950	7418
4.7000	7463
4.7050	7434
4.7100	7590
4.7150	7353
4.7200	6536
4.7250	6954
4.7300	6982
4.7350	7363
4.7400	7342
4.7450	7376
4.7500	7277
4.7550	6726
4.7600	6932
4.7650	6556
4.7700	6892
4.7750	7455
4.7800	7327
4.7850	7284
4.7900	6882
4.7950	6864
4.8000	6705
4.8050	6691
4.8100	7200
4.8150	7054
4.8200	7581
4.8250	7131
4.8300	6802
4.8350	6852
4.8400	6793
4.8450	7082
4.8500	7088
4.8550	7407
4.8600	7212
4.8650	7395
4.8700	6691
4.8750	6891
4.8800	7034
4.8850	7263
4.8900	7331
4.8950	7420
4.9000	7010
4.9050	7027
4.9100	6758
4.9150	7429
4.9200	7461
4.9250	7181
4.9300	6871
4.9350	7060
4.9400	7445
4.9450	6546
4.9500	6554
4.9550	7078
4.9600	7213
4.9650	7113
4.9700	7475
4.9750	7390
4.9800	6742
4.9850	6740
4.9900	7191
4.9950	7184
5.0000	6673
5.0050	7493
5.0100	7474
5.0150	6654
5.0200	7149
5.0250	7499
5.0300	7269
5.0350	6693
5.0400	7387
5.0450	7231
5.0500	6977
5.0550	6803
5.0600	7130
5.0650	7100
5.0700	6768
5.0750	7368
5.0800	7420
5.0850	6941
5.0900	6748
5.0950	7411
5.1000	7315
5.1050	6544
5.1100	7234
5.1150	6826
5.1200	7458
5.1250	7052
5.1300	7193
5.1350	7523
5.1400	6873
5.1450	6610
5.1500	6957
5.1550	6556
5.1600	7034
5.1650	7127
5.1700	7164
5.1750	7116
5.1800	6592
5.1850	6841
5.1900	7008
5.1950	6730
5.2000	7423
5.2050	7157
5.2100	6931
5.2150	7166
5.2200	7010
5.2250	6856
5.2300	7101
5.2350	6710
5.2400	7169
5.2450	7116
5.2500	6604
5.2550	6832
5.2600	7405
5.2650	6712
5.2700	6968
5.2750	7585
5.2800	7468
5.2850	7357
5.2900	7037
5.2950	6666
5.3000	6802
5.3050	6615
5.3100	7278
5.3150	6906
5.3200	7270
5.3250	7368
5.3300	6906
5.3350	7115
5.3400	6620
5.3450	7438
5.3500	7235
5.3550	7473
5.3600	7304
5.3650	7373
5.3700	6633
5.3750	7125
5.3800	7572
5.3850	7124
5.3900	7506
5.3950	6944
5.4000	7393
5.4050	6746
5.4100	6724
5.4150	6635
5.4200	7492
5.4250	7026
5.4300	7608
5.4350	7584
5.4400	6494
5.4450	7085
5.4500	7308
5.4550	6773
5.4600	7148
5.4650	6501
5.4700	7220
5.4750	6728
5.4800	6667
5.4850	6736
5.4900	7108
5.4950	6645
5.5000	7433
5.5050	6721
5.5100	6735
5.5150	6507
5.5200	6864
5.5250	6861
5.5300	6855
5.5350	7587
5.5400	7322
5.5450	7525
5.5500	6597
5.5550	6967
5.5600	6585
5.5650	6545
5.5700	7597
5.5750	6963
5.5800	6878
5.5850	6980
5.5900	7407
5.5950	6671
5.6000	6881
5.6050	7334
5.6100	7156
5.6150	7477
5.6200	6659
5.6250	7471
5.6300	7418
5.6350	6899
5.6400	7088
5.6450	7125
5.6500	7444
5.6550	7195
5.6600	7355
5.6650	7168
5.6700	6724
5.6750	6781
5.6800	7523
5.6850	7374
5.6900	7181
5.6950	6683
5.7000	7410
5.7050	7058
5.7100	7238
5.7150	7290
5.7200	7355
5.7250	7490
5.7300	7431
5.7350	6769
5.7400	6650
5.7450	7397
5.7500	7111
5.7550	7606
5.7600	6926
5.7650	6880
5.7700	7467
5.7750	7052
5.7800	6822
5.7850	6575
5.7900	7146
5.7950	7597
5.8000	6886
5.8050	7053
5.8100	7228
5.8150	6716
5.8200	6584
5.8250	6652
5.8300	7423
5.8350	7435
5.8400	7398
5.8450	7499
5.8500	6781
5.8550	6682
5.8600	7284
5.8650	6646
5.8700	7454
5.8750	6581
5.8800	7238
5.8850	6805
5.8900	6526
5.8950	7362
5.9000	6582
5.9050	6832
5.9100	7314
5.9150	6796
5.9200	6915
5.9250	6815
5.9300	7000
5.9350	6716
5.9400	6450
5.9450	7493
5.9500	6926
5.9550	7272
5.9600	7368
5.9650	6730
5.9700	6774
5.9750	6794
5.9800	7237
5.9850	7318
5.9900	7412
5.9950	7555
6.0000	7447
6.0050	6771
6.0100	6538
6.0150	7266
6.0200	7492
6.0250	7419
6.0300	6923
6.0350	7397
6.0400	7236
6.0450	6934
6.0500	7346
6.0550	6901
6.0600	7239
6.0650	7687
6.0700	7498
6.0750	6792
6.0800	7330
6.0850	7382
6.0900	7065
6.0950	7203
6.1000	7441
6.1050	7160
6.1100	7139
6.1150	6951
6.1200	7228
6.1250	7332
6.1300	6632
6.1350	7517
6.1400	7047
6.1450	7032
6.1500	6659
6.1550	7307
6.1600	7473
6.1650	6941
6.1700	6767
6.1750	7276
6.1800	7295
6.1850	6625
6.1900	7489
6.1950	7414
6.2000	7178
6.2050	7154
6.2100	7189
6.2150	6702
6.2200	7436
6.2250	7430
6.2300	7025
6.2350	7344
6.2400	6955
6.2450	7399
6.2500	7212
6.2550	6908
6.2600	6864
6.2650	7562
6.2700	6790
6.2750	6984
6.2800	7365
6.2850	7447
6.2900	6744
6.2950	7194
6.3000	7132
6.3050	7265
6.3100	6701
6.3150	7409
6.3200	7293
6.3250	6664
6.3300	7076
6.3350	7444
6.3400	7191
6.3450	7014
6.3500	6555
6.3550	7361
6.3600	7094
6.3650	7150
6.3700	7324
6.3750	7336
6.3800	7172
6.3850	7270
6.3900	7372
6.3950	7375
6.4000	7445
6.4050	7403
6.4100	7417
6.4150	6557
6.4200	7196
6.4250	7296
6.4300	7401
6.4350	6973
6.4400	7058
6.4450	7350
6.4500	6762
6.4550	6763
6.4600	7278
6.4650	7311
6.4700	7139
6.4750	7192
6.4800	6936
6.4850	7151
6.4900	6713
6.4950	7431
6.5000	7550
6.5050	7386
6.5100	7362
6.5150	7413
6.5200	7358
6.5250	6558
6.5300	7219
6.5350	7703
6.5400	7078
6.5450	7222
6.5500	7183
6.5550	6618
6.5600	7447
6.5650	7136
6.5700	7243
6.5750	7150
6.5800	7222
6.5850	6710
6.5900	7293
6.5950	6602
6.6000	7433
6.6050	7313
6.6100	6930
6.6150	7631
6.6200	7445
6.6250	7315
6.6300	7064
6.6350	6908
6.6400	7367
6.6450	6710
6.6500	7360
6.6550	7026
6.6600	7132
6.6650	7358
6.6700	7468
6.6750	6928
6.6800	7042
6.6850	7352
6.6900	7337
6.6950	7500
6.7000	7431
6.7050	7376
6.7100	7414
6.7150	6833
6.7200	7408
6.7250	7143
6.7300	7261
6.7350	7321
6.7400	7574
6.7450	7151
6.7500	7292
6.7550	7440
6.7600	7190
6.7650	7455
6.7700	7176
6.7750	7225
6.7800	6982
6.7850	7392
6.7900	6617
6.7950	6664
6.8000	7320
6.8050	6740
6.8100	7504
6.8150	6985
6.8200	7435
6.8250	7352
6.8300	6871
6.8350	7095
6.8400	6523
6.8450	6932
6.8500	7449
6.8550	6999
6.8600	7448
6.8650	6665
6.8700	6632
6.8750	7460
6.8800	6691
6.8850	7269
6.8900	6947
6.8950	7307
6.9000	6906
6.9050	6620
6.9100	7402
6.9150	6801
6.9200	6803
6.9250	6679
6.9300	7384
6.9350	7177
6.9400	6757
6.9450	7250
6.9500	7407
6.9550	7294
6.9600	7143
6.9650	6841
6.9700	7074
6.9750	6814
6.9800	7324
6.9850	6794
6.9900	7471
6.9950	7483
7.0000	7103
7.0050	7330
7.0100	7106
7.0150	7165
7.0200	7056
7.0250	6933
7.0300	7260
7.0350	6777
7.0400	6955
7.0450	6601
7.0500	6541
7.0550	7308
7.0600	7357
7.0650	7179
7.0700	6715
7.0750	7597
7.0800	7199
7.0850	6610
7.0900	7040
7.0950	7298
7.1000	7474
7.1050	6722
7.1100	6644
7.1150	6709
7.1200	6825
7.1250	7192
7.1300	7099
7.1350	7114
7.1400	6605
7.1450	6941
7.1500	7548
7.1550	6751
7.1600	6670
7.1650	6859
7.1700	7118
7.1750	7272
7.1800	6617
7.1850	7467
7.1900	7299
7.1950	7194
7.2000	6611
7.2050	6967
7.2100	7338
7.2150	7306
7.2200	7091
7.2250	7004
7.2300	7174
7.2350	7177
7.2400	7213
7.2450	6677
7.2500	6498
7.2550	7478
7.2600	7616
7.2650	7436
7.2700	7347
7.2750	7428
7.2800	7409
7.2850	6605
7.2900	6945
7.2950	6983
7.3000	7408
7.3050	7527
7.3100	7416
7.3150	7374
7.3200	7368
7.3250	6911
7.3300	7459
7.3350	7574
7.3400	7168
7.3450	7397
7.3500	7132
7.3550	7541
7.3600	7325
7.3650	7069
7.3700	7521
7.3750	7198
7.3800	7194
7.3850	7389
7.3900	6961
7.3950	7336
7.4000	7521
7.4050	6924
7.4100	7374
7.4150	7259
7.4200	7511
7.4250	7110
7.4300	6975
7.4350	7561
7.4400	7599
7.4450	7488
7.4500	7152
7.4550	7154
7.4600	7327
7.4650	7551
7.4700	7120
7.4750	7559
7.4800	7538
7.4850	7492
7.4900	7096
7.4950	7141
7.5000	7330
7.5050	7548
7.5100	7124
7.5150	7145
7.5200	6967
7.5250	6799
7.5300	7303
7.5350	6983
7.5400	7095
7.5450	7241
7.5500	7190
7.5550	7287
7.5600	6660
7.5650	7118
7.5700	6963
7.5750	7551
7.5800	7201
7.5850	6777
7.5900	7092
7.5950	7215
7.6000	7542
7.6050	7453
7.6100	7119
7.6150	7442
7.6200	6913
7.6250	7574
7.6300	7335
7.6350	7328
7.6400	6992
7.6450	6614
7.6500	7192
7.6550	6591
7.6600	7284
7.6650	7455
7.6700	7246
7.6750	6667
7.6800	7165
7.6850	6703
7.6900	6734
7.6950	6753
7.7000	6813
7.7050	7219
7.7100	7127
7.7150	7360
7.7200	7280
7.7250	7022
7.7300	7003
7.7350	7460
7.7400	7087
7.7450	7451
7.7500	7478
7.7550	7540
7.7600	7184
7.7650	7221
7.7700	7399
7.7750	7414
7.7800	7485
7.7850	7325
7.7900	6640
7.7950	7268
7.8000	6658
7.8050	7381
7.8100	7273
7.8150	6984
7.8200	7447
7.8250	6733
7.8300	7129
7.8350	6840
7.8400	6780
7.8450	7436
7.8500	7407
7.8550	7363
7.8600	7298
7.8650	6693
7.8700	7138
7.8750	6636
7.8800	7377
7.8850	7379
7.8900	7440
7.8950	7431
7.9000	7595
7.9050	7044
7.9100	7140
7.9150	7461
7.9200	7362
7.9250	7383
7.9300	6964
7.9350	7194
7.9400	7340
7.9450	7358
7.9500	7341
7.9550	7424
7.9600	7253
7.9650	7370
7.9700	6652
7.9750	7334
7.9800	7083
7.9850	7356
7.9900	7520
7.9950	6723
8.0000	7200
8.0050	7157
8.0100	7379
8.0150	7471
8.0200	7432
8.0250	7485
8.0300	7243
8.0350	7421
8.0400	6841
8.0450	7379
8.0500	7427
8.0550	7374
8.0600	7059
8.0650	7318
8.0700	7435
8.0750	7277
8.0800	7309
8.0850	7202
8.0900	7048
8.0950	7056
8.1000	6884
8.1050	7446
8.1100	7067
8.1150	7612
8.1200	7437
8.1250	6998
8.1300	7365
8.1350	6938
8.1400	7525
8.1450	7487
8.1500	7222
8.1550	7299
8.1600	6916
8.1650	7317
8.1700	7266
8.1750	7387
8.1800	7493
8.1850	7215
8.1900	7267
8.1950	6810
8.2000	7118
8.2050	6936
8.2100	7050
8.2150	7308
8.2200	6763
8.2250	7055
8.2300	6687
8.2350	6952
8.2400	7433
8.2450	7338
8.2500	7469
8.2550	7454
8.2600	7317
8.2650	7263
8.2700	6564
8.2750	7463
8.2800	7276
8.2850	7310
8.2900	6978
8.2950	7250
8.3000	7391
8.3050	6937
8.3100	7374
8.3150	7467
8.3200	7361
8.3250	7373
8.3300	7089
8.3350	7292
8.3400	7372
8.3450	7571
8.3500	7536
8.3550	6737
8.3600	7317
8.3650	7032
8.3700	7190
8.3750	7253
8.3800	7427
8.3850	7350
8.3900	6667
8.3950	6986
8.4000	6974
8.4050	7184
8.4100	7315
8.4150	7234
8.4200	7363
8.4250	7419
8.4300	6862
8.4350	7629
8.4400	7356
8.4450	7350
8.4500	7376
8.4550	7352
8.4600	7273
8.4650	6782
8.4700	7407
8.4750	7125
8.4800	7304
8.4850	7253
8.4900	7323
8.4950	7352
8.5000	6958
8.5050	6814
8.5100	7094
8.5150	7520
8.5200	6744
8.5250	7374
8.5300	7194
8.5350	6695
8.5400	7517
8.5450	6664
8.5500	7296
8.5550	6849
8.5600	6871
8.5650	7513
8.5700	7484
8.5750	7521
8.5800	6864
8.5850	7250
8.5900	6699
8.5950	7228
8.6000	6896
8.6050	6952
8.6100	7507
8.6150	6884
8.6200	7467
8.6250	7266
8.6300	7278
8.6350	6734
8.6400	6876
8.6450	7522
8.6500	6609
8.6550	6954
8.6600	7131
8.6650	7173
8.6700	7043
8.6750	6628
8.6800	7263
8.6850	6928
8.6900	6898
8.6950	7483
8.7000	7342
8.7050	6786
8.7100	6768
8.7150	6961
8.7200	7534
8.7250	6994
8.7300	7141
8.7350	7006
8.7400	6732
8.7450	6673
8.7500	7203
8.7550	7415
8.7600	7422
8.7650	7276
8.7700	7157
8.7750	7541
8.7800	6599
8.7850	6566
8.7900	7383
8.7950	7435
8.8000	7480
8.8050	6826
8.8100	7417
8.8150	7310
8.8200	6628
8.8250	7409
8.8300	7328
8.8350	7502
8.8400	7173
8.8450	7427
8.8500	7214
8.8550	7161
8.8600	7017
8.8650	7462
8.8700	7105
8.8750	6721
8.8800	7151
8.8850	7087
8.8900	6827
8.8950	7164
8.9000	7421
8.9050	7501
8.9100	6685
8.9150	7551
8.9200	6747
8.9250	6793
8.9300	7189
8.9350	7032
8.9400	7084
8.9450	7416
8.9500	6867
8.9550	7420
8.9600	6769
8.9650	6762
8.9700	7285
8.9750	7608
8.9800	7199
8.9850	6887
8.9900	7125
8.9950	6997
9.0000	6911
9.0050	7470
9.0100	7151
9.0150	7666
9.0200	7268
9.0250	7193
9.0300	6626
9.0350	6756
9.0400	6988
9.0450	7390
9.0500	7183
9.0550	6996
9.0600	7413
9.0650	6867
9.0700	6742
9.0750	6694
9.0800	7269
9.0850	6830
9.0900	7338
9.0950	6973
9.1000	6538
9.1050	6645
9.1100	7498
9.1150	7251
9.1200	7363
9.1250	7504
9.1300	7146
9.1350	6962
9.1400	6622
9.1450	7093
9.1500	7433
9.1550	7484
9.1600	7445
9.1650	6976
9.1700	6774
9.1750	6870
9.1800	7180
9.1850	7184
9.1900	7259
9.1950	7026
9.2000	7382
9.2050	6975
9.2100	6953
9.2150	6874
9.2200	6917
9.2250	7430
9.2300	7421
9.2350	6626
9.2400	7385
9.2450	6922
9.2500	6716
9.2550	7221
9.2600	7143
9.2650	7393
9.2700	7158
9.2750	7517
9.2800	6614
9.2850	6685
9.2900	6863
9.2950	7215
9.3000	6902
9.3050	6640
9.3100	7555
9.3150	6645
9.3200	6743
9.3250	6544
9.3300	6767
9.3350	7324
9.3400	6681
9.3450	6733
9.3500	6615
9.3550	6707
9.3600	6726
9.3650	6749
9.3700	7361
9.3750	6736
9.3800	6763
9.3850	7260
9.3900	6818
9.3950	6926
9.4000	7089
9.4050	7269
9.4100	7307
9.4150	6497
9.4200	7480
9.4250	7045
9.4300	6756
9.4350	6611
9.4400	6950
9.4450	6709
9.4500	6993
9.4550	7471
9.4600	7456
9.4650	6770
9.4700	6653
9.4750	6626
9.4800	7036
9.4850	6570
9.4900	7476
9.4950	7359
9.5000	6839
9.5050	6799
9.5100	6864
9.5150	7061
9.5200	6682
9.5250	6727
9.5300	7357
9.5350	7253
9.5400	6724
9.5450	6630
9.5500	7326
9.5550	6971
9.5600	7358
9.5650	6946
9.5700	7524
9.5750	6789
9.5800	6774
9.5850	7174
9.5900	6700
9.5950	7491
9.6000	7407
9.6050	7327
9.6100	7160
9.6150	6518
9.6200	6528
9.6250	7106
9.6300	7462
9.6350	7407
9.6400	7198
9.6450	7464
9.6500	6684
9.6550	6748
9.6600	7073
9.6650	7471
9.6700	7613
9.6750	6859
9.6800	7007
9.6850	6574
9.6900	7269
9.6950	7548
9.7000	7612
9.7050	7331
9.7100	7380
9.7150	7409
9.7200	6775
9.7250	6671
9.7300	6529
9.7350	7365
9.7400	6978
9.7450	7037
9.7500	7402
9.7550	6663
9.7600	6766
9.7650	7419
9.7700	6673
9.7750	7288
9.7800	7610
9.7850	7113
9.7900	6559
9.7950	6678
9.8000	7345
9.8050	7497
9.8100	7342
9.8150	7605
9.8200	7256
9.8250	7451
9.8300	6910
9.8350	7303
9.8400	7479
9.8450	7145
9.8500	6922
9.8550	7425
9.8600	6460
9.8650	6842
9.8700	7387
9.8750	7648
9.8800	7465
9.8850	7378
9.8900	7115
9.8950	7571
9.9000	6613
9.9050	6917
9.9100	6840
9.9150	7404
9.9200	7634
9.9250	7446
9.9300	7423
9.9350	6943
9.9400	6750
9.9450	7266
9.9500	7097
9.9550	7415
9.9600	7617
9.9650	7372
9.9700	6849
9.9750	6884
9.9800	7200
9.9850	7445
9.9900	7574
9.9950	7475
10.0000	7244
10.0050	7126
10.0100	6630
10.0150	7473
10.0200	7387
10.0250	6917
10.0300	6981
10.0350	7492
10.0400	6694
10.0450	6816
10.0500	7251
10.0550	7405
10.0600	7545
10.0650	7413
10.0700	7156
10.0750	7378
10.0800	6690
10.0850	7176
10.0900	7389
10.0950	7481
10.1000	7365
10.1050	7414
10.1100	7568
10.1150	6776
10.1200	7307
10.1250	7344
10.1300	6697
10.1350	7232
10.1400	7194
10.1450	7209
10.1500	7421
10.1550	7187
10.1600	6668
10.1650	7287
10.1700	7609
10.1750	6907
10.1800	7406
10.1850	6691
10.1900	7418
10.1950	7438
10.2000	6804
10.2050	7265
10.2100	7461
10.2150	7713
10.2200	7401
10.2250	7304
10.2300	7066
10.2350	6945
10.2400	7636
10.2450	7259
10.2500	7477
10.2550	7489
10.2600	7537
10.2650	7055
10.2700	6547
10.2750	7395
10.2800	7474
10.2850	7566
10.2900	7486
10.2950	7218
10.3000	7272
10.3050	6795
10.3100	6834
10.3150	6665
10.3200	7362
10.3250	6780
10.3300	7272
10.3350	7204
10.3400	6775
10.3450	7441
10.3500	7496
10.3550	7265
10.3600	7432
10.3650	7258
10.3700	7277
10.3750	7184
10.3800	6709
10.3850	7078
10.3900	7550
10.3950	7518
10.4000	7119
10.4050	7200
10.4100	7346
10.4150	7176
10.4200	7497
10.4250	7212
10.4300	7018
10.4350	7622
10.4400	7232
10.4450	6967
10.4500	6666
10.4550	7244
10.4600	7446
10.4650	7524
10.4700	7554
10.4750	7249
10.4800	7495
10.4850	6776
10.4900	6710
10.4950	7090
10.5000	7367
10.5050	7181
10.5100	7404
10.5150	7335
10.5200	6612
10.5250	6971
10.5300	7540
10.5350	7405
10.5400	7027
10.5450	7398
10.5500	7536
10.5550	6898
10.5600	6976
10.5650	7315
10.5700	7270
10.5750	6936
10.5800	7191
10.5850	7517
10.5900	6786
10.5950	6815
10.6000	7470
10.6050	7174
10.6100	6583
10.6150	7275
10.6200	6798
10.6250	6701
10.6300	6725
10.6350	7144
10.6400	7424
10.6450	7449
10.6500	7139
10.6550	7383
10.6600	7570
10.6650	6688
10.6700	7263
10.6750	7584
10.6800	7072
10.6850	7348
10.6900	7403
10.6950	6685
10.7000	7041
10.7050	7509
10.7100	7290
10.7150	6898
10.7200	7368
10.7250	7391
10.7300	6796
10.7350	6687
10.7400	7537
10.7450	7396
10.7500	7337
10.7550	7466
10.7600	7416
10.7650	7570
10.7700	6686
10.7750	7156
10.7800	7382
10.7850	7205
10.7900	7265
10.7950	6967
10.8000	7408
10.8050	7009
10.8100	6821
10.8150	7225
10.8200	7178
10.8250	7310
10.8300	7145
10.8350	6669
10.8400	7352
10.8450	7624
10.8500	7307
10.8550	6817
10.8600	7304
10.8650	7365
10.8700	7295
10.8750	6738
10.8800	7223
10.8850	7504
10.8900	6603
10.8950	7357
10.9000	7255
10.9050	7043
10.9100	7213
10.9150	7248
10.9200	7297
10.9250	7073
10.9300	7088
10.9350	7398
10.9400	6959
10.9450	7365
10.9500	7171
10.9550	7265
10.9600	6986
10.9650	6877
10.9700	7224
10.9750	6732
10.9800	6794
10.9850	7271
10.9900	7342
10.9950	6933
11.0000	6782
11.0050	7553
11.0100	7228
11.0150	6722
11.0200	6944
11.0250	7437
11.0300	7012
11.0350	7573
11.0400	7060
11.0450	7360
11.0500	7204
11.0550	6577
11.0600	6703
11.0650	7305
11.0700	7537
11.0750	7467
11.0800	7299
11.0850	6663
11.0900	7403
11.0950	6898
11.1000	6685
11.1050	7082
11.1100	7379
11.1150	6991
11.1200	6634
11.1250	7061
11.1300	7085
11.1350	7247
11.1400	6690
11.1450	7344
11.1500	6832
11.1550	7437
11.1600	6961
11.1650	6787
11.1700	7382
11.1750	6560
11.1800	6646
11.1850	6953
11.1900	7278
11.1950	6815
11.2000	6954
11.2050	7066
11.2100	6482
11.2150	7114
11.2200	7079
11.2250	7393
11.2300	7389
11.2350	7082
11.2400	7333
11.2450	6799
11.2500	6751
11.2550	6896
11.2600	7304
11.2650	6643
11.2700	7184
11.2750	7283
11.2800	6784
11.2850	6820
11.2900	7506
11.2950	7421
11.3000	7009
11.3050	6680
11.3100	7355
11.3150	6764
11.3200	6781
11.3250	7240
11.3300	7535
11.3350	7502
11.3400	7270
11.3450	7023
11.3500	6851
11.3550	6737
11.3600	7485
11.3650	7520
11.3700	7274
11.3750	7424
11.3800	7288
11.3850	6733
11.3900	6902
11.3950	7491
11.4000	7392
11.4050	7366
11.4100	7305
11.4150	7313
11.4200	7334
11.4250	6700
11.4300	6946
11.4350	7215
11.4400	7416
11.4450	7466
11.4500	7292
11.4550	7516
11.4600	6852
11.4650	6831
11.4700	6859
11.4750	7536
11.4800	7471
11.4850	7148
11.4900	6785
11.4950	7431
11.5000	7348
11.5050	6831
11.5100	6902
11.5150	7473
11.5200	7598
11.5250	6897
11.5300	6579
11.5350	7459
11.5400	6703
11.5450	7561
11.5500	6649
11.5550	7079
11.5600	7450
11.5650	6625
11.5700	6994
11.5750	7539
11.5800	7308
11.5850	7182
11.5900	7284
11.5950	6959
11.6000	7210
11.6050	6921
11.6100	7202
11.6150	7381
11.6200	6842
11.6250	7114
11.6300	7090
11.6350	6694
11.6400	7465
11.6450	7349
11.6500	7428
11.6550	7334
11.6600	6892
11.6650	7543
11.6700	6643
11.6750	6819
11.6800	7166
11.6850	7192
11.6900	7010
11.6950	7594
11.7000	7306
11.7050	6667
11.7100	6484
11.7150	7149
11.7200	7270
11.7250	7192
11.7300	7144
11.7350	7516
11.7400	6821
11.7450	6999
11.7500	7402
11.7550	7285
11.7600	7033
11.7650	7526
11.7700	7584
11.7750	6801
11.7800	6874
11.7850	7355
11.7900	7384
11.7950	6551
11.8000	7325
11.8050	7143
11.8100	7133
11.8150	7028
11.8200	7290
11.8250	7267
11.8300	7133
11.8350	7478
11.8400	7401
11.8450	7451
11.8500	7182
11.8550	6901
11.8600	7510
11.8650	6951
11.8700	7421
11.8750	7291
11.8800	6986
11.8850	6872
11.8900	6693
11.8950	7103
11.9000	7029
11.9050	7532
11.9100	7131
11.9150	7365
11.9200	6822
11.9250	7012
11.9300	7119
11.9350	6742
11.9400	7324
11.9450	7067
11.9500	7227
11.9550	6697
11.9600	7014
11.9650	7226
11.9700	6833
11.9750	6888
11.9800	7158
11.9850	7238
11.9900	6965
11.9950	6675
12.0000	6864
12.0050	7222
12.0100	7269
12.0150	7380
12.0200	7275
12.0250	7000
12.0300	6656
12.0350	6730
12.0400	6829
12.0450	7490
12.0500	7654
12.0550	7346
12.0600	7033
12.0650	6654
12.0700	6710
12.0750	6671
12.0800	6956
12.0850	7404
12.0900	7126
12.0950	7055
12.1000	6795
12.1050	6720
12.1100	6830
12.1150	6880
12.1200	7128
12.1250	6507
12.1300	7480
12.1350	6701
12.1400	6813
12.1450	6906
12.1500	6940
12.1550	7342
12.1600	7127
12.1650	7380
12.1700	6859
12.1750	6992
12.1800	6519
12.1850	6779
12.1900	7327
12.1950	7364
12.2000	7482
12.2050	6882
12.2100	6810
12.2150	6722
12.2200	7040
12.2250	7530
12.2300	7241
12.2350	7519
12.2400	6740
12.2450	6877
12.2500	6999
12.2550	6608
12.2600	7084
12.2650	6700
12.2700	7401
12.2750	6981
12.2800	7179
12.2850	6848
12.2900	6664
12.2950	7403
12.3000	7474
12.3050	7431
12.3100	7538
12.3150	7105
12.3200	7508
12.3250	6796
12.3300	6936
12.3350	7357
12.3400	7286
12.3450	7504
12.3500	7199
12.3550	7385
12.3600	6786
12.3650	6643
12.3700	7155
12.3750	7498
12.3800	7244
12.3850	7449
12.3900	7057
12.3950	6712
12.4000	6655
12.4050	7488
12.4100	7331
12.4150	7372
12.4200	7486
12.4250	7249
12.4300	6759
12.4350	6735
12.4400	7447
12.4450	7569
12.4500	7137
12.4550	7396
12.4600	7364
12.4650	6813
12.4700	6709
12.4750	7517
12.4800	7206
12.4850	7118
12.4900	7541
12.4950	7498
12.5000	7062
12.5050	6772
12.5100	6900
12.5150	7004
12.5200	7241
12.5250	6924
12.5300	7145
12.5350	7236
12.5400	6635
12.5450	6640
12.5500	7190
12.5550	7530
12.5600	7319
12.5650	7390
12.5700	7117
12.5750	6649
12.5800	6981
12.5850	7023
12.5900	7353
12.5950	7199
12.6000	7495
12.6050	7097
12.6100	6565
12.6150	6862
12.6200	7394
12.6250	6961
12.6300	6710
12.6350	7425
12.6400	7348
12.6450	6729
12.6500	6630
12.6550	7492
12.6600	7422
12.6650	6782
12.6700	7550
12.6750	7349
12.6800	7248
12.6850	6669
12.6900	6938
12.6950	7359
12.7000	6925
12.7050	6866
12.7100	7345
12.7150	6665
12.7200	6679
12.7250	7205
12.7300	7143
12.7350	7271
12.7400	7190
12.7450	7006
12.7500	6617
12.7550	6656
12.7600	7560
12.7650	7459
12.7700	6779
12.7750	7383
12.7800	7415
12.7850	6794
12.7900	6556
12.7950	7265
12.8000	7265
12.8050	7145
12.8100	7125
12.8150	7456
12.8200	7184
12.8250	6988
12.8300	7405
12.8350	7186
12.8400	6949
12.8450	7314
12.8500	7428
12.8550	6741
12.8600	6823
12.8650	7097
12.8700	6885
12.8750	7356
12.8800	7082
12.8850	7514
12.8900	6840
12.8950	7004
12.9000	7300
12.9050	7184
12.9100	6696
12.9150	7329
12.9200	7493
12.9250	6672
12.9300	6512
12.9350	6740
12.9400	7299
12.9450	7295
12.9500	7413
12.9550	7233
12.9600	6701
12.9650	6804
12.9700	7139
12.9750	6709
12.9800	6814
12.9850	6778
12.9900	7405
12.9950	6558
13.0000	6758
13.0050	6770
13.0100	7337
13.0150	6737
13.0200	7176
13.0250	6578
13.0300	6795
13.0350	6720
13.0400	6719
13.0450	6796
13.0500	6803
13.0550	7284
13.0600	7093
13.0650	7420
13.0700	6665
13.0750	6596
13.0800	6716
13.0850	7237
13.0900	7382
13.0950	7444
13.1000	7296
13.1050	7077
13.1100	6666
13.1150	6806
13.1200	6731
13.1250	7356
13.1300	7443
13.1350	7429
13.1400	6618
13.1450	6858
13.1500	7045
13.1550	6970
13.1600	6629
13.1650	7198
13.1700	7342
13.1750	6894
13.1800	6649
13.1850	7097
13.1900	7047
13.1950	6739
13.2000	6968
13.2050	6500
13.2100	6830
13.2150	6923
13.2200	7194
13.2250	7306
13.2300	6630
13.2350	7342
13.2400	7298
13.2450	6989
13.2500	6598
13.2550	6774
13.2600	7383
13.2650	6580
13.2700	7183
13.2750	7390
13.2800	6746
13.2850	6680
13.2900	7208
13.2950	7146
13.3000	7099
13.3050	6681
13.3100	7294
13.3150	7042
13.3200	6908
13.3250	7357
13.3300	7441
13.3350	6968
13.3400	6916
13.3450	7494
13.3500	7002
13.3550	6576
13.3600	7011
13.3650	7097
13.3700	7572
13.3750	7169
13.3800	7149
13.3850	6802
13.3900	6609
13.3950	7052
13.4000	6784
13.4050	6884
13.4100	7469
13.4150	7232
13.4200	6632
13.4250	6843
13.4300	6707
13.4350	6860
13.4400	7029
13.4450	7387
13.4500	7477
13.4550	7249
13.4600	7086
13.4650	6768
13.4700	6596
13.4750	6658
13.4800	7380
13.4850	7516
13.4900	7204
13.4950	6863
13.5000	6779
13.5050	6703
13.5100	6779
13.5150	7498
13.5200	7065
13.5250	6989
13.5300	6739
13.5350	7319
13.5400	6652
13.5450	6925
13.5500	7397
13.5550	7314
13.5600	7358
13.5650	6646
13.5700	7189
13.5750	6993
13.5800	6955
13.5850	6634
13.5900	7209
13.5950	7496
13.6000	6903
13.6050	6584
13.6100	6763
13.6150	6747
13.6200	6617
13.6250	7272
13.6300	7197
13.6350	7199
13.6400	7115
13.6450	6686
13.6500	6528
13.6550	6680
13.6600	7526
13.6650	7367
13.6700	6750
13.6750	7145
13.6800	7294
13.6850	6797
13.6900	6845
13.6950	7378
13.7000	7234
13.7050	6847
13.7100	6793
13.7150	7416
13.7200	6839
13.7250	6903
13.7300	7364
13.7350	7027
13.7400	6643
13.7450	6777
13.7500	7059
13.7550	7217
13.7600	6955
13.7650	6623
13.7700	7288
13.7750	6884
13.7800	7049
13.7850	7305
13.7900	7128
13.7950	6804
13.8000	7110
13.8050	7286
13.8100	7010
13.8150	6717
13.8200	6818
13.8250	7014
13.8300	6612
13.8350	6990
13.8400	6895
13.8450	7275
13.8500	7491
13.8550	6765
13.8600	7271
13.8650	6762
13.8700	7346
13.8750	7467
13.8800	7251
13.8850	6742
13.8900	6591
13.8950	6985
13.9000	7188
13.9050	6614
13.9100	7454
13.9150	6910
13.9200	6920
13.9250	7358
13.9300	6656
13.9350	6673
13.9400	7507
13.9450	7359
13.9500	6995
13.9550	6915
13.9600	6759
13.9650	7350
13.9700	6858
13.9750	7506
13.9800	7051
13.9850	6886
13.9900	7226
13.9950	6728
14.0000	6625
14.0050	7279
14.0100	7333
14.0150	7442
14.0200	7537
14.0250	6824
14.0300	6930
14.0350	6473
14.0400	6533
14.0450	6981
14.0500	7232
14.0550	7042
14.0600	6649
14.0650	6896
14.0700	6916
14.0750	6670
14.0800	7433
14.0850	6815
14.0900	7498
14.0950	6765
14.1000	6652
14.1050	6689
14.1100	6952
14.1150	6836
14.1200	6585
14.1250	7338
14.1300	6839
14.1350	6844
14.1400	6887
14.1450	7012
14.1500	6691
14.1550	7189
14.1600	7214
14.1650	7173
14.1700	6764
14.1750	6728
14.1800	7325
14.1850	7090
14.1900	7283
14.1950	7550
14.2000	7629
14.2050	7006
14.2100	6551
14.2150	6740
14.2200	6801
14.2250	7498
14.2300	7286
14.2350	6949
14.2400	7259
14.2450	6869
14.2500	6664
14.2550	6766
14.2600	7232
14.2650	7241
14.2700	7092
14.2750	6788
14.2800	6814
14.2850	6541
14.2900	6789
14.2950	7265
14.3000	7443
14.3050	6817
14.3100	6581
14.3150	7083
14.3200	6829
14.3250	6863
14.3300	7238
14.3350	7481
14.3400	7004
14.3450	6801
14.3500	7361
14.3550	6648
14.3600	6550
14.3650	7009
14.3700	7284
14.3750	7219
14.3800	6751
14.3850	7015
14.3900	7115
14.3950	6527
14.4000	6672
14.4050	7399
14.4100	7347
14.4150	6815
14.4200	7357
14.4250	6594
14.4300	6601
14.4350	6995
14.4400	7354
14.4450	7480
14.4500	6886
14.4550	6728
14.4600	7195
14.4650	6705
14.4700	7174
14.4750	7361
14.4800	7101
14.4850	6607
14.4900	7262
14.4950	6889
14.5000	6718
14.5050	7053
14.5100	7210
14.5150	7364
14.5200	6867
14.5250	7115
14.5300	7197
14.5350	6718
14.5400	7011
14.5450	7600
14.5500	7222
14.5550	6980
14.5600	6723
14.5650	6878
14.5700	6628
14.5750	6910
14.5800	7522
14.5850	7509
14.5900	7292
14.5950	6865
14.6000	6753
14.6050	6813
14.6100	6876
14.6150	7227
14.6200	7246
14.6250	7479
14.6300	7335
14.6350	6924
14.6400	6943
14.6450	6772
14.6500	7156
14.6550	7410
14.6600	7496
14.6650	7339
14.6700	7020
14.6750	7106
14.6800	6680
14.6850	7436
14.6900	7230
14.6950	7422
14.7000	7312
14.7050	7414
14.7100	6954
14.7150	6791
14.7200	7457
14.7250	6759
14.7300	7384
14.7350	6599
14.7400	7129
14.7450	6743
14.7500	6771
14.7550	6968
14.7600	6889
14.7650	6946
14.7700	7277
14.7750	7036
14.7800	6521
14.7850	6743
14.7900	6800
14.7950	6937
14.8000	7290
14.8050	7322
14.8100	7309
14.8150	7201
14.8200	6827
14.8250	6942
14.8300	6994
14.8350	6729
14.8400	7291
14.8450	7244
14.8500	6929
14.8550	6895
14.8600	6904
14.8650	6788
14.8700	6889
14.8750	7294
14.8800	6692
14.8850	7195
14.8900	6700
14.8950	6723
14.9000	7349
14.9050	6662
14.9100	6717
14.9150	6881
14.9200	7245
14.9250	6928
14.9300	6765
14.9350	7076
14.9400	7274
14.9450	6690
14.9500	7381
14.9550	7016
14.9600	6851
14.9650	6623
14.9700	7059
14.9750	6758
14.9800	7063
14.9850	7308
14.9900	7389
14.9950	7376
15.0000	6537
15.0050	7361
15.0100	6859
15.0150	6663
15.0200	7183
15.0250	7119
15.0300	6526
15.0350	7400
15.0400	6811
15.0450	7095
15.0500	6595
15.0550	7431
15.0600	6759
15.0650	7278
15.0700	6678
15.0750	7034
15.0800	6956
15.0850	6874
15.0900	6777
15.0950	6964
15.1000	7183
15.1050	7340
15.1100	6697
15.1150	6805
15.1200	6728
15.1250	7507
15.1300	7523
15.1350	7461
15.1400	7408
15.1450	7280
15.1500	6690
15.1550	6474
15.1600	7006
15.1650	7220
15.1700	7056
15.1750	7367
15.1800	6943
15.1850	6865
15.1900	6670
15.1950	6926
15.2000	7157
15.2050	6907
15.2100	7153
15.2150	7435
15.2200	7445
15.2250	6573
15.2300	6752
15.2350	7063
15.2400	6908
15.2450	7484
15.2500	7075
15.2550	6637
15.2600	7003
15.2650	7252
15.2700	6993
15.2750	6707
15.2800	7331
15.2850	7516
15.2900	7470
15.2950	6466
15.3000	7068
15.3050	7508
15.3100	6671
15.3150	6645
15.3200	7293
15.3250	7130
15.3300	7557
15.3350	7305
15.3400	6639
15.3450	6763
15.3500	6729
15.3550	7355
15.3600	7297
15.3650	7341
15.3700	7489
15.3750	7050
15.3800	6725
15.3850	6556
15.3900	7124
15.3950	7207
15.4000	7540
15.4050	7431
15.4100	7164
15.4150	6885
15.4200	7482
15.4250	7256
15.4300	7520
15.4350	6628
15.4400	7417
15.4450	7429
15.4500	7207
15.4550	6882
15.4600	7024
15.4650	7480
15.4700	6982
15.4750	6757
15.4800	7416
15.4850	7361
15.4900	6973
15.4950	6781
15.5000	6844
15.5050	7126
15.5100	6867
15.5150	7217
15.5200	7335
15.5250	7222
15.5300	6911
15.5350	6917
15.5400	6640
15.5450	6653
15.5500	6719
15.5550	7378
15.5600	6928
15.5650	6739
15.5700	7395
15.5750	6870
15.5800	7017
15.5850	7431
15.5900	6445
15.5950	7409
15.6000	6853
15.6050	7533
15.6100	6777
15.6150	7165
15.6200	7399
15.6250	6898
15.6300	7414
15.6350	7484
15.6400	6667
15.6450	6790
15.6500	6901
15.6550	7161
15.6600	7055
15.6650	7480
15.6700	7506
15.6750	7528
15.6800	6541
15.6850	6998
15.6900	7181
15.6950	7535
15.7000	7611
15.7050	7189
15.7100	7197
15.7150	7272
15.7200	7385
15.7250	6932
15.7300	7228
15.7350	7473
15.7400	7222
15.7450	6896
15.7500	7272
15.7550	6962
15.7600	6633
15.7650	7155
15.7700	7222
15.7750	7315
15.7800	7238
15.7850	6779
15.7900	6791
15.7950	6952
15.8000	7069
15.8050	6788
15.8100	7460
15.8150	7502
15.8200	7096
15.8250	6698
15.8300	7229
15.8350	7214
15.8400	6805
15.8450	7471
15.8500	7630
15.8550	7073
15.8600	6548
15.8650	6613
15.8700	7418
15.8750	7600
15.8800	7578
15.8850	7168
15.8900	6996
15.8950	6766
15.9000	6801
15.9050	7409
15.9100	7044
15.9150	7439
15.9200	6963
15.9250	6763
15.9300	7106
15.9350	6722
15.9400	7092
15.9450	6817
15.9500	7107
15.9550	7140
15.9600	7464
15.9650	7068
15.9700	6753
15.9750	7135
15.9800	7148
15.9850	7390
15.9900	7428
15.9950	7204
16.0000	6953
16.0050	6712
16.0100	6961
16.0150	6650
16.0200	6953
16.0250	7453
16.0300	7570
16.0350	7196
16.0400	6700
16.0450	6631
16.0500	6902
16.0550	7089
16.0600	7506
16.0650	6773
16.0700	6911
16.0750	6732
16.0800	7376
16.0850	6805
16.0900	6577
16.0950	7446
16.1000	7163
16.1050	7273
16.1100	6861
16.1150	7170
16.1200	7526
16.1250	6806
16.1300	6733
16.1350	7094
16.1400	7250
16.1450	6778
16.1500	7178
16.1550	7173
16.1600	7107
16.1650	6983
16.1700	7549
16.1750	7533
16.1800	6681
16.1850	6996
16.1900	7385
16.1950	6577
16.2000	6960
16.2050	6719
16.2100	7234
16.2150	6779
16.2200	7317
16.2250	7336
16.2300	6770
16.2350	7333
16.2400	7656
16.2450	7263
16.2500	6638
16.2550	6827
16.2600	6879
16.2650	6951
16.2700	6942
16.2750	7298
16.2800	7428
16.2850	6817
16.2900	6873
16.2950	7348
16.3000	7560
16.3050	7090
16.3100	7053
16.3150	7191
16.3200	6816
16.3250	7232
16.3300	7488
16.3350	6589
16.3400	7325
16.3450	7178
16.3500	7485
16.3550	6869
16.3600	6842
16.3650	7333
16.3700	6909
16.3750	6810
16.3800	7102
16.3850	7445
16.3900	7250
16.3950	6896
16.4000	7005
16.4050	7079
16.4100	6958
16.4150	7398
16.4200	7218
16.4250	7245
16.4300	7373
16.4350	6809
16.4400	7139
16.4450	7533
16.4500	7304
16.4550	7185
16.4600	7401
16.4650	7498
16.4700	7329
16.4750	6612
16.4800	7005
16.4850	7326
16.4900	7300
16.4950	6624
16.5000	7342
16.5050	7491
16.5100	7247
16.5150	6798
16.5200	7422
16.5250	7347
16.5300	7029
16.5350	7082
16.5400	7145
16.5450	7411
16.5500	7303
16.5550	7406
16.5600	7466
16.5650	6569
16.5700	6872
16.5750	7453
16.5800	6698
16.5850	7431
16.5900	7438
16.5950	7412
16.6000	6740
16.6050	6777
16.6100	7429
16.6150	6819
16.6200	7164
16.6250	7554
16.6300	6980
16.6350	6765
16.6400	6830
16.6450	7312
16.6500	7441
16.6550	7012
16.6600	7405
16.6650	6946
16.6700	7175
16.6750	6665
16.6800	7216
16.6850	7420
16.6900	7309
16.6950	7081
16.7000	7412
16.7050	7398
16.7100	6820
16.7150	7536
16.7200	7384
16.7250	7329
16.7300	7690
16.7350	7465
16.7400	7535
16.7450	6587
16.7500	7285
16.7550	6758
16.7600	7174
16.7650	7471
16.7700	6899
16.7750	7359
16.7800	6714
16.7850	7024
16.7900	7121
16.7950	7500
16.8000	7135
16.8050	7099
16.8100	7356
16.8150	6735
16.8200	6959
16.8250	7442
16.8300	7278
16.8350	7282
16.8400	7319
16.8450	7297
16.8500	6638
16.8550	6841
16.8600	7382
16.8650	6888
16.8700	7376
16.8750	6498
16.8800	7405
16.8850	6877
16.8900	6755
16.8950	7309
16.9000	6801
16.9050	6971
16.9100	6770
16.9150	6888
16.9200	6641
16.9250	6727
16.9300	6883
16.9350	6719
16.9400	6730
16.9450	7121
16.9500	7061
16.9550	7333
16.9600	7086
16.9650	6597
16.9700	6605
16.9750	7252
16.9800	7174
16.9850	7391
16.9900	7160
16.9950	7158
17.0000	7064
17.0050	6936
17.0100	6759
17.0150	7073
17.0200	7370
17.0250	7192
17.0300	7372
17.0350	6769
17.0400	6605
17.0450	6690
17.0500	7188
17.0550	6518
17.0600	7213
17.0650	7362
17.0700	7428
17.0750	6626
17.0800	6683
17.0850	6956
17.0900	7432
17.0950	7021
17.1000	7590
17.1050	7017
17.1100	6754
17.1150	6670
17.1200	6960
17.1250	7372
17.1300	7409
17.1350	7089
17.1400	7450
17.1450	6905
17.1500	6619
17.1550	7055
17.1600	7363
17.1650	7419
17.1700	7337
17.1750	7325
17.1800	6840
17.1850	6676
17.1900	6739
17.1950	7410
17.2000	7568
17.2050	7571
17.2100	7115
17.2150	7020
17.2200	6681
17.2250	6845
17.2300	7100
17.2350	7401
17.2400	7615
17.2450	7442
17.2500	7556
17.2550	6810
17.2600	6680
17.2650	7512
17.2700	7215
17.2750	7318
17.2800	7157
17.2850	7209
17.2900	6776
17.2950	6643
17.3000	7281
17.3050	7458
17.3100	6539
17.3150	7412
17.3200	7090
17.3250	6643
17.3300	6673
17.3350	7151
17.3400	7419
17.3450	7409
17.3500	7344
17.3550	6933
17.3600	6869
17.3650	6846
17.3700	7383
17.3750	6968
17.3800	7315
17.3850	7139
17.3900	6946
17.3950	6698
17.4000	6808
17.4050	7379
17.4100	7304
17.4150	6698
17.4200	7399
17.4250	6806
17.4300	7187
17.4350	6624
17.4400	6867
17.4450	7361
17.4500	6758
17.4550	7227
17.4600	7118
17.4650	7387
17.4700	6642
17.4750	7246
17.4800	7336
17.4850	6884
17.4900	7438
17.4950	7188
17.5000	7471
17.5050	7285
17.5100	7243
17.5150	7029
17.5200	7055
17.5250	7537
17.5300	7252
17.5350	7348
17.5400	7346
17.5450	7191
17.5500	7474
17.5550	6529
17.5600	7413
17.5650	7421
17.5700	7375
17.5750	6985
17.5800	7379
17.5850	7350
17.5900	6909
17.5950	7318
17.6000	7356
17.6050	7573
17.6100	7264
17.6150	7481
17.6200	6723
17.6250	7406
17.6300	7422
17.6350	7310
17.6400	7421
17.6450	7282
17.6500	7447
17.6550	7055
17.6600	6749
17.6650	7406
17.6700	7275
17.6750	7580
17.6800	7280
17.6850	7390
17.6900	7184
17.6950	6872
17.7000	6951
17.7050	7285
17.7100	7398
17.7150	7618
17.7200	7409
17.7250	7212
17.7300	7419
17.7350	6898
17.7400	7099
17.7450	7494
17.7500	7155
17.7550	7444
17.7600	7257
17.7650	7158
17.7700	6829
17.7750	7254
17.7800	7057
17.7850	7663
17.7900	7272
17.7950	7075
17.8000	6917
17.8050	6743
17.8100	7383
17.8150	7516
17.8200	7310
17.8250	7329
17.8300	7216
17.8350	7394
17.8400	6732
17.8450	7258
17.8500	6849
17.8550	7303
17.8600	7272
17.8650	7206
17.8700	7542
17.8750	6870
17.8800	7292
17.8850	7475
17.8900	7419
17.8950	7348
17.9000	7483
17.9050	7510
17.9100	6880
17.9150	7385
17.9200	7363
17.9250	7129
17.9300	7403
17.9350	6918
17.9400	7374
17.9450	6582
17.9500	7334
17.9550	6862
17.9600	7001
17.9650	6900
17.9700	6599
17.9750	7000
17.9800	6589
17.9850	6854
17.9900	6710
17.9950	7076
18.0000	6949
18.0050	7307
18.0100	7273
18.0150	7576
18.0200	6769
18.0250	7315
18.0300	7418
18.0350	6741
18.0400	7427
18.0450	7270
18.0500	6950
18.0550	7483
18.0600	7199
18.0650	6928
18.0700	7317
18.0750	7393
18.0800	7456
18.0850	7056
18.0900	6734
18.0950	6588
18.1000	7495
18.1050	7020
18.1100	7456
18.1150	7607
18.1200	6797
18.1250	7193
18.1300	7222
18.1350	7231
18.1400	7328
18.1450	7253
18.1500	7371
18.1550	6796
18.1600	6754
18.1650	7099
18.1700	7288
18.1750	7416
18.1800	7394
18.1850	7351
18.1900	6714
18.1950	7335
18.2000	7335
18.2050	7459
18.2100	7325
18.2150	7546
18.2200	7090
18.2250	7125
18.2300	6623
18.2350	7504
18.2400	7528
18.2450	7494
18.2500	7390
18.2550	7366
18.2600	7386
18.2650	6928
18.2700	6816
18.2750	7319
18.2800	7145
18.2850	7391
18.2900	7277
18.2950	6647
18.3000	6641
18.3050	7206
18.3100	6960
18.3150	7212
18.3200	6664
18.3250	7023
18.3300	7067
18.3350	6658
18.3400	7303
18.3450	7321
18.3500	7110
18.3550	7370
18.3600	7354
18.3650	6789
18.3700	6519
18.3750	7252
18.3800	7438
18.3850	7581
18.3900	7503
18.3950	7346
18.4000	7458
18.4050	6512
18.4100	7318
18.4150	7510
18.4200	7631
18.4250	6873
18.4300	7405
18.4350	6700
18.4400	6670
18.4450	6942
18.4500	6899
18.4550	7180
18.4600	7354
18.4650	6852
18.4700	6710
18.4750	6836
18.4800	6872
18.4850	7288
18.4900	7651
18.4950	7338
18.5000	7095
18.5050	7112
18.5100	6807
18.5150	6727
18.5200	7344
18.5250	7501
18.5300	7481
18.5350	6672
18.5400	7350
18.5450	6444
18.5500	6532
18.5550	6953
18.5600	7404
18.5650	7412
18.5700	6664
18.5750	7145
18.5800	6702
18.5850	6676
18.5900	7256
18.5950	6702
18.6000	7506
18.6050	6702
18.6100	6827
18.6150	6738
18.6200	6638
18.6250	7162
18.6300	7306
18.6350	6547
18.6400	7312
18.6450	6672
18.6500	6746
18.6550	6797
18.6600	7054
18.6650	7343
18.6700	7305
18.6750	7468
18.6800	7165
18.6850	7474
18.6900	6704
18.6950	6937
18.7000	7313
18.7050	7175
18.7100	7431
18.7150	7353
18.7200	7501
18.7250	6979
18.7300	7179
18.7350	6955
18.7400	7303
18.7450	7528
18.7500	6566
18.7550	7125
18.7600	6693
18.7650	7339
18.7700	6931
18.7750	7308
18.7800	7642
18.7850	7301
18.7900	7517
18.7950	6863
18.8000	7333
18.8050	7140
18.8100	7438
18.8150	7214
18.8200	7193
18.8250	7467
18.8300	7180
18.8350	7456
18.8400	7063
18.8450	7298
18.8500	7494
18.8550	7345
18.8600	7298
18.8650	7285
18.8700	7558
18.8750	7430
18.8800	7119
18.8850	7450
18.8900	7533
18.8950	7352
18.9000	6980
18.9050	7272
18.9100	7494
18.9150	7439
18.9200	7468
18.9250	7224
18.9300	7333
18.9350	7083
18.9400	7138
18.9450	7026
18.9500	7466
18.9550	7407
18.9600	7536
18.9650	6734
18.9700	6902
18.9750	7296
18.9800	7458
18.9850	7478
18.9900	7262
18.9950	7253
19.0000	6940
19.0050	6855
19.0100	7252
19.0150	6997
19.0200	7296
19.0250	7432
19.0300	7113
19.0350	7141
19.0400	6848
19.0450	6762
19.0500	6924
19.0550	7274
19.0600	7192
19.0650	6904
19.0700	7372
19.0750	6753
19.0800	6837
19.0850	7296
19.0900	7495
19.0950	7741
19.1000	7203
19.1050	7461
19.1100	6840
19.1150	6703
19.1200	7482
19.1250	6835
19.1300	7496
19.1350	6711
19.1400	7333
19.1450	6850
19.1500	6502
19.1550	7323
19.1600	6903
19.1650	7108
19.1700	6861
19.1750	6701
19.1800	6848
19.1850	7003
19.1900	7437
19.1950	7063
19.2000	6871
19.2050	7547
19.2100	7241
19.2150	7243
19.2200	6821
19.2250	7061
19.2300	7368
19.2350	7056
19.2400	7424
19.2450	7192
19.2500	6957
19.2550	6997
19.2600	7348
19.2650	6610
19.2700	7034
19.2750	7394
19.2800	7081
19.2850	7304
19.2900	6568
19.2950	7223
19.3000	7122
19.3050	6486
19.3100	7270
19.3150	7156
19.3200	7483
19.3250	6719
19.3300	6557
19.3350	7399
19.3400	6713
19.3450	7420
19.3500	6868
19.3550	7321
19.3600	6604
19.3650	7216
19.3700	6633
19.3750	7328
19.3800	7396
19.3850	7499
19.3900	7384
19.3950	6586
19.4000	6856
19.4050	7421
19.4100	6757
19.4150	7242
19.4200	6997
19.4250	7544
19.4300	7463
19.4350	6698
19.4400	7266
19.4450	6573
19.4500	6829
19.4550	7266
19.4600	7224
19.4650	7532
19.4700	6846
19.4750	6962
19.4800	6757
19.4850	6832
19.4900	7393
19.4950	7225
19.5000	7307
19.5050	7232
19.5100	7157
19.5150	6641
19.5200	6987
19.5250	7519
19.5300	7329
19.5350	7066
19.5400	7383
19.5450	7366
19.5500	6672
19.5550	6682
19.5600	7300
19.5650	7348
19.5700	7346
19.5750	6880
19.5800	7470
19.5850	7210
19.5900	6701
19.5950	7427
19.6000	7309
19.6050	7188
19.6100	7523
19.6150	7045
19.6200	6933
19.6250	6721
19.6300	7087
19.6350	7526
19.6400	7465
19.6450	7342
19.6500	7272
19.6550	6563
19.6600	6999
19.6650	7390
19.6700	7394
19.6750	7123
19.6800	7017
19.6850	7335
19.6900	7037
19.6950	7447
19.7000	7223
19.7050	7453
19.7100	7107
19.7150	7517
19.7200	6961
19.7250	7235
19.7300	7236
19.7350	6715
19.7400	7260
19.7450	7053
19.7500	7617
19.7550	6755
19.7600	7508
19.7650	6591
19.7700	6823
19.7750	7376
19.7800	7406
19.7850	7531
19.7900	6554
19.7950	7462
19.8000	6799
19.8050	6749
19.8100	7339
19.8150	6785
19.8200	7413
19.8250	6867
19.8300	6720
19.8350	6711
19.8400	7044
19.8450	7530
19.8500	7066
19.8550	6693
19.8600	7181
19.8650	7352
19.8700	7510
19.8750	7058
19.8800	6666
19.8850	7158
19.8900	6846
19.8950	7182
19.9000	6815
19.9050	7064
19.9100	7473
19.9150	7220
19.9200	6560
19.9250	6777
19.9300	7044
19.9350	7385
19.9400	7522
19.9450	7064
19.9500	7444
19.9550	6614
19.9600	6672
19.9650	7434
19.9700	7088
19.9750	7328
19.9800	7043
19.9850	7190
19.9900	7397
19.9950	7094
