0.0000	7263
0.0050	6979
0.0100	6595
0.0150	6577
0.0200	7001
0.0250	6603
0.0300	7354
0.0350	7239
0.0400	6596
0.0450	7174
0.0500	6672
0.0550	6875
0.0600	6765
0.0650	6866
0.0700	6932
0.0750	6582
0.0800	7154
0.0850	7042
0.0900	7096
0.0950	7270
0.1000	6959
0.1050	7307
0.1100	6744
0.1150	6738
0.1200	7192
0.1250	7353
0.1300	6848
0.1350	7481
0.1400	6655
0.1450	6788
0.1500	6861
0.1550	6853
0.1600	7055
0.1650	7510
0.1700	7433
0.1750	6796
0.1800	6836
0.1850	6496
0.1900	6488
0.1950	6795
0.2000	7039
0.2050	6872
0.2100	6812
0.2150	6798
0.2200	6354
0.2250	7291
0.2300	6576
0.2350	7227
0.2400	6697
0.2450	7073
0.2500	6876
0.2550	7170
0.2600	7285
0.2650	6995
0.2700	7098
0.2750	7355
0.2800	6980
0.2850	7346
0.2900	6815
0.2950	7253
0.3000	7217
0.3050	6678
0.3100	7376
0.3150	7362
0.3200	6909
0.3250	6744
0.3300	7228
0.3350	7471
0.3400	6651
0.3450	7180
0.3500	7561
0.3550	6952
0.3600	7574
0.3650	7162
0.3700	6837
0.3750	7275
0.3800	7034
0.3850	6926
0.3900	6984
0.3950	7309
0.4000	7443
0.4050	7413
0.4100	6601
0.4150	7290
0.4200	6608
0.4250	7421
0.4300	6765
0.4350	7268
0.4400	7097
0.4450	7301
0.4500	6636
0.4550	7540
0.4600	6914
0.4650	7326
0.4700	6788
0.4750	7413
0.4800	6827
0.4850	6564
0.4900	7294
0.4950	7162
0.5000	7312
0.5050	7239
0.5100	7226
0.5150	7160
0.5200	7212
0.5250	7198
0.5300	7396
0.5350	6502
0.5400	7122
0.5450	6724
0.5500	6953
0.5550	7067
0.5600	7464
0.5650	6762
0.5700	6888
0.5750	6700
0.5800	6570
0.5850	7483
0.5900	6852
0.5950	6991
0.6000	7303
0.6050	7171
0.6100	6708
0.6150	6535
0.6200	7493
0.6250	7268
0.6300	6809
0.6350	6895
0.6400	6947
0.6450	7167
0.6500	6674
0.6550	6952
0.6600	7508
0.6650	6793
0.6700	6679
0.6750	6674
0.6800	7430
0.6850	7398
0.6900	6611
0.6950	6830
0.7000	6822
0.7050	6590
0.7100	6730
0.7150	6695
0.7200	6853
0.7250	7177
0.7300	6611
0.7350	7214
0.7400	6928
0.7450	6760
0.7500	6735
0.7550	7375
0.7600	6691
0.7650	6884
0.7700	6756
0.7750	6957
0.7800	6590
0.7850	6990
0.7900	7581
0.7950	6634
0.8000	7470
0.8050	6968
0.8100	7026
0.8150	7488
0.8200	6804
0.8250	7198
0.8300	6645
0.8350	7032
0.8400	7412
0.8450	6810
0.8500	7076
0.8550	7139
0.8600	6928
0.8650	6699
0.8700	6611
0.8750	7449
0.8800	7126
0.8850	7334
0.8900	7026
0.8950	7514
0.9000	6617
0.9050	6562
0.9100	6824
0.9150	7038
0.9200	7517
0.9250	6939
0.9300	7316
0.9350	7069
0.9400	6658
0.9450	7433
0.9500	7056
0.9550	7395
0.9600	6797
0.9650	7105
0.9700	6999
0.9750	7291
0.9800	7500
0.9850	7155
0.9900	7278
0.9950	6885
1.0000	7135
1.0050	6739
1.0100	7114
1.0150	7063
1.0200	7315
1.0250	6473
1.0300	6700
1.0350	7355
1.0400	7111
1.0450	7028
1.0500	7262
1.0550	7125
1.0600	6699
1.0650	7227
1.0700	7688
1.0750	7361
1.0800	7563
1.0850	7398
1.0900	6881
1.0950	7140
1.1000	7111
1.1050	6992
1.1100	7516
1.1150	7149
1.1200	6812
1.1250	7032
1.1300	7542
1.1350	6607
1.1400	7063
1.1450	6723
1.1500	7621
1.1550	7071
1.1600	7210
1.1650	7276
1.1700	6765
1.1750	7083
1.1800	6622
1.1850	6976
1.1900	7647
1.1950	7146
1.2000	7501
1.2050	6679
1.2100	7386
1.2150	7409
1.2200	6792
1.2250	6722
1.2300	6745
1.2350	7070
1.2400	7339
1.2450	7122
1.2500	7042
1.2550	7001
1.2600	6653
1.2650	7410
1.2700	6670
1.2750	6659
1.2800	6649
1.2850	7448
1.2900	6990
1.2950	7155
1.3000	7368
1.3050	6914
1.3100	6680
1.3150	6967
1.3200	7144
1.3250	6889
1.3300	6835
1.3350	7514
1.3400	6841
1.3450	6925
1.3500	7003
1.3550	6964
1.3600	7066
1.3650	7364
1.3700	7206
1.3750	6705
1.3800	6608
1.3850	6489
1.3900	6642
1.3950	7162
1.4000	7338
1.4050	6684
1.4100	6598
1.4150	6938
1.4200	6729
1.4250	6946
1.4300	7022
1.4350	7243
1.4400	7283
1.4450	7403
1.4500	6707
1.4550	7633
1.4600	7104
1.4650	6999
1.4700	7517
1.4750	7200
1.4800	6941
1.4850	6693
1.4900	7550
1.4950	7652
1.5000	6831
1.5050	7280
1.5100	7630
1.5150	7471
1.5200	7098
1.5250	7427
1.5300	7037
1.5350	7472
1.5400	7006
1.5450	7581
1.5500	7307
1.5550	7586
1.5600	6846
1.5650	6579
1.5700	6703
1.5750	7211
1.5800	7388
1.5850	6563
1.5900	6838
1.5950	6693
1.6000	6545
1.6050	7391
1.6100	6953
1.6150	6432
1.6200	7492
1.6250	6926
1.6300	6774
1.6350	7214
1.6400	6750
1.6450	7439
1.6500	7381
1.6550	7092
1.6600	6935
1.6650	7121
1.6700	7068
1.6750	6429
1.6800	6416
1.6850	6734
1.6900	7515
1.6950	7236
1.7000	6649
1.7050	7015
1.7100	7283
1.7150	7175
1.7200	7383
1.7250	6893
1.7300	6652
1.7350	6815
1.7400	6647
1.7450	7293
1.7500	7432
1.7550	7318
1.7600	7298
1.7650	7134
1.7700	7254
1.7750	6810
1.7800	6664
1.7850	6990
1.7900	7227
1.7950	7220
1.8000	6798
1.8050	7270
1.8100	7135
1.8150	6820
1.8200	6640
1.8250	6699
1.8300	7194
1.8350	6976
1.8400	7372
1.8450	7165
1.8500	6930
1.8550	6825
1.8600	6670
1.8650	6577
1.8700	6948
1.8750	7199
1.8800	7541
1.8850	6856
1.8900	6711
1.8950	6853
1.9000	7038
1.9050	6702
1.9100	6598
1.9150	7459
1.9200	6793
1.9250	7275
1.9300	6545
1.9350	7427
1.9400	7287
1.9450	6984
1.9500	6465
1.9550	6498
1.9600	7315
1.9650	6662
1.9700	7023
1.9750	7069
1.9800	7459
1.9850	6734
1.9900	7360
1.9950	7401
2.0000	7163
2.0050	6647
2.0100	7195
2.0150	6524
2.0200	7192
2.0250	7195
2.0300	7011
2.0350	7071
2.0400	7153
2.0450	6616
2.0500	7559
2.0550	6562
2.0600	7543
2.0650	7436
2.0700	7373
2.0750	7568
2.0800	7208
2.0850	7579
2.0900	6575
2.0950	6920
2.1000	7221
2.1050	6774
2.1100	7503
2.1150	7248
2.1200	7159
2.1250	7211
2.1300	6846
2.1350	6851
2.1400	7261
2.1450	7526
2.1500	7604
2.1550	6803
2.1600	7231
2.1650	7204
2.1700	7439
2.1750	7460
2.1800	6653
2.1850	7100
2.1900	7649
2.1950	6890
2.2000	7262
2.2050	6912
2.2100	7006
2.2150	7332
2.2200	6682
2.2250	7179
2.2300	6717
2.2350	7274
2.2400	6873
2.2450	6701
2.2500	7359
2.2550	7505
2.2600	7511
2.2650	7243
2.2700	6868
2.2750	6634
2.2800	6881
2.2850	6547
2.2900	7222
2.2950	7418
2.3000	7771
2.3050	6858
2.3100	6344
2.3150	6707
2.3200	7172
2.3250	7312
2.3300	7693
2.3350	7532
2.3400	7239
2.3450	6846
2.3500	6812
2.3550	6791
2.3600	7024
2.3650	7874
2.3700	7821
2.3750	7627
2.3800	6854
2.3850	6943
2.3900	6953
2.3950	6587
2.4000	7352
2.4050	7661
2.4100	7735
2.4150	7315
2.4200	6768
2.4250	7278
2.4300	6956
2.4350	7432
2.4400	7852
2.4450	7909
2.4500	7284
2.4550	7078
2.4600	7027
2.4650	6819
2.4700	7430
2.4750	7749
2.4800	7986
2.4850	7924
2.4900	7092
2.4950	6801
2.5000	6860
2.5050	7036
2.5100	7269
2.5150	7827
2.5200	7957
2.5250	7229
2.5300	7016
2.5350	6903
2.5400	6699
2.5450	7194
2.5500	7621
2.5550	7901
2.5600	7385
2.5650	7231
2.5700	6931
2.5750	6863
2.5800	7130
2.5850	7206
2.5900	7689
2.5950	7622
2.6000	7918
2.6050	6930
2.6100	6574
2.6150	6745
2.6200	6856
2.6250	7378
2.6300	7851
2.6350	7783
2.6400	7746
2.6450	7005
2.6500	6446
2.6550	6836
2.6600	6826
2.6650	7662
2.6700	7843
2.6750	7629
2.6800	7360
2.6850	6619
2.6900	7104
2.6950	6790
2.7000	7109
2.7050	7423
2.7100	8274
2.7150	7403
2.7200	6712
2.7250	7090
2.7300	7033
2.7350	6801
2.7400	7016
2.7450	7480
2.7500	7525
2.7550	7142
2.7600	6928
2.7650	6758
2.7700	7154
2.7750	7286
2.7800	7351
2.7850	7442
2.7900	7098
2.7950	6773
2.8000	6970
2.8050	7102
2.8100	6788
2.8150	7421
2.8200	7569
2.8250	7281
2.8300	7002
2.8350	6759
2.8400	6761
2.8450	7157
2.8500	7254
2.8550	7578
2.8600	7355
2.8650	7107
2.8700	6787
2.8750	6922
2.8800	6805
2.8850	6727
2.8900	7101
2.8950	6875
2.9000	6914
2.9050	7005
2.9100	6613
2.9150	7103
2.9200	7153
2.9250	7443
2.9300	7350
2.9350	7121
2.9400	6883
2.9450	6360
2.9500	7139
2.9550	7117
2.9600	7023
2.9650	6599
2.9700	6855
2.9750	7299
2.9800	6725
2.9850	7091
2.9900	7304
2.9950	7429
3.0000	7296
3.0050	6774
3.0100	7285
3.0150	7174
3.0200	6733
3.0250	7414
3.0300	6857
3.0350	7774
3.0400	7306
3.0450	7391
3.0500	7373
3.0550	6788
3.0600	7362
3.0650	7069
3.0700	7103
3.0750	6881
3.0800	7298
3.0850	7449
3.0900	7440
3.0950	7436
3.1000	7394
3.1050	7291
3.1100	6897
3.1150	7465
3.1200	6631
3.1250	7335
3.1300	7418
3.1350	7015
3.1400	7425
3.1450	7226
3.1500	6514
3.1550	6807
3.1600	6573
3.1650	7340
3.1700	7445
3.1750	7397
3.1800	7581
3.1850	7158
3.1900	6757
3.1950	6509
3.2000	6701
3.2050	6914
3.2100	6885
3.2150	7181
3.2200	7122
3.2250	6613
3.2300	7350
3.2350	6953
3.2400	6795
3.2450	7232
3.2500	7266
3.2550	6677
3.2600	6690
3.2650	6642
3.2700	7373
3.2750	6500
3.2800	7303
3.2850	6607
3.2900	6833
3.2950	6905
3.3000	6552
3.3050	6618
3.3100	7550
3.3150	6646
3.3200	7437
3.3250	7450
3.3300	6819
3.3350	6644
3.3400	6600
3.3450	6805
3.3500	6784
3.3550	7420
3.3600	6980
3.3650	7383
3.3700	7571
3.3750	7007
3.3800	6777
3.3850	7375
3.3900	7002
3.3950	7023
3.4000	7108
3.4050	7086
3.4100	7622
3.4150	6540
3.4200	6892
3.4250	6847
3.4300	6763
3.4350	7729
3.4400	7288
3.4450	6613
3.4500	7398
3.4550	6892
3.4600	6924
3.4650	6899
3.4700	7500
3.4750	6833
3.4800	7078
3.4850	7182
3.4900	7224
3.4950	6997
3.5000	6558
3.5050	7176
3.5100	7442
3.5150	6556
3.5200	6544
3.5250	6677
3.5300	7007
3.5350	7252
3.5400	7058
3.5450	6602
3.5500	7146
3.5550	7008
3.5600	6548
3.5650	6689
3.5700	6772
3.5750	7189
3.5800	6929
3.5850	6654
3.5900	7196
3.5950	6622
3.6000	6507
3.6050	6855
3.6100	7304
3.6150	7283
3.6200	7038
3.6250	7218
3.6300	6799
3.6350	6671
3.6400	7314
3.6450	7424
3.6500	7519
3.6550	6732
3.6600	7379
3.6650	7118
3.6700	7488
3.6750	7346
3.6800	7377
3.6850	6714
3.6900	7427
3.6950	7445
3.7000	7478
3.7050	7066
3.7100	6915
3.7150	7447
3.7200	7446
3.7250	7202
3.7300	6762
3.7350	6605
3.7400	6681
3.7450	7452
3.7500	7084
3.7550	6686
3.7600	7074
3.7650	7553
3.7700	7296
3.7750	6533
3.7800	6820
3.7850	6930
3.7900	6700
3.7950	7196
3.8000	6962
3.8050	7422
3.8100	6659
3.8150	6553
3.8200	7370
3.8250	7041
3.8300	7365
3.8350	7329
3.8400	7053
3.8450	6905
3.8500	6514
3.8550	7016
3.8600	7369
3.8650	7235
3.8700	6732
3.8750	6680
3.8800	7372
3.8850	7218
3.8900	6765
3.8950	6575
3.9000	6895
3.9050	6674
3.9100	6782
3.9150	6398
3.9200	6736
3.9250	7160
3.9300	7323
3.9350	7421
3.9400	7364
3.9450	7555
3.9500	7284
3.9550	7221
3.9600	6982
3.9650	7042
3.9700	7511
3.9750	7391
3.9800	7409
3.9850	6903
3.9900	6987
3.9950	6736
4.0000	6966
4.0050	6991
4.0100	7367
4.0150	7199
4.0200	7305
4.0250	7268
4.0300	7328
4.0350	7458
4.0400	7149
4.0450	7215
4.0500	7054
4.0550	6936
4.0600	7480
4.0650	6803
4.0700	6676
4.0750	6731
4.0800	7281
4.0850	7155
4.0900	7514
4.0950	6706
4.1000	7119
4.1050	7029
4.1100	6949
4.1150	6703
4.1200	6964
4.1250	7017
4.1300	6991
4.1350	6627
4.1400	7367
4.1450	6677
4.1500	7127
4.1550	7484
4.1600	7078
4.1650	7256
4.1700	6634
4.1750	7438
4.1800	7710
4.1850	6497
4.1900	6661
4.1950	7091
4.2000	7377
4.2050	7527
4.2100	7231
4.2150	6764
4.2200	6585
4.2250	6474
4.2300	7433
4.2350	7292
4.2400	6873
4.2450	7441
4.2500	6594
4.2550	7090
4.2600	6924
4.2650	6884
4.2700	6835
4.2750	7295
4.2800	6688
4.2850	7077
4.2900	7179
4.2950	7062
4.3000	6834
4.3050	7241
4.3100	7165
4.3150	7473
4.3200	6660
4.3250	7326
4.3300	7172
4.3350	7275
4.3400	7056
4.3450	7364
4.3500	7400
4.3550	7452
4.3600	7067
4.3650	6876
4.3700	7088
4.3750	7097
4.3800	6634
4.3850	6792
4.3900	7400
4.3950	6882
4.4000	7330
4.4050	7264
4.4100	7569
4.4150	7617
4.4200	7455
4.4250	6774
4.4300	7421
4.4350	7380
4.4400	6970
4.4450	7352
4.4500	7110
4.4550	6600
4.4600	6969
4.4650	6791
4.4700	6771
4.4750	6740
4.4800	6782
4.4850	7282
4.4900	7084
4.4950	7394
4.5000	6721
4.5050	7281
4.5100	7438
4.5150	6543
4.5200	6511
4.5250	6875
4.5300	7503
4.5350	7532
4.5400	6897
4.5450	7315
4.5500	7406
4.5550	6647
4.5600	7201
4.5650	6991
4.5700	7189
4.5750	7598
4.5800	7381
4.5850	6789
4.5900	6611
4.5950	7191
4.6000	7198
4.6050	6805
4.6100	6372
4.6150	7550
4.6200	7218
4.6250	6752
4.6300	6606
4.6350	6733
4.6400	6617
4.6450	6784
4.6500	7063
4.6550	7045
4.6600	6779
4.6650	7442
4.6700	6551
4.6750	6777
4.6800	7527
4.6850	7109
4.6900	7440
4.6950	7492
4.7000	7366
4.7050	7225
4.7100	7083
4.7150	7542
4.7200	7238
4.7250	6874
4.7300	7016
4.7350	6674
4.7400	6997
4.7450	7292
4.7500	6740
4.7550	7014
4.7600	7148
4.7650	7223
4.7700	7154
4.7750	6755
4.7800	6936
4.7850	7027
4.7900	7263
4.7950	7008
4.8000	7619
4.8050	7373
4.8100	7257
4.8150	7395
4.8200	7489
4.8250	7497
4.8300	7159
4.8350	7301
4.8400	7339
4.8450	7189
4.8500	6673
4.8550	7502
4.8600	7165
4.8650	6777
4.8700	6869
4.8750	7442
4.8800	6845
4.8850	7296
4.8900	6865
4.8950	7207
4.9000	6752
4.9050	6553
4.9100	6617
4.9150	6826
4.9200	6824
4.9250	7078
4.9300	6568
4.9350	7111
4.9400	6629
4.9450	6452
4.9500	6755
4.9550	6763
4.9600	7016
4.9650	6608
4.9700	7195
4.9750	6693
4.9800	6899
4.9850	6756
4.9900	6773
4.9950	7030
5.0000	6575
5.0050	7068
5.0100	6582
5.0150	6626
5.0200	7151
5.0250	7407
5.0300	7214
5.0350	6823
5.0400	6937
5.0450	7071
5.0500	7212
5.0550	6990
5.0600	7287
5.0650	7349
5.0700	7109
5.0750	6716
5.0800	7245
5.0850	7550
5.0900	7535
5.0950	7546
5.1000	7311
5.1050	7090
5.1100	6737
5.1150	7424
5.1200	7566
5.1250	7023
5.1300	6868
5.1350	7402
5.1400	7017
5.1450	7088
5.1500	6975
5.1550	7466
5.1600	7272
5.1650	7695
5.1700	6902
5.1750	7147
5.1800	7472
5.1850	7499
5.1900	7467
5.1950	7341
5.2000	7278
5.2050	7538
5.2100	7242
5.2150	7431
5.2200	6857
5.2250	7450
5.2300	7267
5.2350	6720
5.2400	6948
5.2450	7368
5.2500	7412
5.2550	6696
5.2600	7053
5.2650	7455
5.2700	7242
5.2750	6711
5.2800	7067
5.2850	6886
5.2900	6960
5.2950	6689
5.3000	6655
5.3050	6587
5.3100	6813
5.3150	6628
5.3200	6970
5.3250	7174
5.3300	6917
5.3350	7267
5.3400	7202
5.3450	7270
5.3500	7367
5.3550	7034
5.3600	7157
5.3650	7372
5.3700	6739
5.3750	6999
5.3800	7141
5.3850	6928
5.3900	7060
5.3950	6737
5.4000	7069
5.4050	7087
5.4100	6908
5.4150	6808
5.4200	7079
5.4250	7581
5.4300	7268
5.4350	6694
5.4400	7296
5.4450	7173
5.4500	6909
5.4550	7529
5.4600	7256
5.4650	7049
5.4700	7280
5.4750	7481
5.4800	7209
5.4850	7013
5.4900	7422
5.4950	7360
5.5000	7394
5.5050	7425
5.5100	7312
5.5150	7504
5.5200	7074
5.5250	7467
5.5300	7070
5.5350	7471
5.5400	7282
5.5450	7230
5.5500	7336
5.5550	7269
5.5600	7245
5.5650	6798
5.5700	7135
5.5750	7330
5.5800	7287
5.5850	7234
5.5900	6700
5.5950	7285
5.6000	7290
5.6050	7298
5.6100	7351
5.6150	6733
5.6200	7127
5.6250	6663
5.6300	6547
5.6350	7468
5.6400	7187
5.6450	7341
5.6500	7499
5.6550	6598
5.6600	7057
5.6650	6785
5.6700	6786
5.6750	6720
5.6800	6878
5.6850	7202
5.6900	6854
5.6950	7213
5.7000	7166
5.7050	6702
5.7100	6966
5.7150	6584
5.7200	6775
5.7250	6738
5.7300	6929
5.7350	7547
5.7400	7050
5.7450	6714
5.7500	6965
5.7550	6856
5.7600	6915
5.7650	6550
5.7700	7189
5.7750	6637
5.7800	7068
5.7850	6789
5.7900	7279
5.7950	6787
5.8000	6819
5.8050	6679
5.8100	6699
5.8150	7432
5.8200	6904
5.8250	6827
5.8300	7430
5.8350	7221
5.8400	6948
5.8450	7152
5.8500	7398
5.8550	6640
5.8600	7343
5.8650	7498
5.8700	7206
5.8750	7281
5.8800	7241
5.8850	6783
5.8900	6664
5.8950	7154
5.9000	7221
5.9050	7308
5.9100	7649
5.9150	7494
5.9200	6701
5.9250	7505
5.9300	7148
5.9350	6713
5.9400	7418
5.9450	6592
5.9500	7463
5.9550	6856
5.9600	7461
5.9650	7388
5.9700	7435
5.9750	7457
5.9800	7224
5.9850	7132
5.9900	7495
5.9950	7049
6.0000	7045
6.0050	7388
6.0100	6977
6.0150	6585
6.0200	7083
6.0250	7530
6.0300	6815
6.0350	6905
6.0400	7455
6.0450	7449
6.0500	6783
6.0550	6805
6.0600	7318
6.0650	6576
6.0700	7217
6.0750	6741
6.0800	7013
6.0850	6725
6.0900	6942
6.0950	6671
6.1000	6483
6.1050	6595
6.1100	6707
6.1150	6836
6.1200	7272
6.1250	6655
6.1300	6894
6.1350	6605
6.1400	6682
6.1450	7345
6.1500	6721
6.1550	7269
6.1600	6737
6.1650	6701
6.1700	7131
6.1750	6719
6.1800	6906
6.1850	7530
6.1900	6650
6.1950	6909
6.2000	6891
6.2050	7352
6.2100	7582
6.2150	7000
6.2200	7434
6.2250	7407
6.2300	6650
6.2350	7137
6.2400	7471
6.2450	7342
6.2500	7343
6.2550	7375
6.2600	7356
6.2650	7474
6.2700	7776
6.2750	7570
6.2800	7352
6.2850	7381
6.2900	6961
6.2950	6805
6.3000	6740
6.3050	7287
6.3100	7226
6.3150	7442
6.3200	7392
6.3250	7587
6.3300	6588
6.3350	7592
6.3400	7183
6.3450	7341
6.3500	7346
6.3550	7486
6.3600	7453
6.3650	7315
6.3700	7221
6.3750	7337
6.3800	7495
6.3850	6627
6.3900	7573
6.3950	7402
6.4000	7060
6.4050	6735
6.4100	6929
6.4150	7530
6.4200	6844
6.4250	7454
6.4300	7368
6.4350	7081
6.4400	6878
6.4450	6833
6.4500	6635
6.4550	6549
6.4600	6595
6.4650	6749
6.4700	6911
6.4750	6781
6.4800	6746
6.4850	6949
6.4900	7123
6.4950	7175
6.5000	7445
6.5050	6848
6.5100	7682
6.5150	7395
6.5200	6840
6.5250	6635
6.5300	7600
6.5350	6870
6.5400	7413
6.5450	7682
6.5500	6733
6.5550	7484
6.5600	6694
6.5650	6750
6.5700	7183
6.5750	6746
6.5800	7100
6.5850	6751
6.5900	7052
6.5950	7417
6.6000	6639
6.6050	7617
6.6100	7082
6.6150	6544
6.6200	7130
6.6250	6963
6.6300	6821
6.6350	7290
6.6400	6734
6.6450	7437
6.6500	7216
6.6550	6741
6.6600	7041
6.6650	6822
6.6700	7193
6.6750	7392
6.6800	6834
6.6850	7434
6.6900	6955
6.6950	7511
6.7000	7155
6.7050	7017
6.7100	7421
6.7150	7361
6.7200	7289
6.7250	6571
6.7300	7247
6.7350	7045
6.7400	7263
6.7450	6897
6.7500	7323
6.7550	6763
6.7600	7006
6.7650	6724
6.7700	7465
6.7750	7462
6.7800	6670
6.7850	7598
6.7900	7485
6.7950	7372
6.8000	6724
6.8050	7256
6.8100	7273
6.8150	7579
6.8200	6739
6.8250	7043
6.8300	6739
6.8350	7616
6.8400	6876
6.8450	6961
6.8500	6843
6.8550	7614
6.8600	6812
6.8650	6924
6.8700	6934
6.8750	7031
6.8800	6767
6.8850	6852
6.8900	6654
6.8950	7340
6.9000	6934
6.9050	7532
6.9100	6772
6.9150	6649
6.9200	6875
6.9250	7441
6.9300	7255
6.9350	6653
6.9400	6714
6.9450	7001
6.9500	7042
6.9550	6559
6.9600	6762
6.9650	7453
6.9700	6806
6.9750	6757
6.9800	6961
6.9850	6549
6.9900	7132
6.9950	7524
7.0000	7256
7.0050	6974
7.0100	7001
7.0150	7331
7.0200	7158
7.0250	6525
7.0300	7415
7.0350	6940
7.0400	6699
7.0450	7619
7.0500	7336
7.0550	6723
7.0600	7466
7.0650	7484
7.0700	7546
7.0750	7521
7.0800	7136
7.0850	7284
7.0900	7173
7.0950	6658
7.1000	7046
7.1050	7139
7.1100	6821
7.1150	7264
7.1200	7354
7.1250	7352
7.1300	6750
7.1350	6854
7.1400	6572
7.1450	7388
7.1500	6790
7.1550	7422
7.1600	6933
7.1650	6565
7.1700	7324
7.1750	7143
7.1800	7320
7.1850	6895
7.1900	6702
7.1950	7142
7.2000	6976
7.2050	6833
7.2100	7560
7.2150	6742
7.2200	6653
7.2250	7367
7.2300	6745
7.2350	7366
7.2400	6694
7.2450	7158
7.2500	7042
7.2550	7093
7.2600	6728
7.2650	6668
7.2700	7045
7.2750	7153
7.2800	7503
7.2850	6853
7.2900	6645
7.2950	6793
7.3000	6724
7.3050	6933
7.3100	7225
7.3150	7297
7.3200	7278
7.3250	6707
7.3300	6738
7.3350	7324
7.3400	7115
7.3450	7363
7.3500	7259
7.3550	7364
7.3600	6877
7.3650	6642
7.3700	7359
7.3750	7485
7.3800	7220
7.3850	6753
7.3900	6986
7.3950	7069
7.4000	7220
7.4050	7641
7.4100	7213
7.4150	7244
7.4200	6712
7.4250	7044
7.4300	7409
7.4350	7303
7.4400	7516
7.4450	7323
7.4500	6580
7.4550	7434
7.4600	7559
7.4650	6896
7.4700	7573
7.4750	7348
7.4800	7510
7.4850	6776
7.4900	6661
7.4950	7115
7.5000	7216
7.5050	6815
7.5100	7348
7.5150	7168
7.5200	6641
7.5250	7166
7.5300	7036
7.5350	7306
7.5400	7309
7.5450	7269
7.5500	7366
7.5550	6586
7.5600	6619
7.5650	7035
7.5700	6667
7.5750	6924
7.5800	7457
7.5850	7098
7.5900	6938
7.5950	6748
7.6000	6757
7.6050	6738
7.6100	6932
7.6150	7218
7.6200	7213
7.6250	6663
7.6300	6610
7.6350	6924
7.6400	6706
7.6450	6818
7.6500	7059
7.6550	6760
7.6600	6714
7.6650	7119
7.6700	6796
7.6750	7476
7.6800	6677
7.6850	6927
7.6900	6941
7.6950	6891
7.7000	6981
7.7050	7286
7.7100	7625
7.7150	7362
7.7200	6775
7.7250	6799
7.7300	6832
7.7350	6674
7.7400	7079
7.7450	6895
7.7500	7155
7.7550	6860
7.7600	7485
7.7650	6786
7.7700	6964
7.7750	7255
7.7800	6965
7.7850	6779
7.7900	7009
7.7950	6915
7.8000	6785
7.8050	7237
7.8100	7285
7.8150	7149
7.8200	6726
7.8250	7675
7.8300	7362
7.8350	6787
7.8400	6994
7.8450	7269
7.8500	7523
7.8550	7185
7.8600	6644
7.8650	7422
7.8700	7567
7.8750	7090
7.8800	7588
7.8850	7523
7.8900	7344
7.8950	7048
7.9000	7302
7.9050	6730
7.9100	6945
7.9150	7346
7.9200	7457
7.9250	6552
7.9300	6723
7.9350	7477
7.9400	6885
7.9450	6985
7.9500	6931
7.9550	6857
7.9600	6713
7.9650	7199
7.9700	7035
7.9750	7262
7.9800	6774
7.9850	7410
7.9900	7344
7.9950	7473
8.0000	7220
8.0050	6706
8.0100	6867
8.0150	6462
8.0200	6742
8.0250	6836
8.0300	6691
8.0350	6653
8.0400	6487
8.0450	6636
8.0500	6918
8.0550	6691
8.0600	7576
8.0650	6662
8.0700	7474
8.0750	7071
8.0800	6882
8.0850	7353
8.0900	6795
8.0950	7528
8.1000	7128
8.1050	7167
8.1100	6547
8.1150	7310
8.1200	6646
8.1250	6665
8.1300	6719
8.1350	6736
8.1400	7030
8.1450	6564
8.1500	6742
8.1550	6651
8.1600	7542
8.1650	7421
8.1700	6602
8.1750	6979
8.1800	7348
8.1850	6927
8.1900	6986
8.1950	7184
8.2000	6861
8.2050	7156
8.2100	6833
8.2150	7386
8.2200	6821
8.2250	6733
8.2300	7629
8.2350	7350
8.2400	7394
8.2450	7583
8.2500	6810
8.2550	7266
8.2600	6482
8.2650	7195
8.2700	7103
8.2750	7137
8.2800	7587
8.2850	7342
8.2900	6823
8.2950	6659
8.3000	6712
8.3050	7482
8.3100	7343
8.3150	6885
8.3200	7335
8.3250	7357
8.3300	7130
8.3350	6652
8.3400	7395
8.3450	6886
8.3500	7422
8.3550	6731
8.3600	6660
8.3650	7021
8.3700	6728
8.3750	7153
8.3800	6725
8.3850	6776
8.3900	7293
8.3950	6928
8.4000	7363
8.4050	7038
8.4100	7149
8.4150	7213
8.4200	7116
8.4250	6664
8.4300	6955
8.4350	6609
8.4400	7293
8.4450	6715
8.4500	7381
8.4550	6784
8.4600	6928
8.4650	6714
8.4700	6714
8.4750	6751
8.4800	6943
8.4850	7029
8.4900	7494
8.4950	6746
8.5000	6740
8.5050	6640
8.5100	6765
8.5150	6733
8.5200	7634
8.5250	7051
8.5300	7254
8.5350	6750
8.5400	6667
8.5450	6617
8.5500	6607
8.5550	6837
8.5600	7241
8.5650	6857
8.5700	7440
8.5750	6779
8.5800	6932
8.5850	6795
8.5900	7438
8.5950	7032
8.6000	7455
8.6050	6728
8.6100	7420
8.6150	6983
8.6200	6639
8.6250	7375
8.6300	7438
8.6350	7269
8.6400	7360
8.6450	7132
8.6500	7068
8.6550	7321
8.6600	7294
8.6650	6960
8.6700	7149
8.6750	7377
8.6800	7542
8.6850	7273
8.6900	7167
8.6950	6591
8.7000	7414
8.7050	7463
8.7100	7126
8.7150	7249
8.7200	6752
8.7250	7029
8.7300	6816
8.7350	6580
8.7400	7472
8.7450	7300
8.7500	7018
8.7550	7187
8.7600	7082
8.7650	6711
8.7700	6719
8.7750	6659
8.7800	7302
8.7850	7456
8.7900	7400
8.7950	7359
8.8000	6806
8.8050	6724
8.8100	6858
8.8150	7474
8.8200	7125
8.8250	6574
8.8300	7070
8.8350	7138
8.8400	6932
8.8450	6633
8.8500	7307
8.8550	7458
8.8600	7153
8.8650	7046
8.8700	6971
8.8750	6591
8.8800	7332
8.8850	7472
8.8900	6951
8.8950	7126
8.9000	6991
8.9050	6795
8.9100	6873
8.9150	6580
8.9200	6554
8.9250	7135
8.9300	7550
8.9350	7402
8.9400	7009
8.9450	6873
8.9500	6830
8.9550	6887
8.9600	7533
8.9650	7383
8.9700	7408
8.9750	7385
8.9800	7179
8.9850	7182
8.9900	6849
8.9950	7466
9.0000	7456
9.0050	7148
9.0100	7357
9.0150	7622
9.0200	6716
9.0250	7099
9.0300	7189
9.0350	7052
9.0400	7388
9.0450	6687
9.0500	7561
9.0550	7263
9.0600	7256
9.0650	6781
9.0700	7522
9.0750	7126
9.0800	7233
9.0850	7415
9.0900	6675
9.0950	6708
9.1000	6869
9.1050	6875
9.1100	6842
9.1150	6809
9.1200	7075
9.1250	7038
9.1300	7597
9.1350	7116
9.1400	7142
9.1450	6529
9.1500	6703
9.1550	7236
9.1600	7246
9.1650	6956
9.1700	7653
9.1750	6988
9.1800	6678
9.1850	7126
9.1900	7378
9.1950	7302
9.2000	6906
9.2050	6741
9.2100	6666
9.2150	6803
9.2200	6579
9.2250	7441
9.2300	7217
9.2350	6536
9.2400	7079
9.2450	7107
9.2500	6870
9.2550	7008
9.2600	7222
9.2650	7363
9.2700	6795
9.2750	6592
9.2800	7248
9.2850	6967
9.2900	6813
9.2950	7295
9.3000	7114
9.3050	6897
9.3100	7007
9.3150	7190
9.3200	7296
9.3250	6803
9.3300	7663
9.3350	7150
9.3400	6990
9.3450	7538
9.3500	7424
9.3550	6953
9.3600	6660
9.3650	7341
9.3700	7453
9.3750	6829
9.3800	7215
9.3850	7309
9.3900	6558
9.3950	7036
9.4000	6982
9.4050	7240
9.4100	7590
9.4150	7152
9.4200	6602
9.4250	6827
9.4300	6740
9.4350	7222
9.4400	6821
9.4450	6652
9.4500	7459
9.4550	7045
9.4600	6746
9.4650	6901
9.4700	6980
9.4750	7421
9.4800	6833
9.4850	6650
9.4900	7706
9.4950	7246
9.5000	6797
9.5050	6629
9.5100	6579
9.5150	6972
9.5200	6953
9.5250	6914
9.5300	7474
9.5350	6804
9.5400	6790
9.5450	6628
9.5500	6668
9.5550	6737
9.5600	6635
9.5650	6933
9.5700	6769
9.5750	6633
9.5800	7298
9.5850	6670
9.5900	6746
9.5950	7074
9.6000	7220
9.6050	6611
9.6100	6691
9.6150	7108
9.6200	7291
9.6250	6820
9.6300	6783
9.6350	7015
9.6400	7207
9.6450	6936
9.6500	7510
9.6550	7169
9.6600	6880
9.6650	6853
9.6700	7285
9.6750	7415
9.6800	7091
9.6850	7511
9.6900	7485
9.6950	7228
9.7000	7066
9.7050	7323
9.7100	7337
9.7150	6700
9.7200	7396
9.7250	7096
9.7300	6662
9.7350	6695
9.7400	7443
9.7450	6999
9.7500	6638
9.7550	7240
9.7600	7502
9.7650	7513
9.7700	7358
9.7750	6985
9.7800	7119
9.7850	6921
9.7900	7193
9.7950	7298
9.8000	7103
9.8050	6834
9.8100	7021
9.8150	6620
9.8200	6797
9.8250	7091
9.8300	7458
9.8350	6708
9.8400	6660
9.8450	6857
9.8500	7229
9.8550	6792
9.8600	7358
9.8650	7407
9.8700	7174
9.8750	6927
9.8800	6574
9.8850	6792
9.8900	6864
9.8950	7246
9.9000	7268
9.9050	7420
9.9100	7296
9.9150	6614
9.9200	6753
9.9250	6905
9.9300	7105
9.9350	7341
9.9400	7497
9.9450	7204
9.9500	7353
9.9550	6656
9.9600	7286
9.9650	7150
9.9700	7296
9.9750	7740
9.9800	7314
9.9850	7468
9.9900	7151
9.9950	6748
10.0000	6852
10.0050	6882
10.0100	7400
10.0150	7461
10.0200	7192
10.0250	7204
10.0300	6796
10.0350	6941
10.0400	7082
10.0450	6859
10.0500	7518
10.0550	7464
10.0600	7287
10.0650	6972
10.0700	6619
10.0750	7409
10.0800	7015
10.0850	6584
10.0900	7554
10.0950	7261
10.1000	7143
10.1050	6623
10.1100	6722
10.1150	7569
10.1200	6936
10.1250	6739
10.1300	7323
10.1350	7364
10.1400	6559
10.1450	7025
10.1500	6952
10.1550	6627
10.1600	6766
10.1650	6993
10.1700	7462
10.1750	6697
10.1800	6828
10.1850	7462
10.1900	6987
10.1950	6759
10.2000	7283
10.2050	7061
10.2100	6698
10.2150	6879
10.2200	7309
10.2250	6703
10.2300	7513
10.2350	7443
10.2400	7318
10.2450	6766
10.2500	6728
10.2550	7152
10.2600	6617
10.2650	7130
10.2700	6769
10.2750	7323
10.2800	6954
10.2850	6726
10.2900	7376
10.2950	7108
10.3000	7075
10.3050	7028
10.3100	7207
10.3150	6515
10.3200	7144
10.3250	6989
10.3300	6984
10.3350	7273
10.3400	7114
10.3450	7151
10.3500	6730
10.3550	6577
10.3600	7584
10.3650	7524
10.3700	6908
10.3750	6801
10.3800	7412
10.3850	6746
10.3900	7498
10.3950	7353
10.4000	7114
10.4050	7105
10.4100	6996
10.4150	7473
10.4200	6864
10.4250	7302
10.4300	7074
10.4350	7371
10.4400	7059
10.4450	6952
10.4500	7315
10.4550	6575
10.4600	7666
10.4650	7378
10.4700	7365
10.4750	6829
10.4800	6882
10.4850	6858
10.4900	6725
10.4950	7031
10.5000	7232
10.5050	7413
10.5100	7272
10.5150	6592
10.5200	7011
10.5250	6667
10.5300	7453
10.5350	7396
10.5400	7371
10.5450	6705
10.5500	7522
10.5550	6683
10.5600	6955
10.5650	6963
10.5700	7581
10.5750	7401
10.5800	6692
10.5850	6537
10.5900	7002
10.5950	6800
10.6000	6981
10.6050	7534
10.6100	7466
10.6150	6974
10.6200	6881
10.6250	6755
10.6300	6825
10.6350	6544
10.6400	7224
10.6450	7451
10.6500	6795
10.6550	7318
10.6600	7113
10.6650	6707
10.6700	6636
10.6750	7193
10.6800	7401
10.6850	7071
10.6900	7255
10.6950	7310
10.7000	6741
10.7050	6699
10.7100	6818
10.7150	7183
10.7200	7222
10.7250	6988
10.7300	7182
10.7350	7439
10.7400	6641
10.7450	7461
10.7500	7374
10.7550	6681
10.7600	7358
10.7650	7519
10.7700	7006
10.7750	6767
10.7800	7379
10.7850	7366
10.7900	6625
10.7950	7202
10.8000	7406
10.8050	7388
10.8100	7169
10.8150	6943
10.8200	7513
10.8250	7475
10.8300	7096
10.8350	7194
10.8400	7354
10.8450	6978
10.8500	6875
10.8550	7314
10.8600	7103
10.8650	7076
10.8700	6707
10.8750	6774
10.8800	6631
10.8850	6777
10.8900	7624
10.8950	6993
10.9000	6923
10.9050	6632
10.9100	7330
10.9150	7559
10.9200	6682
10.9250	7220
10.9300	7398
10.9350	6996
10.9400	7143
10.9450	7329
10.9500	6830
10.9550	6845
10.9600	6802
10.9650	7028
10.9700	7168
10.9750	6687
10.9800	6746
10.9850	6723
10.9900	6713
10.9950	6683
11.0000	6716
11.0050	6781
11.0100	7419
11.0150	6699
11.0200	6615
11.0250	6697
11.0300	7242
11.0350	6794
11.0400	6703
11.0450	7186
11.0500	7538
11.0550	6559
11.0600	6822
11.0650	7160
11.0700	7407
11.0750	7122
11.0800	6900
11.0850	7095
11.0900	7424
11.0950	7133
11.1000	6603
11.1050	7139
11.1100	7107
11.1150	7601
11.1200	7129
11.1250	7241
11.1300	7403
11.1350	7221
11.1400	7300
11.1450	6790
11.1500	7215
11.1550	7321
11.1600	7029
11.1650	7479
11.1700	7380
11.1750	6874
11.1800	6816
11.1850	6827
11.1900	7359
11.1950	7419
11.2000	6771
11.2050	7342
11.2100	6888
11.2150	6642
11.2200	6694
11.2250	7173
11.2300	6988
11.2350	7450
11.2400	7050
11.2450	7159
11.2500	7095
11.2550	7192
11.2600	7429
11.2650	6810
11.2700	6684
11.2750	7445
11.2800	7393
11.2850	6690
11.2900	7604
11.2950	6780
11.3000	7395
11.3050	6477
11.3100	6712
11.3150	7374
11.3200	7200
11.3250	7512
11.3300	6882
11.3350	7007
11.3400	6720
11.3450	7266
11.3500	7512
11.3550	6921
11.3600	6991
11.3650	6653
11.3700	6739
11.3750	7225
11.3800	6550
11.3850	7377
11.3900	7506
11.3950	6994
11.4000	6898
11.4050	7205
11.4100	7351
11.4150	6773
11.4200	7225
11.4250	7174
11.4300	7079
11.4350	6878
11.4400	7405
11.4450	6561
11.4500	6935
11.4550	7557
11.4600	7092
11.4650	7602
11.4700	7055
11.4750	6713
11.4800	6762
11.4850	6688
11.4900	7453
11.4950	7516
11.5000	6750
11.5050	7609
11.5100	7310
11.5150	7069
11.5200	6798
11.5250	7325
11.5300	7589
11.5350	7418
11.5400	6561
11.5450	7602
11.5500	6939
11.5550	7392
11.5600	6850
11.5650	7301
11.5700	7363
11.5750	7383
11.5800	6917
11.5850	7091
11.5900	6844
11.5950	6800
11.6000	7015
11.6050	7141
11.6100	7503
11.6150	7595
11.6200	6921
11.6250	6722
11.6300	7127
11.6350	6949
11.6400	7089
11.6450	7320
11.6500	7177
11.6550	7206
11.6600	7146
11.6650	6671
11.6700	6841
11.6750	6932
11.6800	6651
11.6850	7349
11.6900	6639
11.6950	6401
11.7000	6747
11.7050	7019
11.7100	7207
11.7150	7015
11.7200	6904
11.7250	6973
11.7300	7240
11.7350	6857
11.7400	6870
11.7450	6783
11.7500	6922
11.7550	7327
11.7600	6502
11.7650	6783
11.7700	7005
11.7750	6603
11.7800	7251
11.7850	6778
11.7900	7112
11.7950	7356
11.8000	7479
11.8050	6682
11.8100	6743
11.8150	6630
11.8200	7268
11.8250	7567
11.8300	7150
11.8350	7281
11.8400	6774
11.8450	6516
11.8500	6625
11.8550	6855
11.8600	7460
11.8650	7489
11.8700	6733
11.8750	6883
11.8800	6777
11.8850	6834
11.8900	6784
11.8950	6594
11.9000	7102
11.9050	7057
11.9100	7628
11.9150	7512
11.9200	6811
11.9250	7006
11.9300	7013
11.9350	7020
11.9400	7000
11.9450	6757
11.9500	7105
11.9550	7021
11.9600	6789
11.9650	6626
11.9700	7486
11.9750	6910
11.9800	6814
11.9850	7093
11.9900	6867
11.9950	7127
12.0000	6740
12.0050	7640
12.0100	7163
12.0150	7470
12.0200	6784
12.0250	7167
12.0300	7118
12.0350	6724
12.0400	7423
12.0450	6886
12.0500	6732
12.0550	6717
12.0600	6746
12.0650	6798
12.0700	6826
12.0750	7007
12.0800	6828
12.0850	7227
12.0900	6774
12.0950	7525
12.1000	7214
12.1050	6841
12.1100	7518
12.1150	6528
12.1200	6664
12.1250	6662
12.1300	6741
12.1350	6747
12.1400	6649
12.1450	6832
12.1500	7045
12.1550	6751
12.1600	6748
12.1650	6553
12.1700	6824
12.1750	7295
12.1800	6888
12.1850	6857
12.1900	7250
12.1950	6761
12.2000	6788
12.2050	6939
12.2100	6680
12.2150	7461
12.2200	6869
12.2250	6783
12.2300	6882
12.2350	6645
12.2400	6705
12.2450	7007
12.2500	6890
12.2550	6789
12.2600	7003
12.2650	6818
12.2700	6753
12.2750	6849
12.2800	6739
12.2850	6645
12.2900	6702
12.2950	6998
12.3000	7346
12.3050	7013
12.3100	6732
12.3150	6809
12.3200	6922
12.3250	6702
12.3300	6694
12.3350	7611
12.3400	7488
12.3450	6700
12.3500	7417
12.3550	6847
12.3600	7242
12.3650	6861
12.3700	6885
12.3750	7057
12.3800	7252
12.3850	6934
12.3900	6852
12.3950	6856
12.4000	6854
12.4050	6643
12.4100	7389
12.4150	6809
12.4200	6960
12.4250	7057
12.4300	6888
12.4350	6697
12.4400	6585
12.4450	7282
12.4500	7458
12.4550	7279
12.4600	6999
12.4650	7259
12.4700	7100
12.4750	7023
12.4800	7517
12.4850	7384
12.4900	7070
12.4950	7238
12.5000	6714
12.5050	6533
12.5100	7298
12.5150	7348
12.5200	7335
12.5250	6858
12.5300	6680
12.5350	6834
12.5400	7467
12.5450	7040
12.5500	7409
12.5550	7251
12.5600	6712
12.5650	6516
12.5700	7278
12.5750	7018
12.5800	7562
12.5850	7137
12.5900	6540
12.5950	6637
12.6000	6637
12.6050	7174
12.6100	6738
12.6150	7509
12.6200	6693
12.6250	7394
12.6300	7433
12.6350	7352
12.6400	6406
12.6450	6824
12.6500	7210
12.6550	6527
12.6600	7550
12.6650	6669
12.6700	7528
12.6750	7072
12.6800	6522
12.6850	7206
12.6900	6708
12.6950	7275
12.7000	6701
12.7050	6602
12.7100	7327
12.7150	6890
12.7200	7608
12.7250	6971
12.7300	6695
12.7350	6725
12.7400	7422
12.7450	6798
12.7500	6960
12.7550	6613
12.7600	7504
12.7650	6911
12.7700	6654
12.7750	7019
12.7800	7392
12.7850	6946
12.7900	7180
12.7950	6786
12.8000	6869
12.8050	7203
12.8100	6879
12.8150	7619
12.8200	6909
12.8250	7276
12.8300	6759
12.8350	6778
12.8400	6771
12.8450	6787
12.8500	6771
12.8550	7242
12.8600	6744
12.8650	6745
12.8700	7178
12.8750	6748
12.8800	6699
12.8850	6627
12.8900	6872
12.8950	6894
12.9000	7197
12.9050	6968
12.9100	6720
12.9150	6886
12.9200	7519
12.9250	7244
12.9300	6764
12.9350	7056
12.9400	7089
12.9450	6996
12.9500	6608
12.9550	6685
12.9600	7296
12.9650	6995
12.9700	6700
12.9750	7555
12.9800	6969
12.9850	6838
12.9900	6744
12.9950	7385
13.0000	7186
13.0050	6658
13.0100	7164
13.0150	7261
13.0200	7259
13.0250	6923
13.0300	7438
13.0350	6861
13.0400	6774
13.0450	7411
13.0500	6655
13.0550	7153
13.0600	7090
13.0650	7396
13.0700	7342
13.0750	7556
13.0800	7361
13.0850	7326
13.0900	6815
13.0950	7085
13.1000	6818
13.1050	6898
13.1100	6790
13.1150	6573
13.1200	7125
13.1250	6692
13.1300	6802
13.1350	6946
13.1400	6764
13.1450	7140
13.1500	7274
13.1550	7133
13.1600	6777
13.1650	6840
13.1700	6826
13.1750	6685
13.1800	7085
13.1850	7201
13.1900	7493
13.1950	6771
13.2000	7423
13.2050	6939
13.2100	6764
13.2150	7227
13.2200	7031
13.2250	7310
13.2300	6762
13.2350	6902
13.2400	6726
13.2450	6477
13.2500	6733
13.2550	6681
13.2600	7331
13.2650	6933
13.2700	6704
13.2750	7252
13.2800	6855
13.2850	7080
13.2900	7123
13.2950	7217
13.3000	7239
13.3050	6698
13.3100	6527
13.3150	7052
13.3200	6504
13.3250	6592
13.3300	7561
13.3350	7142
13.3400	7224
13.3450	6800
13.3500	6810
13.3550	7238
13.3600	6722
13.3650	7222
13.3700	7156
13.3750	7117
13.3800	7256
13.3850	6754
13.3900	7506
13.3950	7533
13.4000	7420
13.4050	7070
13.4100	7155
13.4150	6943
13.4200	6627
13.4250	7341
13.4300	6656
13.4350	7434
13.4400	7171
13.4450	6967
13.4500	6713
13.4550	6563
13.4600	6744
13.4650	6721
13.4700	6751
13.4750	7059
13.4800	6781
13.4850	7168
13.4900	6810
13.4950	7506
13.5000	6639
13.5050	7338
13.5100	6653
13.5150	6810
13.5200	6596
13.5250	6923
13.5300	7029
13.5350	7561
13.5400	6916
13.5450	7411
13.5500	7024
13.5550	6767
13.5600	7157
13.5650	6817
13.5700	7469
13.5750	6750
13.5800	6789
13.5850	7076
13.5900	6874
13.5950	7156
13.6000	6702
13.6050	7148
13.6100	6612
13.6150	7283
13.6200	7064
13.6250	7184
13.6300	7358
13.6350	6750
13.6400	7544
13.6450	6727
13.6500	7573
13.6550	6588
13.6600	6832
13.6650	7569
13.6700	7407
13.6750	7389
13.6800	6639
13.6850	7468
13.6900	6644
13.6950	6561
13.7000	7446
13.7050	7271
13.7100	6826
13.7150	6820
13.7200	7121
13.7250	6806
13.7300	6830
13.7350	7528
13.7400	7246
13.7450	6585
13.7500	7118
13.7550	7104
13.7600	6593
13.7650	6873
13.7700	7234
13.7750	7375
13.7800	6739
13.7850	6938
13.7900	7321
13.7950	6518
13.8000	6736
13.8050	7040
13.8100	6638
13.8150	6688
13.8200	6954
13.8250	6694
13.8300	6986
13.8350	6671
13.8400	7132
13.8450	7009
13.8500	7226
13.8550	6594
13.8600	6547
13.8650	6769
13.8700	6540
13.8750	7026
13.8800	7068
13.8850	7233
13.8900	6902
13.8950	6855
13.9000	6636
13.9050	6634
13.9100	6828
13.9150	6944
13.9200	6799
13.9250	6700
13.9300	6854
13.9350	6824
13.9400	6795
13.9450	6691
13.9500	6689
13.9550	6808
13.9600	6761
13.9650	6563
13.9700	7029
13.9750	6738
13.9800	7038
13.9850	6769
13.9900	6585
13.9950	6831
14.0000	6953
14.0050	6785
14.0100	6700
14.0150	6464
14.0200	7633
14.0250	6844
14.0300	7135
14.0350	6968
14.0400	6785
14.0450	6820
14.0500	6976
14.0550	6626
14.0600	6828
14.0650	6665
14.0700	6721
14.0750	7232
14.0800	6675
14.0850	6881
14.0900	7654
14.0950	6738
14.1000	6788
14.1050	6799
14.1100	7172
14.1150	6688
14.1200	6863
14.1250	7446
14.1300	7494
14.1350	7128
14.1400	6784
14.1450	7401
14.1500	6802
14.1550	6791
14.1600	7218
14.1650	7458
14.1700	6653
14.1750	6704
14.1800	7292
14.1850	7119
14.1900	6739
14.1950	7159
14.2000	6643
14.2050	6799
14.2100	7013
14.2150	7500
14.2200	6945
14.2250	7240
14.2300	7280
14.2350	6947
14.2400	7641
14.2450	6778
14.2500	7453
14.2550	6829
14.2600	7366
14.2650	6806
14.2700	7158
14.2750	6900
14.2800	6763
14.2850	6643
14.2900	6700
14.2950	6730
14.3000	6728
14.3050	6587
14.3100	6615
14.3150	6760
14.3200	6602
14.3250	6536
14.3300	6821
14.3350	7242
14.3400	6826
14.3450	6897
14.3500	6519
14.3550	7097
14.3600	6634
14.3650	6752
14.3700	6809
14.3750	7375
14.3800	7122
14.3850	6808
14.3900	6920
14.3950	6928
14.4000	6820
14.4050	7079
14.4100	6844
14.4150	7162
14.4200	6979
14.4250	6699
14.4300	6816
14.4350	7007
14.4400	7295
14.4450	6798
14.4500	6686
14.4550	7444
14.4600	7107
14.4650	6608
14.4700	6679
14.4750	7001
14.4800	7260
14.4850	6783
14.4900	6858
14.4950	7581
14.5000	6775
14.5050	6672
14.5100	6611
14.5150	6649
14.5200	7281
14.5250	6756
14.5300	6779
14.5350	7176
14.5400	6770
14.5450	6871
14.5500	7004
14.5550	6678
14.5600	6707
14.5650	7088
14.5700	6851
14.5750	6667
14.5800	6673
14.5850	7187
14.5900	6701
14.5950	7294
14.6000	6955
14.6050	7300
14.6100	6681
14.6150	6902
14.6200	6802
14.6250	6757
14.6300	6945
14.6350	7101
14.6400	7192
14.6450	6714
14.6500	6918
14.6550	7219
14.6600	6612
14.6650	7030
14.6700	6700
14.6750	6748
14.6800	6713
14.6850	6702
14.6900	7404
14.6950	7202
14.7000	7570
14.7050	6707
14.7100	7362
14.7150	6833
14.7200	7621
14.7250	7520
14.7300	7417
14.7350	6757
14.7400	7235
14.7450	7535
14.7500	6992
14.7550	7441
14.7600	6785
14.7650	7371
14.7700	6746
14.7750	6703
14.7800	6574
14.7850	6766
14.7900	6848
14.7950	6872
14.8000	6970
14.8050	6766
14.8100	6933
14.8150	7416
14.8200	6686
14.8250	7196
14.8300	7130
14.8350	7476
14.8400	6732
14.8450	7371
14.8500	6890
14.8550	6595
14.8600	7049
14.8650	6686
14.8700	7485
14.8750	6897
14.8800	6822
14.8850	7175
14.8900	7012
14.8950	6781
14.9000	7275
14.9050	6765
14.9100	6902
14.9150	7142
14.9200	6843
14.9250	6724
14.9300	7479
14.9350	6762
14.9400	6857
14.9450	6841
14.9500	6921
14.9550	7481
14.9600	7168
14.9650	6928
14.9700	7047
14.9750	6702
14.9800	6936
14.9850	6637
14.9900	7020
14.9950	6879
15.0000	6889
15.0050	6661
15.0100	6719
15.0150	6968
15.0200	7098
15.0250	6936
15.0300	6523
15.0350	6792
15.0400	6729
15.0450	6715
15.0500	7170
15.0550	6527
15.0600	7553
15.0650	7146
15.0700	7004
15.0750	6788
15.0800	6795
15.0850	7211
15.0900	6640
15.0950	6765
15.1000	7479
15.1050	7179
15.1100	7117
15.1150	6657
15.1200	6460
15.1250	7145
15.1300	6975
15.1350	7316
15.1400	6758
15.1450	7383
15.1500	6837
15.1550	7186
15.1600	6624
15.1650	6761
15.1700	7277
15.1750	7001
15.1800	6800
15.1850	7433
15.1900	6674
15.1950	7317
15.2000	6866
15.2050	7546
15.2100	6992
15.2150	6748
15.2200	6834
15.2250	7331
15.2300	6942
15.2350	7286
15.2400	7617
15.2450	6939
15.2500	6600
15.2550	7488
15.2600	6746
15.2650	6813
15.2700	6841
15.2750	6569
15.2800	7341
15.2850	6812
15.2900	7244
15.2950	7064
15.3000	6778
15.3050	7132
15.3100	7177
15.3150	6666
15.3200	7287
15.3250	7247
15.3300	7238
15.3350	6715
15.3400	7258
15.3450	6784
15.3500	6582
15.3550	6740
15.3600	6713
15.3650	7224
15.3700	6723
15.3750	7185
15.3800	6887
15.3850	7100
15.3900	6929
15.3950	6743
15.4000	6998
15.4050	6870
15.4100	7094
15.4150	6611
15.4200	6812
15.4250	7432
15.4300	6706
15.4350	7423
15.4400	6752
15.4450	6685
15.4500	6848
15.4550	6635
15.4600	6617
15.4650	6708
15.4700	6753
15.4750	7208
15.4800	6558
15.4850	7038
15.4900	6710
15.4950	7254
15.5000	6958
15.5050	6576
15.5100	6763
15.5150	6877
15.5200	7175
15.5250	6819
15.5300	6958
15.5350	6767
15.5400	6902
15.5450	6732
15.5500	6626
15.5550	7214
15.5600	7282
15.5650	6738
15.5700	6696
15.5750	6777
15.5800	6937
15.5850	6810
15.5900	6779
15.5950	6939
15.6000	6807
15.6050	6779
15.6100	6614
15.6150	6518
15.6200	6644
15.6250	6944
15.6300	7256
15.6350	7053
15.6400	6688
15.6450	7342
15.6500	6810
15.6550	6665
15.6600	6978
15.6650	7547
15.6700	6774
15.6750	7220
15.6800	6783
15.6850	7260
15.6900	7115
15.6950	6764
15.7000	7274
15.7050	6869
15.7100	6860
15.7150	6756
15.7200	6823
15.7250	6895
15.7300	6708
15.7350	7374
15.7400	6585
15.7450	6836
15.7500	6688
15.7550	6644
15.7600	7029
15.7650	6888
15.7700	7322
15.7750	7026
15.7800	7571
15.7850	6842
15.7900	7038
15.7950	7539
15.8000	7170
15.8050	7254
15.8100	7152
15.8150	6572
15.8200	7268
15.8250	7541
15.8300	6963
15.8350	7545
15.8400	7181
15.8450	6764
15.8500	6726
15.8550	7154
15.8600	6514
15.8650	7271
15.8700	7191
15.8750	6667
15.8800	7125
15.8850	6656
15.8900	6421
15.8950	7603
15.9000	6989
15.9050	7227
15.9100	6860
15.9150	6916
15.9200	6868
15.9250	6730
15.9300	7092
15.9350	7435
15.9400	7398
15.9450	7087
15.9500	6649
15.9550	6639
15.9600	6989
15.9650	7011
15.9700	6599
15.9750	6783
15.9800	6698
15.9850	7016
15.9900	6855
15.9950	7097
16.0000	7373
16.0050	7013
16.0100	7216
16.0150	6830
16.0200	7237
16.0250	7422
16.0300	6806
16.0350	7432
16.0400	6703
16.0450	6819
16.0500	6836
16.0550	6778
16.0600	6905
16.0650	6691
16.0700	6778
16.0750	7037
16.0800	6715
16.0850	6618
16.0900	6780
16.0950	7350
16.1000	7334
16.1050	6709
16.1100	6587
16.1150	6773
16.1200	6837
16.1250	6733
16.1300	7601
16.1350	6792
16.1400	7378
16.1450	6848
16.1500	7516
16.1550	6831
16.1600	6913
16.1650	6755
16.1700	6823
16.1750	6770
16.1800	7265
16.1850	7120
16.1900	6855
16.1950	6969
16.2000	7265
16.2050	6686
16.2100	6783
16.2150	7147
16.2200	6579
16.2250	6659
16.2300	6840
16.2350	6693
16.2400	7239
16.2450	6765
16.2500	6931
16.2550	7357
16.2600	6845
16.2650	7418
16.2700	6661
16.2750	6797
16.2800	7353
16.2850	7239
16.2900	6716
16.2950	7056
16.3000	7042
16.3050	7315
16.3100	6782
16.3150	6515
16.3200	6666
16.3250	7018
16.3300	6721
16.3350	7007
16.3400	6615
16.3450	6996
16.3500	6667
16.3550	6688
16.3600	7232
16.3650	7143
16.3700	7408
16.3750	7396
16.3800	6862
16.3850	6641
16.3900	7273
16.3950	7382
16.4000	7591
16.4050	6698
16.4100	7467
16.4150	6952
16.4200	6870
16.4250	6911
16.4300	6688
16.4350	7579
16.4400	6695
16.4450	6776
16.4500	6754
16.4550	7102
16.4600	6719
16.4650	7047
16.4700	7460
16.4750	6773
16.4800	7244
16.4850	7589
16.4900	6835
16.4950	7368
16.5000	7005
16.5050	7569
16.5100	6674
16.5150	6888
16.5200	6565
16.5250	6667
16.5300	6659
16.5350	7350
16.5400	7630
16.5450	6815
16.5500	6629
16.5550	6808
16.5600	7330
16.5650	6714
16.5700	6625
16.5750	6798
16.5800	6836
16.5850	6818
16.5900	7049
16.5950	6730
16.6000	7305
16.6050	6960
16.6100	7161
16.6150	7224
16.6200	6829
16.6250	7351
16.6300	6685
16.6350	6960
16.6400	7068
16.6450	6591
16.6500	6784
16.6550	6835
16.6600	6905
16.6650	6953
16.6700	6787
16.6750	6521
16.6800	6722
16.6850	6846
16.6900	6581
16.6950	6883
16.7000	6722
16.7050	7398
16.7100	6767
16.7150	6956
16.7200	6566
16.7250	7315
16.7300	7249
16.7350	6861
16.7400	7234
16.7450	6740
16.7500	7083
16.7550	6954
16.7600	6704
16.7650	6658
16.7700	7073
16.7750	7031
16.7800	7103
16.7850	6777
16.7900	6885
16.7950	6682
16.8000	7120
16.8050	6634
16.8100	6992
16.8150	6685
16.8200	6784
16.8250	6775
16.8300	6472
16.8350	6731
16.8400	7673
16.8450	7189
16.8500	7497
16.8550	6848
16.8600	6946
16.8650	6836
16.8700	6645
16.8750	7479
16.8800	7043
16.8850	7578
16.8900	6813
16.8950	7455
16.9000	7057
16.9050	6764
16.9100	7234
16.9150	6821
16.9200	6627
16.9250	6654
16.9300	7158
16.9350	6866
16.9400	7273
16.9450	6984
16.9500	6672
16.9550	7530
16.9600	6877
16.9650	7563
16.9700	7123
16.9750	6899
16.9800	6925
16.9850	6713
16.9900	7271
16.9950	6680
17.0000	7635
17.0050	6754
17.0100	6661
17.0150	6608
17.0200	7239
17.0250	6901
17.0300	6852
17.0350	6727
17.0400	6719
17.0450	6693
17.0500	6687
17.0550	7468
17.0600	7362
17.0650	6841
17.0700	7246
17.0750	6728
17.0800	6734
17.0850	6910
17.0900	6915
17.0950	7418
17.1000	6612
17.1050	7202
17.1100	6718
17.1150	6706
17.1200	6682
17.1250	6555
17.1300	7025
17.1350	7162
17.1400	6797
17.1450	6890
17.1500	6578
17.1550	7295
17.1600	6976
17.1650	7028
17.1700	6691
17.1750	6686
17.1800	6825
17.1850	6619
17.1900	7099
17.1950	6729
17.2000	7489
17.2050	6887
17.2100	6808
17.2150	6765
17.2200	6542
17.2250	7313
17.2300	6630
17.2350	6851
17.2400	6819
17.2450	6920
17.2500	6787
17.2550	6803
17.2600	7469
17.2650	6832
17.2700	7306
17.2750	6704
17.2800	6578
17.2850	7337
17.2900	6892
17.2950	7517
17.3000	7373
17.3050	7129
17.3100	7117
17.3150	6655
17.3200	6917
17.3250	7344
17.3300	6611
17.3350	7599
17.3400	6860
17.3450	7378
17.3500	6796
17.3550	6868
17.3600	7337
17.3650	6646
17.3700	6817
17.3750	7109
17.3800	6669
17.3850	7115
17.3900	6642
17.3950	7323
17.4000	6630
17.4050	7286
17.4100	6766
17.4150	6733
17.4200	6766
17.4250	6835
17.4300	7024
17.4350	6803
17.4400	6760
17.4450	7118
17.4500	7433
17.4550	6669
17.4600	6668
17.4650	7306
17.4700	6911
17.4750	6682
17.4800	6733
17.4850	6564
17.4900	7093
17.4950	6786
17.5000	7129
17.5050	7031
17.5100	6648
17.5150	6586
17.5200	6751
17.5250	7034
17.5300	6906
17.5350	7328
17.5400	7317
17.5450	6715
17.5500	6765
17.5550	6579
17.5600	6785
17.5650	7553
17.5700	7161
17.5750	7384
17.5800	6591
17.5850	6769
17.5900	6722
17.5950	6644
17.6000	6525
17.6050	6747
17.6100	6886
17.6150	7058
17.6200	7153
17.6250	6954
17.6300	6873
17.6350	6752
17.6400	6935
17.6450	7162
17.6500	6947
17.6550	7009
17.6600	6835
17.6650	6638
17.6700	7271
17.6750	6978
17.6800	7484
17.6850	6864
17.6900	6633
17.6950	7027
17.7000	6612
17.7050	7237
17.7100	6925
17.7150	6637
17.7200	6753
17.7250	7271
17.7300	6563
17.7350	6718
17.7400	6938
17.7450	6765
17.7500	6763
17.7550	6812
17.7600	7134
17.7650	7494
17.7700	7325
17.7750	7440
17.7800	6779
17.7850	6907
17.7900	6673
17.7950	6947
17.8000	7536
17.8050	6689
17.8100	7688
17.8150	6637
17.8200	6723
17.8250	6793
17.8300	6671
17.8350	6715
17.8400	6723
17.8450	6642
17.8500	6631
17.8550	6824
17.8600	6788
17.8650	7201
17.8700	7402
17.8750	6751
17.8800	6826
17.8850	7150
17.8900	7022
17.8950	6334
17.9000	7080
17.9050	6888
17.9100	7035
17.9150	6923
17.9200	6756
17.9250	7577
17.9300	7460
17.9350	6624
17.9400	6671
17.9450	6723
17.9500	6760
17.9550	6847
17.9600	6854
17.9650	7410
17.9700	6921
17.9750	6540
17.9800	6856
17.9850	7032
17.9900	6961
17.9950	7318
18.0000	7082
18.0050	6772
18.0100	6854
18.0150	6844
18.0200	6661
18.0250	7342
18.0300	6596
18.0350	7571
18.0400	7001
18.0450	6913
18.0500	7150
18.0550	6627
18.0600	7608
18.0650	6616
18.0700	6711
18.0750	7120
18.0800	7176
18.0850	6740
18.0900	6653
18.0950	7195
18.1000	6639
18.1050	6838
18.1100	6568
18.1150	7377
18.1200	7222
18.1250	7236
18.1300	7600
18.1350	6570
18.1400	6659
18.1450	6565
18.1500	6802
18.1550	7458
18.1600	6829
18.1650	7430
18.1700	6775
18.1750	6981
18.1800	6795
18.1850	6750
18.1900	6818
18.1950	6836
18.2000	6896
18.2050	6655
18.2100	6650
18.2150	7222
18.2200	7331
18.2250	7408
18.2300	6535
18.2350	6608
18.2400	7192
18.2450	6912
18.2500	7459
18.2550	6757
18.2600	7118
18.2650	7015
18.2700	7404
18.2750	7264
18.2800	7101
18.2850	7306
18.2900	6683
18.2950	6809
18.3000	7279
18.3050	6880
18.3100	6616
18.3150	6875
18.3200	6943
18.3250	6765
18.3300	7591
18.3350	7111
18.3400	6793
18.3450	7258
18.3500	6805
18.3550	7063
18.3600	7056
18.3650	7536
18.3700	6741
18.3750	7307
18.3800	7079
18.3850	7618
18.3900	6955
18.3950	7124
18.4000	6860
18.4050	6834
18.4100	6736
18.4150	6782
18.4200	7335
18.4250	6985
18.4300	7556
18.4350	6959
18.4400	6886
18.4450	6407
18.4500	6676
18.4550	6762
18.4600	6643
18.4650	6824
18.4700	6648
18.4750	6721
18.4800	6720
18.4850	6776
18.4900	7099
18.4950	7207
18.5000	7089
18.5050	6663
18.5100	6884
18.5150	7139
18.5200	6844
18.5250	6669
18.5300	6919
18.5350	6988
18.5400	6613
18.5450	6871
18.5500	6625
18.5550	7277
18.5600	6733
18.5650	6954
18.5700	6562
18.5750	7487
18.5800	6709
18.5850	7381
18.5900	6605
18.5950	6644
18.6000	6914
18.6050	7117
18.6100	6751
18.6150	7425
18.6200	7137
18.6250	7622
18.6300	6783
18.6350	6765
18.6400	6989
18.6450	7192
18.6500	7472
18.6550	6645
18.6600	7290
18.6650	7437
18.6700	6780
18.6750	6820
18.6800	7338
18.6850	7462
18.6900	6887
18.6950	6814
18.7000	7031
18.7050	7153
18.7100	6592
18.7150	7592
18.7200	7195
18.7250	6818
18.7300	7343
18.7350	6783
18.7400	6570
18.7450	7251
18.7500	7247
18.7550	7335
18.7600	7332
18.7650	7066
18.7700	6660
18.7750	6738
18.7800	7153
18.7850	6808
18.7900	7346
18.7950	6942
18.8000	6650
18.8050	6817
18.8100	6886
18.8150	7581
18.8200	6618
18.8250	7399
18.8300	6922
18.8350	6652
18.8400	6698
18.8450	6727
18.8500	7335
18.8550	7401
18.8600	7476
18.8650	7288
18.8700	7093
18.8750	6875
18.8800	6737
18.8850	7368
18.8900	6992
18.8950	6722
18.9000	6790
18.9050	6760
18.9100	6688
18.9150	6820
18.9200	7187
18.9250	7468
18.9300	6763
18.9350	6944
18.9400	6838
18.9450	7615
18.9500	6666
18.9550	6683
18.9600	7518
18.9650	6707
18.9700	6963
18.9750	6913
18.9800	7435
18.9850	7540
18.9900	6676
18.9950	6875
19.0000	6638
19.0050	6763
19.0100	6868
19.0150	6631
19.0200	7485
19.0250	7535
19.0300	6964
19.0350	6804
19.0400	6714
19.0450	7177
19.0500	7461
19.0550	7223
19.0600	7393
19.0650	6759
19.0700	6713
19.0750	6779
19.0800	7029
19.0850	6701
19.0900	7169
19.0950	7219
19.1000	7188
19.1050	6651
19.1100	7047
19.1150	6557
19.1200	6940
19.1250	6773
19.1300	7132
19.1350	7061
19.1400	7052
19.1450	6879
19.1500	7663
19.1550	6627
19.1600	6697
19.1650	6854
19.1700	6913
19.1750	7073
19.1800	6870
19.1850	7236
19.1900	7352
19.1950	6442
19.2000	6865
19.2050	6585
19.2100	6741
19.2150	7385
19.2200	6859
19.2250	7476
19.2300	7070
19.2350	6802
19.2400	6927
19.2450	6715
19.2500	7086
19.2550	6773
19.2600	7475
19.2650	6797
19.2700	6787
19.2750	7216
19.2800	7027
19.2850	7426
19.2900	6845
19.2950	6899
19.3000	6730
19.3050	6992
19.3100	6881
19.3150	6847
19.3200	7254
19.3250	7398
19.3300	7572
19.3350	6858
19.3400	6739
19.3450	7490
19.3500	6976
19.3550	7483
19.3600	7340
19.3650	6984
19.3700	6861
19.3750	6590
19.3800	6856
19.3850	6688
19.3900	7385
19.3950	6876
19.4000	6619
19.4050	7154
19.4100	6705
19.4150	7355
19.4200	6809
19.4250	7428
19.4300	7407
19.4350	7010
19.4400	6784
19.4450	7263
19.4500	7373
19.4550	7288
19.4600	7346
19.4650	7361
19.4700	6893
19.4750	6747
19.4800	6714
19.4850	6775
19.4900	6457
19.4950	6526
19.5000	6793
19.5050	6842
19.5100	6863
19.5150	6635
19.5200	6980
19.5250	7255
19.5300	7244
19.5350	6767
19.5400	6734
19.5450	6926
19.5500	6661
19.5550	6558
19.5600	7355
19.5650	6601
19.5700	6992
19.5750	6636
19.5800	7012
19.5850	6799
19.5900	6659
19.5950	6566
19.6000	6840
19.6050	6650
19.6100	6949
19.6150	6588
19.6200	6871
19.6250	7402
19.6300	6723
19.6350	6833
19.6400	6780
19.6450	7199
19.6500	7333
19.6550	6783
19.6600	6937
19.6650	7156
19.6700	6514
19.6750	7448
19.6800	6972
19.6850	6868
19.6900	6754
19.6950	6621
19.7000	6718
19.7050	6707
19.7100	6935
19.7150	7226
19.7200	6609
19.7250	6905
19.7300	6818
19.7350	6768
19.7400	7363
19.7450	7085
19.7500	6994
19.7550	7232
19.7600	6658
19.7650	6992
19.7700	6740
19.7750	6920
19.7800	7477
19.7850	6736
19.7900	6949
19.7950	7457
19.8000	6793
19.8050	7284
19.8100	6664
19.8150	7477
19.8200	7039
19.8250	6716
19.8300	6754
19.8350	6614
19.8400	6880
19.8450	6837
19.8500	7203
19.8550	6700
19.8600	6862
19.8650	7461
19.8700	6742
19.8750	7302
19.8800	6629
19.8850	7423
19.8900	6605
19.8950	7491
19.9000	6635
19.9050	7085
19.9100	7278
19.9150	7575
19.9200	7340
19.9250	6930
19.9300	7595
19.9350	6691
19.9400	6593
19.9450	6848
19.9500	7029
19.9550	6693
19.9600	6708
19.9650	6645
19.9700	7395
19.9750	6864
19.9800	7485
19.9850	7147
19.9900	7357
19.9950	7493
