0.0000	7160
0.0050	6632
0.0100	7203
0.0150	7423
0.0200	6693
0.0250	6507
0.0300	7103
0.0350	7454
0.0400	6575
0.0450	7447
0.0500	7456
0.0550	7248
0.0600	6592
0.0650	7232
0.0700	7017
0.0750	7282
0.0800	6955
0.0850	7371
0.0900	7160
0.0950	7243
0.1000	7399
0.1050	7434
0.1100	7421
0.1150	6544
0.1200	6745
0.1250	7225
0.1300	7269
0.1350	7019
0.1400	6703
0.1450	7687
0.1500	6628
0.1550	7018
0.1600	6748
0.1650	6657
0.1700	6865
0.1750	7073
0.1800	6503
0.1850	6850
0.1900	7537
0.1950	7294
0.2000	7520
0.2050	7134
0.2100	6700
0.2150	6928
0.2200	7018
0.2250	7477
0.2300	7484
0.2350	7537
0.2400	7572
0.2450	6617
0.2500	6818
0.2550	6987
0.2600	7398
0.2650	7467
0.2700	6848
0.2750	7464
0.2800	6832
0.2850	6615
0.2900	6736
0.2950	7176
0.3000	6855
0.3050	7352
0.3100	6608
0.3150	6573
0.3200	6658
0.3250	6886
0.3300	6660
0.3350	6511
0.3400	6590
0.3450	7127
0.3500	6786
0.3550	7134
0.3600	6515
0.3650	6590
0.3700	6897
0.3750	6488
0.3800	6715
0.3850	6853
0.3900	7313
0.3950	6535
0.4000	6693
0.4050	6620
0.4100	6663
0.4150	6508
0.4200	6695
0.4250	6825
0.4300	6612
0.4350	6724
0.4400	6776
0.4450	6722
0.4500	6535
0.4550	6751
0.4600	7245
0.4650	6826
0.4700	7221
0.4750	6777
0.4800	6867
0.4850	6559
0.4900	6915
0.4950	6766
0.5000	6938
0.5050	6761
0.5100	7330
0.5150	6795
0.5200	6620
0.5250	6825
0.5300	6989
0.5350	7268
0.5400	6861
0.5450	6844
0.5500	6769
0.5550	7209
0.5600	6790
0.5650	6858
0.5700	7368
0.5750	7052
0.5800	7590
0.5850	7013
0.5900	7187
0.5950	7457
0.6000	6695
0.6050	7036
0.6100	7143
0.6150	7737
0.6200	6859
0.6250	6630
0.6300	7354
0.6350	7194
0.6400	7015
0.6450	6960
0.6500	7515
0.6550	6952
0.6600	6898
0.6650	7529
0.6700	6458
0.6750	6917
0.6800	6756
0.6850	7514
0.6900	6979
0.6950	6408
0.7000	7066
0.7050	6676
0.7100	7523
0.7150	6715
0.7200	6898
0.7250	6511
0.7300	6980
0.7350	6531
0.7400	6776
0.7450	7289
0.7500	7212
0.7550	7099
0.7600	6463
0.7650	7434
0.7700	6678
0.7750	7176
0.7800	6920
0.7850	6926
0.7900	7192
0.7950	6940
0.8000	6746
0.8050	6922
0.8100	7099
0.8150	7202
0.8200	7545
0.8250	6732
0.8300	6655
0.8350	7056
0.8400	6896
0.8450	6859
0.8500	7299
0.8550	7436
0.8600	7465
0.8650	6651
0.8700	6694
0.8750	6669
0.8800	6934
0.8850	7362
0.8900	7110
0.8950	7476
0.9000	6915
0.9050	7028
0.9100	6732
0.9150	6713
0.9200	7337
0.9250	6648
0.9300	6905
0.9350	6705
0.9400	6693
0.9450	7176
0.9500	7093
0.9550	6872
0.9600	6937
0.9650	6612
0.9700	6976
0.9750	6594
0.9800	6860
0.9850	7035
0.9900	6754
0.9950	6607
1.0000	6928
1.0050	6758
1.0100	7175
1.0150	6890
1.0200	6997
1.0250	6706
1.0300	6469
1.0350	6807
1.0400	6912
1.0450	7082
1.0500	6974
1.0550	7226
1.0600	6728
1.0650	7239
1.0700	6553
1.0750	6527
1.0800	7389
1.0850	6822
1.0900	6676
1.0950	6587
1.1000	7379
1.1050	7014
1.1100	6593
1.1150	6980
1.1200	7127
1.1250	7317
1.1300	7010
1.1350	7369
1.1400	7265
1.1450	7036
1.1500	7063
1.1550	7326
1.1600	6768
1.1650	7345
1.1700	6666
1.1750	7038
1.1800	7038
1.1850	6524
1.1900	6758
1.1950	6763
1.2000	7202
1.2050	7155
1.2100	7240
1.2150	6869
1.2200	7365
1.2250	6627
1.2300	6927
1.2350	7070
1.2400	7270
1.2450	7080
1.2500	7152
1.2550	7459
1.2600	7243
1.2650	6682
1.2700	7387
1.2750	7264
1.2800	6735
1.2850	6922
1.2900	7492
1.2950	7455
1.3000	6644
1.3050	6983
1.3100	7315
1.3150	7355
1.3200	7486
1.3250	6713
1.3300	7450
1.3350	6579
1.3400	6851
1.3450	7122
1.3500	6656
1.3550	6926
1.3600	6841
1.3650	6660
1.3700	6821
1.3750	6546
1.3800	7012
1.3850	7129
1.3900	7085
1.3950	6564
1.4000	6573
1.4050	7104
1.4100	7139
1.4150	6572
1.4200	7222
1.4250	7476
1.4300	6929
1.4350	6439
1.4400	6457
1.4450	6672
1.4500	6851
1.4550	6708
1.4600	6607
1.4650	6825
1.4700	6805
1.4750	7115
1.4800	6673
1.4850	6763
1.4900	6499
1.4950	6609
1.5000	6844
1.5050	6357
1.5100	7004
1.5150	6995
1.5200	7242
1.5250	7359
1.5300	6550
1.5350	6604
1.5400	7497
1.5450	7360
1.5500	6891
1.5550	7237
1.5600	7458
1.5650	7289
1.5700	6622
1.5750	6692
1.5800	7271
1.5850	7432
1.5900	7198
1.5950	7380
1.6000	7460
1.6050	7153
1.6100	6836
1.6150	6692
1.6200	6771
1.6250	7332
1.6300	7427
1.6350	6779
1.6400	7162
1.6450	6849
1.6500	6644
1.6550	7224
1.6600	6940
1.6650	7430
1.6700	6959
1.6750	6769
1.6800	6530
1.6850	6663
1.6900	6562
1.6950	6553
1.7000	6554
1.7050	7038
1.7100	6613
1.7150	6651
1.7200	6602
1.7250	6895
1.7300	7003
1.7350	6605
1.7400	7146
1.7450	6815
1.7500	6723
1.7550	6665
1.7600	6994
1.7650	7391
1.7700	7255
1.7750	6712
1.7800	7305
1.7850	6564
1.7900	6607
1.7950	7161
1.8000	7250
1.8050	6781
1.8100	6551
1.8150	6743
1.8200	7122
1.8250	6613
1.8300	7097
1.8350	6715
1.8400	7162
1.8450	6568
1.8500	6590
1.8550	6763
1.8600	6613
1.8650	6834
1.8700	6677
1.8750	7440
1.8800	6996
1.8850	7006
1.8900	6774
1.8950	7075
1.9000	6837
1.9050	6870
1.9100	6970
1.9150	7310
1.9200	6591
1.9250	6870
1.9300	7382
1.9350	6783
1.9400	6783
1.9450	6861
1.9500	7229
1.9550	7395
1.9600	7145
1.9650	7166
1.9700	6565
1.9750	6939
1.9800	7167
1.9850	7138
1.9900	7045
1.9950	7440
2.0000	7392
2.0050	6564
2.0100	6967
2.0150	6937
2.0200	7439
2.0250	7182
2.0300	6626
2.0350	7455
2.0400	7181
2.0450	6847
2.0500	7000
2.0550	6571
2.0600	7033
2.0650	6634
2.0700	6727
2.0750	7247
2.0800	6642
2.0850	7075
2.0900	6909
2.0950	6435
2.1000	6760
2.1050	7356
2.1100	7142
2.1150	7103
2.1200	7212
2.1250	6737
2.1300	6790
2.1350	7532
2.1400	6766
2.1450	7239
2.1500	6603
2.1550	7405
2.1600	6548
2.1650	6509
2.1700	7269
2.1750	6938
2.1800	6863
2.1850	7071
2.1900	6882
2.1950	6998
2.2000	6890
2.2050	7082
2.2100	7237
2.2150	7315
2.2200	6820
2.2250	6641
2.2300	7115
2.2350	6962
2.2400	7359
2.2450	6622
2.2500	6889
2.2550	6953
2.2600	6774
2.2650	6861
2.2700	7021
2.2750	7350
2.2800	6924
2.2850	7396
2.2900	6543
2.2950	6997
2.3000	6774
2.3050	6877
2.3100	6779
2.3150	6791
2.3200	6731
2.3250	6683
2.3300	6603
2.3350	7251
2.3400	7178
2.3450	7219
2.3500	6639
2.3550	6504
2.3600	6667
2.3650	6684
2.3700	7146
2.3750	7407
2.3800	6686
2.3850	7047
2.3900	6540
2.3950	6655
2.4000	6828
2.4050	7005
2.4100	6832
2.4150	6470
2.4200	6758
2.4250	6535
2.4300	7210
2.4350	6712
2.4400	7491
2.4450	6545
2.4500	6642
2.4550	6538
2.4600	6511
2.4650	7389
2.4700	7139
2.4750	7132
2.4800	7168
2.4850	6754
2.4900	6880
2.4950	6458
2.5000	6973
2.5050	7362
2.5100	6688
2.5150	6936
2.5200	7346
2.5250	7101
2.5300	7065
2.5350	7223
2.5400	7419
2.5450	6551
2.5500	7010
2.5550	6614
2.5600	6834
2.5650	6913
2.5700	6528
2.5750	7520
2.5800	7079
2.5850	6929
2.5900	6831
2.5950	6988
2.6000	6892
2.6050	6621
2.6100	7021
2.6150	7041
2.6200	6465
2.6250	7014
2.6300	6782
2.6350	6505
2.6400	6940
2.6450	6802
2.6500	6726
2.6550	6627
2.6600	6534
2.6650	7257
2.6700	6743
2.6750	6878
2.6800	6675
2.6850	6536
2.6900	6855
2.6950	7369
2.7000	6655
2.7050	6949
2.7100	7105
2.7150	6713
2.7200	6815
2.7250	7253
2.7300	7257
2.7350	6779
2.7400	6600
2.7450	7257
2.7500	7172
2.7550	6791
2.7600	6676
2.7650	7213
2.7700	6858
2.7750	6600
2.7800	7422
2.7850	7336
2.7900	6828
2.7950	6751
2.8000	7315
2.8050	7074
2.8100	6790
2.8150	7345
2.8200	7451
2.8250	7109
2.8300	7200
2.8350	7519
2.8400	6477
2.8450	6765
2.8500	7406
2.8550	7103
2.8600	6643
2.8650	6873
2.8700	7183
2.8750	6944
2.8800	7165
2.8850	7159
2.8900	6726
2.8950	6857
2.9000	6623
2.9050	6672
2.9100	6618
2.9150	6635
2.9200	6814
2.9250	6794
2.9300	7115
2.9350	6758
2.9400	6791
2.9450	7431
2.9500	7124
2.9550	6650
2.9600	6955
2.9650	6683
2.9700	6564
2.9750	6700
2.9800	6516
2.9850	7278
2.9900	6477
2.9950	6987
3.0000	6521
3.0050	6748
3.0100	6748
3.0150	6656
3.0200	6667
3.0250	6496
3.0300	6634
3.0350	6753
3.0400	7498
3.0450	6897
3.0500	6662
3.0550	6568
3.0600	6837
3.0650	7406
3.0700	6586
3.0750	7497
3.0800	7304
3.0850	6574
3.0900	6715
3.0950	6527
3.1000	7459
3.1050	7452
3.1100	6931
3.1150	7253
3.1200	7588
3.1250	6806
3.1300	7260
3.1350	6683
3.1400	7315
3.1450	7110
3.1500	7362
3.1550	6785
3.1600	7241
3.1650	7217
3.1700	7241
3.1750	7110
3.1800	7085
3.1850	7356
3.1900	7416
3.1950	6581
3.2000	6875
3.2050	6899
3.2100	7226
3.2150	6782
3.2200	7343
3.2250	7089
3.2300	6696
3.2350	6778
3.2400	6606
3.2450	6684
3.2500	7003
3.2550	7212
3.2600	6976
3.2650	6763
3.2700	6398
3.2750	6806
3.2800	7240
3.2850	6742
3.2900	7235
3.2950	7025
3.3000	6882
3.3050	6736
3.3100	7306
3.3150	6509
3.3200	6731
3.3250	6751
3.3300	7146
3.3350	6705
3.3400	6937
3.3450	7412
3.3500	6563
3.3550	6358
3.3600	6504
3.3650	7376
3.3700	7420
3.3750	6559
3.3800	6961
3.3850	6745
3.3900	6973
3.3950	7366
3.4000	7415
3.4050	6488
3.4100	6772
3.4150	7503
3.4200	7266
3.4250	7337
3.4300	7224
3.4350	6879
3.4400	7085
3.4450	6670
3.4500	7359
3.4550	7189
3.4600	6750
3.4650	6840
3.4700	7352
3.4750	7187
3.4800	6733
3.4850	7076
3.4900	7320
3.4950	6448
3.5000	6785
3.5050	7442
3.5100	7198
3.5150	7350
3.5200	7387
3.5250	7591
3.5300	7021
3.5350	6588
3.5400	7316
3.5450	6950
3.5500	7478
3.5550	7350
3.5600	7149
3.5650	6704
3.5700	7117
3.5750	6879
3.5800	7173
3.5850	6547
3.5900	7493
3.5950	7260
3.6000	7059
3.6050	6751
3.6100	6950
3.6150	6550
3.6200	6761
3.6250	7255
3.6300	7182
3.6350	6593
3.6400	6854
3.6450	6770
3.6500	6989
3.6550	6551
3.6600	6948
3.6650	6899
3.6700	7531
3.6750	7313
3.6800	7108
3.6850	7204
3.6900	7111
3.6950	6837
3.7000	7164
3.7050	7478
3.7100	6718
3.7150	6910
3.7200	6821
3.7250	6872
3.7300	6660
3.7350	6880
3.7400	7186
3.7450	7148
3.7500	6781
3.7550	6649
3.7600	7414
3.7650	6578
3.7700	7215
3.7750	6938
3.7800	6903
3.7850	7034
3.7900	7123
3.7950	6896
3.8000	7291
3.8050	6807
3.8100	7272
3.8150	6601
3.8200	7475
3.8250	7283
3.8300	6382
3.8350	6595
3.8400	6763
3.8450	7167
3.8500	7221
3.8550	7062
3.8600	7552
3.8650	6887
3.8700	6882
3.8750	7377
3.8800	7163
3.8850	6843
3.8900	7383
3.8950	6957
3.9000	6767
3.9050	6619
3.9100	6912
3.9150	7295
3.9200	6525
3.9250	6735
3.9300	6908
3.9350	6796
3.9400	6818
3.9450	6638
3.9500	6775
3.9550	6685
3.9600	6805
3.9650	7515
3.9700	6857
3.9750	7038
3.9800	6749
3.9850	6575
3.9900	7557
3.9950	7012
4.0000	7435
4.0050	6642
4.0100	6859
4.0150	6452
4.0200	6670
4.0250	7363
4.0300	7039
4.0350	7251
4.0400	6748
4.0450	7151
4.0500	6871
4.0550	6824
4.0600	6784
4.0650	7453
4.0700	6828
4.0750	6994
4.0800	6844
4.0850	6565
4.0900	6711
4.0950	7349
4.1000	7145
4.1050	7044
4.1100	6652
4.1150	6816
4.1200	6647
4.1250	6418
4.1300	6751
4.1350	7494
4.1400	6856
4.1450	7346
4.1500	6559
4.1550	6583
4.1600	6779
4.1650	6629
4.1700	7060
4.1750	6574
4.1800	7346
4.1850	6767
4.1900	6911
4.1950	6694
4.2000	6697
4.2050	6708
4.2100	6818
4.2150	7194
4.2200	6493
4.2250	7353
4.2300	7434
4.2350	6635
4.2400	7156
4.2450	6612
4.2500	7403
4.2550	7261
4.2600	6710
4.2650	7058
4.2700	7336
4.2750	7382
4.2800	7287
4.2850	7007
4.2900	7298
4.2950	7011
4.3000	6752
4.3050	6654
4.3100	6466
4.3150	7543
4.3200	6675
4.3250	7093
4.3300	6894
4.3350	7260
4.3400	6512
4.3450	6689
4.3500	7257
4.3550	6854
4.3600	7255
4.3650	6536
4.3700	7172
4.3750	7261
4.3800	7236
4.3850	7684
4.3900	6575
4.3950	6580
4.4000	6698
4.4050	7170
4.4100	7317
4.4150	6752
4.4200	7336
4.4250	7084
4.4300	6711
4.4350	6645
4.4400	7341
4.4450	7076
4.4500	6692
4.4550	6473
4.4600	6887
4.4650	6762
4.4700	6742
4.4750	7512
4.4800	7392
4.4850	7056
4.4900	7146
4.4950	6603
4.5000	6523
4.5050	6919
4.5100	6859
4.5150	7450
4.5200	6684
4.5250	7039
4.5300	6710
4.5350	6896
4.5400	6632
4.5450	7049
4.5500	7248
4.5550	6664
4.5600	6790
4.5650	6670
4.5700	6741
4.5750	6845
4.5800	7268
4.5850	7452
4.5900	6990
4.5950	6833
4.6000	7160
4.6050	6610
4.6100	7040
4.6150	7238
4.6200	6976
4.6250	6644
4.6300	6764
4.6350	7034
4.6400	6523
4.6450	6635
4.6500	7447
4.6550	7459
4.6600	7128
4.6650	6729
4.6700	6857
4.6750	6807
4.6800	7105
4.6850	7312
4.6900	6816
4.6950	6872
4.7000	6736
4.7050	7234
4.7100	6689
4.7150	6705
4.7200	6556
4.7250	7188
4.7300	7468
4.7350	6635
4.7400	6672
4.7450	7166
4.7500	6484
4.7550	6420
4.7600	7409
4.7650	7339
4.7700	7015
4.7750	6583
4.7800	6504
4.7850	6671
4.7900	6806
4.7950	6764
4.8000	6944
4.8050	6709
4.8100	6943
4.8150	7074
4.8200	7170
4.8250	7130
4.8300	7410
4.8350	7060
4.8400	6576
4.8450	6494
4.8500	6750
4.8550	7247
4.8600	7523
4.8650	6915
4.8700	6828
4.8750	6764
4.8800	6617
4.8850	6986
4.8900	6691
4.8950	6565
4.9000	6481
4.9050	6947
4.9100	7042
4.9150	6571
4.9200	6700
4.9250	6955
4.9300	7459
4.9350	7292
4.9400	7397
4.9450	6715
4.9500	6852
4.9550	7275
4.9600	6928
4.9650	7122
4.9700	6751
4.9750	6946
4.9800	7187
4.9850	6662
4.9900	7411
4.9950	7226
5.0000	6590
5.0050	6610
5.0100	7092
5.0150	7475
5.0200	7485
5.0250	7141
5.0300	7193
5.0350	6856
5.0400	6846
5.0450	7391
5.0500	6547
5.0550	6974
5.0600	7130
5.0650	7351
5.0700	6727
5.0750	6821
5.0800	7441
5.0850	6677
5.0900	6632
5.0950	7086
5.1000	7251
5.1050	7203
5.1100	6668
5.1150	7160
5.1200	6550
5.1250	6875
5.1300	7336
5.1350	7056
5.1400	7014
5.1450	7445
5.1500	7089
5.1550	6695
5.1600	6748
5.1650	7310
5.1700	7021
5.1750	6773
5.1800	7303
5.1850	7477
5.1900	6745
5.1950	6661
5.2000	6819
5.2050	7402
5.2100	6541
5.2150	6909
5.2200	7209
5.2250	6651
5.2300	6840
5.2350	6697
5.2400	6890
5.2450	7173
5.2500	7431
5.2550	6504
5.2600	6760
5.2650	6927
5.2700	7189
5.2750	7028
5.2800	6659
5.2850	7496
5.2900	7421
5.2950	6613
5.3000	6756
5.3050	7506
5.3100	7473
5.3150	6864
5.3200	6641
5.3250	7522
5.3300	7146
5.3350	6723
5.3400	7406
5.3450	7114
5.3500	7529
5.3550	6993
5.3600	6935
5.3650	7084
5.3700	6853
5.3750	7398
5.3800	7128
5.3850	7112
5.3900	7322
5.3950	7569
5.4000	6667
5.4050	6839
5.4100	7108
5.4150	7114
5.4200	7411
5.4250	6879
5.4300	7333
5.4350	7347
5.4400	6511
5.4450	7006
5.4500	7164
5.4550	7104
5.4600	6940
5.4650	7415
5.4700	7361
5.4750	6596
5.4800	6899
5.4850	7468
5.4900	7228
5.4950	7298
5.5000	7404
5.5050	7080
5.5100	6784
5.5150	6642
5.5200	7194
5.5250	7227
5.5300	7243
5.5350	7164
5.5400	7292
5.5450	6627
5.5500	7478
5.5550	7373
5.5600	6682
5.5650	7093
5.5700	7296
5.5750	7344
5.5800	6667
5.5850	6663
5.5900	6542
5.5950	7346
5.6000	7244
5.6050	7235
5.6100	7536
5.6150	7014
5.6200	7296
5.6250	7345
5.6300	6833
5.6350	7079
5.6400	6890
5.6450	7340
5.6500	6866
5.6550	6921
5.6600	6721
5.6650	7391
5.6700	6859
5.6750	7435
5.6800	6529
5.6850	7196
5.6900	6626
5.6950	6661
5.7000	6478
5.7050	7079
5.7100	7256
5.7150	7439
5.7200	7394
5.7250	7148
5.7300	6736
5.7350	6626
5.7400	6754
5.7450	7333
5.7500	6962
5.7550	7349
5.7600	6975
5.7650	7351
5.7700	6738
5.7750	6867
5.7800	7461
5.7850	7219
5.7900	7257
5.7950	6985
5.8000	6875
5.8050	7363
5.8100	6570
5.8150	6833
5.8200	7219
5.8250	7463
5.8300	7240
5.8350	7356
5.8400	7106
5.8450	6764
5.8500	7352
5.8550	7354
5.8600	7307
5.8650	7188
5.8700	7269
5.8750	7439
5.8800	6612
5.8850	6589
5.8900	7535
5.8950	7473
5.9000	7158
5.9050	7529
5.9100	7503
5.9150	7228
5.9200	6765
5.9250	7002
5.9300	6987
5.9350	7452
5.9400	7479
5.9450	7564
5.9500	7006
5.9550	6637
5.9600	7196
5.9650	6787
5.9700	6685
5.9750	6743
5.9800	6599
5.9850	6780
5.9900	6681
5.9950	7225
6.0000	7177
6.0050	6707
6.0100	6942
6.0150	6511
6.0200	7199
6.0250	6720
6.0300	6826
6.0350	7276
6.0400	6626
6.0450	6741
6.0500	7067
6.0550	6664
6.0600	6936
6.0650	6438
6.0700	6981
6.0750	6693
6.0800	6950
6.0850	7106
6.0900	6704
6.0950	7431
6.1000	6836
6.1050	7263
6.1100	7009
6.1150	6709
6.1200	6931
6.1250	6665
6.1300	7219
6.1350	7333
6.1400	7397
6.1450	6803
6.1500	7167
6.1550	7170
6.1600	6580
6.1650	7116
6.1700	7236
6.1750	7413
6.1800	6856
6.1850	6756
6.1900	7394
6.1950	7062
6.2000	6733
6.2050	7024
6.2100	6640
6.2150	6597
6.2200	7214
6.2250	7200
6.2300	6551
6.2350	7369
6.2400	7180
6.2450	6654
6.2500	7395
6.2550	7575
6.2600	6707
6.2650	6721
6.2700	6790
6.2750	7300
6.2800	7126
6.2850	7453
6.2900	6676
6.2950	6566
6.3000	7258
6.3050	6955
6.3100	7190
6.3150	6926
6.3200	7128
6.3250	6745
6.3300	6950
6.3350	6923
6.3400	7392
6.3450	7640
6.3500	6864
6.3550	7436
6.3600	6691
6.3650	6918
6.3700	7119
6.3750	7182
6.3800	7429
6.3850	7489
6.3900	7429
6.3950	6915
6.4000	6497
6.4050	6634
6.4100	7360
6.4150	7614
6.4200	7481
6.4250	6985
6.4300	6870
6.4350	7381
6.4400	6467
6.4450	6877
6.4500	7398
6.4550	7553
6.4600	7297
6.4650	6460
6.4700	7283
6.4750	7371
6.4800	6956
6.4850	7367
6.4900	7153
6.4950	7335
6.5000	7462
6.5050	6826
6.5100	6882
6.5150	6967
6.5200	7345
6.5250	7376
6.5300	7444
6.5350	7459
6.5400	7351
6.5450	7399
6.5500	7254
6.5550	7441
6.5600	7496
6.5650	7447
6.5700	6915
6.5750	7396
6.5800	6762
6.5850	7440
6.5900	7040
6.5950	7442
6.6000	7043
6.6050	6795
6.6100	6961
6.6150	7392
6.6200	6955
6.6250	7482
6.6300	6710
6.6350	7426
6.6400	7441
6.6450	6679
6.6500	7347
6.6550	7399
6.6600	7254
6.6650	7385
6.6700	7206
6.6750	6551
6.6800	7426
6.6850	7345
6.6900	6866
6.6950	6774
6.7000	6615
6.7050	6990
6.7100	6692
6.7150	7329
6.7200	7163
6.7250	6559
6.7300	7424
6.7350	6946
6.7400	6973
6.7450	7559
6.7500	7176
6.7550	6611
6.7600	6668
6.7650	7472
6.7700	7298
6.7750	7525
6.7800	6572
6.7850	6403
6.7900	6983
6.7950	7210
6.8000	7216
6.8050	7507
6.8100	7366
6.8150	6896
6.8200	7357
6.8250	6823
6.8300	6797
6.8350	7099
6.8400	7188
6.8450	6589
6.8500	7232
6.8550	6752
6.8600	6607
6.8650	7358
6.8700	6976
6.8750	7404
6.8800	7354
6.8850	6894
6.8900	6934
6.8950	6607
6.9000	7357
6.9050	7489
6.9100	6936
6.9150	6813
6.9200	7249
6.9250	6917
6.9300	6697
6.9350	7441
6.9400	7262
6.9450	7553
6.9500	6821
6.9550	6783
6.9600	6646
6.9650	6718
6.9700	7377
6.9750	7377
6.9800	7032
6.9850	7381
6.9900	7080
6.9950	7369
7.0000	6635
7.0050	6984
7.0100	7395
7.0150	7394
7.0200	7078
7.0250	7579
7.0300	7433
7.0350	7176
7.0400	6890
7.0450	7014
7.0500	7478
7.0550	7207
7.0600	6812
7.0650	7379
7.0700	6939
7.0750	7226
7.0800	6970
7.0850	7329
7.0900	7297
7.0950	7430
7.1000	7467
7.1050	6685
7.1100	6710
7.1150	7538
7.1200	7098
7.1250	7456
7.1300	6980
7.1350	7122
7.1400	7274
7.1450	6834
7.1500	6866
7.1550	6771
7.1600	7601
7.1650	7466
7.1700	6792
7.1750	6590
7.1800	7340
7.1850	7246
7.1900	6578
7.1950	6857
7.2000	6956
7.2050	7560
7.2100	6851
7.2150	6550
7.2200	7455
7.2250	7257
7.2300	6969
7.2350	7025
7.2400	7347
7.2450	7464
7.2500	7439
7.2550	7258
7.2600	6834
7.2650	7444
7.2700	7147
7.2750	7348
7.2800	7427
7.2850	7469
7.2900	7138
7.2950	6797
7.3000	6477
7.3050	6757
7.3100	7144
7.3150	6755
7.3200	7416
7.3250	6870
7.3300	7290
7.3350	6698
7.3400	7253
7.3450	6616
7.3500	6785
7.3550	7329
7.3600	6760
7.3650	7131
7.3700	7077
7.3750	7278
7.3800	7398
7.3850	7429
7.3900	7455
7.3950	7225
7.4000	7620
7.4050	6763
7.4100	7500
7.4150	6837
7.4200	6661
7.4250	7308
7.4300	7361
7.4350	7144
7.4400	6683
7.4450	7241
7.4500	7554
7.4550	7242
7.4600	6964
7.4650	7488
7.4700	7302
7.4750	6815
7.4800	7312
7.4850	7028
7.4900	6810
7.4950	7081
7.5000	7445
7.5050	7070
7.5100	6566
7.5150	7287
7.5200	7512
7.5250	6834
7.5300	6481
7.5350	7407
7.5400	7185
7.5450	6584
7.5500	6874
7.5550	7236
7.5600	7398
7.5650	6961
7.5700	6603
7.5750	7252
7.5800	7435
7.5850	6574
7.5900	7379
7.5950	6749
7.6000	7139
7.6050	7351
7.6100	7058
7.6150	7516
7.6200	7390
7.6250	7357
7.6300	7505
7.6350	7396
7.6400	7376
7.6450	7403
7.6500	7225
7.6550	7184
7.6600	6695
7.6650	7470
7.6700	7479
7.6750	7527
7.6800	7369
7.6850	7369
7.6900	6774
7.6950	7533
7.7000	7080
7.7050	7619
7.7100	7359
7.7150	7403
7.7200	7068
7.7250	7452
7.7300	7707
7.7350	7361
7.7400	7556
7.7450	7434
7.7500	7251
7.7550	6787
7.7600	6728
7.7650	7474
7.7700	7466
7.7750	6924
7.7800	7501
7.7850	7507
7.7900	7534
7.7950	6977
7.8000	6673
7.8050	7204
7.8100	7169
7.8150	7198
7.8200	7684
7.8250	7015
7.8300	6903
7.8350	7200
7.8400	6936
7.8450	7210
7.8500	7437
7.8550	7302
7.8600	6616
7.8650	6447
7.8700	7159
7.8750	7330
7.8800	6808
7.8850	7255
7.8900	7092
7.8950	6990
7.9000	6932
7.9050	7215
7.9100	7280
7.9150	7236
7.9200	7486
7.9250	7469
7.9300	7128
7.9350	6680
7.9400	7301
7.9450	7330
7.9500	7072
7.9550	7354
7.9600	7037
7.9650	7354
7.9700	7106
7.9750	7448
7.9800	7311
7.9850	7492
7.9900	7091
7.9950	7027
8.0000	6738
8.0050	6752
8.0100	7459
8.0150	6492
8.0200	6716
8.0250	7146
8.0300	7416
8.0350	6828
8.0400	7504
8.0450	6628
8.0500	7294
8.0550	7223
8.0600	7318
8.0650	7481
8.0700	7455
8.0750	7201
8.0800	7510
8.0850	7435
8.0900	7530
8.0950	7324
8.1000	7651
8.1050	7479
8.1100	6565
8.1150	7038
8.1200	7163
8.1250	7506
8.1300	6948
8.1350	7215
8.1400	7386
8.1450	7393
8.1500	6703
8.1550	7043
8.1600	7161
8.1650	6695
8.1700	7015
8.1750	7495
8.1800	7354
8.1850	6650
8.1900	6662
8.1950	7512
8.2000	6904
8.2050	7003
8.2100	7358
8.2150	7186
8.2200	6837
8.2250	7326
8.2300	7164
8.2350	6508
8.2400	7316
8.2450	7128
8.2500	7325
8.2550	6787
8.2600	6594
8.2650	7415
8.2700	7566
8.2750	6540
8.2800	7231
8.2850	6896
8.2900	6568
8.2950	6781
8.3000	7189
8.3050	7302
8.3100	7358
8.3150	7347
8.3200	7184
8.3250	7503
8.3300	7441
8.3350	7120
8.3400	7060
8.3450	6764
8.3500	6657
8.3550	7477
8.3600	6715
8.3650	7369
8.3700	7231
8.3750	7385
8.3800	7081
8.3850	7424
8.3900	6501
8.3950	7289
8.4000	6830
8.4050	7345
8.4100	7221
8.4150	6964
8.4200	7176
8.4250	7337
8.4300	7399
8.4350	7165
8.4400	6691
8.4450	7139
8.4500	7243
8.4550	7345
8.4600	7424
8.4650	7343
8.4700	7368
8.4750	7507
8.4800	6609
8.4850	6686
8.4900	7329
8.4950	7249
8.5000	6801
8.5050	7366
8.5100	7387
8.5150	7229
8.5200	6687
8.5250	7103
8.5300	7523
8.5350	7529
8.5400	7075
8.5450	7304
8.5500	6518
8.5550	6769
8.5600	7271
8.5650	7241
8.5700	6852
8.5750	7519
8.5800	7129
8.5850	6591
8.5900	6866
8.5950	7277
8.6000	7181
8.6050	6863
8.6100	6842
8.6150	7347
8.6200	6831
8.6250	6564
8.6300	7180
8.6350	7354
8.6400	7291
8.6450	6852
8.6500	7220
8.6550	7478
8.6600	6333
8.6650	7461
8.6700	7399
8.6750	7315
8.6800	7527
8.6850	7366
8.6900	7299
8.6950	6545
8.7000	6918
8.7050	6934
8.7100	7491
8.7150	7523
8.7200	7278
8.7250	7218
8.7300	6657
8.7350	6811
8.7400	7414
8.7450	7119
8.7500	7281
8.7550	7235
8.7600	7164
8.7650	7272
8.7700	6608
8.7750	7085
8.7800	7347
8.7850	7580
8.7900	7446
8.7950	7028
8.8000	7025
8.8050	6961
8.8100	7421
8.8150	7310
8.8200	7527
8.8250	7381
8.8300	6983
8.8350	7410
8.8400	6975
8.8450	7245
8.8500	7165
8.8550	6646
8.8600	7136
8.8650	7011
8.8700	7367
8.8750	7002
8.8800	6606
8.8850	7553
8.8900	7175
8.8950	6829
8.9000	7359
8.9050	7518
8.9100	6730
8.9150	6814
8.9200	7037
8.9250	6536
8.9300	7259
8.9350	7472
8.9400	7390
8.9450	6550
8.9500	6684
8.9550	7436
8.9600	6608
8.9650	6889
8.9700	7051
8.9750	7316
8.9800	6756
8.9850	6844
8.9900	7441
8.9950	6793
9.0000	6817
9.0050	7484
9.0100	7378
9.0150	7388
9.0200	7313
9.0250	6597
9.0300	7425
9.0350	7370
9.0400	7433
9.0450	7516
9.0500	7010
9.0550	7449
9.0600	7295
9.0650	6877
9.0700	7413
9.0750	7362
9.0800	7330
9.0850	7241
9.0900	7272
9.0950	7530
9.1000	7545
9.1050	7271
9.1100	7347
9.1150	7509
9.1200	7330
9.1250	7404
9.1300	6997
9.1350	7375
9.1400	7392
9.1450	7117
9.1500	7423
9.1550	7152
9.1600	7600
9.1650	7504
9.1700	6801
9.1750	7341
9.1800	7408
9.1850	7492
9.1900	7529
9.1950	7274
9.2000	7339
9.2050	7177
9.2100	7164
9.2150	7489
9.2200	7454
9.2250	7364
9.2300	6819
9.2350	7183
9.2400	7290
9.2450	6943
9.2500	6938
9.2550	7627
9.2600	7376
9.2650	7079
9.2700	7369
9.2750	7494
9.2800	6657
9.2850	7077
9.2900	7283
9.2950	7235
9.3000	6722
9.3050	7392
9.3100	7366
9.3150	6643
9.3200	6655
9.3250	7200
9.3300	7347
9.3350	6951
9.3400	7048
9.3450	7159
9.3500	6797
9.3550	7139
9.3600	7316
9.3650	7224
9.3700	6823
9.3750	7301
9.3800	7375
9.3850	6854
9.3900	6776
9.3950	7380
9.4000	7287
9.4050	6641
9.4100	7549
9.4150	7155
9.4200	7145
9.4250	6683
9.4300	7517
9.4350	7455
9.4400	6818
9.4450	7229
9.4500	6726
9.4550	7522
9.4600	6630
9.4650	7403
9.4700	7288
9.4750	7032
9.4800	7571
9.4850	7237
9.4900	7443
9.4950	7066
9.5000	7264
9.5050	7357
9.5100	6856
9.5150	7140
9.5200	6933
9.5250	7575
9.5300	6951
9.5350	7321
9.5400	7405
9.5450	6678
9.5500	6774
9.5550	6681
9.5600	7381
9.5650	7166
9.5700	7114
9.5750	7298
9.5800	6961
9.5850	6591
9.5900	7338
9.5950	7201
9.6000	7396
9.6050	6719
9.6100	7176
9.6150	6918
9.6200	6950
9.6250	7266
9.6300	7371
9.6350	7504
9.6400	7068
9.6450	7213
9.6500	6562
9.6550	6625
9.6600	7235
9.6650	7351
9.6700	7467
9.6750	7439
9.6800	6631
9.6850	7424
9.6900	6496
9.6950	7199
9.7000	7379
9.7050	7458
9.7100	7456
9.7150	6902
9.7200	6995
9.7250	7097
9.7300	6678
9.7350	7364
9.7400	6992
9.7450	7405
9.7500	7475
9.7550	6905
9.7600	6630
9.7650	7289
9.7700	7399
9.7750	7186
9.7800	7281
9.7850	7490
9.7900	7404
9.7950	6609
9.8000	6652
9.8050	7209
9.8100	7261
9.8150	7280
9.8200	7013
9.8250	7569
9.8300	6997
9.8350	6744
9.8400	7411
9.8450	7091
9.8500	7411
9.8550	7270
9.8600	6823
9.8650	6946
9.8700	7423
9.8750	7285
9.8800	7389
9.8850	7515
9.8900	7299
9.8950	7404
9.9000	6834
9.9050	7009
9.9100	7378
9.9150	7429
9.9200	7441
9.9250	7360
9.9300	7391
9.9350	6572
9.9400	6704
9.9450	7209
9.9500	7425
9.9550	7165
9.9600	7423
9.9650	7242
9.9700	6835
9.9750	6863
9.9800	7387
9.9850	7145
9.9900	7434
9.9950	7484
10.0000	7568
10.0050	6766
10.0100	6504
10.0150	7143
10.0200	7278
10.0250	7181
10.0300	7382
10.0350	6725
10.0400	6748
10.0450	7065
10.0500	7171
10.0550	7159
10.0600	6997
10.0650	7590
10.0700	7396
10.0750	7001
10.0800	6470
10.0850	6661
10.0900	7298
10.0950	7377
10.1000	7270
10.1050	7256
10.1100	6968
10.1150	6876
10.1200	7113
10.1250	6919
10.1300	6745
10.1350	7402
10.1400	6769
10.1450	7180
10.1500	6696
10.1550	7527
10.1600	7402
10.1650	6630
10.1700	7201
10.1750	7542
10.1800	7187
10.1850	6740
10.1900	6782
10.1950	7265
10.2000	7369
10.2050	6762
10.2100	7526
10.2150	7371
10.2200	7465
10.2250	6792
10.2300	7204
10.2350	7416
10.2400	6693
10.2450	7337
10.2500	7316
10.2550	6545
10.2600	7146
10.2650	7463
10.2700	7436
10.2750	6922
10.2800	6991
10.2850	6667
10.2900	7104
10.2950	7418
10.3000	7469
10.3050	7272
10.3100	6736
10.3150	7262
10.3200	7281
10.3250	7536
10.3300	6752
10.3350	6535
10.3400	7409
10.3450	7112
10.3500	7291
10.3550	7157
10.3600	7324
10.3650	6874
10.3700	7181
10.3750	7062
10.3800	6737
10.3850	7347
10.3900	7294
10.3950	7370
10.4000	7068
10.4050	7167
10.4100	7341
10.4150	6586
10.4200	7189
10.4250	7018
10.4300	7348
10.4350	6804
10.4400	6981
10.4450	7095
10.4500	6705
10.4550	7540
10.4600	7333
10.4650	7493
10.4700	7253
10.4750	6853
10.4800	7249
10.4850	6659
10.4900	7380
10.4950	7155
10.5000	6982
10.5050	7110
10.5100	7301
10.5150	7163
10.5200	6675
10.5250	6879
10.5300	7379
10.5350	7480
10.5400	7037
10.5450	7340
10.5500	7145
10.5550	6665
10.5600	7595
10.5650	7331
10.5700	7456
10.5750	7401
10.5800	7283
10.5850	6965
10.5900	6843
10.5950	6981
10.6000	7139
10.6050	7160
10.6100	7018
10.6150	6720
10.6200	6873
10.6250	6671
10.6300	7269
10.6350	7385
10.6400	7121
10.6450	6974
10.6500	7270
10.6550	7470
10.6600	7027
10.6650	6745
10.6700	7602
10.6750	7134
10.6800	7303
10.6850	7320
10.6900	7155
10.6950	7198
10.7000	6652
10.7050	7401
10.7100	7366
10.7150	7082
10.7200	7451
10.7250	7055
10.7300	6661
10.7350	6785
10.7400	7514
10.7450	7395
10.7500	7134
10.7550	7128
10.7600	7375
10.7650	7596
10.7700	6573
10.7750	6811
10.7800	7361
10.7850	7551
10.7900	6833
10.7950	7335
10.8000	7229
10.8050	6608
10.8100	7565
10.8150	6563
10.8200	7435
10.8250	6986
10.8300	7334
10.8350	7508
10.8400	6801
10.8450	6686
10.8500	7413
10.8550	6638
10.8600	6985
10.8650	7392
10.8700	7421
10.8750	6847
10.8800	7001
10.8850	7330
10.8900	7342
10.8950	6907
10.9000	7255
10.9050	6909
10.9100	6720
10.9150	6566
10.9200	7475
10.9250	7333
10.9300	7308
10.9350	6532
10.9400	7438
10.9450	7284
10.9500	6752
10.9550	7426
10.9600	7362
10.9650	6763
10.9700	7460
10.9750	7340
10.9800	6626
10.9850	6645
10.9900	7496
10.9950	7435
11.0000	6981
11.0050	7193
11.0100	7251
11.0150	7359
11.0200	6768
11.0250	7277
11.0300	7282
11.0350	7166
11.0400	6991
11.0450	7696
11.0500	7216
11.0550	7159
11.0600	7077
11.0650	7044
11.0700	6956
11.0750	7445
11.0800	6662
11.0850	7277
11.0900	6587
11.0950	7485
11.1000	7615
11.1050	6688
11.1100	7404
11.1150	7242
11.1200	7608
11.1250	7372
11.1300	6561
11.1350	7567
11.1400	6799
11.1450	6963
11.1500	7374
11.1550	7269
11.1600	7584
11.1650	7159
11.1700	6716
11.1750	6873
11.1800	6959
11.1850	7433
11.1900	7463
11.1950	7327
11.2000	7622
11.2050	6943
11.2100	7000
11.2150	7224
11.2200	7561
11.2250	7264
11.2300	7290
11.2350	6789
11.2400	7198
11.2450	7104
11.2500	6578
11.2550	7019
11.2600	7162
11.2650	7205
11.2700	7126
11.2750	6747
11.2800	6789
11.2850	7365
11.2900	7057
11.2950	7205
11.3000	6809
11.3050	7514
11.3100	7604
11.3150	6700
11.3200	7041
11.3250	7617
11.3300	7641
11.3350	6941
11.3400	7340
11.3450	7481
11.3500	7251
11.3550	6741
11.3600	7168
11.3650	7050
11.3700	7500
11.3750	7194
11.3800	7446
11.3850	7043
11.3900	7122
11.3950	7443
11.4000	7396
11.4050	7103
11.4100	7350
11.4150	7613
11.4200	7315
11.4250	6928
11.4300	7367
11.4350	6991
11.4400	6905
11.4450	6946
11.4500	7027
11.4550	7453
11.4600	6642
11.4650	7486
11.4700	6821
11.4750	7229
11.4800	6830
11.4850	7709
11.4900	7456
11.4950	6752
11.5000	7151
11.5050	7163
11.5100	7504
11.5150	7326
11.5200	7259
11.5250	6864
11.5300	6726
11.5350	7288
11.5400	7039
11.5450	7637
11.5500	6788
11.5550	7479
11.5600	7340
11.5650	7254
11.5700	6727
11.5750	7411
11.5800	7422
11.5850	6982
11.5900	6552
11.5950	7410
11.6000	7375
11.6050	6732
11.6100	7262
11.6150	7373
11.6200	7474
11.6250	7133
11.6300	6946
11.6350	6650
11.6400	6678
11.6450	6902
11.6500	7095
11.6550	7165
11.6600	7535
11.6650	7505
11.6700	6764
11.6750	6800
11.6800	7153
11.6850	7398
11.6900	7094
11.6950	7460
11.7000	6763
11.7050	6638
11.7100	6925
11.7150	6619
11.7200	7331
11.7250	7291
11.7300	7463
11.7350	7288
11.7400	7223
11.7450	6731
11.7500	6661
11.7550	7471
11.7600	7456
11.7650	6762
11.7700	7083
11.7750	7666
11.7800	7281
11.7850	7072
11.7900	7265
11.7950	6726
11.8000	7124
11.8050	6599
11.8100	7059
11.8150	6970
11.8200	6862
11.8250	7179
11.8300	7250
11.8350	6869
11.8400	7093
11.8450	6610
11.8500	7186
11.8550	6816
11.8600	6626
11.8650	6713
11.8700	7419
11.8750	7156
11.8800	7422
11.8850	7440
11.8900	7141
11.8950	6827
11.9000	6539
11.9050	6661
11.9100	7490
11.9150	7244
11.9200	7008
11.9250	7352
11.9300	6892
11.9350	6764
11.9400	7192
11.9450	6880
11.9500	6941
11.9550	6895
11.9600	7068
11.9650	7348
11.9700	6636
11.9750	6647
11.9800	6869
11.9850	7402
11.9900	7272
11.9950	7147
12.0000	6830
12.0050	6697
12.0100	6812
12.0150	7274
12.0200	7330
12.0250	6648
12.0300	7288
12.0350	7280
12.0400	6749
12.0450	7239
12.0500	6868
12.0550	7365
12.0600	6872
12.0650	6778
12.0700	6862
12.0750	7239
12.0800	6785
12.0850	6746
12.0900	7564
12.0950	7282
12.1000	7250
12.1050	6916
12.1100	7255
12.1150	7001
12.1200	7303
12.1250	7109
12.1300	7068
12.1350	7130
12.1400	6937
12.1450	7212
12.1500	6983
12.1550	7292
12.1600	7507
12.1650	6659
12.1700	6787
12.1750	6925
12.1800	7180
12.1850	7078
12.1900	6877
12.1950	7386
12.2000	7194
12.2050	6709
12.2100	7530
12.2150	7031
12.2200	6676
12.2250	7419
12.2300	7100
12.2350	6988
12.2400	6973
12.2450	7327
12.2500	7424
12.2550	6869
12.2600	6898
12.2650	7493
12.2700	6656
12.2750	6683
12.2800	7233
12.2850	7055
12.2900	6940
12.2950	6881
12.3000	7131
12.3050	7204
12.3100	6726
12.3150	6744
12.3200	7558
12.3250	7538
12.3300	6776
12.3350	6754
12.3400	6955
12.3450	7043
12.3500	6535
12.3550	7151
12.3600	6943
12.3650	7055
12.3700	7389
12.3750	6380
12.3800	6554
12.3850	7121
12.3900	7269
12.3950	6986
12.4000	6793
12.4050	7108
12.4100	7446
12.4150	6777
12.4200	6686
12.4250	7413
12.4300	7449
12.4350	6972
12.4400	6694
12.4450	7273
12.4500	7234
12.4550	7095
12.4600	7502
12.4650	7449
12.4700	7463
12.4750	7086
12.4800	6807
12.4850	7046
12.4900	6993
12.4950	7533
12.5000	7483
12.5050	7138
12.5100	7521
12.5150	7330
12.5200	6889
12.5250	6812
12.5300	7477
12.5350	7481
12.5400	7164
12.5450	7094
12.5500	7462
12.5550	6839
12.5600	6625
12.5650	7445
12.5700	6984
12.5750	7442
12.5800	7156
12.5850	6990
12.5900	7015
12.5950	7146
12.6000	7321
12.6050	7141
12.6100	6817
12.6150	7366
12.6200	7443
12.6250	6662
12.6300	6738
12.6350	7433
12.6400	7287
12.6450	6720
12.6500	6564
12.6550	7565
12.6600	7013
12.6650	6782
12.6700	6826
12.6750	7352
12.6800	6736
12.6850	7003
12.6900	6915
12.6950	6848
12.7000	6805
12.7050	6728
12.7100	6856
12.7150	6605
12.7200	6736
12.7250	7383
12.7300	6595
12.7350	6762
12.7400	7079
12.7450	7272
12.7500	6719
12.7550	6599
12.7600	7286
12.7650	7003
12.7700	6615
12.7750	7038
12.7800	7413
12.7850	6687
12.7900	6836
12.7950	7146
12.8000	7203
12.8050	6796
12.8100	6885
12.8150	7418
12.8200	7048
12.8250	6871
12.8300	7326
12.8350	7611
12.8400	6883
12.8450	7339
12.8500	7483
12.8550	6680
12.8600	6771
12.8650	7235
12.8700	7604
12.8750	6931
12.8800	6834
12.8850	7545
12.8900	7439
12.8950	6854
12.9000	6827
12.9050	7562
12.9100	7320
12.9150	6638
12.9200	7491
12.9250	7432
12.9300	7332
12.9350	6801
12.9400	6972
12.9450	7018
12.9500	6979
12.9550	7259
12.9600	7592
12.9650	6610
12.9700	7129
12.9750	7426
12.9800	6759
12.9850	6790
12.9900	7064
12.9950	7356
13.0000	6876
13.0050	7198
13.0100	7203
13.0150	7474
13.0200	6946
13.0250	6723
13.0300	7408
13.0350	7094
13.0400	6750
13.0450	6806
13.0500	7310
13.0550	6649
13.0600	6711
13.0650	7433
13.0700	6516
13.0750	7096
13.0800	7176
13.0850	6903
13.0900	6624
13.0950	6915
13.1000	7572
13.1050	6656
13.1100	6815
13.1150	7520
13.1200	7383
13.1250	6822
13.1300	6781
13.1350	7572
13.1400	7397
13.1450	6463
13.1500	6896
13.1550	7535
13.1600	6981
13.1650	7401
13.1700	7335
13.1750	7414
13.1800	6957
13.1850	6756
13.1900	7018
13.1950	7496
13.2000	7491
13.2050	7193
13.2100	6754
13.2150	7041
13.2200	7607
13.2250	6982
13.2300	6683
13.2350	7272
13.2400	7408
13.2450	7097
13.2500	6860
13.2550	7299
13.2600	7177
13.2650	6998
13.2700	7583
13.2750	7002
13.2800	6930
13.2850	7239
13.2900	7463
13.2950	6835
13.3000	6686
13.3050	6979
13.3100	7546
13.3150	6868
13.3200	6728
13.3250	7383
13.3300	6867
13.3350	6554
13.3400	6721
13.3450	7504
13.3500	7201
13.3550	6722
13.3600	7240
13.3650	6936
13.3700	6812
13.3750	6780
13.3800	7136
13.3850	7064
13.3900	7172
13.3950	6904
13.4000	6719
13.4050	6982
13.4100	6827
13.4150	7153
13.4200	6780
13.4250	6678
13.4300	7338
13.4350	7311
13.4400	6666
13.4450	6755
13.4500	7590
13.4550	7119
13.4600	6791
13.4650	6934
13.4700	6912
13.4750	7044
13.4800	6711
13.4850	6705
13.4900	7409
13.4950	6842
13.5000	6822
13.5050	7321
13.5100	7490
13.5150	6827
13.5200	6932
13.5250	7285
13.5300	6635
13.5350	6688
13.5400	7413
13.5450	7292
13.5500	6691
13.5550	7494
13.5600	7581
13.5650	6696
13.5700	6902
13.5750	7424
13.5800	7491
13.5850	6657
13.5900	7370
13.5950	7009
13.6000	7326
13.6050	7618
13.6100	7138
13.6150	7152
13.6200	6687
13.6250	7032
13.6300	7451
13.6350	7281
13.6400	6878
13.6450	6618
13.6500	7169
13.6550	7062
13.6600	7157
13.6650	7457
13.6700	7395
13.6750	6800
13.6800	6906
13.6850	6628
13.6900	6620
13.6950	6881
13.7000	7022
13.7050	7284
13.7100	6686
13.7150	6697
13.7200	6904
13.7250	7021
13.7300	6695
13.7350	7330
13.7400	7493
13.7450	6785
13.7500	6575
13.7550	6766
13.7600	6630
13.7650	6701
13.7700	7439
13.7750	7001
13.7800	6975
13.7850	6977
13.7900	6757
13.7950	6684
13.8000	6840
13.8050	7422
13.8100	7440
13.8150	6624
13.8200	7358
13.8250	6724
13.8300	6747
13.8350	6620
13.8400	6564
13.8450	7390
13.8500	7268
13.8550	7113
13.8600	6744
13.8650	6640
13.8700	6902
13.8750	6749
13.8800	6962
13.8850	7131
13.8900	6883
13.8950	6761
13.9000	6818
13.9050	6768
13.9100	7246
13.9150	7424
13.9200	6739
13.9250	6908
13.9300	7111
13.9350	6664
13.9400	6698
13.9450	7019
13.9500	7528
13.9550	7297
13.9600	7131
13.9650	7271
13.9700	7452
13.9750	6951
13.9800	6687
13.9850	7445
13.9900	7503
13.9950	7279
14.0000	7532
14.0050	7467
14.0100	6674
14.0150	7104
14.0200	6756
14.0250	7198
14.0300	7598
14.0350	7231
14.0400	6989
14.0450	6533
14.0500	6932
14.0550	6784
14.0600	6643
14.0650	7269
14.0700	7393
14.0750	7373
14.0800	6739
14.0850	7527
14.0900	6982
14.0950	6750
14.1000	6642
14.1050	7340
14.1100	7416
14.1150	6587
14.1200	6698
14.1250	6678
14.1300	6931
14.1350	6622
14.1400	7424
14.1450	6979
14.1500	6619
14.1550	7173
14.1600	7134
14.1650	6661
14.1700	7109
14.1750	7414
14.1800	7349
14.1850	7270
14.1900	6782
14.1950	6780
14.2000	7267
14.2050	7235
14.2100	6950
14.2150	7028
14.2200	7282
14.2250	6719
14.2300	6961
14.2350	6948
14.2400	7218
14.2450	7076
14.2500	7122
14.2550	7445
14.2600	6802
14.2650	7384
14.2700	7513
14.2750	6519
14.2800	7401
14.2850	7374
14.2900	6995
14.2950	6669
14.3000	6890
14.3050	7371
14.3100	7004
14.3150	6569
14.3200	7212
14.3250	7471
14.3300	6747
14.3350	7002
14.3400	7362
14.3450	7187
14.3500	7055
14.3550	7070
14.3600	7372
14.3650	6970
14.3700	6947
14.3750	7094
14.3800	7153
14.3850	6653
14.3900	6798
14.3950	7473
14.4000	6723
14.4050	7134
14.4100	7318
14.4150	7118
14.4200	6670
14.4250	6960
14.4300	6885
14.4350	6695
14.4400	6667
14.4450	6895
14.4500	7538
14.4550	6529
14.4600	6706
14.4650	7020
14.4700	6647
14.4750	6691
14.4800	6579
14.4850	7065
14.4900	7255
14.4950	6844
14.5000	6831
14.5050	6876
14.5100	6825
14.5150	7245
14.5200	6708
14.5250	6827
14.5300	7378
14.5350	7203
14.5400	6802
14.5450	6762
14.5500	6784
14.5550	7512
14.5600	6718
14.5650	6779
14.5700	7104
14.5750	7201
14.5800	6903
14.5850	6705
14.5900	7212
14.5950	7141
14.6000	7252
14.6050	7079
14.6100	7077
14.6150	7151
14.6200	7418
14.6250	6655
14.6300	6906
14.6350	7564
14.6400	7525
14.6450	7456
14.6500	6765
14.6550	7375
14.6600	7573
14.6650	6887
14.6700	6787
14.6750	7065
14.6800	7322
14.6850	6906
14.6900	7262
14.6950	7372
14.7000	6927
14.7050	7018
14.7100	7405
14.7150	7195
14.7200	6973
14.7250	7410
14.7300	7048
14.7350	6701
14.7400	6492
14.7450	7105
14.7500	6844
14.7550	6611
14.7600	7466
14.7650	7496
14.7700	6724
14.7750	7350
14.7800	7380
14.7850	7075
14.7900	6607
14.7950	7192
14.8000	7500
14.8050	6665
14.8100	7010
14.8150	6817
14.8200	6897
14.8250	6708
14.8300	7009
14.8350	7234
14.8400	6681
14.8450	6797
14.8500	7031
14.8550	6659
14.8600	7250
14.8650	6927
14.8700	7442
14.8750	6899
14.8800	6901
14.8850	6671
14.8900	7188
14.8950	6775
14.9000	6876
14.9050	7303
14.9100	7477
14.9150	7198
14.9200	6705
14.9250	7014
14.9300	7030
14.9350	6824
14.9400	6622
14.9450	7388
14.9500	7013
14.9550	6721
14.9600	7081
14.9650	6784
14.9700	7098
14.9750	7393
14.9800	6773
14.9850	6659
14.9900	7186
14.9950	7380
15.0000	7295
15.0050	6711
15.0100	7519
15.0150	7463
15.0200	6713
15.0250	6869
15.0300	7309
15.0350	7465
15.0400	6842
15.0450	7074
15.0500	7351
15.0550	7282
15.0600	7396
15.0650	6758
15.0700	7229
15.0750	7199
15.0800	7476
15.0850	7397
15.0900	7443
15.0950	6941
15.1000	6704
15.1050	6790
15.1100	6736
15.1150	7497
15.1200	7611
15.1250	7110
15.1300	6971
15.1350	6582
15.1400	6848
15.1450	6633
15.1500	6438
15.1550	7365
15.1600	7370
15.1650	7024
15.1700	6813
15.1750	6442
15.1800	6808
15.1850	6896
15.1900	7198
15.1950	7257
15.2000	7031
15.2050	6634
15.2100	6716
15.2150	6779
15.2200	6810
15.2250	7522
15.2300	6803
15.2350	7081
15.2400	6872
15.2450	6750
15.2500	7006
15.2550	6865
15.2600	7432
15.2650	7216
15.2700	6631
15.2750	7194
15.2800	6703
15.2850	6586
15.2900	6967
15.2950	7234
15.3000	7576
15.3050	6914
15.3100	7338
15.3150	6901
15.3200	6795
15.3250	7047
15.3300	6580
15.3350	6760
15.3400	7509
15.3450	7404
15.3500	7445
15.3550	6564
15.3600	6842
15.3650	7369
15.3700	7010
15.3750	6723
15.3800	7525
15.3850	7190
15.3900	6774
15.3950	6768
15.4000	6582
15.4050	7548
15.4100	7597
15.4150	7033
15.4200	7319
15.4250	6650
15.4300	6937
15.4350	6816
15.4400	6851
15.4450	7188
15.4500	7149
15.4550	7351
15.4600	6843
15.4650	6653
15.4700	6892
15.4750	6918
15.4800	7055
15.4850	6794
15.4900	7398
15.4950	7005
15.5000	6881
15.5050	6719
15.5100	7049
15.5150	6541
15.5200	6813
15.5250	6769
15.5300	7466
15.5350	6540
15.5400	6681
15.5450	6894
15.5500	6577
15.5550	6712
15.5600	7091
15.5650	6710
15.5700	6852
15.5750	6522
15.5800	6911
15.5850	6716
15.5900	7063
15.5950	7491
15.6000	7080
15.6050	7011
15.6100	6713
15.6150	7569
15.6200	6718
15.6250	6985
15.6300	6691
15.6350	7523
15.6400	7308
15.6450	7481
15.6500	7239
15.6550	7310
15.6600	7536
15.6650	6813
15.6700	7331
15.6750	7025
15.6800	7186
15.6850	6869
15.6900	7299
15.6950	6755
15.7000	6803
15.7050	7424
15.7100	6709
15.7150	6589
15.7200	7499
15.7250	7452
15.7300	6594
15.7350	6803
15.7400	7194
15.7450	6813
15.7500	6900
15.7550	6943
15.7600	6596
15.7650	6867
15.7700	7001
15.7750	7170
15.7800	6528
15.7850	6619
15.7900	6912
15.7950	7493
15.8000	7193
15.8050	6679
15.8100	6645
15.8150	6648
15.8200	6499
15.8250	6817
15.8300	7364
15.8350	7201
15.8400	6822
15.8450	7008
15.8500	6757
15.8550	6808
15.8600	6694
15.8650	7433
15.8700	7366
15.8750	6686
15.8800	6830
15.8850	6899
15.8900	6793
15.8950	6759
15.9000	7185
15.9050	7512
15.9100	7597
15.9150	6820
15.9200	6630
15.9250	6796
15.9300	6739
15.9350	6683
15.9400	7266
15.9450	7262
15.9500	7405
15.9550	6943
15.9600	7059
15.9650	6695
15.9700	6924
15.9750	6777
15.9800	7151
15.9850	7212
15.9900	7451
15.9950	6772
16.0000	7457
16.0050	7136
16.0100	6949
16.0150	6770
16.0200	7036
16.0250	7084
16.0300	7128
16.0350	6765
16.0400	6848
16.0450	7355
16.0500	6615
16.0550	6623
16.0600	7551
16.0650	6758
16.0700	6865
16.0750	6662
16.0800	6658
16.0850	6989
16.0900	6982
16.0950	6819
16.1000	6923
16.1050	7023
16.1100	6641
16.1150	6751
16.1200	6730
16.1250	6948
16.1300	7040
16.1350	6799
16.1400	6710
16.1450	6505
16.1500	6688
16.1550	6701
16.1600	6989
16.1650	7313
16.1700	6679
16.1750	6869
16.1800	7357
16.1850	6803
16.1900	6539
16.1950	6719
16.2000	7370
16.2050	6554
16.2100	6728
16.2150	6971
16.2200	7197
16.2250	7212
16.2300	6836
16.2350	7074
16.2400	7505
16.2450	6767
16.2500	6600
16.2550	7218
16.2600	6905
16.2650	6971
16.2700	6959
16.2750	6856
16.2800	6700
16.2850	7391
16.2900	7089
16.2950	6810
16.3000	6742
16.3050	7530
16.3100	6853
16.3150	6997
16.3200	7407
16.3250	7423
16.3300	6658
16.3350	7018
16.3400	6995
16.3450	7321
16.3500	6716
16.3550	6874
16.3600	7089
16.3650	7119
16.3700	6791
16.3750	6888
16.3800	6886
16.3850	6545
16.3900	6687
16.3950	7358
16.4000	7473
16.4050	6906
16.4100	6699
16.4150	6744
16.4200	6766
16.4250	6850
16.4300	7338
16.4350	7258
16.4400	6573
16.4450	6596
16.4500	7085
16.4550	6601
16.4600	7348
16.4650	7228
16.4700	7485
16.4750	7134
16.4800	6819
16.4850	6707
16.4900	6914
16.4950	6688
16.5000	6490
16.5050	7269
16.5100	7472
16.5150	6626
16.5200	6715
16.5250	6712
16.5300	6646
16.5350	6790
16.5400	7428
16.5450	7398
16.5500	6471
16.5550	7569
16.5600	6876
16.5650	6898
16.5700	6809
16.5750	7387
16.5800	7079
16.5850	6689
16.5900	6835
16.5950	6923
16.6000	6898
16.6050	7006
16.6100	7370
16.6150	6967
16.6200	7290
16.6250	6810
16.6300	7520
16.6350	7029
16.6400	6706
16.6450	7226
16.6500	7493
16.6550	6857
16.6600	7458
16.6650	7455
16.6700	7059
16.6750	6849
16.6800	6997
16.6850	7446
16.6900	6986
16.6950	6857
16.7000	7352
16.7050	6650
16.7100	7162
16.7150	7170
16.7200	7507
16.7250	6880
16.7300	6478
16.7350	7512
16.7400	7350
16.7450	6904
16.7500	6780
16.7550	7082
16.7600	7136
16.7650	6866
16.7700	6655
16.7750	6633
16.7800	6674
16.7850	6786
16.7900	6659
16.7950	6548
16.8000	6650
16.8050	7220
16.8100	6849
16.8150	6731
16.8200	6792
16.8250	6956
16.8300	6950
16.8350	6820
16.8400	7362
16.8450	6646
16.8500	6613
16.8550	6642
16.8600	6616
16.8650	7365
16.8700	7154
16.8750	6623
16.8800	6825
16.8850	6605
16.8900	6905
16.8950	7164
16.9000	6733
16.9050	7413
16.9100	7282
16.9150	6717
16.9200	6818
16.9250	6648
16.9300	7537
16.9350	7523
16.9400	6895
16.9450	7536
16.9500	7270
16.9550	6910
16.9600	6750
16.9650	6834
16.9700	7446
16.9750	7049
16.9800	6913
16.9850	7067
16.9900	7469
16.9950	7319
17.0000	6689
17.0050	7134
17.0100	7325
17.0150	6926
17.0200	6728
17.0250	6583
17.0300	7070
17.0350	6786
17.0400	6532
17.0450	6994
17.0500	7476
17.0550	7302
17.0600	7012
17.0650	6775
17.0700	6834
17.0750	6812
17.0800	6861
17.0850	7373
17.0900	7011
17.0950	7556
17.1000	7132
17.1050	6700
17.1100	6853
17.1150	6483
17.1200	6782
17.1250	7289
17.1300	7404
17.1350	6642
17.1400	6578
17.1450	6706
17.1500	7504
17.1550	7257
17.1600	7457
17.1650	7539
17.1700	6654
17.1750	6796
17.1800	6831
17.1850	7238
17.1900	7317
17.1950	7342
17.2000	6819
17.2050	6640
17.2100	7102
17.2150	6922
17.2200	6470
17.2250	7209
17.2300	6663
17.2350	6649
17.2400	7206
17.2450	7239
17.2500	7243
17.2550	6855
17.2600	6786
17.2650	6758
17.2700	7126
17.2750	7316
17.2800	7472
17.2850	7392
17.2900	6725
17.2950	7450
17.3000	7332
17.3050	7636
17.3100	6575
17.3150	7295
17.3200	7297
17.3250	6921
17.3300	6981
17.3350	6756
17.3400	7393
17.3450	7607
17.3500	7123
17.3550	7415
17.3600	7144
17.3650	6732
17.3700	6836
17.3750	6677
17.3800	7643
17.3850	7337
17.3900	7429
17.3950	7460
17.4000	6725
17.4050	6810
17.4100	6833
17.4150	6723
17.4200	7559
17.4250	7234
17.4300	6962
17.4350	6901
17.4400	7003
17.4450	6657
17.4500	6736
17.4550	6747
17.4600	7202
17.4650	7064
17.4700	7257
17.4750	6733
17.4800	6844
17.4850	6560
17.4900	6593
17.4950	6907
17.5000	7369
17.5050	7361
17.5100	7057
17.5150	6807
17.5200	6695
17.5250	6936
17.5300	6673
17.5350	7539
17.5400	7117
17.5450	6798
17.5500	6885
17.5550	6780
17.5600	6953
17.5650	7022
17.5700	6862
17.5750	6980
17.5800	7001
17.5850	6775
17.5900	7356
17.5950	7099
17.6000	7204
17.6050	6581
17.6100	7057
17.6150	7547
17.6200	7539
17.6250	7245
17.6300	6383
17.6350	6772
17.6400	6696
17.6450	6636
17.6500	7113
17.6550	6894
17.6600	7402
17.6650	6809
17.6700	6869
17.6750	7103
17.6800	7068
17.6850	6951
17.6900	7381
17.6950	6713
17.7000	7400
17.7050	7320
17.7100	6931
17.7150	6955
17.7200	7136
17.7250	7480
17.7300	7362
17.7350	7442
17.7400	6822
17.7450	6554
17.7500	6739
17.7550	6966
17.7600	7294
17.7650	7426
17.7700	7488
17.7750	7050
17.7800	6615
17.7850	6576
17.7900	6755
17.7950	7174
17.8000	6906
17.8050	7214
17.8100	6733
17.8150	6739
17.8200	6782
17.8250	6746
17.8300	6998
17.8350	7283
17.8400	7382
17.8450	6942
17.8500	6940
17.8550	6715
17.8600	6842
17.8650	6785
17.8700	7326
17.8750	7392
17.8800	6602
17.8850	7249
17.8900	6875
17.8950	7150
17.9000	6734
17.9050	7405
17.9100	7172
17.9150	7000
17.9200	6737
17.9250	6610
17.9300	6745
17.9350	6709
17.9400	6595
17.9450	7225
17.9500	7438
17.9550	7021
17.9600	6643
17.9650	6975
17.9700	6705
17.9750	6711
17.9800	7282
17.9850	7190
17.9900	7386
17.9950	7090
18.0000	7112
18.0050	7082
18.0100	7262
18.0150	7506
18.0200	6627
18.0250	6950
18.0300	7329
18.0350	7326
18.0400	7354
18.0450	6865
18.0500	7354
18.0550	7324
18.0600	6786
18.0650	7131
18.0700	7365
18.0750	6881
18.0800	6740
18.0850	7129
18.0900	7454
18.0950	6820
18.1000	7018
18.1050	6866
18.1100	6607
18.1150	6585
18.1200	7584
18.1250	7436
18.1300	6722
18.1350	6848
18.1400	7526
18.1450	6938
18.1500	6681
18.1550	7233
18.1600	7507
18.1650	6807
18.1700	6592
18.1750	7003
18.1800	7367
18.1850	7325
18.1900	7296
18.1950	7354
18.2000	6668
18.2050	7393
18.2100	6857
18.2150	6576
18.2200	6787
18.2250	7433
18.2300	6868
18.2350	6666
18.2400	6835
18.2450	7183
18.2500	6719
18.2550	6786
18.2600	7227
18.2650	7279
18.2700	6934
18.2750	6698
18.2800	7110
18.2850	6696
18.2900	6650
18.2950	7208
18.3000	7574
18.3050	7112
18.3100	6810
18.3150	7009
18.3200	7023
18.3250	6826
18.3300	7375
18.3350	7338
18.3400	6916
18.3450	6778
18.3500	6761
18.3550	6585
18.3600	7053
18.3650	7585
18.3700	7469
18.3750	7368
18.3800	6710
18.3850	6747
18.3900	6724
18.3950	6866
18.4000	7060
18.4050	7594
18.4100	7315
18.4150	6849
18.4200	7356
18.4250	6706
18.4300	6769
18.4350	7345
18.4400	7065
18.4450	7213
18.4500	7378
18.4550	6632
18.4600	7295
18.4650	6599
18.4700	7368
18.4750	7424
18.4800	6844
18.4850	7276
18.4900	6728
18.4950	6835
18.5000	7469
18.5050	6891
18.5100	7181
18.5150	7146
18.5200	7370
18.5250	6751
18.5300	6524
18.5350	6528
18.5400	7448
18.5450	7256
18.5500	6727
18.5550	7369
18.5600	7370
18.5650	6846
18.5700	6847
18.5750	6873
18.5800	6679
18.5850	7469
18.5900	7494
18.5950	7008
18.6000	7067
18.6050	6739
18.6100	7676
18.6150	7206
18.6200	7066
18.6250	6724
18.6300	7391
18.6350	7603
18.6400	6676
18.6450	7136
18.6500	6759
18.6550	7500
18.6600	7441
18.6650	7229
18.6700	7334
18.6750	7380
18.6800	7405
18.6850	6595
18.6900	7040
18.6950	6706
18.7000	7325
18.7050	7391
18.7100	6629
18.7150	6596
18.7200	6607
18.7250	6961
18.7300	6720
18.7350	7090
18.7400	6668
18.7450	7075
18.7500	7448
18.7550	7112
18.7600	7371
18.7650	6716
18.7700	6777
18.7750	7256
18.7800	7138
18.7850	6691
18.7900	6637
18.7950	7410
18.8000	6589
18.8050	6973
18.8100	7483
18.8150	7409
18.8200	7142
18.8250	6750
18.8300	6656
18.8350	7193
18.8400	6721
18.8450	7462
18.8500	7306
18.8550	6659
18.8600	7297
18.8650	7248
18.8700	6811
18.8750	6513
18.8800	7262
18.8850	7266
18.8900	7310
18.8950	6574
18.9000	7046
18.9050	7268
18.9100	6962
18.9150	6796
18.9200	7370
18.9250	7369
18.9300	6748
18.9350	6846
18.9400	7173
18.9450	6986
18.9500	6987
18.9550	7296
18.9600	6904
18.9650	6738
18.9700	7187
18.9750	7254
18.9800	6544
18.9850	6636
18.9900	7637
18.9950	7512
19.0000	6641
19.0050	6560
19.0100	7373
19.0150	7367
19.0200	7094
19.0250	7056
19.0300	7367
19.0350	6558
19.0400	6782
19.0450	7455
19.0500	7557
19.0550	6704
19.0600	6741
19.0650	7379
19.0700	6486
19.0750	6719
19.0800	7481
19.0850	7219
19.0900	6908
19.0950	7415
19.1000	7235
19.1050	6705
19.1100	6742
19.1150	7379
19.1200	7295
19.1250	6796
19.1300	7443
19.1350	6891
19.1400	6962
19.1450	6705
19.1500	7587
19.1550	7054
19.1600	7284
19.1650	7301
19.1700	7490
19.1750	7684
19.1800	6558
19.1850	6952
19.1900	7043
19.1950	6958
19.2000	7182
19.2050	7542
19.2100	6745
19.2150	7119
19.2200	6836
19.2250	6850
19.2300	6888
19.2350	7282
19.2400	7333
19.2450	6938
19.2500	6517
19.2550	7126
19.2600	6685
19.2650	6957
19.2700	7451
19.2750	7094
19.2800	7474
19.2850	7045
19.2900	6680
19.2950	6978
19.3000	6565
19.3050	7379
19.3100	7396
19.3150	6910
19.3200	7384
19.3250	7045
19.3300	6849
19.3350	6821
19.3400	7277
19.3450	7364
19.3500	6786
19.3550	6839
19.3600	7322
19.3650	7334
19.3700	6722
19.3750	6790
19.3800	7449
19.3850	7147
19.3900	6985
19.3950	7049
19.4000	7333
19.4050	7245
19.4100	6653
19.4150	7088
19.4200	7642
19.4250	6769
19.4300	7333
19.4350	7339
19.4400	6507
19.4450	7208
19.4500	7530
19.4550	6889
19.4600	7257
19.4650	6948
19.4700	7645
19.4750	7605
19.4800	6586
19.4850	7435
19.4900	7519
19.4950	6721
19.5000	6929
19.5050	7352
19.5100	7401
19.5150	7448
19.5200	6612
19.5250	7372
19.5300	7299
19.5350	6789
19.5400	6968
19.5450	6859
19.5500	6821
19.5550	7443
19.5600	7205
19.5650	7125
19.5700	6690
19.5750	7492
19.5800	7643
19.5850	6713
19.5900	6827
19.5950	6941
19.6000	6977
19.6050	7482
19.6100	7431
19.6150	7414
19.6200	6754
19.6250	6730
19.6300	7580
19.6350	7367
19.6400	7037
19.6450	7035
19.6500	7486
19.6550	6599
19.6600	6832
19.6650	7492
19.6700	6880
19.6750	6856
19.6800	7390
19.6850	7140
19.6900	6767
19.6950	7040
19.7000	7481
19.7050	6909
19.7100	6854
19.7150	6939
19.7200	7427
19.7250	6666
19.7300	6671
19.7350	7481
19.7400	7152
19.7450	6748
19.7500	6651
19.7550	7345
19.7600	7411
19.7650	6790
19.7700	6805
19.7750	7281
19.7800	7037
19.7850	6654
19.7900	7092
19.7950	7230
19.8000	7350
19.8050	7377
19.8100	7320
19.8150	6730
19.8200	6749
19.8250	7515
19.8300	7346
19.8350	7151
19.8400	7202
19.8450	7409
19.8500	6953
19.8550	6728
19.8600	7383
19.8650	7249
19.8700	7691
19.8750	6839
19.8800	7271
19.8850	7361
19.8900	6575
19.8950	7339
19.9000	7253
19.9050	7230
19.9100	7262
19.9150	7283
19.9200	7451
19.9250	6901
19.9300	6853
19.9350	7157
19.9400	6939
19.9450	6879
19.9500	7509
19.9550	7160
19.9600	6659
19.9650	6738
19.9700	7468
19.9750	7086
19.9800	6536
19.9850	6660
19.9900	7462
19.9950	6716
