0.0000	7632
0.0050	6968
0.0100	6714
0.0150	7342
0.0200	7344
0.0250	7189
0.0300	6830
0.0350	7546
0.0400	7463
0.0450	7158
0.0500	7166
0.0550	7078
0.0600	7236
0.0650	6744
0.0700	6876
0.0750	7106
0.0800	6834
0.0850	6948
0.0900	6681
0.0950	6860
0.1000	7119
0.1050	6901
0.1100	7350
0.1150	6807
0.1200	7252
0.1250	7259
0.1300	6742
0.1350	6781
0.1400	7572
0.1450	6914
0.1500	6684
0.1550	7225
0.1600	7286
0.1650	7159
0.1700	7069
0.1750	7035
0.1800	6816
0.1850	7461
0.1900	6872
0.1950	6649
0.2000	6799
0.2050	7339
0.2100	6901
0.2150	6785
0.2200	6812
0.2250	6866
0.2300	7270
0.2350	6738
0.2400	7225
0.2450	7089
0.2500	6932
0.2550	7384
0.2600	6749
0.2650	7149
0.2700	7469
0.2750	7109
0.2800	6645
0.2850	7317
0.2900	6811
0.2950	6768
0.3000	7081
0.3050	7511
0.3100	6793
0.3150	6648
0.3200	7221
0.3250	7258
0.3300	7410
0.3350	7580
0.3400	6752
0.3450	7552
0.3500	7093
0.3550	7313
0.3600	6722
0.3650	7460
0.3700	7406
0.3750	7392
0.3800	6575
0.3850	6682
0.3900	7096
0.3950	7618
0.4000	7376
0.4050	7457
0.4100	7242
0.4150	7486
0.4200	7242
0.4250	7415
0.4300	7239
0.4350	6800
0.4400	7555
0.4450	7363
0.4500	7008
0.4550	7656
0.4600	7570
0.4650	7165
0.4700	7342
0.4750	7219
0.4800	7387
0.4850	6827
0.4900	6744
0.4950	6818
0.5000	7223
0.5050	6602
0.5100	6953
0.5150	6445
0.5200	6912
0.5250	7480
0.5300	7236
0.5350	7279
0.5400	6995
0.5450	7181
0.5500	7303
0.5550	7151
0.5600	7107
0.5650	7273
0.5700	6773
0.5750	6888
0.5800	7053
0.5850	6883
0.5900	6788
0.5950	6646
0.6000	7014
0.6050	6732
0.6100	6490
0.6150	6558
0.6200	7332
0.6250	7096
0.6300	6726
0.6350	7516
0.6400	7248
0.6450	6758
0.6500	7250
0.6550	7389
0.6600	7380
0.6650	7439
0.6700	7461
0.6750	7373
0.6800	7475
0.6850	6546
0.6900	6679
0.6950	7338
0.7000	6815
0.7050	7410
0.7100	6638
0.7150	6990
0.7200	6627
0.7250	7668
0.7300	7250
0.7350	6704
0.7400	7537
0.7450	7037
0.7500	6908
0.7550	7343
0.7600	7549
0.7650	7612
0.7700	7582
0.7750	6948
0.7800	6965
0.7850	7387
0.7900	7335
0.7950	7314
0.8000	7534
0.8050	7651
0.8100	6908
0.8150	6894
0.8200	7571
0.8250	7319
0.8300	6702
0.8350	7545
0.8400	6974
0.8450	7035
0.8500	6882
0.8550	7442
0.8600	6685
0.8650	6951
0.8700	7570
0.8750	6498
0.8800	7293
0.8850	7418
0.8900	7073
0.8950	6602
0.9000	6582
0.9050	7257
0.9100	6534
0.9150	6574
0.9200	6661
0.9250	6834
0.9300	7317
0.9350	6740
0.9400	7282
0.9450	6631
0.9500	6876
0.9550	6905
0.9600	6945
0.9650	7242
0.9700	7349
0.9750	7515
0.9800	6715
0.9850	6686
0.9900	7225
0.9950	6930
1.0000	7167
1.0050	6913
1.0100	7105
1.0150	7385
1.0200	7382
1.0250	7354
1.0300	6831
1.0350	7118
1.0400	7202
1.0450	7295
1.0500	7304
1.0550	7539
1.0600	6951
1.0650	6865
1.0700	6761
1.0750	6897
1.0800	6588
1.0850	6915
1.0900	7518
1.0950	6642
1.1000	7508
1.1050	6875
1.1100	6587
1.1150	7082
1.1200	7415
1.1250	6465
1.1300	6842
1.1350	7680
1.1400	7628
1.1450	7390
1.1500	7215
1.1550	7703
1.1600	7330
1.1650	7375
1.1700	7547
1.1750	7612
1.1800	7540
1.1850	7056
1.1900	7433
1.1950	7312
1.2000	7189
1.2050	7374
1.2100	7444
1.2150	7098
1.2200	7089
1.2250	7458
1.2300	6969
1.2350	7061
1.2400	7488
1.2450	6768
1.2500	7347
1.2550	7437
1.2600	7557
1.2650	6632
1.2700	6834
1.2750	6981
1.2800	7028
1.2850	6584
1.2900	7306
1.2950	6576
1.3000	7177
1.3050	6539
1.3100	6529
1.3150	7191
1.3200	7041
1.3250	6802
1.3300	6640
1.3350	7350
1.3400	6686
1.3450	7097
1.3500	7201
1.3550	7380
1.3600	7451
1.3650	7109
1.3700	7409
1.3750	7491
1.3800	6855
1.3850	7368
1.3900	7370
1.3950	7156
1.4000	7374
1.4050	6864
1.4100	7105
1.4150	6591
1.4200	7543
1.4250	7188
1.4300	6852
1.4350	6698
1.4400	7458
1.4450	7461
1.4500	6862
1.4550	6586
1.4600	7441
1.4650	6991
1.4700	6825
1.4750	6695
1.4800	6662
1.4850	6783
1.4900	7177
1.4950	6984
1.5000	6792
1.5050	6781
1.5100	7062
1.5150	6823
1.5200	7320
1.5250	7546
1.5300	6831
1.5350	7393
1.5400	7465
1.5450	6915
1.5500	7368
1.5550	7613
1.5600	6783
1.5650	7451
1.5700	6466
1.5750	7506
1.5800	7461
1.5850	7179
1.5900	7356
1.5950	7230
1.6000	7371
1.6050	6735
1.6100	6699
1.6150	7473
1.6200	6697
1.6250	6930
1.6300	7450
1.6350	7310
1.6400	6645
1.6450	6844
1.6500	6569
1.6550	6910
1.6600	6514
1.6650	6961
1.6700	7438
1.6750	7251
1.6800	6801
1.6850	6799
1.6900	7565
1.6950	7554
1.7000	6596
1.7050	6829
1.7100	7325
1.7150	7397
1.7200	6966
1.7250	7292
1.7300	7283
1.7350	7426
1.7400	6900
1.7450	6972
1.7500	7320
1.7550	7081
1.7600	7023
1.7650	7335
1.7700	6864
1.7750	7193
1.7800	7292
1.7850	7337
1.7900	7198
1.7950	7508
1.8000	6815
1.8050	6846
1.8100	6739
1.8150	7406
1.8200	7094
1.8250	6906
1.8300	7235
1.8350	7110
1.8400	7171
1.8450	6663
1.8500	6861
1.8550	6657
1.8600	6843
1.8650	7123
1.8700	6778
1.8750	7282
1.8800	6653
1.8850	6663
1.8900	7185
1.8950	7089
1.9000	6781
1.9050	6723
1.9100	7328
1.9150	7504
1.9200	6767
1.9250	7493
1.9300	7092
1.9350	7315
1.9400	7272
1.9450	6782
1.9500	7525
1.9550	7264
1.9600	7219
1.9650	7475
1.9700	7181
1.9750	7391
1.9800	7372
1.9850	6811
1.9900	7149
1.9950	7349
2.0000	7219
2.0050	7230
2.0100	6633
2.0150	7398
2.0200	7315
2.0250	6476
2.0300	6663
2.0350	6858
2.0400	6643
2.0450	6743
2.0500	6608
2.0550	6906
2.0600	6819
2.0650	7478
2.0700	7195
2.0750	6746
2.0800	6629
2.0850	6517
2.0900	7079
2.0950	6785
2.1000	6971
2.1050	7106
2.1100	7155
2.1150	7433
2.1200	6812
2.1250	6581
2.1300	7104
2.1350	7325
2.1400	6920
2.1450	7357
2.1500	7343
2.1550	7472
2.1600	6716
2.1650	6935
2.1700	7065
2.1750	7385
2.1800	6730
2.1850	6715
2.1900	7624
2.1950	6764
2.2000	7107
2.2050	7126
2.2100	7424
2.2150	7219
2.2200	6968
2.2250	6586
2.2300	6571
2.2350	6776
2.2400	6744
2.2450	6959
2.2500	6988
2.2550	6859
2.2600	7136
2.2650	7421
2.2700	7400
2.2750	6671
2.2800	6858
2.2850	7429
2.2900	6930
2.2950	6676
2.3000	6816
2.3050	6909
2.3100	7340
2.3150	6722
2.3200	7194
2.3250	6854
2.3300	6920
2.3350	7642
2.3400	7179
2.3450	7329
2.3500	6835
2.3550	6614
2.3600	6964
2.3650	6569
2.3700	7511
2.3750	7388
2.3800	6829
2.3850	6575
2.3900	6943
2.3950	6832
2.4000	7046
2.4050	6665
2.4100	7446
2.4150	7435
2.4200	6882
2.4250	7009
2.4300	6829
2.4350	6605
2.4400	7064
2.4450	7154
2.4500	7457
2.4550	6834
2.4600	6936
2.4650	7409
2.4700	6563
2.4750	6727
2.4800	6541
2.4850	7524
2.4900	6654
2.4950	6838
2.5000	7103
2.5050	7382
2.5100	7081
2.5150	7118
2.5200	6958
2.5250	6775
2.5300	7393
2.5350	6993
2.5400	6789
2.5450	7316
2.5500	7071
2.5550	7455
2.5600	6725
2.5650	6703
2.5700	7321
2.5750	7211
2.5800	6736
2.5850	7412
2.5900	6911
2.5950	7151
2.6000	6892
2.6050	6819
2.6100	7316
2.6150	7057
2.6200	7063
2.6250	6787
2.6300	7107
2.6350	7049
2.6400	6688
2.6450	6617
2.6500	7282
2.6550	6603
2.6600	7660
2.6650	7534
2.6700	6605
2.6750	7081
2.6800	6670
2.6850	6776
2.6900	6948
2.6950	7083
2.7000	7243
2.7050	7256
2.7100	6720
2.7150	6546
2.7200	6773
2.7250	6529
2.7300	7633
2.7350	6932
2.7400	6766
2.7450	7263
2.7500	6660
2.7550	6756
2.7600	6730
2.7650	7512
2.7700	7357
2.7750	6924
2.7800	6989
2.7850	7614
2.7900	6678
2.7950	7185
2.8000	7649
2.8050	6965
2.8100	7173
2.8150	7238
2.8200	6916
2.8250	6564
2.8300	6586
2.8350	6803
2.8400	7210
2.8450	6805
2.8500	6965
2.8550	7171
2.8600	7131
2.8650	6946
2.8700	6795
2.8750	6857
2.8800	6790
2.8850	6728
2.8900	6932
2.8950	6978
2.9000	7191
2.9050	6582
2.9100	6866
2.9150	7490
2.9200	6628
2.9250	6747
2.9300	6847
2.9350	7308
2.9400	7509
2.9450	6812
2.9500	6703
2.9550	7099
2.9600	6780
2.9650	6743
2.9700	7157
2.9750	6589
2.9800	6670
2.9850	7208
2.9900	6733
2.9950	6995
3.0000	6809
3.0050	6678
3.0100	6601
3.0150	6776
3.0200	6462
3.0250	7250
3.0300	6915
3.0350	7462
3.0400	6726
3.0450	6631
3.0500	7309
3.0550	6663
3.0600	6602
3.0650	6578
3.0700	7582
3.0750	7375
3.0800	6593
3.0850	7455
3.0900	6778
3.0950	6840
3.1000	7282
3.1050	7422
3.1100	6852
3.1150	7058
3.1200	7345
3.1250	7461
3.1300	6939
3.1350	6849
3.1400	7230
3.1450	7336
3.1500	6454
3.1550	7421
3.1600	7465
3.1650	6615
3.1700	6710
3.1750	6589
3.1800	7472
3.1850	6884
3.1900	7049
3.1950	7442
3.2000	6842
3.2050	6713
3.2100	6709
3.2150	6537
3.2200	6600
3.2250	7430
3.2300	7425
3.2350	7148
3.2400	6998
3.2450	6667
3.2500	6775
3.2550	7302
3.2600	6787
3.2650	7471
3.2700	7229
3.2750	7482
3.2800	6811
3.2850	6906
3.2900	6617
3.2950	6755
3.3000	6660
3.3050	6562
3.3100	7187
3.3150	7565
3.3200	7203
3.3250	6945
3.3300	6775
3.3350	6905
3.3400	7243
3.3450	6799
3.3500	6761
3.3550	7114
3.3600	7254
3.3650	6828
3.3700	6741
3.3750	6973
3.3800	7316
3.3850	6778
3.3900	6725
3.3950	7217
3.4000	6860
3.4050	6776
3.4100	7005
3.4150	6831
3.4200	6669
3.4250	6613
3.4300	6824
3.4350	6783
3.4400	7630
3.4450	6631
3.4500	6932
3.4550	7139
3.4600	6541
3.4650	6634
3.4700	7443
3.4750	7445
3.4800	7009
3.4850	6734
3.4900	6930
3.4950	7246
3.5000	6841
3.5050	7242
3.5100	6918
3.5150	7287
3.5200	7366
3.5250	6636
3.5300	6932
3.5350	6523
3.5400	6928
3.5450	7341
3.5500	6868
3.5550	6488
3.5600	7217
3.5650	6818
3.5700	6922
3.5750	6746
3.5800	7125
3.5850	7115
3.5900	6920
3.5950	6524
3.6000	6920
3.6050	6589
3.6100	7565
3.6150	6656
3.6200	7581
3.6250	6648
3.6300	7561
3.6350	6784
3.6400	6747
3.6450	7595
3.6500	6856
3.6550	6870
3.6600	6759
3.6650	6848
3.6700	6744
3.6750	6847
3.6800	7509
3.6850	6488
3.6900	6593
3.6950	7295
3.7000	6848
3.7050	7341
3.7100	6788
3.7150	7121
3.7200	7066
3.7250	7422
3.7300	6899
3.7350	7176
3.7400	7299
3.7450	7360
3.7500	7513
3.7550	6909
3.7600	6701
3.7650	6522
3.7700	7321
3.7750	6725
3.7800	7532
3.7850	6634
3.7900	6587
3.7950	6537
3.8000	6709
3.8050	6697
3.8100	7105
3.8150	7147
3.8200	6582
3.8250	6792
3.8300	7224
3.8350	6836
3.8400	7241
3.8450	7225
3.8500	7745
3.8550	6637
3.8600	6818
3.8650	7439
3.8700	7244
3.8750	6623
3.8800	6605
3.8850	7494
3.8900	7448
3.8950	6697
3.9000	7021
3.9050	7051
3.9100	6971
3.9150	6765
3.9200	6961
3.9250	7192
3.9300	6727
3.9350	7221
3.9400	6842
3.9450	6615
3.9500	6863
3.9550	7003
3.9600	6536
3.9650	6616
3.9700	6836
3.9750	7221
3.9800	6716
3.9850	6894
3.9900	6817
3.9950	6632
4.0000	6680
4.0050	6713
4.0100	6700
4.0150	6922
4.0200	7092
4.0250	6581
4.0300	6675
4.0350	6862
4.0400	6804
4.0450	6764
4.0500	6419
4.0550	6599
4.0600	6746
4.0650	7012
4.0700	7089
4.0750	6563
4.0800	6566
4.0850	6646
4.0900	7233
4.0950	6689
4.1000	6690
4.1050	7160
4.1100	7076
4.1150	6577
4.1200	6896
4.1250	7143
4.1300	6934
4.1350	6765
4.1400	6763
4.1450	6794
4.1500	6763
4.1550	6734
4.1600	7140
4.1650	6622
4.1700	6697
4.1750	7033
4.1800	7127
4.1850	7302
4.1900	6676
4.1950	6982
4.2000	7091
4.2050	7311
4.2100	6848
4.2150	6770
4.2200	7391
4.2250	7327
4.2300	6691
4.2350	6706
4.2400	7612
4.2450	6775
4.2500	6566
4.2550	7110
4.2600	6877
4.2650	7443
4.2700	7033
4.2750	6988
4.2800	6605
4.2850	6805
4.2900	7494
4.2950	6625
4.3000	6784
4.3050	7493
4.3100	7015
4.3150	6649
4.3200	6613
4.3250	7302
4.3300	7299
4.3350	7455
4.3400	7246
4.3450	7315
4.3500	6655
4.3550	7033
4.3600	6667
4.3650	6982
4.3700	6574
4.3750	6685
4.3800	6944
4.3850	6651
4.3900	6984
4.3950	7137
4.4000	6909
4.4050	6886
4.4100	6454
4.4150	6868
4.4200	7046
4.4250	7546
4.4300	6731
4.4350	6655
4.4400	7270
4.4450	6692
4.4500	6726
4.4550	6688
4.4600	7100
4.4650	6679
4.4700	6660
4.4750	6800
4.4800	7324
4.4850	6842
4.4900	7162
4.4950	6801
4.5000	6570
4.5050	6757
4.5100	6728
4.5150	7276
4.5200	6758
4.5250	7417
4.5300	6670
4.5350	6886
4.5400	7090
4.5450	6945
4.5500	6966
4.5550	6785
4.5600	7521
4.5650	6779
4.5700	6712
4.5750	7500
4.5800	7374
4.5850	7221
4.5900	7020
4.5950	7540
4.6000	7496
4.6050	6648
4.6100	7038
4.6150	7333
4.6200	6624
4.6250	7096
4.6300	6722
4.6350	7175
4.6400	7110
4.6450	7213
4.6500	6909
4.6550	6661
4.6600	6646
4.6650	6642
4.6700	6619
4.6750	6928
4.6800	7344
4.6850	7221
4.6900	6895
4.6950	7266
4.7000	7215
4.7050	7238
4.7100	6957
4.7150	7161
4.7200	7576
4.7250	6800
4.7300	7044
4.7350	6885
4.7400	6605
4.7450	6676
4.7500	6713
4.7550	7406
4.7600	7173
4.7650	6998
4.7700	6487
4.7750	6976
4.7800	6594
4.7850	7252
4.7900	7030
4.7950	7505
4.8000	6711
4.8050	6782
4.8100	6715
4.8150	6726
4.8200	6656
4.8250	7544
4.8300	7253
4.8350	6999
4.8400	6604
4.8450	6717
4.8500	6515
4.8550	6528
4.8600	6633
4.8650	7423
4.8700	6782
4.8750	7036
4.8800	6547
4.8850	7239
4.8900	6868
4.8950	6915
4.9000	6623
4.9050	6968
4.9100	6961
4.9150	6766
4.9200	7380
4.9250	6964
4.9300	7103
4.9350	6535
4.9400	6821
4.9450	6716
4.9500	6598
4.9550	7343
4.9600	7347
4.9650	7251
4.9700	6619
4.9750	6704
4.9800	6531
4.9850	6655
4.9900	6856
4.9950	7368
5.0000	6620
5.0050	7360
5.0100	7451
5.0150	7334
5.0200	6745
5.0250	7591
5.0300	6739
5.0350	6803
5.0400	7347
5.0450	7253
5.0500	6977
5.0550	7365
5.0600	6680
5.0650	7325
5.0700	6719
5.0750	6798
5.0800	7473
5.0850	6642
5.0900	6610
5.0950	6842
5.1000	6690
5.1050	7233
5.1100	7217
5.1150	6838
5.1200	6819
5.1250	7207
5.1300	6665
5.1350	6895
5.1400	6895
5.1450	7290
5.1500	7126
5.1550	6795
5.1600	7302
5.1650	7013
5.1700	6868
5.1750	7167
5.1800	6914
5.1850	7154
5.1900	7472
5.1950	6488
5.2000	7279
5.2050	6545
5.2100	7619
5.2150	7430
5.2200	7051
5.2250	6799
5.2300	7378
5.2350	7300
5.2400	6970
5.2450	6622
5.2500	7116
5.2550	7028
5.2600	6842
5.2650	6866
5.2700	6339
5.2750	6523
5.2800	6659
5.2850	6770
5.2900	7046
5.2950	7340
5.3000	6607
5.3050	6944
5.3100	7050
5.3150	6519
5.3200	7103
5.3250	7202
5.3300	7203
5.3350	7141
5.3400	6812
5.3450	6918
5.3500	6965
5.3550	6735
5.3600	6807
5.3650	7482
5.3700	6681
5.3750	6823
5.3800	7346
5.3850	7180
5.3900	7402
5.3950	6921
5.4000	7585
5.4050	6721
5.4100	7526
5.4150	6928
5.4200	7237
5.4250	7253
5.4300	6819
5.4350	7117
5.4400	7272
5.4450	6959
5.4500	7306
5.4550	6824
5.4600	6665
5.4650	7041
5.4700	7567
5.4750	7508
5.4800	7766
5.4850	7499
5.4900	6996
5.4950	7369
5.5000	6823
5.5050	7525
5.5100	7601
5.5150	7019
5.5200	7164
5.5250	6883
5.5300	7465
5.5350	7449
5.5400	6649
5.5450	7426
5.5500	7693
5.5550	6854
5.5600	7357
5.5650	7487
5.5700	7104
5.5750	7317
5.5800	6647
5.5850	7589
5.5900	7351
5.5950	7243
5.6000	7469
5.6050	6571
5.6100	7152
5.6150	7383
5.6200	7354
5.6250	6941
5.6300	6743
5.6350	7378
5.6400	7336
5.6450	7298
5.6500	6731
5.6550	7287
5.6600	7287
5.6650	6742
5.6700	6614
5.6750	7340
5.6800	6708
5.6850	6530
5.6900	7068
5.6950	6911
5.7000	6965
5.7050	7261
5.7100	6745
5.7150	7329
5.7200	7301
5.7250	6620
5.7300	7356
5.7350	7511
5.7400	7128
5.7450	7460
5.7500	7890
5.7550	6792
5.7600	7176
5.7650	6568
5.7700	6847
5.7750	7354
5.7800	7110
5.7850	7089
5.7900	6838
5.7950	6748
5.8000	7633
5.8050	7268
5.8100	6765
5.8150	7482
5.8200	7512
5.8250	7324
5.8300	7517
5.8350	6689
5.8400	7304
5.8450	7226
5.8500	7565
5.8550	7661
5.8600	7685
5.8650	7081
5.8700	7017
5.8750	6865
5.8800	7104
5.8850	7357
5.8900	7449
5.8950	7091
5.9000	7286
5.9050	7149
5.9100	6778
5.9150	6830
5.9200	6606
5.9250	7317
5.9300	6845
5.9350	6811
5.9400	6874
5.9450	7003
5.9500	6900
5.9550	6990
5.9600	6870
5.9650	6877
5.9700	6621
5.9750	7573
5.9800	7511
5.9850	7546
5.9900	7125
5.9950	7097
6.0000	6779
6.0050	6761
6.0100	7018
6.0150	7132
6.0200	7336
6.0250	7377
6.0300	7217
6.0350	6860
6.0400	6562
6.0450	7108
6.0500	6516
6.0550	6515
6.0600	6640
6.0650	7235
6.0700	6669
6.0750	7371
6.0800	6429
6.0850	7239
6.0900	6847
6.0950	6639
6.1000	7393
6.1050	6638
6.1100	7088
6.1150	7475
6.1200	6642
6.1250	7343
6.1300	7357
6.1350	7253
6.1400	7445
6.1450	7200
6.1500	6750
6.1550	7563
6.1600	6975
6.1650	6678
6.1700	7390
6.1750	7305
6.1800	6787
6.1850	7105
6.1900	7010
6.1950	7539
6.2000	7238
6.2050	7391
6.2100	6861
6.2150	6856
6.2200	6924
6.2250	7469
6.2300	7006
6.2350	7414
6.2400	6706
6.2450	6791
6.2500	7098
6.2550	7355
6.2600	6796
6.2650	7293
6.2700	7497
6.2750	6663
6.2800	6818
6.2850	6500
6.2900	6556
6.2950	6649
6.3000	6625
6.3050	6846
6.3100	6571
6.3150	6681
6.3200	6548
6.3250	6838
6.3300	7484
6.3350	7060
6.3400	6847
6.3450	7361
6.3500	6531
6.3550	6456
6.3600	6849
6.3650	7500
6.3700	7081
6.3750	6485
6.3800	7325
6.3850	7041
6.3900	6930
6.3950	6686
6.4000	7339
6.4050	6801
6.4100	7341
6.4150	7302
6.4200	7308
6.4250	7472
6.4300	6713
6.4350	7271
6.4400	7139
6.4450	6676
6.4500	7373
6.4550	7495
6.4600	6702
6.4650	7217
6.4700	7371
6.4750	6852
6.4800	6766
6.4850	6773
6.4900	7176
6.4950	7384
6.5000	6898
6.5050	7492
6.5100	7177
6.5150	7289
6.5200	6843
6.5250	6834
6.5300	7079
6.5350	7112
6.5400	6758
6.5450	6968
6.5500	6766
6.5550	6940
6.5600	6788
6.5650	7595
6.5700	7297
6.5750	6876
6.5800	6815
6.5850	7124
6.5900	6687
6.5950	6712
6.6000	7010
6.6050	6898
6.6100	7512
6.6150	7225
6.6200	6769
6.6250	7125
6.6300	6693
6.6350	6488
6.6400	7371
6.6450	7228
6.6500	6818
6.6550	7053
6.6600	6776
6.6650	6513
6.6700	7044
6.6750	6678
6.6800	7002
6.6850	6610
6.6900	6638
6.6950	6788
6.7000	7431
6.7050	7351
6.7100	6509
6.7150	6536
6.7200	6540
6.7250	6904
6.7300	6861
6.7350	6928
6.7400	6551
6.7450	7285
6.7500	6693
6.7550	7203
6.7600	7176
6.7650	7000
6.7700	6997
6.7750	7488
6.7800	7599
6.7850	6957
6.7900	7462
6.7950	7591
6.8000	6679
6.8050	6557
6.8100	7287
6.8150	6943
6.8200	6670
6.8250	7421
6.8300	7340
6.8350	7294
6.8400	6822
6.8450	6811
6.8500	6711
6.8550	7491
6.8600	7187
6.8650	6895
6.8700	7671
6.8750	7360
6.8800	6824
6.8850	7045
6.8900	7409
6.8950	6779
6.9000	7378
6.9050	7469
6.9100	7615
6.9150	6926
6.9200	7371
6.9250	7566
6.9300	7014
6.9350	6852
6.9400	6640
6.9450	7328
6.9500	7468
6.9550	6737
6.9600	7305
6.9650	7196
6.9700	6788
6.9750	6701
6.9800	6866
6.9850	7144
6.9900	7277
6.9950	6755
7.0000	7328
7.0050	6865
7.0100	6753
7.0150	7208
7.0200	6951
7.0250	6669
7.0300	6417
7.0350	6435
7.0400	7022
7.0450	6921
7.0500	6612
7.0550	7385
7.0600	6754
7.0650	7336
7.0700	6434
7.0750	6797
7.0800	6895
7.0850	6741
7.0900	7152
7.0950	7175
7.1000	6828
7.1050	7369
7.1100	6491
7.1150	6666
7.1200	6697
7.1250	6572
7.1300	6789
7.1350	6428
7.1400	7054
7.1450	7302
7.1500	6759
7.1550	6617
7.1600	7282
7.1650	6629
7.1700	7113
7.1750	7001
7.1800	6978
7.1850	7122
7.1900	7016
7.1950	7438
7.2000	7314
7.2050	7084
7.2100	7344
7.2150	6841
7.2200	6909
7.2250	6787
7.2300	7011
7.2350	7537
7.2400	7650
7.2450	7215
7.2500	6858
7.2550	6849
7.2600	7621
7.2650	7345
7.2700	7225
7.2750	7417
7.2800	7332
7.2850	6852
7.2900	6870
7.2950	7460
7.3000	6829
7.3050	7026
7.3100	7740
7.3150	6892
7.3200	7197
7.3250	7513
7.3300	7258
7.3350	7269
7.3400	7479
7.3450	7417
7.3500	7401
7.3550	6721
7.3600	7565
7.3650	6782
7.3700	6810
7.3750	6849
7.3800	7057
7.3850	7198
7.3900	6895
7.3950	6811
7.4000	7356
7.4050	6902
7.4100	7254
7.4150	6513
7.4200	6660
7.4250	6904
7.4300	6875
7.4350	6895
7.4400	7087
7.4450	6702
7.4500	7328
7.4550	7007
7.4600	6659
7.4650	6906
7.4700	6560
7.4750	7305
7.4800	7292
7.4850	6956
7.4900	6838
7.4950	6563
7.5000	6648
7.5050	6540
7.5100	6761
7.5150	7218
7.5200	6515
7.5250	6777
7.5300	7367
7.5350	7323
7.5400	6708
7.5450	6778
7.5500	6742
7.5550	7518
7.5600	6860
7.5650	7437
7.5700	7546
7.5750	7129
7.5800	6741
7.5850	7089
7.5900	6913
7.5950	7507
7.6000	7628
7.6050	7693
7.6100	7483
7.6150	7665
7.6200	6846
7.6250	7063
7.6300	7382
7.6350	7506
7.6400	7029
7.6450	7744
7.6500	7429
7.6550	7386
7.6600	6585
7.6650	6675
7.6700	7196
7.6750	7070
7.6800	7117
7.6850	7540
7.6900	7022
7.6950	7130
7.7000	6679
7.7050	6580
7.7100	6950
7.7150	7139
7.7200	7166
7.7250	6609
7.7300	6538
7.7350	6630
7.7400	6821
7.7450	6711
7.7500	6978
7.7550	7026
7.7600	7292
7.7650	6877
7.7700	7360
7.7750	6400
7.7800	7201
7.7850	7189
7.7900	6513
7.7950	6450
7.8000	7132
7.8050	6959
7.8100	7175
7.8150	6929
7.8200	6493
7.8250	7050
7.8300	6532
7.8350	6648
7.8400	6659
7.8450	7279
7.8500	7015
7.8550	6693
7.8600	6891
7.8650	6826
7.8700	7193
7.8750	6726
7.8800	7020
7.8850	6655
7.8900	6719
7.8950	6815
7.9000	6668
7.9050	7456
7.9100	7495
7.9150	7389
7.9200	7154
7.9250	7567
7.9300	7037
7.9350	6774
7.9400	7625
7.9450	7042
7.9500	6883
7.9550	6890
7.9600	7638
7.9650	7492
7.9700	7549
7.9750	7576
7.9800	7353
7.9850	7204
7.9900	6692
7.9950	7277
8.0000	7481
8.0050	7483
8.0100	7387
8.0150	7579
8.0200	7218
8.0250	6770
8.0300	7604
8.0350	7288
8.0400	7159
8.0450	7143
8.0500	6866
8.0550	6957
8.0600	6552
8.0650	6955
8.0700	6796
8.0750	7167
8.0800	7098
8.0850	7181
8.0900	7365
8.0950	6775
8.1000	6842
8.1050	6567
8.1100	6678
8.1150	6901
8.1200	7449
8.1250	7162
8.1300	7002
8.1350	6640
8.1400	6687
8.1450	7182
8.1500	6925
8.1550	7449
8.1600	7128
8.1650	6973
8.1700	7365
8.1750	6489
8.1800	6639
8.1850	7228
8.1900	6630
8.1950	7512
8.2000	6714
8.2050	7248
8.2100	6870
8.2150	6774
8.2200	6851
8.2250	6504
8.2300	7293
8.2350	6850
8.2400	6740
8.2450	6653
8.2500	7077
8.2550	6932
8.2600	6640
8.2650	7280
8.2700	6863
8.2750	7049
8.2800	7119
8.2850	6704
8.2900	6970
8.2950	6809
8.3000	7415
8.3050	7526
8.3100	6979
8.3150	7081
8.3200	7585
8.3250	6674
8.3300	6635
8.3350	7707
8.3400	7244
8.3450	7434
8.3500	7576
8.3550	6921
8.3600	7421
8.3650	6943
8.3700	7262
8.3750	7581
8.3800	6662
8.3850	7417
8.3900	7390
8.3950	6754
8.4000	7142
8.4050	7550
8.4100	7381
8.4150	6997
8.4200	7292
8.4250	7547
8.4300	7200
8.4350	6866
8.4400	7522
8.4450	6901
8.4500	6683
8.4550	7159
8.4600	6934
8.4650	6797
8.4700	7340
8.4750	6678
8.4800	7004
8.4850	6406
8.4900	6690
8.4950	6678
8.5000	7279
8.5050	7049
8.5100	7301
8.5150	7019
8.5200	7009
8.5250	6760
8.5300	6557
8.5350	6874
8.5400	6583
8.5450	6744
8.5500	6817
8.5550	6604
8.5600	6610
8.5650	6784
8.5700	7165
8.5750	6806
8.5800	6918
8.5850	6660
8.5900	6717
8.5950	7150
8.6000	6825
8.6050	7453
8.6100	6867
8.6150	7504
8.6200	7015
8.6250	6669
8.6300	7158
8.6350	7542
8.6400	6803
8.6450	7197
8.6500	6806
8.6550	7539
8.6600	7236
8.6650	6745
8.6700	7509
8.6750	6974
8.6800	6693
8.6850	6810
8.6900	7408
8.6950	7405
8.7000	7252
8.7050	7553
8.7100	7245
8.7150	7101
8.7200	7013
8.7250	6936
8.7300	6843
8.7350	7465
8.7400	6576
8.7450	7071
8.7500	6756
8.7550	7529
8.7600	7311
8.7650	6462
8.7700	6889
8.7750	6814
8.7800	7123
8.7850	6579
8.7900	6656
8.7950	7186
8.8000	6800
8.8050	6463
8.8100	7333
8.8150	7279
8.8200	6689
8.8250	6449
8.8300	6883
8.8350	6577
8.8400	7160
8.8450	7288
8.8500	7104
8.8550	6495
8.8600	6696
8.8650	6930
8.8700	6665
8.8750	7515
8.8800	6620
8.8850	7389
8.8900	6736
8.8950	6954
8.9000	6653
8.9050	6875
8.9100	7517
8.9150	6877
8.9200	7504
8.9250	6726
8.9300	6766
8.9350	7030
8.9400	7449
8.9450	6637
8.9500	6637
8.9550	7142
8.9600	6667
8.9650	6967
8.9700	6925
8.9750	6902
8.9800	7180
8.9850	6817
8.9900	7595
8.9950	6824
9.0000	6560
9.0050	6712
9.0100	6787
9.0150	7237
9.0200	7368
9.0250	7623
9.0300	7406
9.0350	6580
9.0400	6791
9.0450	6835
9.0500	6724
9.0550	7192
9.0600	6551
9.0650	7475
9.0700	7660
9.0750	6672
9.0800	6916
9.0850	6691
9.0900	7208
9.0950	7438
9.1000	7284
9.1050	7314
9.1100	7399
9.1150	6887
9.1200	6803
9.1250	6859
9.1300	7596
9.1350	7350
9.1400	7467
9.1450	7113
9.1500	6941
9.1550	6739
9.1600	6941
9.1650	7084
9.1700	7141
9.1750	7179
9.1800	7186
9.1850	6621
9.1900	6715
9.1950	6625
9.2000	7570
9.2050	6801
9.2100	6782
9.2150	7179
9.2200	6800
9.2250	7454
9.2300	6828
9.2350	7667
9.2400	7053
9.2450	7042
9.2500	6952
9.2550	6622
9.2600	6649
9.2650	7564
9.2700	6973
9.2750	7332
9.2800	6757
9.2850	6653
9.2900	7491
9.2950	7511
9.3000	6660
9.3050	6536
9.3100	7162
9.3150	6725
9.3200	7068
9.3250	6721
9.3300	7390
9.3350	7487
9.3400	7357
9.3450	6972
9.3500	6605
9.3550	6801
9.3600	6716
9.3650	6656
9.3700	7393
9.3750	6658
9.3800	7509
9.3850	6751
9.3900	6601
9.3950	6834
9.4000	7125
9.4050	7220
9.4100	6849
9.4150	7459
9.4200	7220
9.4250	6794
9.4300	7508
9.4350	7013
9.4400	7488
9.4450	6560
9.4500	7072
9.4550	6938
9.4600	7028
9.4650	7335
9.4700	6867
9.4750	7495
9.4800	7088
9.4850	6827
9.4900	7306
9.4950	6882
9.5000	7371
9.5050	7489
9.5100	6719
9.5150	6747
9.5200	7517
9.5250	7395
9.5300	7424
9.5350	7235
9.5400	7218
9.5450	6948
9.5500	6687
9.5550	7507
9.5600	7254
9.5650	6699
9.5700	7147
9.5750	7311
9.5800	7424
9.5850	7109
9.5900	7196
9.5950	7484
9.6000	6398
9.6050	7287
9.6100	7545
9.6150	7034
9.6200	7200
9.6250	7012
9.6300	7071
9.6350	7072
9.6400	6945
9.6450	6642
9.6500	6696
9.6550	7339
9.6600	6790
9.6650	6790
9.6700	6734
9.6750	7191
9.6800	7085
9.6850	7481
9.6900	7082
9.6950	6798
9.7000	6838
9.7050	6554
9.7100	6841
9.7150	7044
9.7200	6691
9.7250	7310
9.7300	6730
9.7350	7425
9.7400	6727
9.7450	7066
9.7500	6794
9.7550	6651
9.7600	6719
9.7650	7267
9.7700	7095
9.7750	7617
9.7800	7198
9.7850	7161
9.7900	6777
9.7950	6832
9.8000	6723
9.8050	6898
9.8100	7165
9.8150	7612
9.8200	7332
9.8250	6502
9.8300	6611
9.8350	6805
9.8400	7020
9.8450	7195
9.8500	6732
9.8550	7520
9.8600	7167
9.8650	6632
9.8700	6710
9.8750	6866
9.8800	7465
9.8850	7457
9.8900	7363
9.8950	6924
9.9000	6827
9.9050	6648
9.9100	6556
9.9150	6855
9.9200	7423
9.9250	7411
9.9300	7008
9.9350	6593
9.9400	6528
9.9450	6712
9.9500	7344
9.9550	6746
9.9600	7040
9.9650	7420
9.9700	7085
9.9750	6640
9.9800	6721
9.9850	6596
9.9900	6856
9.9950	7039
10.0000	6741
10.0050	6729
10.0100	6762
10.0150	6874
10.0200	6634
10.0250	6935
10.0300	7438
10.0350	6662
10.0400	7360
10.0450	6700
10.0500	6689
10.0550	6699
10.0600	6675
10.0650	6712
10.0700	7553
10.0750	7001
10.0800	7426
10.0850	7026
10.0900	6761
10.0950	6483
10.1000	7174
10.1050	6985
10.1100	6725
10.1150	6529
10.1200	6728
10.1250	6659
10.1300	6751
10.1350	7299
10.1400	7453
10.1450	6537
10.1500	6720
10.1550	7335
10.1600	6801
10.1650	6695
10.1700	7551
10.1750	7466
10.1800	6847
10.1850	6629
10.1900	7157
10.1950	7540
10.2000	6692
10.2050	6919
10.2100	7581
10.2150	7678
10.2200	6664
10.2250	7331
10.2300	6533
10.2350	6811
10.2400	7518
10.2450	6755
10.2500	7503
10.2550	6654
10.2600	7206
10.2650	7444
10.2700	6715
10.2750	6991
10.2800	7407
10.2850	6789
10.2900	6719
10.2950	7171
10.3000	6836
10.3050	7111
10.3100	6771
10.3150	6833
10.3200	7418
10.3250	6839
10.3300	6723
10.3350	7333
10.3400	6756
10.3450	6637
10.3500	6767
10.3550	7191
10.3600	6540
10.3650	6688
10.3700	6872
10.3750	6651
10.3800	7024
10.3850	6522
10.3900	6986
10.3950	6826
10.4000	6708
10.4050	6779
10.4100	6720
10.4150	7074
10.4200	6620
10.4250	7094
10.4300	6780
10.4350	6617
10.4400	6655
10.4450	7350
10.4500	6457
10.4550	7023
10.4600	6964
10.4650	6701
10.4700	6535
10.4750	6665
10.4800	6568
10.4850	6611
10.4900	6963
10.4950	6540
10.5000	6573
10.5050	6609
10.5100	7601
10.5150	7004
10.5200	6767
10.5250	6861
10.5300	7328
10.5350	6694
10.5400	6724
10.5450	7019
10.5500	7583
10.5550	6933
10.5600	6610
10.5650	7178
10.5700	6857
10.5750	6998
10.5800	7379
10.5850	6940
10.5900	7259
10.5950	7389
10.6000	6825
10.6050	6807
10.6100	7278
10.6150	7489
10.6200	7643
10.6250	6700
10.6300	7437
10.6350	7622
10.6400	6669
10.6450	6728
10.6500	7503
10.6550	7297
10.6600	6637
10.6650	7231
10.6700	7406
10.6750	6828
10.6800	6732
10.6850	6785
10.6900	7524
10.6950	7286
10.7000	7311
10.7050	6838
10.7100	6978
10.7150	6795
10.7200	6769
10.7250	6683
10.7300	6649
10.7350	7431
10.7400	7374
10.7450	6686
10.7500	7256
10.7550	6881
10.7600	6981
10.7650	7125
10.7700	6639
10.7750	7339
10.7800	6739
10.7850	7586
10.7900	7051
10.7950	6681
10.8000	6683
10.8050	6662
10.8100	7015
10.8150	7342
10.8200	7161
10.8250	6830
10.8300	6909
10.8350	7211
10.8400	6614
10.8450	7427
10.8500	7241
10.8550	6812
10.8600	6444
10.8650	6641
10.8700	6917
10.8750	7592
10.8800	7511
10.8850	7274
10.8900	6749
10.8950	6636
10.9000	6689
10.9050	6877
10.9100	7219
10.9150	6750
10.9200	6884
10.9250	7431
10.9300	6570
10.9350	7019
10.9400	6856
10.9450	6611
10.9500	6692
10.9550	7463
10.9600	7543
10.9650	7545
10.9700	7468
10.9750	6687
10.9800	6757
10.9850	7358
10.9900	7450
10.9950	7544
11.0000	6883
11.0050	7314
11.0100	7370
11.0150	7328
11.0200	6519
11.0250	7546
11.0300	7659
11.0350	6612
11.0400	7333
11.0450	7269
11.0500	6956
11.0550	7341
11.0600	7171
11.0650	7456
11.0700	6751
11.0750	7609
11.0800	7047
11.0850	7125
11.0900	6478
11.0950	6708
11.1000	7062
11.1050	6578
11.1100	6919
11.1150	7472
11.1200	6973
11.1250	7374
11.1300	6571
11.1350	6666
11.1400	6910
11.1450	6758
11.1500	7226
11.1550	6446
11.1600	7215
11.1650	7365
11.1700	6653
11.1750	6730
11.1800	6570
11.1850	6872
11.1900	7022
11.1950	6786
11.2000	6703
11.2050	7498
11.2100	6711
11.2150	7441
11.2200	7056
11.2250	7353
11.2300	6953
11.2350	7189
11.2400	6812
11.2450	7178
11.2500	7447
11.2550	7643
11.2600	6709
11.2650	7093
11.2700	6640
11.2750	7260
11.2800	6714
11.2850	7249
11.2900	7432
11.2950	7522
11.3000	7014
11.3050	6942
11.3100	6717
11.3150	7172
11.3200	7624
11.3250	7698
11.3300	6995
11.3350	7350
11.3400	6983
11.3450	6720
11.3500	6899
11.3550	7557
11.3600	7112
11.3650	6847
11.3700	7316
11.3750	7227
11.3800	6889
11.3850	6553
11.3900	7388
11.3950	7445
11.4000	7351
11.4050	7138
11.4100	6743
11.4150	7398
11.4200	6669
11.4250	6720
11.4300	7405
11.4350	7249
11.4400	6724
11.4450	7303
11.4500	6671
11.4550	7051
11.4600	6679
11.4650	7311
11.4700	7326
11.4750	7038
11.4800	6809
11.4850	7498
11.4900	6668
11.4950	6608
11.5000	6597
11.5050	7634
11.5100	7117
11.5150	6597
11.5200	6780
11.5250	7047
11.5300	7268
11.5350	6916
11.5400	7341
11.5450	6709
11.5500	7288
11.5550	7020
11.5600	6863
11.5650	7153
11.5700	6844
11.5750	7633
11.5800	6722
11.5850	6663
11.5900	7687
11.5950	6835
11.6000	7217
11.6050	6584
11.6100	7181
11.6150	7013
11.6200	7348
11.6250	7535
11.6300	7645
11.6350	6838
11.6400	6931
11.6450	7481
11.6500	7199
11.6550	6593
11.6600	7005
11.6650	7435
11.6700	6633
11.6750	6871
11.6800	7372
11.6850	7278
11.6900	6927
11.6950	7231
11.7000	7328
11.7050	6642
11.7100	7036
11.7150	7577
11.7200	7137
11.7250	6668
11.7300	7309
11.7350	7228
11.7400	6754
11.7450	6582
11.7500	7326
11.7550	7571
11.7600	6613
11.7650	7347
11.7700	7310
11.7750	6859
11.7800	6611
11.7850	7344
11.7900	6929
11.7950	6937
11.8000	7378
11.8050	7537
11.8100	7284
11.8150	6761
11.8200	7097
11.8250	7138
11.8300	6634
11.8350	7234
11.8400	7290
11.8450	7228
11.8500	6894
11.8550	6649
11.8600	6885
11.8650	6876
11.8700	6961
11.8750	7076
11.8800	7336
11.8850	7446
11.8900	6548
11.8950	6592
11.9000	6755
11.9050	7060
11.9100	7255
11.9150	6995
11.9200	6941
11.9250	7395
11.9300	6751
11.9350	6640
11.9400	6977
11.9450	6876
11.9500	7202
11.9550	6917
11.9600	7386
11.9650	7406
11.9700	6575
11.9750	6964
11.9800	7394
11.9850	7486
11.9900	7419
11.9950	6953
12.0000	7088
12.0050	7497
12.0100	7090
12.0150	7026
12.0200	7419
12.0250	7449
12.0300	7217
12.0350	7121
12.0400	6952
12.0450	7204
12.0500	6874
12.0550	6584
12.0600	7034
12.0650	7454
12.0700	7542
12.0750	6970
12.0800	6600
12.0850	7172
12.0900	7284
12.0950	6632
12.1000	7485
12.1050	7469
12.1100	7152
12.1150	6730
12.1200	7025
12.1250	7610
12.1300	6797
12.1350	7413
12.1400	6782
12.1450	6710
12.1500	6676
12.1550	7474
12.1600	7459
12.1650	6632
12.1700	6840
12.1750	6904
12.1800	7431
12.1850	6623
12.1900	6765
12.1950	7347
12.2000	6732
12.2050	6791
12.2100	6610
12.2150	7478
12.2200	6752
12.2250	6847
12.2300	6834
12.2350	6533
12.2400	6701
12.2450	7327
12.2500	7522
12.2550	6978
12.2600	7269
12.2650	7206
12.2700	7580
12.2750	6874
12.2800	7106
12.2850	6757
12.2900	6813
12.2950	7325
12.3000	7466
12.3050	6595
12.3100	7347
12.3150	7133
12.3200	6987
12.3250	6854
12.3300	7335
12.3350	7611
12.3400	7022
12.3450	6557
12.3500	6601
12.3550	7433
12.3600	7484
12.3650	6964
12.3700	7318
12.3750	7093
12.3800	6627
12.3850	7520
12.3900	7125
12.3950	7265
12.4000	7277
12.4050	7658
12.4100	7014
12.4150	6588
12.4200	6727
12.4250	7364
12.4300	7504
12.4350	7177
12.4400	6611
12.4450	7355
12.4500	6609
12.4550	6497
12.4600	7386
12.4650	7206
12.4700	7028
12.4750	7436
12.4800	7354
12.4850	7469
12.4900	6912
12.4950	7297
12.5000	7468
12.5050	6719
12.5100	7242
12.5150	7633
12.5200	6603
12.5250	6903
12.5300	7152
12.5350	7210
12.5400	7312
12.5450	7486
12.5500	7390
12.5550	6693
12.5600	7116
12.5650	7240
12.5700	7377
12.5750	6960
12.5800	7369
12.5850	7443
12.5900	7154
12.5950	6473
12.6000	6766
12.6050	7474
12.6100	7207
12.6150	7168
12.6200	7333
12.6250	7097
12.6300	6980
12.6350	6837
12.6400	6682
12.6450	6760
12.6500	7524
12.6550	7524
12.6600	7212
12.6650	6631
12.6700	7254
12.6750	7409
12.6800	6606
12.6850	6593
12.6900	7488
12.6950	7649
12.7000	6753
12.7050	7017
12.7100	7119
12.7150	6897
12.7200	7298
12.7250	6736
12.7300	7111
12.7350	7254
12.7400	7321
12.7450	6715
12.7500	6838
12.7550	7411
12.7600	7298
12.7650	6661
12.7700	6633
12.7750	7020
12.7800	7185
12.7850	6531
12.7900	7511
12.7950	7442
12.8000	7070
12.8050	6639
12.8100	7336
12.8150	7037
12.8200	7034
12.8250	7229
12.8300	7207
12.8350	6681
12.8400	7068
12.8450	7599
12.8500	7362
12.8550	7492
12.8600	7472
12.8650	7309
12.8700	7063
12.8750	6766
12.8800	7611
12.8850	7689
12.8900	6688
12.8950	7266
12.9000	6790
12.9050	7296
12.9100	6666
12.9150	7424
12.9200	7626
12.9250	6956
12.9300	6823
12.9350	7555
12.9400	7358
12.9450	6916
12.9500	6923
12.9550	7284
12.9600	7012
12.9650	7234
12.9700	7575
12.9750	6986
12.9800	6767
12.9850	7519
12.9900	7000
12.9950	7281
13.0000	6727
13.0050	7304
13.0100	7075
13.0150	7179
13.0200	6876
13.0250	7537
13.0300	6700
13.0350	6842
13.0400	6747
13.0450	7181
13.0500	7383
13.0550	7335
13.0600	7358
13.0650	7657
13.0700	6673
13.0750	6596
13.0800	7482
13.0850	7218
13.0900	7001
13.0950	6697
13.1000	6995
13.1050	7489
13.1100	6774
13.1150	7396
13.1200	6995
13.1250	6644
13.1300	7478
13.1350	7199
13.1400	6473
13.1450	7444
13.1500	7736
13.1550	7168
13.1600	6607
13.1650	6786
13.1700	7489
13.1750	7349
13.1800	6701
13.1850	7337
13.1900	7386
13.1950	6719
13.2000	7226
13.2050	7564
13.2100	6978
13.2150	6871
13.2200	7141
13.2250	7142
13.2300	7288
13.2350	7344
13.2400	7537
13.2450	7516
13.2500	6682
13.2550	7335
13.2600	7639
13.2650	6774
13.2700	7657
13.2750	7441
13.2800	7508
13.2850	6634
13.2900	6930
13.2950	7531
13.3000	6573
13.3050	6744
13.3100	7296
13.3150	7391
13.3200	6934
13.3250	6939
13.3300	6815
13.3350	7150
13.3400	7415
13.3450	7311
13.3500	7432
13.3550	7294
13.3600	6791
13.3650	6722
13.3700	6788
13.3750	7417
13.3800	7228
13.3850	7349
13.3900	6812
13.3950	6808
13.4000	7206
13.4050	6583
13.4100	7087
13.4150	7444
13.4200	7584
13.4250	7329
13.4300	6898
13.4350	6502
13.4400	6776
13.4450	6755
13.4500	7551
13.4550	7136
13.4600	7290
13.4650	7408
13.4700	6745
13.4750	6940
13.4800	6970
13.4850	7447
13.4900	7615
13.4950	7336
13.5000	7536
13.5050	7341
13.5100	7399
13.5150	6897
13.5200	7322
13.5250	7486
13.5300	7607
13.5350	7616
13.5400	7133
13.5450	6604
13.5500	7017
13.5550	6730
13.5600	6845
13.5650	7498
13.5700	7322
13.5750	7506
13.5800	6831
13.5850	6598
13.5900	6693
13.5950	7561
13.6000	7523
13.6050	7297
13.6100	7035
13.6150	6953
13.6200	6990
13.6250	6705
13.6300	7437
13.6350	7275
13.6400	7453
13.6450	7434
13.6500	7513
13.6550	6931
13.6600	6584
13.6650	7434
13.6700	7542
13.6750	7084
13.6800	7351
13.6850	7697
13.6900	6953
13.6950	7020
13.7000	7189
13.7050	6565
13.7100	6958
13.7150	7222
13.7200	7549
13.7250	6478
13.7300	6830
13.7350	7557
13.7400	7271
13.7450	6727
13.7500	7205
13.7550	6957
13.7600	6714
13.7650	6605
13.7700	7593
13.7750	7415
13.7800	6598
13.7850	6675
13.7900	7339
13.7950	7354
13.8000	6825
13.8050	7442
13.8100	7372
13.8150	6644
13.8200	6636
13.8250	7495
13.8300	7116
13.8350	7031
13.8400	7268
13.8450	7631
13.8500	6732
13.8550	6944
13.8600	7481
13.8650	7027
13.8700	6720
13.8750	7315
13.8800	7328
13.8850	7228
13.8900	6616
13.8950	7576
13.9000	7534
13.9050	6622
13.9100	7414
13.9150	7507
13.9200	7213
13.9250	6960
13.9300	6972
13.9350	7560
13.9400	7385
13.9450	7322
13.9500	7512
13.9550	6643
13.9600	6803
13.9650	7450
13.9700	7163
13.9750	6804
13.9800	7563
13.9850	7598
13.9900	7354
13.9950	6672
14.0000	7276
14.0050	7448
14.0100	7084
14.0150	6927
14.0200	7206
14.0250	7389
14.0300	7447
14.0350	6812
14.0400	7251
14.0450	7426
14.0500	7168
14.0550	6908
14.0600	7012
14.0650	7448
14.0700	6729
14.0750	7234
14.0800	7117
14.0850	7247
14.0900	7267
14.0950	7124
14.1000	6882
14.1050	6969
14.1100	7420
14.1150	7283
14.1200	7171
14.1250	7452
14.1300	7505
14.1350	6973
14.1400	6633
14.1450	7382
14.1500	7469
14.1550	6719
14.1600	7576
14.1650	7460
14.1700	7389
14.1750	6832
14.1800	6648
14.1850	7382
14.1900	7052
14.1950	7588
14.2000	6982
14.2050	6931
14.2100	7277
14.2150	7198
14.2200	6616
14.2250	6581
14.2300	7478
14.2350	7252
14.2400	6789
14.2450	6659
14.2500	7603
14.2550	7081
14.2600	6605
14.2650	6877
14.2700	7393
14.2750	7605
14.2800	6817
14.2850	7493
14.2900	6974
14.2950	6843
14.3000	7601
14.3050	7596
14.3100	7398
14.3150	7516
14.3200	7469
14.3250	7228
14.3300	6468
14.3350	6984
14.3400	7338
14.3450	7057
14.3500	6860
14.3550	6730
14.3600	7279
14.3650	6576
14.3700	6868
14.3750	7498
14.3800	7240
14.3850	6669
14.3900	7423
14.3950	7409
14.4000	6644
14.4050	7152
14.4100	7216
14.4150	6814
14.4200	7025
14.4250	7439
14.4300	7234
14.4350	7253
14.4400	7328
14.4450	7207
14.4500	6634
14.4550	6792
14.4600	7372
14.4650	7528
14.4700	6527
14.4750	7078
14.4800	7341
14.4850	7515
14.4900	6626
14.4950	6614
14.5000	7340
14.5050	7536
14.5100	6471
14.5150	6654
14.5200	7424
14.5250	6925
14.5300	6786
14.5350	7442
14.5400	7271
14.5450	7231
14.5500	6880
14.5550	6945
14.5600	6831
14.5650	6703
14.5700	7668
14.5750	7226
14.5800	6856
14.5850	7008
14.5900	7507
14.5950	6708
14.6000	6536
14.6050	7489
14.6100	7432
14.6150	7370
14.6200	6697
14.6250	7277
14.6300	7111
14.6350	7228
14.6400	7437
14.6450	7597
14.6500	7001
14.6550	7199
14.6600	7355
14.6650	7103
14.6700	6653
14.6750	7212
14.6800	7510
14.6850	7294
14.6900	7279
14.6950	7543
14.7000	6701
14.7050	6882
14.7100	7549
14.7150	7263
14.7200	7002
14.7250	6960
14.7300	7098
14.7350	7501
14.7400	6992
14.7450	6662
14.7500	7534
14.7550	7429
14.7600	7028
14.7650	7217
14.7700	7472
14.7750	7232
14.7800	6751
14.7850	7022
14.7900	7623
14.7950	7529
14.8000	7101
14.8050	7013
14.8100	7039
14.8150	6962
14.8200	6980
14.8250	6892
14.8300	7054
14.8350	6938
14.8400	7046
14.8450	6716
14.8500	7611
14.8550	6845
14.8600	7094
14.8650	7169
14.8700	7360
14.8750	7374
14.8800	6778
14.8850	6867
14.8900	7410
14.8950	6723
14.9000	7520
14.9050	7316
14.9100	7069
14.9150	7683
14.9200	6691
14.9250	6769
14.9300	7186
14.9350	6862
14.9400	7370
14.9450	7458
14.9500	6826
14.9550	7283
14.9600	7130
14.9650	6804
14.9700	7385
14.9750	7017
14.9800	7378
14.9850	7311
14.9900	6765
14.9950	7373
15.0000	7603
15.0050	7245
15.0100	7299
15.0150	6870
15.0200	7209
15.0250	7427
15.0300	6790
15.0350	6949
15.0400	6925
15.0450	7323
15.0500	7353
15.0550	6937
15.0600	6719
15.0650	7594
15.0700	7277
15.0750	6725
15.0800	7426
15.0850	7478
15.0900	7215
15.0950	6575
15.1000	6986
15.1050	7640
15.1100	7119
15.1150	6653
15.1200	7340
15.1250	7323
15.1300	6660
15.1350	7218
15.1400	7481
15.1450	7235
15.1500	7119
15.1550	7390
15.1600	7045
15.1650	6876
15.1700	6989
15.1750	7721
15.1800	6665
15.1850	6909
15.1900	6673
15.1950	7477
15.2000	6719
15.2050	6752
15.2100	7737
15.2150	6907
15.2200	6731
15.2250	7430
15.2300	7110
15.2350	6863
15.2400	6961
15.2450	7596
15.2500	6786
15.2550	6777
15.2600	7262
15.2650	7513
15.2700	7554
15.2750	7222
15.2800	7225
15.2850	6644
15.2900	7041
15.2950	7456
15.3000	7517
15.3050	6623
15.3100	7277
15.3150	7090
15.3200	7153
15.3250	7134
15.3300	6929
15.3350	7569
15.3400	7022
15.3450	6893
15.3500	7434
15.3550	7498
15.3600	6764
15.3650	6661
15.3700	6488
15.3750	7317
15.3800	6988
15.3850	7569
15.3900	7492
15.3950	7048
15.4000	6866
15.4050	6810
15.4100	7049
15.4150	6696
15.4200	7462
15.4250	7350
15.4300	6688
15.4350	6804
15.4400	7291
15.4450	7024
15.4500	6978
15.4550	6669
15.4600	6987
15.4650	7524
15.4700	6920
15.4750	7123
15.4800	7552
15.4850	6752
15.4900	6548
15.4950	7367
15.5000	6873
15.5050	7442
15.5100	6716
15.5150	7431
15.5200	7433
15.5250	6799
15.5300	7411
15.5350	7612
15.5400	7492
15.5450	7438
15.5500	6634
15.5550	6930
15.5600	7505
15.5650	7352
15.5700	7684
15.5750	6947
15.5800	7089
15.5850	7511
15.5900	6711
15.5950	6819
15.6000	7524
15.6050	7499
15.6100	7358
15.6150	7323
15.6200	7447
15.6250	6992
15.6300	6731
15.6350	7544
15.6400	7309
15.6450	7490
15.6500	7607
15.6550	7456
15.6600	7196
15.6650	6533
15.6700	7357
15.6750	7547
15.6800	7148
15.6850	7573
15.6900	7460
15.6950	7224
15.7000	6661
15.7050	6615
15.7100	7253
15.7150	6849
15.7200	7568
15.7250	7255
15.7300	6498
15.7350	6930
15.7400	6653
15.7450	6656
15.7500	7043
15.7550	7077
15.7600	7305
15.7650	7180
15.7700	6681
15.7750	7174
15.7800	6788
15.7850	7459
15.7900	7312
15.7950	6677
15.8000	7210
15.8050	6539
15.8100	6887
15.8150	6826
15.8200	6626
15.8250	6865
15.8300	6925
15.8350	7582
15.8400	6932
15.8450	6751
15.8500	6739
15.8550	6655
15.8600	7133
15.8650	7552
15.8700	7547
15.8750	7427
15.8800	7313
15.8850	7188
15.8900	6950
15.8950	6897
15.9000	7488
15.9050	7461
15.9100	7421
15.9150	7346
15.9200	7437
15.9250	7005
15.9300	6754
15.9350	7351
15.9400	7400
15.9450	7605
15.9500	7138
15.9550	7680
15.9600	7335
15.9650	6676
15.9700	6984
15.9750	7425
15.9800	7477
15.9850	7533
15.9900	7428
15.9950	7287
16.0000	6879
16.0050	7199
16.0100	7467
16.0150	7229
16.0200	7211
16.0250	6737
16.0300	7409
16.0350	6782
16.0400	6937
16.0450	7251
16.0500	7272
16.0550	6981
16.0600	7099
16.0650	6603
16.0700	6812
16.0750	7264
16.0800	7350
16.0850	7335
16.0900	6952
16.0950	7120
16.1000	7677
16.1050	7586
16.1100	6731
16.1150	6486
16.1200	7303
16.1250	6989
16.1300	7125
16.1350	7626
16.1400	6911
16.1450	6807
16.1500	6993
16.1550	7045
16.1600	6885
16.1650	6904
16.1700	6945
16.1750	7404
16.1800	6679
16.1850	6592
16.1900	7501
16.1950	6727
16.2000	6797
16.2050	6864
16.2100	7518
16.2150	6638
16.2200	6732
16.2250	7236
16.2300	6644
16.2350	6671
16.2400	7293
16.2450	7349
16.2500	7537
16.2550	6961
16.2600	7428
16.2650	6542
16.2700	6471
16.2750	7125
16.2800	7110
16.2850	6940
16.2900	7377
16.2950	7315
16.3000	6613
16.3050	6665
16.3100	7557
16.3150	7274
16.3200	6670
16.3250	7282
16.3300	7430
16.3350	7484
16.3400	6688
16.3450	7025
16.3500	7519
16.3550	7564
16.3600	7182
16.3650	6811
16.3700	6984
16.3750	7442
16.3800	7562
16.3850	7101
16.3900	7243
16.3950	7361
16.4000	7610
16.4050	6624
16.4100	6644
16.4150	7285
16.4200	7535
16.4250	6842
16.4300	7413
16.4350	7240
16.4400	7093
16.4450	7006
16.4500	6765
16.4550	7370
16.4600	7467
16.4650	6849
16.4700	6950
16.4750	7029
16.4800	6727
16.4850	6719
16.4900	6615
16.4950	7276
16.5000	7311
16.5050	6948
16.5100	6722
16.5150	6563
16.5200	6791
16.5250	7076
16.5300	7072
16.5350	7477
16.5400	7425
16.5450	7369
16.5500	6798
16.5550	6858
16.5600	7461
16.5650	7108
16.5700	7025
16.5750	7165
16.5800	7456
16.5850	7298
16.5900	6839
16.5950	7447
16.6000	7135
16.6050	6693
16.6100	7432
16.6150	7242
16.6200	6843
16.6250	7270
16.6300	7189
16.6350	7181
16.6400	7042
16.6450	7324
16.6500	7213
16.6550	6666
16.6600	6670
16.6650	6986
16.6700	7410
16.6750	6586
16.6800	7278
16.6850	7352
16.6900	7151
16.6950	6666
16.7000	7193
16.7050	6889
16.7100	6800
16.7150	7224
16.7200	7296
16.7250	6670
16.7300	6841
16.7350	7474
16.7400	7538
16.7450	6857
16.7500	7328
16.7550	7474
16.7600	6729
16.7650	7067
16.7700	7364
16.7750	7276
16.7800	6814
16.7850	6616
16.7900	7508
16.7950	7197
16.8000	6894
16.8050	7174
16.8100	7470
16.8150	7147
16.8200	6659
16.8250	7085
16.8300	7551
16.8350	6518
16.8400	6684
16.8450	7622
16.8500	7338
16.8550	7086
16.8600	7294
16.8650	6897
16.8700	6743
16.8750	7126
16.8800	7178
16.8850	7240
16.8900	7055
16.8950	7170
16.9000	7400
16.9050	6791
16.9100	6569
16.9150	7545
16.9200	7347
16.9250	6885
16.9300	6533
16.9350	7625
16.9400	7335
16.9450	6956
16.9500	7109
16.9550	7446
16.9600	7006
16.9650	6764
16.9700	7172
16.9750	7369
16.9800	7276
16.9850	6699
16.9900	7388
16.9950	7386
17.0000	7388
17.0050	7657
17.0100	7495
17.0150	6550
17.0200	7321
17.0250	7229
17.0300	7321
17.0350	7450
17.0400	6889
17.0450	7475
17.0500	6627
17.0550	6994
17.0600	7389
17.0650	7468
17.0700	7130
17.0750	7405
17.0800	7196
17.0850	6635
17.0900	6618
17.0950	7656
17.1000	7369
17.1050	7265
17.1100	7491
17.1150	7622
17.1200	7017
17.1250	6603
17.1300	7465
17.1350	7283
17.1400	6907
17.1450	7428
17.1500	7443
17.1550	6706
17.1600	7068
17.1650	6793
17.1700	6726
17.1750	7396
17.1800	7150
17.1850	7275
17.1900	6913
17.1950	6547
17.2000	6617
17.2050	6718
17.2100	7158
17.2150	7667
17.2200	7510
17.2250	7276
17.2300	6745
17.2350	7384
17.2400	7071
17.2450	6615
17.2500	7565
17.2550	7495
17.2600	7132
17.2650	6959
17.2700	7500
17.2750	6825
17.2800	6777
17.2850	6652
17.2900	7341
17.2950	7555
17.3000	7156
17.3050	7691
17.3100	6857
17.3150	6785
17.3200	7047
17.3250	6831
17.3300	7691
17.3350	7415
17.3400	7631
17.3450	7095
17.3500	6514
17.3550	7025
17.3600	7319
17.3650	6996
17.3700	7478
17.3750	7460
17.3800	7333
17.3850	7149
17.3900	7351
17.3950	7504
17.4000	7404
17.4050	7341
17.4100	7571
17.4150	7569
17.4200	7319
17.4250	6991
17.4300	7459
17.4350	7438
17.4400	7379
17.4450	7320
17.4500	7397
17.4550	7408
17.4600	7155
17.4650	7139
17.4700	6981
17.4750	7323
17.4800	6678
17.4850	7670
17.4900	7084
17.4950	6600
17.5000	7347
17.5050	7495
17.5100	6847
17.5150	7114
17.5200	6961
17.5250	7363
17.5300	6654
17.5350	7288
17.5400	7363
17.5450	7121
17.5500	6639
17.5550	7466
17.5600	7200
17.5650	7144
17.5700	6736
17.5750	7457
17.5800	6501
17.5850	6963
17.5900	6873
17.5950	7267
17.6000	7002
17.6050	7185
17.6100	6907
17.6150	6595
17.6200	6733
17.6250	7029
17.6300	6981
17.6350	6884
17.6400	7296
17.6450	7343
17.6500	6745
17.6550	6558
17.6600	7602
17.6650	7232
17.6700	7567
17.6750	6772
17.6800	7280
17.6850	7293
17.6900	7151
17.6950	7120
17.7000	7130
17.7050	7159
17.7100	7244
17.7150	7474
17.7200	6689
17.7250	6646
17.7300	7411
17.7350	7105
17.7400	7377
17.7450	7510
17.7500	6928
17.7550	7496
17.7600	6957
17.7650	7023
17.7700	6835
17.7750	7516
17.7800	7389
17.7850	7088
17.7900	7564
17.7950	7452
17.8000	6663
17.8050	7576
17.8100	6796
17.8150	7429
17.8200	7165
17.8250	7404
17.8300	6882
17.8350	7543
17.8400	7229
17.8450	7055
17.8500	6710
17.8550	7389
17.8600	7631
17.8650	7553
17.8700	6774
17.8750	7343
17.8800	7523
17.8850	7008
17.8900	6666
17.8950	7417
17.9000	7010
17.9050	7311
17.9100	6988
17.9150	7368
17.9200	7518
17.9250	7154
17.9300	7186
17.9350	7400
17.9400	6689
17.9450	7366
17.9500	6699
17.9550	7677
17.9600	7438
17.9650	7292
17.9700	7567
17.9750	7006
17.9800	7523
17.9850	7131
17.9900	6647
17.9950	7210
18.0000	6980
18.0050	7420
18.0100	6650
18.0150	7375
18.0200	7210
18.0250	6938
18.0300	6582
18.0350	6874
18.0400	7001
18.0450	7454
18.0500	6976
18.0550	7286
18.0600	7194
18.0650	7098
18.0700	6970
18.0750	7018
18.0800	7407
18.0850	6940
18.0900	6911
18.0950	6917
18.1000	7385
18.1050	7174
18.1100	7447
18.1150	6673
18.1200	6915
18.1250	6673
18.1300	6830
18.1350	7375
18.1400	7561
18.1450	7052
18.1500	6751
18.1550	7565
18.1600	6686
18.1650	7494
18.1700	7079
18.1750	7467
18.1800	7007
18.1850	6531
18.1900	7107
18.1950	7330
18.2000	6838
18.2050	7234
18.2100	7320
18.2150	6852
18.2200	6877
18.2250	7328
18.2300	6972
18.2350	7013
18.2400	7208
18.2450	7148
18.2500	7377
18.2550	6661
18.2600	6851
18.2650	7338
18.2700	7405
18.2750	7377
18.2800	7477
18.2850	7522
18.2900	6695
18.2950	7405
18.3000	7348
18.3050	7234
18.3100	7654
18.3150	7412
18.3200	6850
18.3250	6456
18.3300	7406
18.3350	7107
18.3400	6935
18.3450	7073
18.3500	7421
18.3550	7604
18.3600	6687
18.3650	6708
18.3700	7207
18.3750	7500
18.3800	6998
18.3850	7343
18.3900	7465
18.3950	6853
18.4000	6906
18.4050	7013
18.4100	7514
18.4150	7377
18.4200	7369
18.4250	7311
18.4300	6608
18.4350	6697
18.4400	7199
18.4450	6940
18.4500	6880
18.4550	7358
18.4600	7130
18.4650	7483
18.4700	6826
18.4750	7534
18.4800	7457
18.4850	6655
18.4900	6724
18.4950	7273
18.5000	7468
18.5050	6798
18.5100	7126
18.5150	7522
18.5200	7510
18.5250	6708
18.5300	7304
18.5350	7571
18.5400	7189
18.5450	7594
18.5500	7539
18.5550	7094
18.5600	7144
18.5650	7249
18.5700	7191
18.5750	6798
18.5800	7286
18.5850	7554
18.5900	7297
18.5950	6583
18.6000	7222
18.6050	7481
18.6100	6689
18.6150	7326
18.6200	6906
18.6250	7174
18.6300	6689
18.6350	7242
18.6400	7480
18.6450	7158
18.6500	7399
18.6550	7474
18.6600	7321
18.6650	6753
18.6700	7462
18.6750	7422
18.6800	6830
18.6850	7411
18.6900	7555
18.6950	7477
18.7000	6800
18.7050	7059
18.7100	7159
18.7150	6666
18.7200	7494
18.7250	7246
18.7300	7436
18.7350	6790
18.7400	6701
18.7450	7205
18.7500	6778
18.7550	6965
18.7600	7669
18.7650	7551
18.7700	7493
18.7750	7391
18.7800	6685
18.7850	6844
18.7900	7357
18.7950	7501
18.8000	7377
18.8050	7343
18.8100	7368
18.8150	7410
18.8200	6925
18.8250	6710
18.8300	7221
18.8350	7474
18.8400	7138
18.8450	7307
18.8500	7478
18.8550	7128
18.8600	6736
18.8650	7414
18.8700	7484
18.8750	7295
18.8800	7299
18.8850	7438
18.8900	7418
18.8950	7488
18.9000	7043
18.9050	7454
18.9100	7532
18.9150	7339
18.9200	7379
18.9250	7296
18.9300	7059
18.9350	7142
18.9400	7305
18.9450	7430
18.9500	7303
18.9550	7348
18.9600	7276
18.9650	6986
18.9700	7466
18.9750	7288
18.9800	7172
18.9850	7427
18.9900	6950
18.9950	7178
19.0000	7390
19.0050	7404
19.0100	7565
19.0150	7448
19.0200	7196
19.0250	7173
19.0300	7162
19.0350	6678
19.0400	7315
19.0450	6696
19.0500	6714
19.0550	7093
19.0600	6967
19.0650	7160
19.0700	6594
19.0750	7149
19.0800	7548
19.0850	7431
19.0900	6915
19.0950	7456
19.1000	7309
19.1050	6636
19.1100	6547
19.1150	7450
19.1200	6998
19.1250	7527
19.1300	7287
19.1350	7089
19.1400	6719
19.1450	7143
19.1500	7553
19.1550	7581
19.1600	6576
19.1650	7118
19.1700	7427
19.1750	6967
19.1800	6954
19.1850	7268
19.1900	7411
19.1950	7186
19.2000	7213
19.2050	7151
19.2100	7306
19.2150	6730
19.2200	7611
19.2250	6998
19.2300	7418
19.2350	7131
19.2400	7449
19.2450	6913
19.2500	7295
19.2550	7412
19.2600	7166
19.2650	7195
19.2700	6815
19.2750	6789
19.2800	6798
19.2850	7050
19.2900	7535
19.2950	7557
19.3000	7174
19.3050	6898
19.3100	6772
19.3150	7240
19.3200	6756
19.3250	7614
19.3300	7583
19.3350	7617
19.3400	7447
19.3450	6841
19.3500	7386
19.3550	7108
19.3600	7567
19.3650	7028
19.3700	7592
19.3750	7008
19.3800	7321
19.3850	7564
19.3900	7465
19.3950	7290
19.4000	7483
19.4050	6803
19.4100	7336
19.4150	6897
19.4200	7514
19.4250	7159
19.4300	7356
19.4350	6711
19.4400	7433
19.4450	7456
19.4500	7550
19.4550	7330
19.4600	7449
19.4650	7163
19.4700	6660
19.4750	6647
19.4800	7220
19.4850	7620
19.4900	6890
19.4950	7321
19.5000	7339
19.5050	6760
19.5100	6778
19.5150	7250
19.5200	6733
19.5250	7460
19.5300	6679
19.5350	7397
19.5400	7581
19.5450	6685
19.5500	6916
19.5550	7534
19.5600	7385
19.5650	7430
19.5700	6936
19.5750	7544
19.5800	7316
19.5850	6803
19.5900	7275
19.5950	7542
19.6000	7397
19.6050	7044
19.6100	7424
19.6150	6802
19.6200	7266
19.6250	6759
19.6300	7254
19.6350	7336
19.6400	7512
19.6450	6785
19.6500	6946
19.6550	6801
19.6600	6570
19.6650	6858
19.6700	6777
19.6750	7423
19.6800	6851
19.6850	7557
19.6900	6864
19.6950	7487
19.7000	6606
19.7050	7302
19.7100	7082
19.7150	6608
19.7200	7517
19.7250	6592
19.7300	7224
19.7350	7468
19.7400	7414
19.7450	7429
19.7500	7136
19.7550	7511
19.7600	6912
19.7650	7354
19.7700	6646
19.7750	7075
19.7800	7125
19.7850	7098
19.7900	7501
19.7950	6718
19.8000	6720
19.8050	7425
19.8100	7603
19.8150	6618
19.8200	7482
19.8250	7532
19.8300	6729
19.8350	7489
19.8400	7412
19.8450	6681
19.8500	7414
19.8550	7194
19.8600	7312
19.8650	6941
19.8700	7070
19.8750	7122
19.8800	6546
19.8850	6611
19.8900	7505
19.8950	7212
19.9000	6697
19.9050	6617
19.9100	7485
19.9150	7527
19.9200	6798
19.9250	7165
19.9300	7499
19.9350	7341
19.9400	6854
19.9450	6865
19.9500	7304
19.9550	7599
19.9600	7615
19.9650	7060
19.9700	7128
19.9750	7475
19.9800	7356
19.9850	7059
19.9900	7488
19.9950	7162
