0.0000	7379
0.0050	6875
0.0100	7317
0.0150	6761
0.0200	6718
0.0250	7212
0.0300	6701
0.0350	7093
0.0400	7433
0.0450	7665
0.0500	6794
0.0550	7076
0.0600	6916
0.0650	7002
0.0700	7557
0.0750	7728
0.0800	7184
0.0850	6744
0.0900	6726
0.0950	7105
0.1000	7101
0.1050	7533
0.1100	7628
0.1150	7202
0.1200	7255
0.1250	7135
0.1300	6504
0.1350	6546
0.1400	6882
0.1450	7395
0.1500	6912
0.1550	7133
0.1600	6483
0.1650	7062
0.1700	6732
0.1750	6934
0.1800	7312
0.1850	6619
0.1900	6626
0.1950	7160
0.2000	6401
0.2050	6852
0.2100	6824
0.2150	6666
0.2200	7275
0.2250	7029
0.2300	6832
0.2350	6789
0.2400	6398
0.2450	7241
0.2500	7415
0.2550	6716
0.2600	6672
0.2650	6961
0.2700	6737
0.2750	6642
0.2800	7182
0.2850	6713
0.2900	7300
0.2950	7098
0.3000	7463
0.3050	6782
0.3100	7612
0.3150	7384
0.3200	6779
0.3250	6754
0.3300	7234
0.3350	7454
0.3400	7593
0.3450	7347
0.3500	6849
0.3550	6704
0.3600	7065
0.3650	6714
0.3700	6614
0.3750	7614
0.3800	7524
0.3850	7480
0.3900	6956
0.3950	6611
0.4000	7604
0.4050	7242
0.4100	7362
0.4150	6665
0.4200	7309
0.4250	7518
0.4300	7291
0.4350	7287
0.4400	7468
0.4450	6982
0.4500	6592
0.4550	6681
0.4600	7585
0.4650	7288
0.4700	6832
0.4750	7471
0.4800	7211
0.4850	6682
0.4900	6508
0.4950	6609
0.5000	6799
0.5050	6767
0.5100	6653
0.5150	7233
0.5200	6903
0.5250	7041
0.5300	6711
0.5350	6908
0.5400	6686
0.5450	6981
0.5500	6628
0.5550	6957
0.5600	6737
0.5650	6607
0.5700	6595
0.5750	7073
0.5800	6700
0.5850	6601
0.5900	7104
0.5950	7284
0.6000	6552
0.6050	7044
0.6100	6511
0.6150	6714
0.6200	7424
0.6250	6590
0.6300	6845
0.6350	6704
0.6400	7383
0.6450	6739
0.6500	6742
0.6550	7259
0.6600	7459
0.6650	6834
0.6700	6914
0.6750	7481
0.6800	7685
0.6850	7366
0.6900	7025
0.6950	6494
0.7000	7555
0.7050	7582
0.7100	7260
0.7150	7274
0.7200	7442
0.7250	6726
0.7300	6655
0.7350	7018
0.7400	6884
0.7450	6959
0.7500	7316
0.7550	7205
0.7600	6730
0.7650	6782
0.7700	7222
0.7750	7025
0.7800	6929
0.7850	7183
0.7900	7041
0.7950	7204
0.8000	7077
0.8050	7166
0.8100	7339
0.8150	7379
0.8200	7413
0.8250	7133
0.8300	7040
0.8350	7255
0.8400	7159
0.8450	7126
0.8500	7489
0.8550	6609
0.8600	6795
0.8650	6695
0.8700	6572
0.8750	6586
0.8800	7130
0.8850	6783
0.8900	6690
0.8950	6657
0.9000	6783
0.9050	6877
0.9100	6937
0.9150	6774
0.9200	6686
0.9250	7159
0.9300	6892
0.9350	6730
0.9400	6815
0.9450	7072
0.9500	6997
0.9550	6729
0.9600	6634
0.9650	6682
0.9700	6727
0.9750	6988
0.9800	6874
0.9850	6713
0.9900	7340
0.9950	6821
1.0000	6531
1.0050	7192
1.0100	7133
1.0150	6826
1.0200	7143
1.0250	7417
1.0300	7561
1.0350	7583
1.0400	7481
1.0450	7481
1.0500	7107
1.0550	7338
1.0600	7134
1.0650	7340
1.0700	7132
1.0750	7146
1.0800	7205
1.0850	7462
1.0900	7220
1.0950	7140
1.1000	6722
1.1050	7388
1.1100	6757
1.1150	6665
1.1200	7469
1.1250	7460
1.1300	7545
1.1350	7170
1.1400	7208
1.1450	7460
1.1500	6750
1.1550	7367
1.1600	6654
1.1650	7154
1.1700	7450
1.1750	7173
1.1800	7555
1.1850	7601
1.1900	7033
1.1950	6905
1.2000	6788
1.2050	7100
1.2100	7012
1.2150	6666
1.2200	7061
1.2250	7389
1.2300	6910
1.2350	6542
1.2400	6907
1.2450	6906
1.2500	6736
1.2550	7149
1.2600	7088
1.2650	6810
1.2700	6932
1.2750	6858
1.2800	6830
1.2850	6819
1.2900	7334
1.2950	7310
1.3000	7322
1.3050	6864
1.3100	7063
1.3150	6483
1.3200	7327
1.3250	7303
1.3300	7591
1.3350	6806
1.3400	7324
1.3450	6960
1.3500	6902
1.3550	6643
1.3600	6593
1.3650	7484
1.3700	7188
1.3750	7318
1.3800	7336
1.3850	7362
1.3900	6655
1.3950	6929
1.4000	7507
1.4050	7524
1.4100	6914
1.4150	7456
1.4200	7406
1.4250	7291
1.4300	6657
1.4350	7308
1.4400	7368
1.4450	7213
1.4500	6940
1.4550	7309
1.4600	6985
1.4650	7554
1.4700	7016
1.4750	7436
1.4800	7506
1.4850	6711
1.4900	7177
1.4950	7165
1.5000	7171
1.5050	7534
1.5100	6915
1.5150	7423
1.5200	6789
1.5250	7537
1.5300	7243
1.5350	7189
1.5400	7095
1.5450	7418
1.5500	6840
1.5550	6989
1.5600	7194
1.5650	7020
1.5700	7570
1.5750	6718
1.5800	7137
1.5850	7231
1.5900	7403
1.5950	7487
1.6000	7348
1.6050	6905
1.6100	7278
1.6150	6398
1.6200	6551
1.6250	6665
1.6300	7238
1.6350	7247
1.6400	7218
1.6450	6547
1.6500	6656
1.6550	6458
1.6600	7279
1.6650	6678
1.6700	7125
1.6750	6464
1.6800	7101
1.6850	6705
1.6900	6634
1.6950	7268
1.7000	7482
1.7050	7282
1.7100	6642
1.7150	6983
1.7200	7019
1.7250	7181
1.7300	6671
1.7350	7101
1.7400	7617
1.7450	6931
1.7500	7437
1.7550	6981
1.7600	6864
1.7650	7065
1.7700	7290
1.7750	6733
1.7800	6791
1.7850	7624
1.7900	7455
1.7950	6843
1.8000	7264
1.8050	6972
1.8100	7261
1.8150	7493
1.8200	7287
1.8250	7631
1.8300	7052
1.8350	6932
1.8400	7409
1.8450	6773
1.8500	7298
1.8550	6887
1.8600	6741
1.8650	6808
1.8700	7298
1.8750	6799
1.8800	6980
1.8850	7251
1.8900	7299
1.8950	6860
1.9000	7384
1.9050	6764
1.9100	6467
1.9150	6760
1.9200	7384
1.9250	6975
1.9300	7200
1.9350	7215
1.9400	7160
1.9450	7513
1.9500	6666
1.9550	7278
1.9600	7410
1.9650	7397
1.9700	6976
1.9750	6483
1.9800	7336
1.9850	7491
1.9900	7416
1.9950	7376
2.0000	7414
2.0050	7014
2.0100	6714
2.0150	7041
2.0200	7028
2.0250	6960
2.0300	7447
2.0350	7299
2.0400	6832
2.0450	6942
2.0500	6850
2.0550	7245
2.0600	6903
2.0650	7400
2.0700	7044
2.0750	7014
2.0800	6914
2.0850	7143
2.0900	6980
2.0950	7372
2.1000	7614
2.1050	7310
2.1100	7271
2.1150	7018
2.1200	7258
2.1250	6984
2.1300	7310
2.1350	7532
2.1400	7502
2.1450	7530
2.1500	7147
2.1550	7000
2.1600	7438
2.1650	7477
2.1700	7576
2.1750	7116
2.1800	7337
2.1850	7335
2.1900	7345
2.1950	7438
2.2000	7484
2.2050	7467
2.2100	6922
2.2150	7448
2.2200	7447
2.2250	7251
2.2300	7420
2.2350	7564
2.2400	7569
2.2450	7118
2.2500	6600
2.2550	7298
2.2600	7515
2.2650	7006
2.2700	7261
2.2750	7378
2.2800	7220
2.2850	6826
2.2900	7596
2.2950	7251
2.3000	7408
2.3050	7459
2.3100	6707
2.3150	7425
2.3200	6911
2.3250	7434
2.3300	7404
2.3350	7187
2.3400	7311
2.3450	6674
2.3500	6744
2.3550	7282
2.3600	7190
2.3650	7099
2.3700	6639
2.3750	7455
2.3800	6731
2.3850	6860
2.3900	7517
2.3950	6808
2.4000	7051
2.4050	6694
2.4100	7285
2.4150	6691
2.4200	6629
2.4250	7372
2.4300	6780
2.4350	6840
2.4400	6864
2.4450	6926
2.4500	6606
2.4550	6935
2.4600	6950
2.4650	6625
2.4700	7057
2.4750	7084
2.4800	6755
2.4850	7450
2.4900	6674
2.4950	7445
2.5000	6690
2.5050	6707
2.5100	6638
2.5150	6686
2.5200	7371
2.5250	7552
2.5300	6861
2.5350	7527
2.5400	6712
2.5450	7147
2.5500	7435
2.5550	7106
2.5600	7515
2.5650	7080
2.5700	6666
2.5750	6753
2.5800	7439
2.5850	6786
2.5900	6553
2.5950	6832
2.6000	6982
2.6050	7402
2.6100	6533
2.6150	6921
2.6200	7580
2.6250	7469
2.6300	6439
2.6350	6567
2.6400	6792
2.6450	7241
2.6500	7039
2.6550	6718
2.6600	7435
2.6650	7149
2.6700	7229
2.6750	7262
2.6800	7283
2.6850	7373
2.6900	7254
2.6950	6697
2.7000	6983
2.7050	7265
2.7100	7290
2.7150	6609
2.7200	7141
2.7250	6873
2.7300	7346
2.7350	7328
2.7400	7051
2.7450	6719
2.7500	6793
2.7550	7033
2.7600	7541
2.7650	7373
2.7700	6624
2.7750	6489
2.7800	7375
2.7850	6944
2.7900	7338
2.7950	6880
2.8000	7375
2.8050	7395
2.8100	7142
2.8150	6947
2.8200	7419
2.8250	7113
2.8300	6867
2.8350	7545
2.8400	7037
2.8450	6726
2.8500	7246
2.8550	7274
2.8600	6675
2.8650	7723
2.8700	7509
2.8750	6816
2.8800	6804
2.8850	6684
2.8900	7477
2.8950	6789
2.9000	7530
2.9050	6748
2.9100	7096
2.9150	6594
2.9200	6686
2.9250	6587
2.9300	6764
2.9350	7033
2.9400	7382
2.9450	7459
2.9500	6645
2.9550	7147
2.9600	6768
2.9650	6616
2.9700	6731
2.9750	7452
2.9800	7625
2.9850	6748
2.9900	6809
2.9950	6745
3.0000	6794
3.0050	6685
3.0100	7338
3.0150	6700
3.0200	7257
3.0250	6966
3.0300	6843
3.0350	7227
3.0400	6677
3.0450	6992
3.0500	6639
3.0550	6609
3.0600	7480
3.0650	6679
3.0700	6649
3.0750	7132
3.0800	7310
3.0850	7208
3.0900	7449
3.0950	7464
3.1000	6692
3.1050	6652
3.1100	6532
3.1150	7585
3.1200	7355
3.1250	7584
3.1300	6596
3.1350	7004
3.1400	7424
3.1450	6644
3.1500	7087
3.1550	7268
3.1600	7004
3.1650	6654
3.1700	6443
3.1750	6619
3.1800	7105
3.1850	6952
3.1900	7398
3.1950	7154
3.2000	6770
3.2050	7234
3.2100	7243
3.2150	7118
3.2200	7714
3.2250	7636
3.2300	7065
3.2350	6730
3.2400	6743
3.2450	6509
3.2500	7544
3.2550	7083
3.2600	7341
3.2650	7201
3.2700	6878
3.2750	6906
3.2800	7024
3.2850	6662
3.2900	7058
3.2950	7206
3.3000	7599
3.3050	7653
3.3100	6879
3.3150	6731
3.3200	7051
3.3250	7186
3.3300	7027
3.3350	6964
3.3400	6829
3.3450	6982
3.3500	7036
3.3550	6744
3.3600	6670
3.3650	7544
3.3700	7568
3.3750	7436
3.3800	7168
3.3850	6596
3.3900	6680
3.3950	7297
3.4000	6940
3.4050	7248
3.4100	7415
3.4150	7304
3.4200	6807
3.4250	6620
3.4300	7070
3.4350	6783
3.4400	6646
3.4450	7726
3.4500	7412
3.4550	6831
3.4600	6959
3.4650	6507
3.4700	7235
3.4750	6579
3.4800	7254
3.4850	7138
3.4900	6551
3.4950	6816
3.5000	6991
3.5050	6864
3.5100	6507
3.5150	7301
3.5200	7592
3.5250	6984
3.5300	6581
3.5350	6856
3.5400	7183
3.5450	6832
3.5500	7470
3.5550	6925
3.5600	6807
3.5650	7137
3.5700	7038
3.5750	6975
3.5800	6628
3.5850	6798
3.5900	7414
3.5950	6844
3.6000	7302
3.6050	6698
3.6100	7448
3.6150	7246
3.6200	6546
3.6250	6745
3.6300	7416
3.6350	6803
3.6400	6940
3.6450	7291
3.6500	7337
3.6550	7402
3.6600	6715
3.6650	7438
3.6700	6474
3.6750	6581
3.6800	7391
3.6850	6722
3.6900	7466
3.6950	7316
3.7000	6963
3.7050	7237
3.7100	6562
3.7150	6968
3.7200	7066
3.7250	7569
3.7300	7337
3.7350	6670
3.7400	7232
3.7450	6691
3.7500	7224
3.7550	7600
3.7600	7101
3.7650	7554
3.7700	6908
3.7750	7144
3.7800	6955
3.7850	7408
3.7900	7016
3.7950	6756
3.8000	7372
3.8050	7314
3.8100	7517
3.8150	7621
3.8200	6951
3.8250	6717
3.8300	6598
3.8350	7463
3.8400	7247
3.8450	7419
3.8500	7296
3.8550	7171
3.8600	7426
3.8650	7038
3.8700	7499
3.8750	7368
3.8800	6771
3.8850	7385
3.8900	6653
3.8950	7310
3.9000	7583
3.9050	7309
3.9100	7374
3.9150	6489
3.9200	7276
3.9250	6872
3.9300	7163
3.9350	7239
3.9400	6529
3.9450	7176
3.9500	7497
3.9550	7008
3.9600	7495
3.9650	6955
3.9700	6824
3.9750	7538
3.9800	6843
3.9850	6765
3.9900	6940
3.9950	6583
4.0000	6554
4.0050	7220
4.0100	6748
4.0150	7438
4.0200	7222
4.0250	7831
4.0300	7308
4.0350	7229
4.0400	7340
4.0450	7375
4.0500	7105
4.0550	7809
4.0600	7593
4.0650	6783
4.0700	6534
4.0750	6458
4.0800	7376
4.0850	7530
4.0900	6997
4.0950	6765
4.1000	6889
4.1050	7181
4.1100	7227
4.1150	6675
4.1200	7024
4.1250	7456
4.1300	7647
4.1350	7367
4.1400	7368
4.1450	6854
4.1500	7241
4.1550	7503
4.1600	6994
4.1650	7337
4.1700	7439
4.1750	7435
4.1800	7320
4.1850	6395
4.1900	6631
4.1950	7546
4.2000	7315
4.2050	6841
4.2100	7130
4.2150	7346
4.2200	7212
4.2250	6891
4.2300	6992
4.2350	7236
4.2400	6807
4.2450	6871
4.2500	6772
4.2550	7372
4.2600	6565
4.2650	7465
4.2700	6795
4.2750	6620
4.2800	7365
4.2850	7448
4.2900	6543
4.2950	7001
4.3000	7161
4.3050	7207
4.3100	7686
4.3150	7233
4.3200	7460
4.3250	7272
4.3300	6744
4.3350	6466
4.3400	6806
4.3450	7547
4.3500	7316
4.3550	7165
4.3600	7304
4.3650	6548
4.3700	6994
4.3750	7547
4.3800	7587
4.3850	7481
4.3900	7081
4.3950	7332
4.4000	6932
4.4050	6677
4.4100	6948
4.4150	7273
4.4200	7491
4.4250	6704
4.4300	7586
4.4350	7262
4.4400	6758
4.4450	7444
4.4500	7204
4.4550	7135
4.4600	6698
4.4650	6919
4.4700	6713
4.4750	6695
4.4800	7435
4.4850	7350
4.4900	7515
4.4950	6690
4.5000	6743
4.5050	6983
4.5100	6592
4.5150	6976
4.5200	7458
4.5250	7448
4.5300	6695
4.5350	7229
4.5400	7326
4.5450	6854
4.5500	7385
4.5550	6815
4.5600	7253
4.5650	7023
4.5700	6746
4.5750	7037
4.5800	6955
4.5850	7366
4.5900	7063
4.5950	6583
4.6000	7368
4.6050	6709
4.6100	7390
4.6150	7423
4.6200	7328
4.6250	6757
4.6300	7186
4.6350	7275
4.6400	7313
4.6450	7331
4.6500	7378
4.6550	7404
4.6600	6907
4.6650	7458
4.6700	7360
4.6750	7342
4.6800	7416
4.6850	7368
4.6900	7567
4.6950	7564
4.7000	7306
4.7050	7230
4.7100	7493
4.7150	7192
4.7200	7435
4.7250	6939
4.7300	7368
4.7350	7504
4.7400	7352
4.7450	7343
4.7500	7345
4.7550	7386
4.7600	7188
4.7650	7345
4.7700	7389
4.7750	7151
4.7800	7324
4.7850	7244
4.7900	7279
4.7950	7075
4.8000	7417
4.8050	7260
4.8100	7579
4.8150	7237
4.8200	7047
4.8250	7453
4.8300	7165
4.8350	7449
4.8400	7278
4.8450	7368
4.8500	7326
4.8550	7309
4.8600	7252
4.8650	7293
4.8700	6962
4.8750	7299
4.8800	7110
4.8850	6815
4.8900	7073
4.8950	7577
4.9000	7356
4.9050	7513
4.9100	6884
4.9150	7263
4.9200	7104
4.9250	7392
4.9300	7387
4.9350	7226
4.9400	7289
4.9450	7568
4.9500	7022
4.9550	7148
4.9600	6956
4.9650	7209
4.9700	6691
4.9750	7144
4.9800	7397
4.9850	6873
4.9900	7100
4.9950	6734
5.0000	7026
5.0050	6863
5.0100	7470
5.0150	7575
5.0200	6629
5.0250	7489
5.0300	6781
5.0350	7015
5.0400	6779
5.0450	7361
5.0500	7427
5.0550	6851
5.0600	7398
5.0650	6682
5.0700	7182
5.0750	6651
5.0800	7248
5.0850	7390
5.0900	6718
5.0950	7325
5.1000	6646
5.1050	7405
5.1100	6987
5.1150	7112
5.1200	7486
5.1250	6882
5.1300	7562
5.1350	6961
5.1400	7431
5.1450	7261
5.1500	7472
5.1550	7400
5.1600	6625
5.1650	7482
5.1700	7001
5.1750	6953
5.1800	7053
5.1850	7330
5.1900	7453
5.1950	6637
5.2000	7052
5.2050	6662
5.2100	7390
5.2150	7229
5.2200	7382
5.2250	7371
5.2300	6939
5.2350	7254
5.2400	7137
5.2450	7210
5.2500	7444
5.2550	7527
5.2600	7559
5.2650	7091
5.2700	6721
5.2750	7018
5.2800	7238
5.2850	7257
5.2900	7219
5.2950	7380
5.3000	6959
5.3050	7034
5.3100	7346
5.3150	7177
5.3200	6839
5.3250	7521
5.3300	7410
5.3350	6967
5.3400	6532
5.3450	7464
5.3500	7381
5.3550	6486
5.3600	7245
5.3650	7429
5.3700	7191
5.3750	6824
5.3800	7217
5.3850	7423
5.3900	7406
5.3950	6882
5.4000	7121
5.4050	6687
5.4100	6722
5.4150	7442
5.4200	7572
5.4250	7343
5.4300	7099
5.4350	7387
5.4400	7284
5.4450	6721
5.4500	6948
5.4550	7461
5.4600	7463
5.4650	7259
5.4700	7362
5.4750	7356
5.4800	6999
5.4850	6767
5.4900	7536
5.4950	7280
5.5000	7309
5.5050	7000
5.5100	7150
5.5150	6843
5.5200	6891
5.5250	7368
5.5300	7363
5.5350	7357
5.5400	6954
5.5450	7438
5.5500	6813
5.5550	6797
5.5600	7297
5.5650	7295
5.5700	7525
5.5750	6779
5.5800	7327
5.5850	6634
5.5900	7103
5.5950	7528
5.6000	7290
5.6050	7326
5.6100	7134
5.6150	7036
5.6200	7450
5.6250	7302
5.6300	7554
5.6350	6859
5.6400	7162
5.6450	7037
5.6500	6882
5.6550	7416
5.6600	7628
5.6650	7595
5.6700	7535
5.6750	6364
5.6800	7300
5.6850	6818
5.6900	7252
5.6950	7479
5.7000	6921
5.7050	6969
5.7100	6997
5.7150	7337
5.7200	7520
5.7250	7427
5.7300	7665
5.7350	7353
5.7400	7390
5.7450	6683
5.7500	7543
5.7550	7525
5.7600	7237
5.7650	7298
5.7700	6959
5.7750	7357
5.7800	7026
5.7850	6878
5.7900	7403
5.7950	7410
5.8000	7003
5.8050	6588
5.8100	7299
5.8150	6862
5.8200	7125
5.8250	7120
5.8300	7513
5.8350	7087
5.8400	7397
5.8450	7194
5.8500	7353
5.8550	6724
5.8600	7152
5.8650	7528
5.8700	6850
5.8750	7144
5.8800	7056
5.8850	7286
5.8900	7564
5.8950	6971
5.9000	7380
5.9050	7159
5.9100	7459
5.9150	7391
5.9200	7302
5.9250	6697
5.9300	7531
5.9350	7540
5.9400	6837
5.9450	7361
5.9500	6936
5.9550	7309
5.9600	7183
5.9650	7006
5.9700	7409
5.9750	7567
5.9800	6956
5.9850	6568
5.9900	7072
5.9950	6764
6.0000	7595
6.0050	7224
6.0100	7096
6.0150	7379
6.0200	7624
6.0250	6666
6.0300	7293
6.0350	6766
6.0400	7515
6.0450	7070
6.0500	7301
6.0550	6812
6.0600	7177
6.0650	7660
6.0700	7489
6.0750	6893
6.0800	6626
6.0850	7324
6.0900	7438
6.0950	6653
6.1000	7307
6.1050	7177
6.1100	7330
6.1150	6632
6.1200	7050
6.1250	7283
6.1300	6999
6.1350	7414
6.1400	7301
6.1450	7389
6.1500	6561
6.1550	6600
6.1600	7650
6.1650	7366
6.1700	7354
6.1750	7389
6.1800	7663
6.1850	6713
6.1900	6615
6.1950	7567
6.2000	7477
6.2050	7427
6.2100	6751
6.2150	7396
6.2200	6574
6.2250	6683
6.2300	7219
6.2350	7557
6.2400	7345
6.2450	6875
6.2500	7268
6.2550	6665
6.2600	6655
6.2650	7324
6.2700	7508
6.2750	7346
6.2800	6623
6.2850	6974
6.2900	6850
6.2950	6805
6.3000	7516
6.3050	7237
6.3100	7112
6.3150	6853
6.3200	6928
6.3250	7337
6.3300	6590
6.3350	6767
6.3400	7755
6.3450	6919
6.3500	7466
6.3550	6628
6.3600	7485
6.3650	6764
6.3700	6812
6.3750	6936
6.3800	6735
6.3850	7130
6.3900	6639
6.3950	6682
6.4000	7304
6.4050	7373
6.4100	6795
6.4150	6894
6.4200	7407
6.4250	6753
6.4300	6918
6.4350	7490
6.4400	7203
6.4450	7413
6.4500	6957
6.4550	6882
6.4600	6724
6.4650	6823
6.4700	7504
6.4750	7284
6.4800	7569
6.4850	6828
6.4900	6519
6.4950	7080
6.5000	7039
6.5050	7461
6.5100	7381
6.5150	7106
6.5200	7227
6.5250	6619
6.5300	7326
6.5350	6472
6.5400	7493
6.5450	7084
6.5500	7302
6.5550	6749
6.5600	6680
6.5650	7366
6.5700	7162
6.5750	7082
6.5800	7274
6.5850	7553
6.5900	7064
6.5950	6940
6.6000	6795
6.6050	7412
6.6100	7443
6.6150	7569
6.6200	7305
6.6250	7237
6.6300	6714
6.6350	6678
6.6400	7419
6.6450	7289
6.6500	7412
6.6550	6740
6.6600	7082
6.6650	6464
6.6700	6729
6.6750	7547
6.6800	7234
6.6850	7330
6.6900	6786
6.6950	7461
6.7000	7052
6.7050	6554
6.7100	7417
6.7150	7093
6.7200	7491
6.7250	6839
6.7300	7529
6.7350	7510
6.7400	6613
6.7450	7310
6.7500	7020
6.7550	7322
6.7600	6756
6.7650	7300
6.7700	7486
6.7750	7075
6.7800	7136
6.7850	7060
6.7900	7299
6.7950	7014
6.8000	7298
6.8050	7405
6.8100	7632
6.8150	7124
6.8200	7245
6.8250	7316
6.8300	7423
6.8350	7069
6.8400	7467
6.8450	7385
6.8500	7352
6.8550	6846
6.8600	7148
6.8650	7384
6.8700	7329
6.8750	7400
6.8800	7554
6.8850	7179
6.8900	6928
6.8950	7223
6.9000	7610
6.9050	7454
6.9100	6988
6.9150	7380
6.9200	7536
6.9250	6904
6.9300	6694
6.9350	7186
6.9400	7258
6.9450	7449
6.9500	7042
6.9550	7350
6.9600	6810
6.9650	6806
6.9700	7366
6.9750	7486
6.9800	7645
6.9850	6982
6.9900	7713
6.9950	6896
7.0000	6740
7.0050	7431
7.0100	7482
7.0150	7411
7.0200	6969
7.0250	7314
7.0300	7451
7.0350	6609
7.0400	7056
7.0450	7375
7.0500	7296
7.0550	6875
7.0600	7528
7.0650	7508
7.0700	6731
7.0750	6776
7.0800	7476
7.0850	7339
7.0900	6869
7.0950	7449
7.1000	7233
7.1050	6781
7.1100	6824
7.1150	7293
7.1200	7349
7.1250	7412
7.1300	7224
7.1350	6612
7.1400	6921
7.1450	6848
7.1500	7470
7.1550	7152
7.1600	6716
7.1650	7309
7.1700	7008
7.1750	7520
7.1800	6659
7.1850	7372
7.1900	6972
7.1950	6912
7.2000	7163
7.2050	6903
7.2100	7218
7.2150	7072
7.2200	7607
7.2250	7449
7.2300	7072
7.2350	6655
7.2400	7004
7.2450	7110
7.2500	7081
7.2550	6973
7.2600	7366
7.2650	7079
7.2700	7295
7.2750	7554
7.2800	7136
7.2850	7086
7.2900	7442
7.2950	7088
7.3000	7297
7.3050	7527
7.3100	7511
7.3150	7084
7.3200	6897
7.3250	7325
7.3300	7490
7.3350	7477
7.3400	7385
7.3450	7310
7.3500	7540
7.3550	6923
7.3600	7353
7.3650	7562
7.3700	7447
7.3750	7597
7.3800	7375
7.3850	7208
7.3900	7073
7.3950	7550
7.4000	7611
7.4050	7263
7.4100	7265
7.4150	7182
7.4200	7316
7.4250	7231
7.4300	7291
7.4350	7379
7.4400	7348
7.4450	7560
7.4500	6824
7.4550	7112
7.4600	7192
7.4650	7512
7.4700	7188
7.4750	7295
7.4800	7382
7.4850	7346
7.4900	7657
7.4950	7082
7.5000	7266
7.5050	7253
7.5100	7277
7.5150	7226
7.5200	7459
7.5250	7451
7.5300	7476
7.5350	7505
7.5400	7241
7.5450	7395
7.5500	7120
7.5550	6978
7.5600	7357
7.5650	7233
7.5700	7022
7.5750	7467
7.5800	6900
7.5850	7238
7.5900	7076
7.5950	7260
7.6000	7552
7.6050	7451
7.6100	7589
7.6150	7252
7.6200	7117
7.6250	7442
7.6300	6945
7.6350	7455
7.6400	7350
7.6450	7162
7.6500	7380
7.6550	6680
7.6600	7348
7.6650	7257
7.6700	7606
7.6750	7282
7.6800	7355
7.6850	7423
7.6900	6700
7.6950	7473
7.7000	7170
7.7050	7272
7.7100	7570
7.7150	7364
7.7200	7395
7.7250	7060
7.7300	7176
7.7350	7446
7.7400	7506
7.7450	7104
7.7500	6822
7.7550	7426
7.7600	6787
7.7650	7391
7.7700	7427
7.7750	7368
7.7800	7364
7.7850	6952
7.7900	7058
7.7950	6602
7.8000	6915
7.8050	7306
7.8100	7486
7.8150	7045
7.8200	6928
7.8250	6742
7.8300	6830
7.8350	6571
7.8400	7350
7.8450	7236
7.8500	6792
7.8550	6853
7.8600	6488
7.8650	7082
7.8700	7195
7.8750	7358
7.8800	7472
7.8850	7298
7.8900	7385
7.8950	6975
7.9000	7335
7.9050	6619
7.9100	7414
7.9150	6859
7.9200	7417
7.9250	6750
7.9300	6792
7.9350	7376
7.9400	7228
7.9450	6969
7.9500	7257
7.9550	7057
7.9600	7464
7.9650	7064
7.9700	7347
7.9750	7227
7.9800	7516
7.9850	6773
7.9900	7014
7.9950	7410
8.0000	6623
8.0050	6803
8.0100	7338
8.0150	7162
8.0200	6800
8.0250	6915
8.0300	7630
8.0350	6889
8.0400	6629
8.0450	7212
8.0500	7354
8.0550	6892
8.0600	6647
8.0650	7444
8.0700	7342
8.0750	6845
8.0800	7027
8.0850	7426
8.0900	7020
8.0950	6616
8.1000	7401
8.1050	7386
8.1100	7323
8.1150	6697
8.1200	7314
8.1250	7189
8.1300	6518
8.1350	6951
8.1400	7506
8.1450	7343
8.1500	7291
8.1550	6874
8.1600	7362
8.1650	6657
8.1700	7099
8.1750	7346
8.1800	7291
8.1850	7377
8.1900	7340
8.1950	6971
8.2000	6729
8.2050	6793
8.2100	7431
8.2150	7513
8.2200	7004
8.2250	6903
8.2300	7520
8.2350	7551
8.2400	6672
8.2450	6867
8.2500	7173
8.2550	7547
8.2600	7181
8.2650	6911
8.2700	7119
8.2750	7017
8.2800	7477
8.2850	7436
8.2900	7515
8.2950	7362
8.3000	7059
8.3050	7514
8.3100	7003
8.3150	7259
8.3200	7052
8.3250	7050
8.3300	7467
8.3350	6631
8.3400	7524
8.3450	6972
8.3500	7511
8.3550	7328
8.3600	7322
8.3650	7508
8.3700	7056
8.3750	7278
8.3800	6643
8.3850	7572
8.3900	6768
8.3950	7021
8.4000	7219
8.4050	6876
8.4100	7402
8.4150	7314
8.4200	7377
8.4250	6823
8.4300	7250
8.4350	6856
8.4400	7020
8.4450	7207
8.4500	6569
8.4550	7369
8.4600	6759
8.4650	7401
8.4700	7217
8.4750	7379
8.4800	7474
8.4850	6990
8.4900	6967
8.4950	6817
8.5000	7367
8.5050	6752
8.5100	6813
8.5150	7118
8.5200	6695
8.5250	7573
8.5300	7258
8.5350	7399
8.5400	7180
8.5450	7310
8.5500	7369
8.5550	6487
8.5600	7137
8.5650	6545
8.5700	7117
8.5750	7226
8.5800	7132
8.5850	7553
8.5900	6817
8.5950	7310
8.6000	7275
8.6050	7028
8.6100	7135
8.6150	7393
8.6200	7463
8.6250	6959
8.6300	6826
8.6350	7392
8.6400	7018
8.6450	7410
8.6500	6806
8.6550	7435
8.6600	7163
8.6650	7104
8.6700	7293
8.6750	6992
8.6800	7430
8.6850	7153
8.6900	6899
8.6950	6942
8.7000	6914
8.7050	7444
8.7100	7542
8.7150	7254
8.7200	6722
8.7250	7495
8.7300	7397
8.7350	7063
8.7400	6966
8.7450	7203
8.7500	7487
8.7550	6812
8.7600	7210
8.7650	7016
8.7700	7323
8.7750	7225
8.7800	7525
8.7850	7512
8.7900	6980
8.7950	7047
8.8000	7396
8.8050	6805
8.8100	7147
8.8150	7409
8.8200	7196
8.8250	6599
8.8300	7110
8.8350	7502
8.8400	7535
8.8450	6606
8.8500	7396
8.8550	7314
8.8600	7275
8.8650	6521
8.8700	7277
8.8750	6779
8.8800	6682
8.8850	7323
8.8900	6901
8.8950	7120
8.9000	6560
8.9050	7027
8.9100	7594
8.9150	6666
8.9200	7515
8.9250	6665
8.9300	7307
8.9350	6704
8.9400	6508
8.9450	7389
8.9500	7456
8.9550	7295
8.9600	6752
8.9650	7188
8.9700	6991
8.9750	6737
8.9800	7382
8.9850	7345
8.9900	7242
8.9950	6947
9.0000	6804
9.0050	6555
9.0100	6927
9.0150	7378
9.0200	6787
9.0250	7439
9.0300	7223
9.0350	6748
9.0400	7398
9.0450	7179
9.0500	7468
9.0550	7350
9.0600	6708
9.0650	7011
9.0700	6706
9.0750	6935
9.0800	6742
9.0850	7148
9.0900	7471
9.0950	7164
9.1000	7548
9.1050	6530
9.1100	7575
9.1150	6649
9.1200	7346
9.1250	7289
9.1300	6818
9.1350	7426
9.1400	6793
9.1450	7159
9.1500	7085
9.1550	7121
9.1600	7502
9.1650	7301
9.1700	7312
9.1750	6711
9.1800	7007
9.1850	7069
9.1900	7423
9.1950	7306
9.2000	6948
9.2050	7517
9.2100	6814
9.2150	7178
9.2200	7453
9.2250	7306
9.2300	7516
9.2350	7229
9.2400	7141
9.2450	7530
9.2500	7271
9.2550	7486
9.2600	7346
9.2650	7392
9.2700	7577
9.2750	7259
9.2800	7558
9.2850	7347
9.2900	7476
9.2950	7530
9.3000	7179
9.3050	7503
9.3100	7237
9.3150	7498
9.3200	7373
9.3250	7328
9.3300	7467
9.3350	7620
9.3400	7275
9.3450	6842
9.3500	7322
9.3550	7251
9.3600	7474
9.3650	7271
9.3700	7517
9.3750	7435
9.3800	7415
9.3850	7085
9.3900	7082
9.3950	7126
9.4000	7086
9.4050	7527
9.4100	7332
9.4150	7382
9.4200	7481
9.4250	7360
9.4300	7316
9.4350	7057
9.4400	7444
9.4450	7367
9.4500	7480
9.4550	7449
9.4600	7273
9.4650	6753
9.4700	6826
9.4750	7312
9.4800	7107
9.4850	7350
9.4900	7165
9.4950	7365
9.5000	7245
9.5050	6848
9.5100	7335
9.5150	7068
9.5200	7116
9.5250	7285
9.5300	6968
9.5350	7425
9.5400	7010
9.5450	7390
9.5500	7398
9.5550	6481
9.5600	7450
9.5650	6851
9.5700	7090
9.5750	7078
9.5800	7400
9.5850	7348
9.5900	6728
9.5950	7119
9.6000	6806
9.6050	7094
9.6100	7143
9.6150	7321
9.6200	7102
9.6250	6535
9.6300	7456
9.6350	7279
9.6400	7081
9.6450	7208
9.6500	7636
9.6550	7411
9.6600	6542
9.6650	7455
9.6700	6864
9.6750	7305
9.6800	7460
9.6850	7283
9.6900	7293
9.6950	6920
9.7000	6767
9.7050	7044
9.7100	7446
9.7150	7105
9.7200	7490
9.7250	7274
9.7300	6855
9.7350	6706
9.7400	7562
9.7450	6998
9.7500	7243
9.7550	7483
9.7600	7181
9.7650	6755
9.7700	6935
9.7750	7134
9.7800	7274
9.7850	7193
9.7900	7346
9.7950	7326
9.8000	6681
9.8050	7212
9.8100	6952
9.8150	7502
9.8200	7518
9.8250	6859
9.8300	7113
9.8350	7383
9.8400	6609
9.8450	6731
9.8500	7161
9.8550	7364
9.8600	7372
9.8650	6735
9.8700	7260
9.8750	6685
9.8800	6663
9.8850	7531
9.8900	7120
9.8950	7279
9.9000	6800
9.9050	7365
9.9100	7206
9.9150	6641
9.9200	7406
9.9250	7656
9.9300	7293
9.9350	7626
9.9400	6973
9.9450	7103
9.9500	6815
9.9550	7055
9.9600	7320
9.9650	7247
9.9700	7572
9.9750	7595
9.9800	7261
9.9850	6580
9.9900	7364
9.9950	7483
10.0000	6985
10.0050	7373
10.0100	7488
10.0150	6811
10.0200	7438
10.0250	7495
10.0300	7104
10.0350	7340
10.0400	7338
10.0450	7475
10.0500	7422
10.0550	6864
10.0600	7429
10.0650	7373
10.0700	6653
10.0750	7028
10.0800	7328
10.0850	7176
10.0900	7095
10.0950	7307
10.1000	7287
10.1050	7136
10.1100	7324
10.1150	7467
10.1200	7201
10.1250	7254
10.1300	7522
10.1350	7141
10.1400	7347
10.1450	7352
10.1500	7571
10.1550	7169
10.1600	7118
10.1650	7095
10.1700	6678
10.1750	7179
10.1800	7360
10.1850	7366
10.1900	7056
10.1950	7042
10.2000	7410
10.2050	7137
10.2100	7043
10.2150	7473
10.2200	7551
10.2250	7044
10.2300	7301
10.2350	7521
10.2400	7014
10.2450	7182
10.2500	7284
10.2550	7437
10.2600	7143
10.2650	7068
10.2700	7576
10.2750	6967
10.2800	7335
10.2850	7471
10.2900	7416
10.2950	7468
10.3000	6801
10.3050	7403
10.3100	7128
10.3150	6681
10.3200	6949
10.3250	6914
10.3300	7563
10.3350	6785
10.3400	6858
10.3450	7401
10.3500	7276
10.3550	7373
10.3600	6705
10.3650	6942
10.3700	7133
10.3750	7428
10.3800	7380
10.3850	6831
10.3900	7250
10.3950	7359
10.4000	6769
10.4050	7093
10.4100	7434
10.4150	7292
10.4200	7029
10.4250	7020
10.4300	7253
10.4350	7043
10.4400	7350
10.4450	7201
10.4500	7467
10.4550	7215
10.4600	6549
10.4650	7551
10.4700	6787
10.4750	7244
10.4800	7340
10.4850	7589
10.4900	7307
10.4950	6472
10.5000	7278
10.5050	6660
10.5100	7200
10.5150	7422
10.5200	7301
10.5250	7290
10.5300	6733
10.5350	7563
10.5400	6801
10.5450	7360
10.5500	7042
10.5550	7597
10.5600	7366
10.5650	6708
10.5700	7315
10.5750	6728
10.5800	7237
10.5850	7194
10.5900	7438
10.5950	7435
10.6000	6810
10.6050	6915
10.6100	6923
10.6150	7393
10.6200	7505
10.6250	7522
10.6300	7370
10.6350	6804
10.6400	6780
10.6450	7305
10.6500	7512
10.6550	7549
10.6600	7030
10.6650	7267
10.6700	6734
10.6750	7163
10.6800	7403
10.6850	7398
10.6900	7521
10.6950	7121
10.7000	7173
10.7050	6951
10.7100	7283
10.7150	7523
10.7200	7179
10.7250	7391
10.7300	7101
10.7350	7443
10.7400	7417
10.7450	7509
10.7500	7244
10.7550	7464
10.7600	7159
10.7650	6936
10.7700	7432
10.7750	7337
10.7800	7453
10.7850	7298
10.7900	7151
10.7950	7007
10.8000	7007
10.8050	7426
10.8100	7220
10.8150	7164
10.8200	7442
10.8250	7097
10.8300	7438
10.8350	7475
10.8400	7369
10.8450	7475
10.8500	7492
10.8550	7170
10.8600	7402
10.8650	7321
10.8700	7604
10.8750	7283
10.8800	7000
10.8850	7322
10.8900	7549
10.8950	7446
10.9000	7238
10.9050	7396
10.9100	7498
10.9150	7025
10.9200	7494
10.9250	7085
10.9300	7293
10.9350	7472
10.9400	7449
10.9450	7363
10.9500	7258
10.9550	6987
10.9600	7198
10.9650	7539
10.9700	6852
10.9750	7263
10.9800	7536
10.9850	7475
10.9900	7361
10.9950	7251
11.0000	7349
11.0050	7409
11.0100	7529
11.0150	7208
11.0200	7118
11.0250	7121
11.0300	7725
11.0350	7380
11.0400	7307
11.0450	7240
11.0500	7339
11.0550	7330
11.0600	6506
11.0650	7484
11.0700	7029
11.0750	6660
11.0800	7463
11.0850	7035
11.0900	7208
11.0950	7355
11.1000	6945
11.1050	6821
11.1100	7172
11.1150	6831
11.1200	6813
11.1250	7114
11.1300	7259
11.1350	7470
11.1400	7095
11.1450	7271
11.1500	6820
11.1550	7002
11.1600	6743
11.1650	7370
11.1700	7250
11.1750	6759
11.1800	7014
11.1850	6836
11.1900	6860
11.1950	6998
11.2000	7281
11.2050	7419
11.2100	7319
11.2150	7178
11.2200	6847
11.2250	7259
11.2300	6977
11.2350	7523
11.2400	7438
11.2450	7064
11.2500	7446
11.2550	6770
11.2600	7409
11.2650	7271
11.2700	7291
11.2750	7144
11.2800	7179
11.2850	7468
11.2900	6586
11.2950	7170
11.3000	7601
11.3050	7353
11.3100	7343
11.3150	6699
11.3200	7604
11.3250	6726
11.3300	7135
11.3350	6896
11.3400	7386
11.3450	7417
11.3500	7019
11.3550	7003
11.3600	6691
11.3650	6996
11.3700	7216
11.3750	6810
11.3800	7361
11.3850	7053
11.3900	7532
11.3950	7467
11.4000	7347
11.4050	6911
11.4100	6869
11.4150	7324
11.4200	6649
11.4250	7423
11.4300	7351
11.4350	7448
11.4400	6796
11.4450	6813
11.4500	7396
11.4550	7157
11.4600	7063
11.4650	7392
11.4700	7453
11.4750	7506
11.4800	6748
11.4850	7318
11.4900	6890
11.4950	7309
11.5000	7503
11.5050	7294
11.5100	7271
11.5150	6990
11.5200	7193
11.5250	6971
11.5300	7077
11.5350	7305
11.5400	7417
11.5450	7538
11.5500	7214
11.5550	7060
11.5600	7082
11.5650	7260
11.5700	7491
11.5750	7383
11.5800	7488
11.5850	7020
11.5900	7076
11.5950	7437
11.6000	6894
11.6050	7373
11.6100	7454
11.6150	7355
11.6200	6638
11.6250	7055
11.6300	7352
11.6350	7642
11.6400	7597
11.6450	7503
11.6500	7539
11.6550	7301
11.6600	6794
11.6650	7310
11.6700	6817
11.6750	6553
11.6800	7412
11.6850	6831
11.6900	6990
11.6950	6776
11.7000	6652
11.7050	6777
11.7100	7450
11.7150	6580
11.7200	6890
11.7250	7429
11.7300	6735
11.7350	6886
11.7400	7040
11.7450	7407
11.7500	7493
11.7550	7544
11.7600	7476
11.7650	6664
11.7700	6738
11.7750	6886
11.7800	7281
11.7850	6667
11.7900	6716
11.7950	7474
11.8000	6507
11.8050	7061
11.8100	6958
11.8150	7603
11.8200	7236
11.8250	7500
11.8300	7026
11.8350	6769
11.8400	6729
11.8450	6905
11.8500	7281
11.8550	6608
11.8600	7190
11.8650	7088
11.8700	6596
11.8750	7401
11.8800	7529
11.8850	7466
11.8900	7585
11.8950	7303
11.9000	7073
11.9050	6986
11.9100	7261
11.9150	6769
11.9200	7234
11.9250	7335
11.9300	6947
11.9350	7226
11.9400	7258
11.9450	7500
11.9500	7486
11.9550	7018
11.9600	7364
11.9650	7452
11.9700	7308
11.9750	6829
11.9800	7328
11.9850	7270
11.9900	7447
11.9950	7508
12.0000	7722
12.0050	7089
12.0100	7367
12.0150	7051
12.0200	7324
12.0250	7435
12.0300	7343
12.0350	7430
12.0400	7402
12.0450	6921
12.0500	7159
12.0550	7491
12.0600	7343
12.0650	7622
12.0700	7355
12.0750	7282
12.0800	6827
12.0850	7322
12.0900	7599
12.0950	7411
12.1000	7371
12.1050	7531
12.1100	7389
12.1150	6835
12.1200	7426
12.1250	7364
12.1300	7364
12.1350	7446
12.1400	7215
12.1450	7382
12.1500	6939
12.1550	6830
12.1600	7404
12.1650	7351
12.1700	7415
12.1750	7486
12.1800	7451
12.1850	6713
12.1900	7381
12.1950	7223
12.2000	7534
12.2050	7495
12.2100	7320
12.2150	6767
12.2200	7357
12.2250	6818
12.2300	7326
12.2350	7562
12.2400	7387
12.2450	7457
12.2500	7409
12.2550	7172
12.2600	6949
12.2650	6976
12.2700	7166
12.2750	7103
12.2800	6878
12.2850	6671
12.2900	7294
12.2950	6820
12.3000	7616
12.3050	7277
12.3100	7319
12.3150	6769
12.3200	7266
12.3250	7326
12.3300	6624
12.3350	7437
12.3400	6783
12.3450	7082
12.3500	6779
12.3550	7522
12.3600	7234
12.3650	6830
12.3700	7187
12.3750	7229
12.3800	7245
12.3850	6731
12.3900	7403
12.3950	7150
12.4000	6798
12.4050	6742
12.4100	7332
12.4150	7398
12.4200	6611
12.4250	7596
12.4300	7283
12.4350	6629
12.4400	6909
12.4450	7500
12.4500	7396
12.4550	7008
12.4600	7319
12.4650	6569
12.4700	6863
12.4750	6780
12.4800	7272
12.4850	6925
12.4900	7052
12.4950	7406
12.5000	7297
12.5050	7231
12.5100	7040
12.5150	7524
12.5200	7191
12.5250	6853
12.5300	7228
12.5350	7448
12.5400	7476
12.5450	7364
12.5500	7240
12.5550	7039
12.5600	7056
12.5650	7047
12.5700	7378
12.5750	7258
12.5800	6956
12.5850	7340
12.5900	6929
12.5950	7420
12.6000	7526
12.6050	7589
12.6100	7525
12.6150	6925
12.6200	7354
12.6250	7436
12.6300	7033
12.6350	7549
12.6400	7373
12.6450	7042
12.6500	7591
12.6550	7409
12.6600	7467
12.6650	7189
12.6700	7049
12.6750	7398
12.6800	7565
12.6850	7062
12.6900	7358
12.6950	7367
12.7000	7263
12.7050	7406
12.7100	6848
12.7150	7367
12.7200	7418
12.7250	7614
12.7300	7291
12.7350	7443
12.7400	7189
12.7450	7482
12.7500	7179
12.7550	7020
12.7600	7444
12.7650	7557
12.7700	7189
12.7750	6986
12.7800	7400
12.7850	6850
12.7900	6991
12.7950	7384
12.8000	7659
12.8050	7428
12.8100	6987
12.8150	7632
12.8200	6945
12.8250	6589
12.8300	7314
12.8350	7034
12.8400	7484
12.8450	7285
12.8500	7332
12.8550	7000
12.8600	6672
12.8650	6751
12.8700	6853
12.8750	7485
12.8800	7440
12.8850	7199
12.8900	6948
12.8950	6593
12.9000	7234
12.9050	7367
12.9100	7410
12.9150	7471
12.9200	7477
12.9250	6996
12.9300	6972
12.9350	6664
12.9400	7346
12.9450	7303
12.9500	7176
12.9550	7072
12.9600	7026
12.9650	6954
12.9700	6738
12.9750	7197
12.9800	7343
12.9850	6736
12.9900	7425
12.9950	6763
13.0000	6629
13.0050	6664
13.0100	7493
13.0150	7277
13.0200	7226
13.0250	7269
13.0300	6859
13.0350	6945
13.0400	6687
13.0450	7410
13.0500	7159
13.0550	6951
13.0600	7593
13.0650	6620
13.0700	7325
13.0750	6749
13.0800	7454
13.0850	7030
13.0900	6649
13.0950	7352
13.1000	7285
13.1050	7395
13.1100	6866
13.1150	7022
13.1200	6808
13.1250	6904
13.1300	7178
13.1350	7138
13.1400	7278
13.1450	6707
13.1500	7538
13.1550	6800
13.1600	6688
13.1650	7210
13.1700	7395
13.1750	7298
13.1800	6631
13.1850	7195
13.1900	7344
13.1950	6714
13.2000	7436
13.2050	7399
13.2100	7354
13.2150	7375
13.2200	7250
13.2250	7115
13.2300	6780
13.2350	7106
13.2400	7596
13.2450	7374
13.2500	7553
13.2550	7162
13.2600	7450
13.2650	6749
13.2700	7134
13.2750	7495
13.2800	7610
13.2850	7476
13.2900	7519
13.2950	6793
13.3000	6703
13.3050	7327
13.3100	7456
13.3150	7498
13.3200	7468
13.3250	7587
13.3300	7244
13.3350	6568
13.3400	6644
13.3450	7359
13.3500	7679
13.3550	7181
13.3600	7277
13.3650	7339
13.3700	7157
13.3750	7014
13.3800	7308
13.3850	7307
13.3900	7427
13.3950	7130
13.4000	7288
13.4050	6766
13.4100	6749
13.4150	6799
13.4200	7133
13.4250	7409
13.4300	7649
13.4350	7042
13.4400	7438
13.4450	6724
13.4500	7131
13.4550	7043
13.4600	7200
13.4650	7710
13.4700	7255
13.4750	7356
13.4800	6641
13.4850	6790
13.4900	7567
13.4950	6932
13.5000	7366
13.5050	6876
13.5100	7591
13.5150	6675
13.5200	6982
13.5250	7375
13.5300	6798
13.5350	7340
13.5400	6591
13.5450	7361
13.5500	6791
13.5550	6997
13.5600	7320
13.5650	6650
13.5700	6610
13.5750	6749
13.5800	7276
13.5850	6792
13.5900	7262
13.5950	7463
13.6000	6746
13.6050	6894
13.6100	7232
13.6150	7130
13.6200	6906
13.6250	6811
13.6300	7243
13.6350	6597
13.6400	6777
13.6450	6876
13.6500	7232
13.6550	6678
13.6600	7224
13.6650	7467
13.6700	6722
13.6750	6755
13.6800	7315
13.6850	6926
13.6900	7014
13.6950	7389
13.7000	7385
13.7050	6592
13.7100	6751
13.7150	7394
13.7200	6970
13.7250	7473
13.7300	7505
13.7350	7276
13.7400	6751
13.7450	6632
13.7500	7379
13.7550	7442
13.7600	7442
13.7650	7476
13.7700	7295
13.7750	7231
13.7800	6679
13.7850	7070
13.7900	7673
13.7950	7179
13.8000	7511
13.8050	7283
13.8100	6945
13.8150	6986
13.8200	6753
13.8250	7492
13.8300	7445
13.8350	6957
13.8400	7432
13.8450	7398
13.8500	6757
13.8550	6812
13.8600	6995
13.8650	7167
13.8700	7577
13.8750	7351
13.8800	7286
13.8850	7121
13.8900	7073
13.8950	7185
13.9000	6970
13.9050	7361
13.9100	7608
13.9150	7126
13.9200	7330
13.9250	6872
13.9300	7128
13.9350	7377
13.9400	7195
13.9450	7138
13.9500	7033
13.9550	7189
13.9600	7465
13.9650	7341
13.9700	7526
13.9750	6760
13.9800	7510
13.9850	7394
13.9900	6607
13.9950	7474
14.0000	7221
14.0050	7392
14.0100	7396
14.0150	7158
14.0200	7144
14.0250	6843
14.0300	6635
14.0350	7613
14.0400	7390
14.0450	6685
14.0500	7553
14.0550	7126
14.0600	6624
14.0650	6953
14.0700	7163
14.0750	7462
14.0800	7234
14.0850	7308
14.0900	7186
14.0950	7023
14.1000	7005
14.1050	7306
14.1100	6964
14.1150	7418
14.1200	7655
14.1250	7383
14.1300	6626
14.1350	6740
14.1400	7467
14.1450	7304
14.1500	6807
14.1550	7331
14.1600	7269
14.1650	6583
14.1700	6611
14.1750	7381
14.1800	7168
14.1850	6746
14.1900	7402
14.1950	7218
14.2000	6951
14.2050	6543
14.2100	7165
14.2150	7318
14.2200	6638
14.2250	6699
14.2300	7465
14.2350	7415
14.2400	6796
14.2450	7296
14.2500	7339
14.2550	6637
14.2600	7308
14.2650	7602
14.2700	6926
14.2750	6836
14.2800	7358
14.2850	7237
14.2900	6585
14.2950	6979
14.3000	7432
14.3050	6826
14.3100	6631
14.3150	7103
14.3200	7583
14.3250	7210
14.3300	6921
14.3350	7359
14.3400	7508
14.3450	6727
14.3500	7227
14.3550	7501
14.3600	6908
14.3650	7370
14.3700	7384
14.3750	7148
14.3800	7194
14.3850	7267
14.3900	7550
14.3950	6998
14.4000	6950
14.4050	7622
14.4100	7176
14.4150	7215
14.4200	7145
14.4250	7420
14.4300	7409
14.4350	7255
14.4400	6912
14.4450	7114
14.4500	6967
14.4550	7556
14.4600	7504
14.4650	7280
14.4700	7441
14.4750	7529
14.4800	7162
14.4850	7222
14.4900	7272
14.4950	7278
14.5000	7510
14.5050	7459
14.5100	7530
14.5150	7256
14.5200	6806
14.5250	7005
14.5300	7475
14.5350	7374
14.5400	7274
14.5450	7427
14.5500	7533
14.5550	6656
14.5600	7089
14.5650	7268
14.5700	7291
14.5750	7391
14.5800	7266
14.5850	7139
14.5900	6763
14.5950	7004
14.6000	7406
14.6050	7293
14.6100	7183
14.6150	7245
14.6200	7151
14.6250	7177
14.6300	6780
14.6350	7423
14.6400	7269
14.6450	7185
14.6500	6998
14.6550	6819
14.6600	6662
14.6650	7198
14.6700	7321
14.6750	7369
14.6800	7468
14.6850	7540
14.6900	6630
14.6950	6665
14.7000	6802
14.7050	7436
14.7100	7452
14.7150	7439
14.7200	7353
14.7250	7102
14.7300	7387
14.7350	6568
14.7400	7332
14.7450	7449
14.7500	7304
14.7550	7027
14.7600	6584
14.7650	6890
14.7700	6919
14.7750	7618
14.7800	7591
14.7850	7480
14.7900	7332
14.7950	6742
14.8000	7422
14.8050	6951
14.8100	7438
14.8150	7623
14.8200	6862
14.8250	7153
14.8300	6687
14.8350	7575
14.8400	6649
14.8450	6904
14.8500	7332
14.8550	7233
14.8600	7375
14.8650	6617
14.8700	7307
14.8750	6641
14.8800	7322
14.8850	7249
14.8900	6798
14.8950	7446
14.9000	6598
14.9050	7366
14.9100	7505
14.9150	6809
14.9200	6944
14.9250	6886
14.9300	7108
14.9350	6641
14.9400	6769
14.9450	7404
14.9500	7142
14.9550	7146
14.9600	6701
14.9650	7237
14.9700	7337
14.9750	7324
14.9800	7298
14.9850	7231
14.9900	7014
14.9950	6904
15.0000	7076
15.0050	7426
15.0100	7108
15.0150	7562
15.0200	7465
15.0250	7145
15.0300	6998
15.0350	6590
15.0400	7346
15.0450	7040
15.0500	7457
15.0550	7311
15.0600	7490
15.0650	6795
15.0700	6831
15.0750	7385
15.0800	7277
15.0850	7337
15.0900	7499
15.0950	7356
15.1000	6791
15.1050	6515
15.1100	7356
15.1150	7527
15.1200	7336
15.1250	7262
15.1300	7547
15.1350	7434
15.1400	6777
15.1450	7201
15.1500	7304
15.1550	7353
15.1600	7094
15.1650	6891
15.1700	6839
15.1750	6925
15.1800	7387
15.1850	7066
15.1900	7038
15.1950	7352
15.2000	7021
15.2050	7434
15.2100	6560
15.2150	7450
15.2200	7164
15.2250	6749
15.2300	7451
15.2350	6584
15.2400	7329
15.2450	6877
15.2500	7457
15.2550	7469
15.2600	6701
15.2650	7354
15.2700	6689
15.2750	7455
15.2800	6838
15.2850	7383
15.2900	6935
15.2950	6859
15.3000	6922
15.3050	6569
15.3100	7283
15.3150	7109
15.3200	7554
15.3250	7182
15.3300	7028
15.3350	7282
15.3400	6862
15.3450	6923
15.3500	6853
15.3550	7502
15.3600	7321
15.3650	6711
15.3700	7087
15.3750	6661
15.3800	7289
15.3850	7309
15.3900	7278
15.3950	7227
15.4000	7048
15.4050	6866
15.4100	6997
15.4150	7089
15.4200	7307
15.4250	7508
15.4300	7264
15.4350	7367
15.4400	6484
15.4450	7457
15.4500	7315
15.4550	7106
15.4600	7599
15.4650	7148
15.4700	7395
15.4750	7019
15.4800	7300
15.4850	7294
15.4900	7229
15.4950	7625
15.5000	7396
15.5050	7319
15.5100	7008
15.5150	7494
15.5200	7562
15.5250	6964
15.5300	7246
15.5350	7551
15.5400	7341
15.5450	6922
15.5500	7449
15.5550	7535
15.5600	6942
15.5650	7183
15.5700	7168
15.5750	7201
15.5800	7419
15.5850	7654
15.5900	7445
15.5950	7189
15.6000	6675
15.6050	7540
15.6100	6990
15.6150	7564
15.6200	7254
15.6250	7386
15.6300	7498
15.6350	6703
15.6400	7516
15.6450	7092
15.6500	7006
15.6550	7525
15.6600	7502
15.6650	7257
15.6700	7547
15.6750	7133
15.6800	7011
15.6850	7144
15.6900	7305
15.6950	7127
15.7000	7369
15.7050	7269
15.7100	7370
15.7150	6685
15.7200	6805
15.7250	7340
15.7300	7469
15.7350	7376
15.7400	7292
15.7450	7465
15.7500	7076
15.7550	6637
15.7600	7375
15.7650	6812
15.7700	7445
15.7750	7261
15.7800	7375
15.7850	6949
15.7900	6796
15.7950	7230
15.8000	7352
15.8050	7195
15.8100	7723
15.8150	7400
15.8200	7341
15.8250	6820
15.8300	6815
15.8350	7120
15.8400	7132
15.8450	7255
15.8500	6777
15.8550	7464
15.8600	6695
15.8650	7110
15.8700	7509
15.8750	7364
15.8800	7411
15.8850	7374
15.8900	6520
15.8950	6770
15.9000	6782
15.9050	6716
15.9100	7234
15.9150	7048
15.9200	7311
15.9250	7060
15.9300	7497
15.9350	6602
15.9400	7382
15.9450	7138
15.9500	6688
15.9550	7196
15.9600	6537
15.9650	6933
15.9700	7094
15.9750	7335
15.9800	7178
15.9850	7233
15.9900	7547
15.9950	6584
16.0000	7512
16.0050	6581
16.0100	7468
16.0150	7444
16.0200	6663
16.0250	7667
16.0300	6675
16.0350	7497
16.0400	7185
16.0450	7415
16.0500	7603
16.0550	6903
16.0600	7623
16.0650	6842
16.0700	7337
16.0750	7441
16.0800	7515
16.0850	7276
16.0900	6855
16.0950	7429
16.1000	7547
16.1050	7157
16.1100	7277
16.1150	7044
16.1200	7524
16.1250	6741
16.1300	7587
16.1350	7208
16.1400	7165
16.1450	7200
16.1500	6903
16.1550	7423
16.1600	6690
16.1650	7600
16.1700	7426
16.1750	7175
16.1800	7442
16.1850	7337
16.1900	7662
16.1950	7025
16.2000	6963
16.2050	7531
16.2100	7441
16.2150	7606
16.2200	7172
16.2250	7197
16.2300	7385
16.2350	7392
16.2400	7038
16.2450	7479
16.2500	7297
16.2550	7287
16.2600	7036
16.2650	7138
16.2700	7613
16.2750	7195
16.2800	7157
16.2850	7227
16.2900	7304
16.2950	7561
16.3000	7529
16.3050	7009
16.3100	7368
16.3150	7154
16.3200	7308
16.3250	7089
16.3300	7265
16.3350	7044
16.3400	7476
16.3450	7417
16.3500	7416
16.3550	7382
16.3600	7561
16.3650	6803
16.3700	7419
16.3750	7507
16.3800	7289
16.3850	7222
16.3900	7016
16.3950	7610
16.4000	7128
16.4050	7243
16.4100	7363
16.4150	7619
16.4200	7378
16.4250	7060
16.4300	6985
16.4350	6907
16.4400	7438
16.4450	7397
16.4500	7182
16.4550	7380
16.4600	6842
16.4650	7392
16.4700	7235
16.4750	7461
16.4800	7546
16.4850	7259
16.4900	7131
16.4950	6650
16.5000	6988
16.5050	6971
16.5100	7490
16.5150	7147
16.5200	6777
16.5250	7077
16.5300	7037
16.5350	6643
16.5400	7342
16.5450	7191
16.5500	6867
16.5550	6969
16.5600	6463
16.5650	6816
16.5700	7039
16.5750	7475
16.5800	7658
16.5850	7133
16.5900	7428
16.5950	6703
16.6000	7529
16.6050	6939
16.6100	7369
16.6150	7496
16.6200	6641
16.6250	7166
16.6300	7010
16.6350	7358
16.6400	7257
16.6450	7492
16.6500	7384
16.6550	6699
16.6600	7319
16.6650	6816
16.6700	7624
16.6750	7255
16.6800	7388
16.6850	7349
16.6900	6901
16.6950	7566
16.7000	6818
16.7050	7326
16.7100	7476
16.7150	7333
16.7200	7383
16.7250	6543
16.7300	7509
16.7350	7415
16.7400	7255
16.7450	7585
16.7500	7244
16.7550	7714
16.7600	6834
16.7650	7343
16.7700	7266
16.7750	7441
16.7800	6970
16.7850	7351
16.7900	7365
16.7950	7512
16.8000	7058
16.8050	7512
16.8100	7494
16.8150	7173
16.8200	6891
16.8250	7509
16.8300	7222
16.8350	7467
16.8400	7351
16.8450	7288
16.8500	7555
16.8550	7058
16.8600	7249
16.8650	7355
16.8700	7496
16.8750	7625
16.8800	7064
16.8850	7498
16.8900	7550
16.8950	7488
16.9000	7480
16.9050	7419
16.9100	7559
16.9150	7553
16.9200	7333
16.9250	7509
16.9300	7484
16.9350	7470
16.9400	7338
16.9450	7474
16.9500	7476
16.9550	7273
16.9600	7429
16.9650	7330
16.9700	7091
16.9750	7143
16.9800	7345
16.9850	7299
16.9900	7303
16.9950	7369
17.0000	7062
17.0050	7383
17.0100	6840
17.0150	7201
17.0200	7187
17.0250	6961
17.0300	7402
17.0350	7329
17.0400	7482
17.0450	7311
17.0500	7475
17.0550	7387
17.0600	6657
17.0650	7370
17.0700	6836
17.0750	7469
17.0800	7275
17.0850	7151
17.0900	7444
17.0950	6966
17.1000	7229
17.1050	7261
17.1100	7166
17.1150	6993
17.1200	7168
17.1250	7089
17.1300	6719
17.1350	7150
17.1400	7214
17.1450	7460
17.1500	6962
17.1550	6932
17.1600	7305
17.1650	7183
17.1700	6889
17.1750	7377
17.1800	7413
17.1850	7171
17.1900	7404
17.1950	7060
17.2000	7228
17.2050	7242
17.2100	7263
17.2150	7210
17.2200	7008
17.2250	7553
17.2300	6985
17.2350	7147
17.2400	7023
17.2450	6779
17.2500	7497
17.2550	6818
17.2600	7593
17.2650	6851
17.2700	6828
17.2750	7440
17.2800	7261
17.2850	7363
17.2900	7459
17.2950	7211
17.3000	7179
17.3050	7230
17.3100	6925
17.3150	7177
17.3200	7513
17.3250	7216
17.3300	6847
17.3350	7366
17.3400	7212
17.3450	7291
17.3500	7629
17.3550	7284
17.3600	7280
17.3650	7105
17.3700	7255
17.3750	7068
17.3800	7138
17.3850	7463
17.3900	7285
17.3950	7533
17.4000	7285
17.4050	7411
17.4100	7561
17.4150	7201
17.4200	7386
17.4250	6952
17.4300	7481
17.4350	6937
17.4400	7499
17.4450	7508
17.4500	7445
17.4550	7493
17.4600	6766
17.4650	7057
17.4700	6910
17.4750	7336
17.4800	7563
17.4850	7330
17.4900	7598
17.4950	7251
17.5000	7159
17.5050	7664
17.5100	6867
17.5150	7303
17.5200	7431
17.5250	7408
17.5300	7376
17.5350	6576
17.5400	7516
17.5450	7581
17.5500	7475
17.5550	7435
17.5600	7406
17.5650	7527
17.5700	6790
17.5750	7413
17.5800	7386
17.5850	7510
17.5900	7466
17.5950	7377
17.6000	6936
17.6050	6862
17.6100	7184
17.6150	7224
17.6200	7515
17.6250	6935
17.6300	7502
17.6350	7436
17.6400	7052
17.6450	7100
17.6500	7110
17.6550	7230
17.6600	6823
17.6650	7372
17.6700	7456
17.6750	6677
17.6800	7526
17.6850	7203
17.6900	7420
17.6950	7432
17.7000	7432
17.7050	7304
17.7100	6823
17.7150	6665
17.7200	6729
17.7250	6966
17.7300	6860
17.7350	7155
17.7400	7115
17.7450	6983
17.7500	6706
17.7550	7454
17.7600	6542
17.7650	7216
17.7700	7611
17.7750	6639
17.7800	7165
17.7850	6495
17.7900	7404
17.7950	7158
17.8000	7351
17.8050	7494
17.8100	6900
17.8150	7609
17.8200	6750
17.8250	7504
17.8300	7446
17.8350	7292
17.8400	7470
17.8450	6930
17.8500	7076
17.8550	7157
17.8600	7440
17.8650	7358
17.8700	7101
17.8750	7410
17.8800	7566
17.8850	7054
17.8900	7110
17.8950	7319
17.9000	7028
17.9050	7643
17.9100	7329
17.9150	7479
17.9200	6795
17.9250	7074
17.9300	7523
17.9350	7255
17.9400	7572
17.9450	7324
17.9500	7540
17.9550	7153
17.9600	7114
17.9650	7156
17.9700	7442
17.9750	7352
17.9800	7458
17.9850	7371
17.9900	6779
17.9950	7434
18.0000	7076
18.0050	7496
18.0100	7372
18.0150	7572
18.0200	7117
18.0250	6990
18.0300	6997
18.0350	7360
18.0400	7158
18.0450	7541
18.0500	7085
18.0550	7108
18.0600	7431
18.0650	7228
18.0700	7122
18.0750	7493
18.0800	7124
18.0850	7560
18.0900	7021
18.0950	7419
18.1000	7238
18.1050	7414
18.1100	7639
18.1150	7430
18.1200	7195
18.1250	6906
18.1300	7344
18.1350	7469
18.1400	7248
18.1450	7316
18.1500	7198
18.1550	7334
18.1600	7353
18.1650	7169
18.1700	7516
18.1750	7673
18.1800	7382
18.1850	7238
18.1900	6881
18.1950	7473
18.2000	7422
18.2050	7580
18.2100	7459
18.2150	7079
18.2200	7662
18.2250	6764
18.2300	7296
18.2350	7263
18.2400	7130
18.2450	7605
18.2500	7287
18.2550	7321
18.2600	6818
18.2650	7168
18.2700	7526
18.2750	7165
18.2800	6853
18.2850	7019
18.2900	7254
18.2950	7122
18.3000	7163
18.3050	7549
18.3100	6881
18.3150	6989
18.3200	6948
18.3250	6708
18.3300	7165
18.3350	7204
18.3400	7347
18.3450	6802
18.3500	6629
18.3550	7220
18.3600	6757
18.3650	7617
18.3700	7314
18.3750	7338
18.3800	7104
18.3850	6615
18.3900	7465
18.3950	7051
18.4000	7555
18.4050	7451
18.4100	7268
18.4150	7090
18.4200	7025
18.4250	7252
18.4300	7266
18.4350	7165
18.4400	6934
18.4450	7413
18.4500	7234
18.4550	6735
18.4600	6944
18.4650	7539
18.4700	7411
18.4750	7205
18.4800	6737
18.4850	7455
18.4900	6741
18.4950	7252
18.5000	7103
18.5050	7338
18.5100	7029
18.5150	7013
18.5200	7344
18.5250	6734
18.5300	6744
18.5350	7256
18.5400	7026
18.5450	7007
18.5500	6461
18.5550	7539
18.5600	7608
18.5650	6996
18.5700	7058
18.5750	6736
18.5800	7492
18.5850	6701
18.5900	6888
18.5950	7353
18.6000	7082
18.6050	7069
18.6100	6657
18.6150	7431
18.6200	6639
18.6250	7169
18.6300	7577
18.6350	7632
18.6400	6589
18.6450	6667
18.6500	7613
18.6550	7333
18.6600	7307
18.6650	7165
18.6700	7288
18.6750	7433
18.6800	6715
18.6850	6863
18.6900	7094
18.6950	7619
18.7000	7505
18.7050	7434
18.7100	6810
18.7150	6956
18.7200	6650
18.7250	7535
18.7300	6938
18.7350	7487
18.7400	7387
18.7450	7337
18.7500	6794
18.7550	6657
18.7600	7357
18.7650	6951
18.7700	7029
18.7750	7382
18.7800	7554
18.7850	7070
18.7900	7417
18.7950	7310
18.8000	7127
18.8050	7482
18.8100	7003
18.8150	7372
18.8200	7259
18.8250	6959
18.8300	6902
18.8350	7463
18.8400	7338
18.8450	7472
18.8500	6788
18.8550	7346
18.8600	6765
18.8650	6715
18.8700	7180
18.8750	7145
18.8800	7582
18.8850	6695
18.8900	6744
18.8950	6965
18.9000	6841
18.9050	7519
18.9100	6642
18.9150	6898
18.9200	6537
18.9250	6791
18.9300	6736
18.9350	7400
18.9400	7513
18.9450	6789
18.9500	6591
18.9550	7393
18.9600	6536
18.9650	7512
18.9700	6940
18.9750	7318
18.9800	6731
18.9850	6876
18.9900	7104
18.9950	7300
19.0000	7423
19.0050	7443
19.0100	7520
19.0150	7470
19.0200	6865
19.0250	7192
19.0300	7028
19.0350	7255
19.0400	7078
19.0450	7378
19.0500	6504
19.0550	6795
19.0600	7498
19.0650	7000
19.0700	7326
19.0750	7448
19.0800	7557
19.0850	7520
19.0900	7114
19.0950	7308
19.1000	7400
19.1050	6985
19.1100	7286
19.1150	7327
19.1200	7424
19.1250	6601
19.1300	6842
19.1350	6951
19.1400	7380
19.1450	7122
19.1500	7368
19.1550	7370
19.1600	6657
19.1650	7038
19.1700	6911
19.1750	6855
19.1800	6856
19.1850	6833
19.1900	7430
19.1950	6724
19.2000	7055
19.2050	6560
19.2100	6808
19.2150	7044
19.2200	7133
19.2250	7526
19.2300	7004
19.2350	7267
19.2400	6892
19.2450	6680
19.2500	7282
19.2550	6891
19.2600	7613
19.2650	7447
19.2700	6703
19.2750	6690
19.2800	6792
19.2850	6793
19.2900	7148
19.2950	7439
19.3000	7221
19.3050	7234
19.3100	6852
19.3150	6755
19.3200	7043
19.3250	7509
19.3300	7287
19.3350	7173
19.3400	7049
19.3450	7246
19.3500	7046
19.3550	6627
19.3600	7220
19.3650	7314
19.3700	7530
19.3750	7051
19.3800	7062
19.3850	6594
19.3900	6840
19.3950	7435
19.4000	7149
19.4050	6932
19.4100	7268
19.4150	7496
19.4200	6481
19.4250	6781
19.4300	7398
19.4350	7189
19.4400	7463
19.4450	7241
19.4500	7322
19.4550	7144
19.4600	7242
19.4650	7060
19.4700	7050
19.4750	7252
19.4800	6863
19.4850	7369
19.4900	7202
19.4950	6925
19.5000	6841
19.5050	7569
19.5100	7594
19.5150	6916
19.5200	7423
19.5250	7507
19.5300	6823
19.5350	6833
19.5400	7307
19.5450	6824
19.5500	7359
19.5550	7643
19.5600	7193
19.5650	6893
19.5700	6956
19.5750	7475
19.5800	7284
19.5850	6587
19.5900	7444
19.5950	7576
19.6000	6847
19.6050	7124
19.6100	7310
19.6150	6900
19.6200	7381
19.6250	7361
19.6300	7212
19.6350	6695
19.6400	6589
19.6450	7423
19.6500	7204
19.6550	6802
19.6600	7243
19.6650	7066
19.6700	6733
19.6750	7158
19.6800	7302
19.6850	7418
19.6900	6954
19.6950	7295
19.7000	7381
19.7050	6657
19.7100	7053
19.7150	7431
19.7200	6887
19.7250	7357
19.7300	7550
19.7350	7661
19.7400	7445
19.7450	7151
19.7500	7109
19.7550	6850
19.7600	7407
19.7650	7288
19.7700	7353
19.7750	6915
19.7800	7421
19.7850	7210
19.7900	7166
19.7950	6855
19.8000	7549
19.8050	7497
19.8100	7191
19.8150	7510
19.8200	7419
19.8250	6666
19.8300	7168
19.8350	7329
19.8400	7594
19.8450	7247
19.8500	7491
19.8550	7680
19.8600	6672
19.8650	7112
19.8700	7353
19.8750	7189
19.8800	7348
19.8850	7570
19.8900	7279
19.8950	6890
19.9000	6767
19.9050	7377
19.9100	7375
19.9150	6947
19.9200	7220
19.9250	7201
19.9300	7323
19.9350	6770
19.9400	6831
19.9450	7216
19.9500	7157
19.9550	7468
19.9600	7069
19.9650	7128
19.9700	6815
19.9750	6678
19.9800	7479
19.9850	7409
19.9900	7196
19.9950	7100
