0.0000	7204
0.0050	7402
0.0100	7165
0.0150	7140
0.0200	6863
0.0250	7226
0.0300	7400
0.0350	6715
0.0400	7083
0.0450	7136
0.0500	7067
0.0550	6881
0.0600	7563
0.0650	7247
0.0700	6729
0.0750	6674
0.0800	7417
0.0850	7019
0.0900	7101
0.0950	7331
0.1000	7435
0.1050	6748
0.1100	6539
0.1150	7261
0.1200	7299
0.1250	7004
0.1300	7477
0.1350	7260
0.1400	6748
0.1450	6736
0.1500	7562
0.1550	7288
0.1600	7162
0.1650	6845
0.1700	6956
0.1750	7073
0.1800	6788
0.1850	7341
0.1900	6929
0.1950	6820
0.2000	6722
0.2050	6511
0.2100	6704
0.2150	6690
0.2200	6837
0.2250	6468
0.2300	7196
0.2350	7476
0.2400	7069
0.2450	6791
0.2500	7059
0.2550	6768
0.2600	6854
0.2650	6994
0.2700	6733
0.2750	7175
0.2800	6947
0.2850	7357
0.2900	7075
0.2950	6524
0.3000	7417
0.3050	6734
0.3100	7001
0.3150	7482
0.3200	6894
0.3250	6682
0.3300	6972
0.3350	7410
0.3400	6797
0.3450	7374
0.3500	6883
0.3550	6858
0.3600	6973
0.3650	6598
0.3700	7317
0.3750	7094
0.3800	6404
0.3850	6553
0.3900	7395
0.3950	6982
0.4000	6558
0.4050	7200
0.4100	7365
0.4150	6626
0.4200	7104
0.4250	7484
0.4300	7262
0.4350	7239
0.4400	7407
0.4450	7290
0.4500	7512
0.4550	6877
0.4600	7503
0.4650	7430
0.4700	7142
0.4750	6724
0.4800	7501
0.4850	7599
0.4900	7230
0.4950	7081
0.5000	7402
0.5050	7585
0.5100	7530
0.5150	7100
0.5200	7284
0.5250	6716
0.5300	7481
0.5350	7138
0.5400	7455
0.5450	7376
0.5500	7625
0.5550	7284
0.5600	7212
0.5650	6634
0.5700	7456
0.5750	7262
0.5800	7058
0.5850	7215
0.5900	7583
0.5950	7072
0.6000	6746
0.6050	6689
0.6100	7022
0.6150	6687
0.6200	7041
0.6250	7444
0.6300	6734
0.6350	6493
0.6400	6595
0.6450	6901
0.6500	6541
0.6550	6721
0.6600	7230
0.6650	6618
0.6700	6745
0.6750	6496
0.6800	6546
0.6850	7265
0.6900	6571
0.6950	7075
0.7000	6650
0.7050	6517
0.7100	6845
0.7150	6490
0.7200	7041
0.7250	6527
0.7300	6973
0.7350	6694
0.7400	6836
0.7450	6805
0.7500	6580
0.7550	6893
0.7600	6612
0.7650	7316
0.7700	6934
0.7750	7433
0.7800	7483
0.7850	6507
0.7900	6424
0.7950	6792
0.8000	7538
0.8050	7436
0.8100	7576
0.8150	7245
0.8200	7135
0.8250	6763
0.8300	7364
0.8350	7479
0.8400	7211
0.8450	6893
0.8500	7040
0.8550	7381
0.8600	6914
0.8650	7239
0.8700	7454
0.8750	7341
0.8800	6825
0.8850	6671
0.8900	7338
0.8950	7082
0.9000	7360
0.9050	7411
0.9100	7255
0.9150	7408
0.9200	6616
0.9250	7384
0.9300	6479
0.9350	7033
0.9400	7307
0.9450	6601
0.9500	7452
0.9550	7391
0.9600	7050
0.9650	6593
0.9700	6504
0.9750	6877
0.9800	6869
0.9850	6732
0.9900	7370
0.9950	6810
1.0000	6565
1.0050	6516
1.0100	6542
1.0150	6662
1.0200	6635
1.0250	7441
1.0300	6959
1.0350	6622
1.0400	6663
1.0450	6728
1.0500	6709
1.0550	6919
1.0600	7184
1.0650	6911
1.0700	6814
1.0750	6738
1.0800	6914
1.0850	6518
1.0900	6762
1.0950	6781
1.1000	7463
1.1050	6676
1.1100	6796
1.1150	6646
1.1200	6859
1.1250	6955
1.1300	6972
1.1350	7431
1.1400	7152
1.1450	6676
1.1500	6630
1.1550	7117
1.1600	7135
1.1650	6662
1.1700	7342
1.1750	7202
1.1800	6791
1.1850	7081
1.1900	6782
1.1950	7177
1.2000	6546
1.2050	7186
1.2100	6379
1.2150	6527
1.2200	6570
1.2250	6858
1.2300	7605
1.2350	6821
1.2400	6949
1.2450	6367
1.2500	6703
1.2550	6431
1.2600	7334
1.2650	7609
1.2700	7164
1.2750	6899
1.2800	7140
1.2850	6950
1.2900	7254
1.2950	7523
1.3000	6908
1.3050	6974
1.3100	7422
1.3150	7038
1.3200	6519
1.3250	7192
1.3300	7199
1.3350	6834
1.3400	7556
1.3450	7296
1.3500	6681
1.3550	7004
1.3600	6947
1.3650	7695
1.3700	6725
1.3750	7312
1.3800	7321
1.3850	6926
1.3900	7365
1.3950	6707
1.4000	7056
1.4050	7482
1.4100	6852
1.4150	7468
1.4200	6488
1.4250	6772
1.4300	7066
1.4350	6834
1.4400	6804
1.4450	6625
1.4500	6904
1.4550	7422
1.4600	6824
1.4650	7341
1.4700	6983
1.4750	6852
1.4800	6994
1.4850	7256
1.4900	6394
1.4950	6517
1.5000	7066
1.5050	6964
1.5100	7111
1.5150	7162
1.5200	6888
1.5250	6984
1.5300	7527
1.5350	6733
1.5400	7430
1.5450	6814
1.5500	6782
1.5550	6578
1.5600	7103
1.5650	7096
1.5700	6856
1.5750	7443
1.5800	7435
1.5850	7326
1.5900	7189
1.5950	7157
1.6000	6588
1.6050	6585
1.6100	7446
1.6150	6591
1.6200	6506
1.6250	7351
1.6300	7365
1.6350	7360
1.6400	7427
1.6450	7412
1.6500	6677
1.6550	7231
1.6600	7155
1.6650	7362
1.6700	6899
1.6750	6839
1.6800	7084
1.6850	7047
1.6900	6709
1.6950	6938
1.7000	6935
1.7050	6862
1.7100	7260
1.7150	6693
1.7200	6791
1.7250	7586
1.7300	6961
1.7350	6888
1.7400	6883
1.7450	6949
1.7500	6617
1.7550	6759
1.7600	7065
1.7650	6635
1.7700	7052
1.7750	7377
1.7800	6831
1.7850	7256
1.7900	7181
1.7950	6649
1.8000	6922
1.8050	6484
1.8100	7425
1.8150	7067
1.8200	6877
1.8250	6733
1.8300	6579
1.8350	7247
1.8400	6826
1.8450	7454
1.8500	7057
1.8550	7037
1.8600	6894
1.8650	6416
1.8700	7128
1.8750	7398
1.8800	7322
1.8850	6929
1.8900	7248
1.8950	7265
1.9000	6969
1.9050	6854
1.9100	7368
1.9150	6844
1.9200	6432
1.9250	7209
1.9300	7386
1.9350	7352
1.9400	6610
1.9450	6817
1.9500	6709
1.9550	7550
1.9600	7270
1.9650	6603
1.9700	7065
1.9750	7275
1.9800	6756
1.9850	6907
1.9900	7462
1.9950	6865
2.0000	6565
2.0050	7228
2.0100	6674
2.0150	6734
2.0200	7064
2.0250	7250
2.0300	6923
2.0350	6956
2.0400	7479
2.0450	7240
2.0500	6678
2.0550	7341
2.0600	7165
2.0650	6724
2.0700	6811
2.0750	7162
2.0800	7013
2.0850	6557
2.0900	7512
2.0950	7168
2.1000	6929
2.1050	6821
2.1100	7017
2.1150	6992
2.1200	6660
2.1250	7296
2.1300	7404
2.1350	6949
2.1400	6514
2.1450	6536
2.1500	7468
2.1550	6750
2.1600	6844
2.1650	6550
2.1700	7322
2.1750	7127
2.1800	6645
2.1850	6611
2.1900	6558
2.1950	6505
2.2000	7152
2.2050	7250
2.2100	7490
2.2150	6838
2.2200	6621
2.2250	7063
2.2300	6486
2.2350	6988
2.2400	6783
2.2450	6923
2.2500	7480
2.2550	6663
2.2600	6811
2.2650	6952
2.2700	7448
2.2750	6815
2.2800	6669
2.2850	6702
2.2900	7425
2.2950	6856
2.3000	7671
2.3050	7239
2.3100	6656
2.3150	7113
2.3200	6417
2.3250	6838
2.3300	6579
2.3350	7621
2.3400	7307
2.3450	6452
2.3500	6648
2.3550	6698
2.3600	6567
2.3650	6976
2.3700	6456
2.3750	7368
2.3800	6665
2.3850	6568
2.3900	7396
2.3950	7254
2.4000	7510
2.4050	6547
2.4100	6545
2.4150	6591
2.4200	6653
2.4250	7189
2.4300	6887
2.4350	7202
2.4400	7493
2.4450	6891
2.4500	7050
2.4550	6660
2.4600	7504
2.4650	6911
2.4700	7837
2.4750	7415
2.4800	6780
2.4850	7229
2.4900	7035
2.4950	7546
2.5000	6975
2.5050	7804
2.5100	6893
2.5150	7434
2.5200	6921
2.5250	7189
2.5300	7381
2.5350	7268
2.5400	7538
2.5450	6707
2.5500	6700
2.5550	7151
2.5600	6830
2.5650	7177
2.5700	6940
2.5750	7617
2.5800	7274
2.5850	6823
2.5900	6533
2.5950	7148
2.6000	7281
2.6050	6788
2.6100	7190
2.6150	7485
2.6200	6417
2.6250	7213
2.6300	6875
2.6350	7448
2.6400	7201
2.6450	7395
2.6500	7536
2.6550	6824
2.6600	6919
2.6650	7212
2.6700	7109
2.6750	7052
2.6800	7216
2.6850	7536
2.6900	7294
2.6950	6690
2.7000	7214
2.7050	7343
2.7100	6748
2.7150	7506
2.7200	7553
2.7250	7181
2.7300	7174
2.7350	7262
2.7400	7191
2.7450	6874
2.7500	7485
2.7550	7096
2.7600	7355
2.7650	6952
2.7700	6626
2.7750	7009
2.7800	7424
2.7850	7532
2.7900	7260
2.7950	7425
2.8000	6869
2.8050	7247
2.8100	7512
2.8150	7200
2.8200	6611
2.8250	7327
2.8300	7352
2.8350	7149
2.8400	6932
2.8450	7029
2.8500	7534
2.8550	6892
2.8600	6641
2.8650	7063
2.8700	6789
2.8750	6849
2.8800	7481
2.8850	6657
2.8900	6983
2.8950	6719
2.9000	6623
2.9050	6946
2.9100	6604
2.9150	7488
2.9200	7038
2.9250	7386
2.9300	7060
2.9350	6586
2.9400	6661
2.9450	7027
2.9500	6952
2.9550	7090
2.9600	7270
2.9650	7361
2.9700	7352
2.9750	6641
2.9800	6922
2.9850	6648
2.9900	7381
2.9950	6811
3.0000	7166
3.0050	7365
3.0100	7074
3.0150	7447
3.0200	6982
3.0250	7355
3.0300	7312
3.0350	7220
3.0400	7178
3.0450	7262
3.0500	7471
3.0550	7515
3.0600	6840
3.0650	7227
3.0700	6623
3.0750	7201
3.0800	6853
3.0850	7439
3.0900	7181
3.0950	6760
3.1000	6737
3.1050	6702
3.1100	6549
3.1150	6719
3.1200	7610
3.1250	7475
3.1300	6601
3.1350	6913
3.1400	6661
3.1450	7184
3.1500	6928
3.1550	6875
3.1600	7348
3.1650	6713
3.1700	6899
3.1750	6766
3.1800	7369
3.1850	7386
3.1900	6787
3.1950	6713
3.2000	6761
3.2050	6442
3.2100	7224
3.2150	7439
3.2200	7044
3.2250	7362
3.2300	6466
3.2350	6760
3.2400	7441
3.2450	6540
3.2500	7542
3.2550	6947
3.2600	7141
3.2650	6830
3.2700	7035
3.2750	7354
3.2800	7160
3.2850	7174
3.2900	6946
3.2950	6707
3.3000	6986
3.3050	6680
3.3100	7187
3.3150	6737
3.3200	7517
3.3250	7808
3.3300	6981
3.3350	6622
3.3400	7123
3.3450	7317
3.3500	7078
3.3550	6762
3.3600	6822
3.3650	6959
3.3700	6710
3.3750	7261
3.3800	7218
3.3850	7070
3.3900	7007
3.3950	7415
3.4000	7424
3.4050	6939
3.4100	7074
3.4150	7074
3.4200	6645
3.4250	7056
3.4300	7216
3.4350	6843
3.4400	7306
3.4450	7129
3.4500	7310
3.4550	7196
3.4600	6633
3.4650	6828
3.4700	6866
3.4750	6698
3.4800	7459
3.4850	7078
3.4900	7114
3.4950	6683
3.5000	7347
3.5050	6846
3.5100	7462
3.5150	7334
3.5200	7049
3.5250	6597
3.5300	7063
3.5350	6725
3.5400	6623
3.5450	7029
3.5500	7171
3.5550	7186
3.5600	7388
3.5650	6499
3.5700	6720
3.5750	7621
3.5800	6881
3.5850	7447
3.5900	7426
3.5950	6855
3.6000	7218
3.6050	7191
3.6100	6718
3.6150	7477
3.6200	6832
3.6250	6852
3.6300	7005
3.6350	6695
3.6400	7375
3.6450	7284
3.6500	7290
3.6550	6696
3.6600	6829
3.6650	6691
3.6700	7066
3.6750	7266
3.6800	6973
3.6850	7110
3.6900	6881
3.6950	7451
3.7000	6501
3.7050	7073
3.7100	7017
3.7150	7469
3.7200	7137
3.7250	7155
3.7300	7399
3.7350	7161
3.7400	7127
3.7450	6577
3.7500	7649
3.7550	7475
3.7600	7447
3.7650	6609
3.7700	7371
3.7750	7346
3.7800	7265
3.7850	6630
3.7900	7413
3.7950	7423
3.8000	6778
3.8050	6544
3.8100	7007
3.8150	6564
3.8200	6771
3.8250	6864
3.8300	7502
3.8350	6796
3.8400	6662
3.8450	6757
3.8500	6626
3.8550	7031
3.8600	7266
3.8650	7379
3.8700	7278
3.8750	6619
3.8800	6983
3.8850	6622
3.8900	6649
3.8950	7595
3.9000	7299
3.9050	6973
3.9100	6669
3.9150	7394
3.9200	7380
3.9250	6653
3.9300	6971
3.9350	7344
3.9400	7593
3.9450	6768
3.9500	6779
3.9550	7125
3.9600	7463
3.9650	6877
3.9700	7064
3.9750	6663
3.9800	6510
3.9850	6525
3.9900	6793
3.9950	7385
4.0000	7287
4.0050	6563
4.0100	6678
4.0150	6493
4.0200	6667
4.0250	6669
4.0300	7285
4.0350	7664
4.0400	6724
4.0450	6712
4.0500	7109
4.0550	6662
4.0600	6581
4.0650	6664
4.0700	7465
4.0750	6696
4.0800	6558
4.0850	7375
4.0900	6708
4.0950	7022
4.1000	6450
4.1050	6723
4.1100	6464
4.1150	6649
4.1200	7117
4.1250	7348
4.1300	7036
4.1350	7165
4.1400	6998
4.1450	7155
4.1500	7207
4.1550	7527
4.1600	7358
4.1650	6502
4.1700	6522
4.1750	6799
4.1800	7427
4.1850	7292
4.1900	6706
4.1950	7438
4.2000	6613
4.2050	6939
4.2100	6510
4.2150	7384
4.2200	6845
4.2250	7192
4.2300	7373
4.2350	6649
4.2400	6681
4.2450	6913
4.2500	6785
4.2550	7502
4.2600	6948
4.2650	6561
4.2700	6731
4.2750	6946
4.2800	7474
4.2850	6609
4.2900	7307
4.2950	7233
4.3000	6703
4.3050	7162
4.3100	6841
4.3150	7465
4.3200	6608
4.3250	7334
4.3300	7225
4.3350	6684
4.3400	6670
4.3450	7435
4.3500	7160
4.3550	6632
4.3600	6557
4.3650	7522
4.3700	6554
4.3750	6637
4.3800	7126
4.3850	6958
4.3900	7477
4.3950	6526
4.4000	6853
4.4050	7144
4.4100	6638
4.4150	6886
4.4200	7548
4.4250	7197
4.4300	7335
4.4350	6881
4.4400	6715
4.4450	6862
4.4500	6446
4.4550	7501
4.4600	7439
4.4650	7484
4.4700	6536
4.4750	7364
4.4800	7328
4.4850	6694
4.4900	7304
4.4950	7475
4.5000	7335
4.5050	6605
4.5100	7110
4.5150	7313
4.5200	7164
4.5250	6513
4.5300	7391
4.5350	7185
4.5400	6688
4.5450	6886
4.5500	7425
4.5550	7405
4.5600	6595
4.5650	7113
4.5700	7332
4.5750	7249
4.5800	6681
4.5850	6938
4.5900	7491
4.5950	7334
4.6000	7122
4.6050	6748
4.6100	7268
4.6150	7420
4.6200	6985
4.6250	7200
4.6300	7156
4.6350	6744
4.6400	6914
4.6450	6669
4.6500	7504
4.6550	6652
4.6600	7345
4.6650	7115
4.6700	6683
4.6750	6589
4.6800	6624
4.6850	7379
4.6900	6931
4.6950	7367
4.7000	7191
4.7050	6598
4.7100	6817
4.7150	6553
4.7200	7410
4.7250	7476
4.7300	7073
4.7350	6742
4.7400	6832
4.7450	6735
4.7500	6703
4.7550	7142
4.7600	7173
4.7650	6595
4.7700	6750
4.7750	6582
4.7800	6954
4.7850	6541
4.7900	7461
4.7950	7211
4.8000	6785
4.8050	6559
4.8100	6905
4.8150	6787
4.8200	6538
4.8250	7046
4.8300	7327
4.8350	6764
4.8400	6828
4.8450	7264
4.8500	6717
4.8550	6809
4.8600	7330
4.8650	7149
4.8700	6797
4.8750	6757
4.8800	6577
4.8850	6840
4.8900	6531
4.8950	6738
4.9000	7361
4.9050	6701
4.9100	6757
4.9150	6568
4.9200	6663
4.9250	6635
4.9300	6813
4.9350	7247
4.9400	6412
4.9450	6860
4.9500	7184
4.9550	6681
4.9600	6738
4.9650	6575
4.9700	6934
4.9750	6630
4.9800	6711
4.9850	6933
4.9900	6795
4.9950	6690
5.0000	6664
5.0050	6776
5.0100	6688
5.0150	7033
5.0200	7345
5.0250	6983
5.0300	6474
5.0350	6709
5.0400	7113
5.0450	6608
5.0500	6733
5.0550	6890
5.0600	6731
5.0650	7357
5.0700	6794
5.0750	6903
5.0800	7132
5.0850	6745
5.0900	7060
5.0950	6604
5.1000	6587
5.1050	7418
5.1100	7526
5.1150	7264
5.1200	6643
5.1250	6778
5.1300	6520
5.1350	6918
5.1400	7278
5.1450	7210
5.1500	7361
5.1550	6513
5.1600	6636
5.1650	6704
5.1700	6663
5.1750	7093
5.1800	7347
5.1850	7015
5.1900	6647
5.1950	6569
5.2000	6822
5.2050	6595
5.2100	6527
5.2150	7306
5.2200	7490
5.2250	6617
5.2300	6626
5.2350	6788
5.2400	6625
5.2450	6787
5.2500	7295
5.2550	7440
5.2600	6543
5.2650	6648
5.2700	6692
5.2750	6550
5.2800	6631
5.2850	7209
5.2900	7326
5.2950	6645
5.3000	6669
5.3050	6657
5.3100	6784
5.3150	6917
5.3200	7148
5.3250	7128
5.3300	6621
5.3350	6837
5.3400	6731
5.3450	7025
5.3500	6976
5.3550	7214
5.3600	7436
5.3650	6567
5.3700	6656
5.3750	6671
5.3800	6822
5.3850	7376
5.3900	6703
5.3950	7224
5.4000	6869
5.4050	6957
5.4100	6745
5.4150	6860
5.4200	7383
5.4250	6756
5.4300	7217
5.4350	7396
5.4400	6612
5.4450	6845
5.4500	6604
5.4550	7048
5.4600	6750
5.4650	7366
5.4700	7432
5.4750	6975
5.4800	6710
5.4850	6643
5.4900	7215
5.4950	6640
5.5000	7644
5.5050	7414
5.5100	7245
5.5150	7413
5.5200	6711
5.5250	6597
5.5300	6610
5.5350	7564
5.5400	7363
5.5450	7119
5.5500	7011
5.5550	7187
5.5600	6666
5.5650	6728
5.5700	6930
5.5750	7464
5.5800	7323
5.5850	6681
5.5900	7203
5.5950	6495
5.6000	6903
5.6050	7233
5.6100	7428
5.6150	7332
5.6200	6718
5.6250	6699
5.6300	6621
5.6350	6778
5.6400	6854
5.6450	7517
5.6500	6873
5.6550	7016
5.6600	6481
5.6650	6721
5.6700	6779
5.6750	6538
5.6800	7171
5.6850	6980
5.6900	6691
5.6950	7363
5.7000	6659
5.7050	7260
5.7100	6526
5.7150	6644
5.7200	6965
5.7250	6730
5.7300	7030
5.7350	6719
5.7400	7114
5.7450	6620
5.7500	6680
5.7550	6589
5.7600	6738
5.7650	7525
5.7700	6679
5.7750	6557
5.7800	6707
5.7850	7030
5.7900	6620
5.7950	7105
5.8000	7236
5.8050	7034
5.8100	6715
5.8150	7215
5.8200	7085
5.8250	7022
5.8300	6731
5.8350	7549
5.8400	6533
5.8450	6628
5.8500	6840
5.8550	7106
5.8600	6865
5.8650	6359
5.8700	7149
5.8750	7184
5.8800	6580
5.8850	7357
5.8900	7340
5.8950	6599
5.9000	6507
5.9050	7003
5.9100	6638
5.9150	6693
5.9200	7455
5.9250	7548
5.9300	6829
5.9350	6623
5.9400	7160
5.9450	6751
5.9500	6959
5.9550	7312
5.9600	7500
5.9650	6904
5.9700	6652
5.9750	6866
5.9800	6717
5.9850	7445
5.9900	6754
5.9950	6993
6.0000	7089
6.0050	6655
6.0100	7245
6.0150	6584
6.0200	7167
6.0250	6722
6.0300	6833
6.0350	7608
6.0400	6782
6.0450	6845
6.0500	7403
6.0550	7288
6.0600	7351
6.0650	6732
6.0700	6601
6.0750	7311
6.0800	7115
6.0850	7235
6.0900	6688
6.0950	7407
6.1000	6857
6.1050	6887
6.1100	6628
6.1150	7366
6.1200	7352
6.1250	6757
6.1300	6722
6.1350	6410
6.1400	6684
6.1450	6720
6.1500	6566
6.1550	7653
6.1600	7144
6.1650	7183
6.1700	6574
6.1750	6583
6.1800	6675
6.1850	6644
6.1900	7111
6.1950	6989
6.2000	6363
6.2050	6568
6.2100	6705
6.2150	6991
6.2200	6659
6.2250	6978
6.2300	7538
6.2350	6557
6.2400	6453
6.2450	6565
6.2500	6691
6.2550	7611
6.2600	7332
6.2650	7280
6.2700	6785
6.2750	6580
6.2800	6742
6.2850	6597
6.2900	6693
6.2950	7447
6.3000	7526
6.3050	6645
6.3100	7121
6.3150	6711
6.3200	6697
6.3250	6804
6.3300	7106
6.3350	7331
6.3400	6994
6.3450	6712
6.3500	7181
6.3550	6601
6.3600	6900
6.3650	7413
6.3700	7210
6.3750	6954
6.3800	6719
6.3850	6580
6.3900	6859
6.3950	6748
6.4000	7303
6.4050	7324
6.4100	6600
6.4150	6988
6.4200	6691
6.4250	6916
6.4300	6464
6.4350	7025
6.4400	7270
6.4450	6647
6.4500	7050
6.4550	7137
6.4600	7087
6.4650	6736
6.4700	7138
6.4750	6714
6.4800	6683
6.4850	7550
6.4900	7494
6.4950	6582
6.5000	7339
6.5050	6804
6.5100	7268
6.5150	6950
6.5200	6914
6.5250	7563
6.5300	6550
6.5350	6747
6.5400	6625
6.5450	7212
6.5500	6662
6.5550	6529
6.5600	7403
6.5650	6694
6.5700	6756
6.5750	6629
6.5800	6855
6.5850	6395
6.5900	6801
6.5950	7403
6.6000	6770
6.6050	6836
6.6100	6890
6.6150	6621
6.6200	6595
6.6250	7117
6.6300	7427
6.6350	6653
6.6400	6608
6.6450	6813
6.6500	6981
6.6550	6606
6.6600	6611
6.6650	7522
6.6700	7495
6.6750	6677
6.6800	6552
6.6850	6819
6.6900	6669
6.6950	6759
6.7000	7359
6.7050	7517
6.7100	6635
6.7150	6506
6.7200	6624
6.7250	6759
6.7300	6883
6.7350	6705
6.7400	7409
6.7450	6886
6.7500	6745
6.7550	7175
6.7600	7080
6.7650	6558
6.7700	6669
6.7750	7367
6.7800	6894
6.7850	6692
6.7900	6448
6.7950	6954
6.8000	6660
6.8050	6582
6.8100	7465
6.8150	7210
6.8200	6698
6.8250	6610
6.8300	6608
6.8350	6574
6.8400	6755
6.8450	7377
6.8500	7291
6.8550	6489
6.8600	7074
6.8650	6919
6.8700	7005
6.8750	6783
6.8800	7208
6.8850	6999
6.8900	6631
6.8950	7275
6.9000	7167
6.9050	6970
6.9100	6588
6.9150	6985
6.9200	7004
6.9250	6658
6.9300	6908
6.9350	6756
6.9400	6621
6.9450	6594
6.9500	6842
6.9550	7100
6.9600	6714
6.9650	7353
6.9700	6788
6.9750	6659
6.9800	7156
6.9850	6629
6.9900	6625
6.9950	6820
7.0000	7478
7.0050	7272
7.0100	6531
7.0150	6643
7.0200	7379
7.0250	6677
7.0300	6744
7.0350	7136
7.0400	7177
7.0450	6682
7.0500	6804
7.0550	7234
7.0600	6678
7.0650	6801
7.0700	7217
7.0750	7301
7.0800	7053
7.0850	6590
7.0900	7189
7.0950	6529
7.1000	6519
7.1050	7135
7.1100	7154
7.1150	6877
7.1200	6853
7.1250	7180
7.1300	6826
7.1350	6847
7.1400	7138
7.1450	7030
7.1500	6692
7.1550	6749
7.1600	7414
7.1650	6911
7.1700	7253
7.1750	6988
7.1800	7263
7.1850	6673
7.1900	6506
7.1950	6760
7.2000	6704
7.2050	7017
7.2100	6569
7.2150	7370
7.2200	6745
7.2250	6743
7.2300	6820
7.2350	6939
7.2400	6872
7.2450	6649
7.2500	7407
7.2550	7016
7.2600	6717
7.2650	6537
7.2700	6998
7.2750	6644
7.2800	6567
7.2850	7298
7.2900	6979
7.2950	6587
7.3000	6710
7.3050	6632
7.3100	6457
7.3150	6852
7.3200	7465
7.3250	7272
7.3300	6513
7.3350	6596
7.3400	6870
7.3450	6726
7.3500	6914
7.3550	7335
7.3600	7341
7.3650	6683
7.3700	6411
7.3750	6791
7.3800	6757
7.3850	6691
7.3900	7300
7.3950	7327
7.4000	6739
7.4050	6894
7.4100	7030
7.4150	6804
7.4200	6837
7.4250	6960
7.4300	7248
7.4350	6975
7.4400	6548
7.4450	6603
7.4500	6808
7.4550	7114
7.4600	6459
7.4650	7205
7.4700	6996
7.4750	7053
7.4800	6699
7.4850	6910
7.4900	6632
7.4950	6619
7.5000	7427
7.5050	7371
7.5100	6506
7.5150	7158
7.5200	6778
7.5250	7225
7.5300	6744
7.5350	7138
7.5400	7432
7.5450	6901
7.5500	7036
7.5550	6681
7.5600	7328
7.5650	6660
7.5700	6998
7.5750	6850
7.5800	7263
7.5850	7415
7.5900	6713
7.5950	6758
7.6000	6985
7.6050	6756
7.6100	7200
7.6150	7017
7.6200	7399
7.6250	6532
7.6300	7072
7.6350	6592
7.6400	6483
7.6450	6809
7.6500	7311
7.6550	7422
7.6600	7100
7.6650	6930
7.6700	6497
7.6750	6722
7.6800	6732
7.6850	7312
7.6900	7248
7.6950	6800
7.7000	6771
7.7050	6715
7.7100	6653
7.7150	6559
7.7200	6820
7.7250	7486
7.7300	7076
7.7350	6669
7.7400	6578
7.7450	6743
7.7500	6617
7.7550	6850
7.7600	7364
7.7650	7401
7.7700	6835
7.7750	6958
7.7800	6629
7.7850	6840
7.7900	6850
7.7950	7569
7.8000	7493
7.8050	6586
7.8100	7357
7.8150	6657
7.8200	6740
7.8250	6627
7.8300	6908
7.8350	7525
7.8400	6788
7.8450	6965
7.8500	6650
7.8550	6720
7.8600	7046
7.8650	7030
7.8700	7350
7.8750	7210
7.8800	6812
7.8850	7133
7.8900	6644
7.8950	6762
7.9000	6635
7.9050	7392
7.9100	7417
7.9150	7074
7.9200	6824
7.9250	6688
7.9300	7423
7.9350	6632
7.9400	7319
7.9450	7525
7.9500	6648
7.9550	7322
7.9600	7076
7.9650	6933
7.9700	7151
7.9750	7415
7.9800	7478
7.9850	6492
7.9900	6615
7.9950	6958
8.0000	6688
8.0050	7413
8.0100	7208
8.0150	7532
8.0200	6593
8.0250	6404
8.0300	6938
8.0350	6732
8.0400	7484
8.0450	7087
8.0500	7356
8.0550	6565
8.0600	6718
8.0650	6739
8.0700	6640
8.0750	7003
8.0800	6980
8.0850	7290
8.0900	6576
8.0950	6763
8.1000	6638
8.1050	6744
8.1100	7250
8.1150	7104
8.1200	7357
8.1250	6731
8.1300	6722
8.1350	6682
8.1400	7051
8.1450	6594
8.1500	6874
8.1550	7252
8.1600	6731
8.1650	6658
8.1700	6858
8.1750	7214
8.1800	6995
8.1850	6500
8.1900	6711
8.1950	7364
8.2000	6712
8.2050	6617
8.2100	6606
8.2150	7313
8.2200	6874
8.2250	7250
8.2300	6567
8.2350	6922
8.2400	7263
8.2450	6822
8.2500	6824
8.2550	6547
8.2600	6583
8.2650	7317
8.2700	6892
8.2750	7327
8.2800	6575
8.2850	6868
8.2900	6774
8.2950	6475
8.3000	6796
8.3050	6631
8.3100	6669
8.3150	7114
8.3200	6500
8.3250	6840
8.3300	6669
8.3350	6678
8.3400	6830
8.3450	6617
8.3500	6871
8.3550	6742
8.3600	6774
8.3650	6664
8.3700	6526
8.3750	6777
8.3800	6895
8.3850	6629
8.3900	6509
8.3950	6613
8.4000	6610
8.4050	6777
8.4100	6503
8.4150	6795
8.4200	6886
8.4250	7290
8.4300	6731
8.4350	7020
8.4400	6774
8.4450	6690
8.4500	6653
8.4550	6707
8.4600	6575
8.4650	6921
8.4700	6975
8.4750	6943
8.4800	6683
8.4850	6663
8.4900	7052
8.4950	6817
8.5000	6861
8.5050	6873
8.5100	7016
8.5150	7089
8.5200	7017
8.5250	7425
8.5300	6779
8.5350	7027
8.5400	6700
8.5450	7137
8.5500	6875
8.5550	6596
8.5600	7424
8.5650	6845
8.5700	7313
8.5750	6682
8.5800	7263
8.5850	6847
8.5900	6383
8.5950	7210
8.6000	7485
8.6050	6763
8.6100	6623
8.6150	7184
8.6200	6979
8.6250	6779
8.6300	7279
8.6350	6731
8.6400	6573
8.6450	7046
8.6500	6745
8.6550	6401
8.6600	7091
8.6650	6605
8.6700	7344
8.6750	6970
8.6800	6955
8.6850	7045
8.6900	6735
8.6950	6869
8.7000	6789
8.7050	6901
8.7100	6613
8.7150	7143
8.7200	7366
8.7250	6649
8.7300	7001
8.7350	6745
8.7400	6803
8.7450	6510
8.7500	7028
8.7550	7158
8.7600	7041
8.7650	6704
8.7700	6540
8.7750	6921
8.7800	6964
8.7850	6661
8.7900	7407
8.7950	7286
8.8000	6552
8.8050	7010
8.8100	6710
8.8150	6661
8.8200	6584
8.8250	7401
8.8300	6633
8.8350	6661
8.8400	6645
8.8450	6614
8.8500	6812
8.8550	6705
8.8600	6847
8.8650	7219
8.8700	6960
8.8750	6682
8.8800	6648
8.8850	6457
8.8900	6752
8.8950	7304
8.9000	7158
8.9050	6941
8.9100	6609
8.9150	6771
8.9200	6677
8.9250	6511
8.9300	7279
8.9350	7190
8.9400	6877
8.9450	6693
8.9500	6616
8.9550	7023
8.9600	6596
8.9650	6743
8.9700	7502
8.9750	6958
8.9800	6718
8.9850	6898
8.9900	6690
8.9950	6565
9.0000	6976
9.0050	7281
9.0100	7390
9.0150	6538
9.0200	7026
9.0250	6970
9.0300	6864
9.0350	7405
9.0400	7076
9.0450	6914
9.0500	6840
9.0550	7205
9.0600	6589
9.0650	6410
9.0700	6755
9.0750	7528
9.0800	6984
9.0850	6726
9.0900	7202
9.0950	6970
9.1000	6868
9.1050	6970
9.1100	6946
9.1150	6647
9.1200	6607
9.1250	7355
9.1300	6639
9.1350	6636
9.1400	6865
9.1450	7287
9.1500	6854
9.1550	6908
9.1600	7291
9.1650	7440
9.1700	6619
9.1750	6472
9.1800	7335
9.1850	6665
9.1900	6787
9.1950	7028
9.2000	7080
9.2050	6580
9.2100	6700
9.2150	7308
9.2200	6824
9.2250	7159
9.2300	6800
9.2350	6847
9.2400	6870
9.2450	6995
9.2500	7229
9.2550	6606
9.2600	6608
9.2650	6525
9.2700	6761
9.2750	6570
9.2800	6773
9.2850	7446
9.2900	6697
9.2950	7038
9.3000	6844
9.3050	7037
9.3100	6673
9.3150	6670
9.3200	7144
9.3250	7375
9.3300	6831
9.3350	6434
9.3400	6533
9.3450	6773
9.3500	6727
9.3550	6852
9.3600	7300
9.3650	6576
9.3700	6911
9.3750	6659
9.3800	6676
9.3850	6595
9.3900	6735
9.3950	7323
9.4000	6382
9.4050	6726
9.4100	6976
9.4150	6660
9.4200	7166
9.4250	6489
9.4300	7217
9.4350	6578
9.4400	6951
9.4450	6789
9.4500	6619
9.4550	7381
9.4600	7239
9.4650	7029
9.4700	6850
9.4750	7295
9.4800	6845
9.4850	7180
9.4900	6987
9.4950	6778
9.5000	6899
9.5050	6581
9.5100	7313
9.5150	7043
9.5200	6838
9.5250	7399
9.5300	7277
9.5350	7169
9.5400	6536
9.5450	6985
9.5500	7210
9.5550	6784
9.5600	7006
9.5650	7343
9.5700	6978
9.5750	6611
9.5800	7164
9.5850	6499
9.5900	6828
9.5950	7496
9.6000	6761
9.6050	6491
9.6100	6574
9.6150	6727
9.6200	6701
9.6250	6742
9.6300	7224
9.6350	7111
9.6400	6783
9.6450	6642
9.6500	6805
9.6550	6468
9.6600	6890
9.6650	7387
9.6700	7193
9.6750	6778
9.6800	6790
9.6850	7429
9.6900	6522
9.6950	6505
9.7000	7474
9.7050	6915
9.7100	6634
9.7150	6754
9.7200	7212
9.7250	6593
9.7300	6652
9.7350	7427
9.7400	6716
9.7450	6584
9.7500	7176
9.7550	7285
9.7600	6639
9.7650	6637
9.7700	7086
9.7750	7303
9.7800	6648
9.7850	6625
9.7900	7316
9.7950	6668
9.8000	6817
9.8050	7340
9.8100	6744
9.8150	7096
9.8200	6760
9.8250	7006
9.8300	6962
9.8350	6754
9.8400	7292
9.8450	7353
9.8500	6656
9.8550	6993
9.8600	6733
9.8650	7141
9.8700	6589
9.8750	6592
9.8800	7332
9.8850	6891
9.8900	6901
9.8950	7522
9.9000	7154
9.9050	7041
9.9100	6748
9.9150	6636
9.9200	7259
9.9250	6817
9.9300	7411
9.9350	7325
9.9400	6396
9.9450	6918
9.9500	7207
9.9550	6960
9.9600	6682
9.9650	6713
9.9700	7385
9.9750	7202
9.9800	6950
9.9850	6912
9.9900	7004
9.9950	6743
10.0000	6796
10.0050	7332
10.0100	7251
10.0150	6732
10.0200	7340
10.0250	6781
10.0300	6403
10.0350	6773
10.0400	7396
10.0450	7468
10.0500	6535
10.0550	6820
10.0600	7258
10.0650	6571
10.0700	6904
10.0750	7195
10.0800	7143
10.0850	6918
10.0900	7173
10.0950	6827
10.1000	6678
10.1050	6629
10.1100	7479
10.1150	7462
10.1200	6605
10.1250	6888
10.1300	7396
10.1350	6717
10.1400	6595
10.1450	7316
10.1500	7136
10.1550	6959
10.1600	6779
10.1650	7264
10.1700	6840
10.1750	7010
10.1800	7371
10.1850	7238
10.1900	6687
10.1950	7193
10.2000	7091
10.2050	6560
10.2100	6638
10.2150	6971
10.2200	7266
10.2250	7250
10.2300	6908
10.2350	7147
10.2400	6705
10.2450	6704
10.2500	7077
10.2550	7345
10.2600	7072
10.2650	7428
10.2700	7445
10.2750	6571
10.2800	6650
10.2850	6705
10.2900	7419
10.2950	7392
10.3000	7479
10.3050	7502
10.3100	6731
10.3150	6796
10.3200	6940
10.3250	6948
10.3300	6792
10.3350	7349
10.3400	7303
10.3450	6696
10.3500	6617
10.3550	6682
10.3600	7258
10.3650	6835
10.3700	7452
10.3750	6925
10.3800	7127
10.3850	6658
10.3900	6679
10.3950	6857
10.4000	7000
10.4050	7376
10.4100	7126
10.4150	6910
10.4200	6786
10.4250	6673
10.4300	6882
10.4350	6884
10.4400	6666
10.4450	7283
10.4500	7404
10.4550	6894
10.4600	6761
10.4650	6455
10.4700	6544
10.4750	6727
10.4800	7467
10.4850	7547
10.4900	6868
10.4950	7339
10.5000	6658
10.5050	6526
10.5100	6621
10.5150	7260
10.5200	7507
10.5250	6605
10.5300	6599
10.5350	7300
10.5400	6686
10.5450	6659
10.5500	7219
10.5550	7393
10.5600	7147
10.5650	6682
10.5700	7274
10.5750	7236
10.5800	7471
10.5850	7017
10.5900	7166
10.5950	6689
10.6000	6938
10.6050	6935
10.6100	7307
10.6150	6467
10.6200	7010
10.6250	7290
10.6300	7358
10.6350	6664
10.6400	7459
10.6450	7061
10.6500	6916
10.6550	6832
10.6600	7217
10.6650	7459
10.6700	7304
10.6750	7185
10.6800	7325
10.6850	6675
10.6900	6667
10.6950	7386
10.7000	7124
10.7050	7290
10.7100	7342
10.7150	7103
10.7200	6736
10.7250	6516
10.7300	7294
10.7350	7488
10.7400	6977
10.7450	7396
10.7500	7359
10.7550	7100
10.7600	6519
10.7650	7383
10.7700	7212
10.7750	7299
10.7800	7152
10.7850	7300
10.7900	6972
10.7950	7083
10.8000	6895
10.8050	7245
10.8100	7464
10.8150	7278
10.8200	7394
10.8250	6585
10.8300	7131
10.8350	6911
10.8400	6964
10.8450	7595
10.8500	7264
10.8550	7447
10.8600	6619
10.8650	7013
10.8700	6630
10.8750	6689
10.8800	7502
10.8850	6902
10.8900	7073
10.8950	6531
10.9000	6558
10.9050	7261
10.9100	6995
10.9150	7450
10.9200	7103
10.9250	6639
10.9300	7057
10.9350	7162
10.9400	6689
10.9450	7003
10.9500	6728
10.9550	6960
10.9600	6577
10.9650	7319
10.9700	6782
10.9750	6989
10.9800	6588
10.9850	6668
10.9900	7414
10.9950	6564
11.0000	7177
11.0050	6891
11.0100	6582
11.0150	6766
11.0200	6574
11.0250	6907
11.0300	6825
11.0350	6707
11.0400	6700
11.0450	6894
11.0500	6597
11.0550	6552
11.0600	6781
11.0650	7094
11.0700	6762
11.0750	7026
11.0800	6808
11.0850	6806
11.0900	6624
11.0950	6587
11.1000	7248
11.1050	7088
11.1100	7389
11.1150	6687
11.1200	6658
11.1250	6653
11.1300	6621
11.1350	7415
11.1400	6979
11.1450	6845
11.1500	6672
11.1550	7198
11.1600	6743
11.1650	6557
11.1700	7495
11.1750	6829
11.1800	6941
11.1850	6592
11.1900	7059
11.1950	6779
11.2000	6970
11.2050	7254
11.2100	6676
11.2150	7507
11.2200	7149
11.2250	6440
11.2300	6558
11.2350	7408
11.2400	7013
11.2450	6678
11.2500	7152
11.2550	6626
11.2600	6623
11.2650	6865
11.2700	6876
11.2750	6482
11.2800	6809
11.2850	7316
11.2900	6648
11.2950	6676
11.3000	6624
11.3050	7271
11.3100	6821
11.3150	7260
11.3200	7381
11.3250	7132
11.3300	6678
11.3350	6619
11.3400	7278
11.3450	6756
11.3500	7010
11.3550	7568
11.3600	7586
11.3650	6529
11.3700	6806
11.3750	7065
11.3800	6537
11.3850	7525
11.3900	7161
11.3950	7468
11.4000	6733
11.4050	6525
11.4100	7040
11.4150	6628
11.4200	7530
11.4250	7360
11.4300	7501
11.4350	6942
11.4400	6645
11.4450	7130
11.4500	6940
11.4550	7258
11.4600	7267
11.4650	7549
11.4700	7027
11.4750	6573
11.4800	6784
11.4850	7336
11.4900	7029
11.4950	7105
11.5000	7258
11.5050	7420
11.5100	7075
11.5150	6787
11.5200	6762
11.5250	6427
11.5300	7212
11.5350	7496
11.5400	7434
11.5450	6849
11.5500	7217
11.5550	6989
11.5600	6732
11.5650	7362
11.5700	7362
11.5750	7452
11.5800	7011
11.5850	6620
11.5900	7073
11.5950	6612
11.6000	7657
11.6050	7512
11.6100	7347
11.6150	7134
11.6200	6684
11.6250	6943
11.6300	6638
11.6350	7362
11.6400	7279
11.6450	7542
11.6500	7323
11.6550	6742
11.6600	7216
11.6650	6650
11.6700	7290
11.6750	7347
11.6800	7355
11.6850	7430
11.6900	6839
11.6950	7167
11.7000	6553
11.7050	7033
11.7100	7448
11.7150	7358
11.7200	7355
11.7250	7269
11.7300	7302
11.7350	7519
11.7400	7270
11.7450	7203
11.7500	7234
11.7550	7287
11.7600	7206
11.7650	7085
11.7700	7398
11.7750	6773
11.7800	7360
11.7850	7401
11.7900	7429
11.7950	7397
11.8000	6812
11.8050	7469
11.8100	7074
11.8150	7058
11.8200	7166
11.8250	7462
11.8300	7186
11.8350	6809
11.8400	7330
11.8450	7013
11.8500	7078
11.8550	6830
11.8600	7568
11.8650	7469
11.8700	6783
11.8750	7254
11.8800	6603
11.8850	7340
11.8900	6769
11.8950	7510
11.9000	7382
11.9050	6675
11.9100	6828
11.9150	6593
11.9200	6693
11.9250	6756
11.9300	7322
11.9350	7328
11.9400	7156
11.9450	6680
11.9500	6665
11.9550	6714
11.9600	6678
11.9650	7192
11.9700	7415
11.9750	7343
11.9800	6549
11.9850	7057
11.9900	6932
11.9950	6642
12.0000	6820
12.0050	7464
12.0100	7330
12.0150	6619
12.0200	6847
12.0250	6682
12.0300	7005
12.0350	6519
12.0400	7558
12.0450	7054
12.0500	6748
12.0550	6598
12.0600	6608
12.0650	6700
12.0700	6649
12.0750	6782
12.0800	7393
12.0850	7086
12.0900	6704
12.0950	6845
12.1000	6609
12.1050	6564
12.1100	6779
12.1150	7430
12.1200	7043
12.1250	6447
12.1300	6758
12.1350	6775
12.1400	6806
12.1450	6664
12.1500	7210
12.1550	6705
12.1600	6636
12.1650	7004
12.1700	6507
12.1750	6453
12.1800	6533
12.1850	7287
12.1900	6723
12.1950	6657
12.2000	7269
12.2050	6617
12.2100	6758
12.2150	6644
12.2200	7086
12.2250	6750
12.2300	6620
12.2350	7380
12.2400	6787
12.2450	6886
12.2500	6826
12.2550	7137
12.2600	6552
12.2650	6436
12.2700	6759
12.2750	6967
12.2800	6739
12.2850	6588
12.2900	7211
12.2950	6721
12.3000	6653
12.3050	7263
12.3100	6856
12.3150	7049
12.3200	7139
12.3250	7237
12.3300	6516
12.3350	6735
12.3400	7200
12.3450	7356
12.3500	6957
12.3550	6518
12.3600	7090
12.3650	6559
12.3700	6584
12.3750	7020
12.3800	7304
12.3850	6840
12.3900	7157
12.3950	7094
12.4000	6580
12.4050	6694
12.4100	7271
12.4150	7053
12.4200	6626
12.4250	6812
12.4300	6759
12.4350	6549
12.4400	6836
12.4450	6832
12.4500	7116
12.4550	6697
12.4600	6759
12.4650	7004
12.4700	6638
12.4750	6611
12.4800	6727
12.4850	7009
12.4900	7263
12.4950	6901
12.5000	6799
12.5050	6931
12.5100	6664
12.5150	6545
12.5200	6707
12.5250	7214
12.5300	6759
12.5350	6831
12.5400	6723
12.5450	6671
12.5500	6627
12.5550	7057
12.5600	7324
12.5650	6661
12.5700	6614
12.5750	6642
12.5800	6822
12.5850	6702
12.5900	6926
12.5950	7324
12.6000	6512
12.6050	6694
12.6100	6679
12.6150	6683
12.6200	6679
12.6250	6629
12.6300	7325
12.6350	6620
12.6400	7112
12.6450	6995
12.6500	6396
12.6550	7201
12.6600	6723
12.6650	7175
12.6700	6805
12.6750	6485
12.6800	6769
12.6850	6575
12.6900	7203
12.6950	6634
12.7000	7343
12.7050	6667
12.7100	6752
12.7150	6765
12.7200	6682
12.7250	7011
12.7300	6569
12.7350	6859
12.7400	6686
12.7450	6620
12.7500	7319
12.7550	6723
12.7600	7314
12.7650	6609
12.7700	6722
12.7750	6778
12.7800	6609
12.7850	7220
12.7900	6633
12.7950	7491
12.8000	6611
12.8050	6609
12.8100	6871
12.8150	7002
12.8200	7348
12.8250	6724
12.8300	6653
12.8350	6870
12.8400	6637
12.8450	6605
12.8500	6643
12.8550	7223
12.8600	6699
12.8650	7369
12.8700	6610
12.8750	6673
12.8800	6707
12.8850	6684
12.8900	6864
12.8950	6868
12.9000	6765
12.9050	7301
12.9100	6695
12.9150	7076
12.9200	6479
12.9250	6719
12.9300	6574
12.9350	6892
12.9400	6865
12.9450	6467
12.9500	7048
12.9550	6806
12.9600	6969
12.9650	7337
12.9700	6601
12.9750	6953
12.9800	6911
12.9850	6920
12.9900	7279
12.9950	6820
13.0000	7282
13.0050	6936
13.0100	6775
13.0150	6738
13.0200	6678
13.0250	7434
13.0300	6697
13.0350	7199
13.0400	7155
13.0450	6825
13.0500	6778
13.0550	6613
13.0600	7189
13.0650	6834
13.0700	7171
13.0750	7056
13.0800	6608
13.0850	6677
13.0900	7234
13.0950	7281
13.1000	7242
13.1050	6568
13.1100	7219
13.1150	7140
13.1200	6684
13.1250	7107
13.1300	6589
13.1350	7234
13.1400	7051
13.1450	7602
13.1500	6542
13.1550	7163
13.1600	7387
13.1650	6455
13.1700	7175
13.1750	7481
13.1800	7175
13.1850	6603
13.1900	6555
13.1950	7304
13.2000	6786
13.2050	7214
13.2100	6814
13.2150	6589
13.2200	6658
13.2250	6850
13.2300	6921
13.2350	7411
13.2400	7227
13.2450	7379
13.2500	6934
13.2550	6974
13.2600	6834
13.2650	7372
13.2700	6616
13.2750	6503
13.2800	6841
13.2850	6759
13.2900	6607
13.2950	7025
13.3000	7048
13.3050	6643
13.3100	6708
13.3150	6908
13.3200	6667
13.3250	7304
13.3300	6538
13.3350	6985
13.3400	6632
13.3450	6649
13.3500	6810
13.3550	6605
13.3600	7060
13.3650	6785
13.3700	6629
13.3750	6840
13.3800	6943
13.3850	6697
13.3900	6779
13.3950	7234
13.4000	6763
13.4050	6635
13.4100	6604
13.4150	6739
13.4200	6582
13.4250	6586
13.4300	7478
13.4350	6813
13.4400	6690
13.4450	7127
13.4500	6907
13.4550	6778
13.4600	6752
13.4650	7246
13.4700	6892
13.4750	6604
13.4800	6882
13.4850	6460
13.4900	6545
13.4950	7267
13.5000	6950
13.5050	7519
13.5100	6459
13.5150	6684
13.5200	6827
13.5250	6831
13.5300	6719
13.5350	6417
13.5400	7153
13.5450	6837
13.5500	7011
13.5550	6546
13.5600	6789
13.5650	6993
13.5700	6911
13.5750	7024
13.5800	6643
13.5850	6640
13.5900	6749
13.5950	6689
13.6000	6608
13.6050	6711
13.6100	7588
13.6150	7032
13.6200	6678
13.6250	6566
13.6300	6577
13.6350	6641
13.6400	6864
13.6450	7120
13.6500	7392
13.6550	6678
13.6600	6671
13.6650	6815
13.6700	6561
13.6750	7280
13.6800	6863
13.6850	7536
13.6900	6686
13.6950	6959
13.7000	7220
13.7050	6553
13.7100	6933
13.7150	6511
13.7200	7447
13.7250	6984
13.7300	6539
13.7350	7381
13.7400	7096
13.7450	7383
13.7500	6536
13.7550	7391
13.7600	6713
13.7650	6661
13.7700	7266
13.7750	7262
13.7800	6611
13.7850	7240
13.7900	6896
13.7950	6682
13.8000	6829
13.8050	7504
13.8100	7556
13.8150	7147
13.8200	6557
13.8250	6726
13.8300	6717
13.8350	6537
13.8400	7413
13.8450	7346
13.8500	6734
13.8550	6793
13.8600	6736
13.8650	7243
13.8700	7106
13.8750	7300
13.8800	7603
13.8850	6463
13.8900	6796
13.8950	6619
13.9000	6783
13.9050	7314
13.9100	6597
13.9150	7414
13.9200	6856
13.9250	6755
13.9300	6628
13.9350	6800
13.9400	7311
13.9450	6582
13.9500	6838
13.9550	7186
13.9600	6842
13.9650	6704
13.9700	7059
13.9750	6880
13.9800	6858
13.9850	6593
13.9900	7133
13.9950	6923
14.0000	6849
14.0050	7042
14.0100	7381
14.0150	6742
14.0200	6614
14.0250	6927
14.0300	6681
14.0350	7218
14.0400	6901
14.0450	6969
14.0500	6597
14.0550	6779
14.0600	6657
14.0650	6976
14.0700	6684
14.0750	6452
14.0800	6602
14.0850	7131
14.0900	6578
14.0950	6859
14.1000	6631
14.1050	7233
14.1100	6628
14.1150	6967
14.1200	6706
14.1250	6685
14.1300	7238
14.1350	6784
14.1400	6453
14.1450	6941
14.1500	7299
14.1550	7062
14.1600	6949
14.1650	6714
14.1700	6733
14.1750	7180
14.1800	6531
14.1850	6618
14.1900	7265
14.1950	6942
14.2000	7482
14.2050	6729
14.2100	7235
14.2150	7479
14.2200	6909
14.2250	7395
14.2300	6629
14.2350	7046
14.2400	6664
14.2450	6719
14.2500	7508
14.2550	6649
14.2600	7469
14.2650	6638
14.2700	7284
14.2750	6817
14.2800	6523
14.2850	7531
14.2900	6572
14.2950	7248
14.3000	6552
14.3050	7372
14.3100	6747
14.3150	6670
14.3200	7325
14.3250	6734
14.3300	7458
14.3350	6564
14.3400	7071
14.3450	6503
14.3500	6697
14.3550	7543
14.3600	6417
14.3650	6973
14.3700	6558
14.3750	6870
14.3800	6624
14.3850	6783
14.3900	7288
14.3950	7243
14.4000	7022
14.4050	6657
14.4100	6921
14.4150	6602
14.4200	6792
14.4250	7146
14.4300	7196
14.4350	6471
14.4400	7189
14.4450	6603
14.4500	6788
14.4550	6594
14.4600	7199
14.4650	6999
14.4700	6579
14.4750	6876
14.4800	6757
14.4850	7060
14.4900	6676
14.4950	6985
14.5000	7326
14.5050	6647
14.5100	7179
14.5150	6629
14.5200	6669
14.5250	6896
14.5300	6991
14.5350	7045
14.5400	6967
14.5450	7138
14.5500	6651
14.5550	6782
14.5600	6581
14.5650	6595
14.5700	7167
14.5750	6798
14.5800	6688
14.5850	6616
14.5900	6608
14.5950	6714
14.6000	6726
14.6050	6861
14.6100	6944
14.6150	6573
14.6200	6844
14.6250	7470
14.6300	6489
14.6350	6594
14.6400	6813
14.6450	6844
14.6500	6666
14.6550	6522
14.6600	7096
14.6650	6885
14.6700	6545
14.6750	6625
14.6800	6619
14.6850	7177
14.6900	6988
14.6950	7219
14.7000	6769
14.7050	6746
14.7100	6520
14.7150	6543
14.7200	6540
14.7250	6676
14.7300	6565
14.7350	6830
14.7400	6711
14.7450	6672
14.7500	6977
14.7550	7131
14.7600	6768
14.7650	6693
14.7700	6464
14.7750	6687
14.7800	6603
14.7850	7194
14.7900	6762
14.7950	7019
14.8000	7392
14.8050	6652
14.8100	6683
14.8150	7085
14.8200	6711
14.8250	6742
14.8300	6752
14.8350	6473
14.8400	6841
14.8450	6526
14.8500	6663
14.8550	7039
14.8600	6687
14.8650	6748
14.8700	7550
14.8750	6852
14.8800	6658
14.8850	6754
14.8900	6924
14.8950	6677
14.9000	6551
14.9050	7219
14.9100	7005
14.9150	6874
14.9200	6922
14.9250	6728
14.9300	6758
14.9350	6791
14.9400	7000
14.9450	6666
14.9500	6748
14.9550	7045
14.9600	6626
14.9650	6588
14.9700	7342
14.9750	6696
14.9800	7176
14.9850	6681
14.9900	6805
14.9950	7518
15.0000	7183
15.0050	6929
15.0100	6685
15.0150	6555
15.0200	6754
15.0250	6926
15.0300	6875
15.0350	6838
15.0400	7364
15.0450	6590
15.0500	7134
15.0550	6649
15.0600	6990
15.0650	6894
15.0700	6763
15.0750	6585
15.0800	6851
15.0850	6690
15.0900	7157
15.0950	7134
15.1000	7313
15.1050	7270
15.1100	7053
15.1150	6609
15.1200	6699
15.1250	6660
15.1300	6661
15.1350	6806
15.1400	7598
15.1450	6598
15.1500	7425
15.1550	6799
15.1600	6749
15.1650	6898
15.1700	6933
15.1750	7454
15.1800	6631
15.1850	6999
15.1900	6697
15.1950	6651
15.2000	6920
15.2050	6734
15.2100	7655
15.2150	6963
15.2200	6751
15.2250	6654
15.2300	6721
15.2350	6616
15.2400	6630
15.2450	7308
15.2500	6959
15.2550	6803
15.2600	6615
15.2650	7223
15.2700	7116
15.2750	6836
15.2800	7357
15.2850	6866
15.2900	6787
15.2950	6995
15.3000	6861
15.3050	6768
15.3100	6777
15.3150	7262
15.3200	7430
15.3250	6822
15.3300	6647
15.3350	7332
15.3400	6905
15.3450	6961
15.3500	7272
15.3550	7034
15.3600	6509
15.3650	6962
15.3700	6657
15.3750	6545
15.3800	7475
15.3850	6738
15.3900	7183
15.3950	6818
15.4000	7253
15.4050	6852
15.4100	7332
15.4150	6435
15.4200	6647
15.4250	6612
15.4300	7245
15.4350	6695
15.4400	6808
15.4450	6822
15.4500	7196
15.4550	6652
15.4600	6651
15.4650	6658
15.4700	7351
15.4750	6620
15.4800	6855
15.4850	7026
15.4900	7137
15.4950	6664
15.5000	6718
15.5050	6867
15.5100	7415
15.5150	6752
15.5200	6714
15.5250	6798
15.5300	6839
15.5350	6658
15.5400	7161
15.5450	6898
15.5500	6725
15.5550	6540
15.5600	7335
15.5650	6791
15.5700	6675
15.5750	6603
15.5800	7341
15.5850	6595
15.5900	6639
15.5950	6654
15.6000	6979
15.6050	6823
15.6100	6718
15.6150	6636
15.6200	7121
15.6250	6685
15.6300	6632
15.6350	6679
15.6400	6750
15.6450	6552
15.6500	7331
15.6550	6648
15.6600	6703
15.6650	6672
15.6700	6521
15.6750	6466
15.6800	7234
15.6850	6684
15.6900	7400
15.6950	6833
15.7000	6677
15.7050	7178
15.7100	6867
15.7150	6645
15.7200	6528
15.7250	7081
15.7300	6633
15.7350	6899
15.7400	7224
15.7450	6732
15.7500	7283
15.7550	6608
15.7600	7169
15.7650	6949
15.7700	6663
15.7750	6890
15.7800	6536
15.7850	6597
15.7900	6666
15.7950	7227
15.8000	6763
15.8050	6718
15.8100	7124
15.8150	6786
15.8200	7093
15.8250	6590
15.8300	6615
15.8350	6902
15.8400	7197
15.8450	7144
15.8500	6976
15.8550	6900
15.8600	6772
15.8650	7100
15.8700	6563
15.8750	6605
15.8800	6799
15.8850	7015
15.8900	6633
15.8950	6582
15.9000	7353
15.9050	6676
15.9100	6958
15.9150	6659
15.9200	7110
15.9250	6715
15.9300	6593
15.9350	7116
15.9400	6799
15.9450	6678
15.9500	6918
15.9550	7251
15.9600	6836
15.9650	6729
15.9700	7220
15.9750	6783
15.9800	6551
15.9850	6622
15.9900	6596
15.9950	6598
16.0000	6812
16.0050	6800
16.0100	7053
16.0150	6526
16.0200	6634
16.0250	6609
16.0300	6424
16.0350	7003
16.0400	6739
16.0450	7143
16.0500	6772
16.0550	6495
16.0600	6674
16.0650	6795
16.0700	7053
16.0750	6693
16.0800	6921
16.0850	6928
16.0900	6611
16.0950	6884
16.1000	6734
16.1050	7199
16.1100	6583
16.1150	6875
16.1200	6881
16.1250	6549
16.1300	6828
16.1350	6909
16.1400	6726
16.1450	6526
16.1500	6566
16.1550	6662
16.1600	6764
16.1650	7380
16.1700	6813
16.1750	6634
16.1800	6721
16.1850	6547
16.1900	6877
16.1950	6442
16.2000	6914
16.2050	6905
16.2100	6478
16.2150	6604
16.2200	6733
16.2250	7036
16.2300	6645
16.2350	6701
16.2400	6995
16.2450	6855
16.2500	6665
16.2550	6831
16.2600	6609
16.2650	6680
16.2700	7263
16.2750	6790
16.2800	6647
16.2850	6493
16.2900	6690
16.2950	6615
16.3000	6889
16.3050	6843
16.3100	7288
16.3150	6858
16.3200	6475
16.3250	6554
16.3300	6849
16.3350	6752
16.3400	6640
16.3450	7533
16.3500	6556
16.3550	6583
16.3600	7016
16.3650	6969
16.3700	7104
16.3750	6875
16.3800	7270
16.3850	6862
16.3900	6590
16.3950	6559
16.4000	7174
16.4050	7270
16.4100	6799
16.4150	6981
16.4200	6865
16.4250	6722
16.4300	7027
16.4350	6643
16.4400	7303
16.4450	6621
16.4500	6809
16.4550	6622
16.4600	6735
16.4650	7401
16.4700	6856
16.4750	7009
16.4800	6772
16.4850	6622
16.4900	6746
16.4950	6655
16.5000	7388
16.5050	6804
16.5100	7212
16.5150	6697
16.5200	6640
16.5250	6905
16.5300	6587
16.5350	6621
16.5400	7011
16.5450	6842
16.5500	6998
16.5550	6988
16.5600	6644
16.5650	6717
16.5700	6475
16.5750	6550
16.5800	6715
16.5850	7103
16.5900	6804
16.5950	6765
16.6000	6573
16.6050	6769
16.6100	6878
16.6150	6627
16.6200	6743
16.6250	6665
16.6300	6901
16.6350	6562
16.6400	6648
16.6450	7243
16.6500	6939
16.6550	7015
16.6600	6663
16.6650	6880
16.6700	6879
16.6750	6672
16.6800	6771
16.6850	7167
16.6900	6904
16.6950	6645
16.7000	7414
16.7050	6691
16.7100	6682
16.7150	6726
16.7200	7356
16.7250	6813
16.7300	6812
16.7350	7347
16.7400	6772
16.7450	6780
16.7500	6692
16.7550	6570
16.7600	6887
16.7650	6946
16.7700	6754
16.7750	6811
16.7800	6370
16.7850	6752
16.7900	6648
16.7950	6909
16.8000	6546
16.8050	7564
16.8100	6689
16.8150	6498
16.8200	6827
16.8250	6606
16.8300	7103
16.8350	6696
16.8400	6829
16.8450	7434
16.8500	6603
16.8550	6826
16.8600	6743
16.8650	7401
16.8700	6642
16.8750	7011
16.8800	6904
16.8850	7021
16.8900	6669
16.8950	6584
16.9000	7322
16.9050	6763
16.9100	7086
16.9150	6849
16.9200	6899
16.9250	7264
16.9300	6936
16.9350	7255
16.9400	6974
16.9450	7106
16.9500	6649
16.9550	7048
16.9600	7396
16.9650	7052
16.9700	6770
16.9750	6776
16.9800	6812
16.9850	6952
16.9900	7411
16.9950	7406
17.0000	7519
17.0050	6843
17.0100	6908
17.0150	6516
17.0200	6758
17.0250	7499
17.0300	6934
17.0350	7495
17.0400	6523
17.0450	6990
17.0500	6588
17.0550	7172
17.0600	6870
17.0650	7100
17.0700	7066
17.0750	6642
17.0800	6752
17.0850	6632
17.0900	6773
17.0950	6740
17.1000	7541
17.1050	7187
17.1100	7230
17.1150	6556
17.1200	6871
17.1250	6949
17.1300	6901
17.1350	6910
17.1400	7141
17.1450	7429
17.1500	6665
17.1550	6708
17.1600	6691
17.1650	7075
17.1700	7203
17.1750	7500
17.1800	7422
17.1850	6574
17.1900	6766
17.1950	7145
17.2000	7047
17.2050	6880
17.2100	7313
17.2150	7487
17.2200	6797
17.2250	6546
17.2300	6684
17.2350	6923
17.2400	7046
17.2450	7471
17.2500	6870
17.2550	6764
17.2600	6519
17.2650	6626
17.2700	6998
17.2750	6804
17.2800	6852
17.2850	7373
17.2900	7346
17.2950	6557
17.3000	6989
17.3050	6723
17.3100	7416
17.3150	6766
17.3200	7262
17.3250	7216
17.3300	6825
17.3350	7291
17.3400	6556
17.3450	7340
17.3500	6660
17.3550	7409
17.3600	7033
17.3650	7082
17.3700	7137
17.3750	6592
17.3800	6581
17.3850	6591
17.3900	7265
17.3950	7157
17.4000	6806
17.4050	7462
17.4100	6685
17.4150	7053
17.4200	6906
17.4250	7043
17.4300	6538
17.4350	7191
17.4400	7435
17.4450	7112
17.4500	6811
17.4550	6486
17.4600	7509
17.4650	6796
17.4700	7107
17.4750	7452
17.4800	6769
17.4850	6655
17.4900	6635
17.4950	6605
17.5000	7227
17.5050	7007
17.5100	7004
17.5150	7133
17.5200	6631
17.5250	6885
17.5300	7016
17.5350	6691
17.5400	7231
17.5450	7235
17.5500	6842
17.5550	6874
17.5600	6999
17.5650	6794
17.5700	6772
17.5750	7203
17.5800	7303
17.5850	6822
17.5900	6458
17.5950	6766
17.6000	7182
17.6050	6585
17.6100	7005
17.6150	7037
17.6200	6924
17.6250	6596
17.6300	6888
17.6350	6813
17.6400	6756
17.6450	6970
17.6500	7079
17.6550	7326
17.6600	6943
17.6650	6739
17.6700	7390
17.6750	6765
17.6800	7273
17.6850	6717
17.6900	7266
17.6950	6768
17.7000	7017
17.7050	7360
17.7100	7419
17.7150	6966
17.7200	7218
17.7250	7128
17.7300	6788
17.7350	7398
17.7400	7007
17.7450	7537
17.7500	7349
17.7550	7520
17.7600	7432
17.7650	6587
17.7700	7192
17.7750	6754
17.7800	7241
17.7850	7462
17.7900	7046
17.7950	7291
17.8000	6764
17.8050	7444
17.8100	6768
17.8150	7485
17.8200	7311
17.8250	7405
17.8300	7116
17.8350	6878
17.8400	6983
17.8450	6857
17.8500	7552
17.8550	7009
17.8600	7413
17.8650	6957
17.8700	7014
17.8750	7398
17.8800	7208
17.8850	7203
17.8900	7355
17.8950	7036
17.9000	6598
17.9050	7427
17.9100	7491
17.9150	7295
17.9200	6914
17.9250	6638
17.9300	7194
17.9350	6928
17.9400	7367
17.9450	7135
17.9500	7231
17.9550	6773
17.9600	6557
17.9650	7183
17.9700	6813
17.9750	7321
17.9800	6734
17.9850	7487
17.9900	6643
17.9950	6813
18.0000	7037
18.0050	7345
18.0100	7061
18.0150	6871
18.0200	6604
18.0250	7081
18.0300	6520
18.0350	7095
18.0400	7296
18.0450	6997
18.0500	6586
18.0550	6691
18.0600	6615
18.0650	7165
18.0700	6947
18.0750	7528
18.0800	7404
18.0850	7196
18.0900	6613
18.0950	6818
18.1000	6705
18.1050	6754
18.1100	7325
18.1150	7188
18.1200	7200
18.1250	6964
18.1300	6715
18.1350	7053
18.1400	6878
18.1450	7131
18.1500	7347
18.1550	7505
18.1600	6844
18.1650	6962
18.1700	6749
18.1750	6503
18.1800	7248
18.1850	7359
18.1900	7550
18.1950	7250
18.2000	7236
18.2050	6852
18.2100	7054
18.2150	6618
18.2200	7148
18.2250	7421
18.2300	7194
18.2350	7129
18.2400	6548
18.2450	6777
18.2500	6716
18.2550	7149
18.2600	7045
18.2650	7380
18.2700	7512
18.2750	6626
18.2800	6562
18.2850	6761
18.2900	6613
18.2950	7658
18.3000	6803
18.3050	7183
18.3100	7230
18.3150	7294
18.3200	6666
18.3250	6718
18.3300	6903
18.3350	7197
18.3400	7362
18.3450	7527
18.3500	6695
18.3550	6719
18.3600	6624
18.3650	6687
18.3700	6519
18.3750	7560
18.3800	7070
18.3850	7258
18.3900	6661
18.3950	6589
18.4000	6717
18.4050	6950
18.4100	7405
18.4150	7118
18.4200	7350
18.4250	6632
18.4300	6864
18.4350	6653
18.4400	7254
18.4450	6595
18.4500	6662
18.4550	7606
18.4600	6672
18.4650	7260
18.4700	6686
18.4750	7077
18.4800	6813
18.4850	7369
18.4900	6882
18.4950	6554
18.5000	7119
18.5050	7222
18.5100	7445
18.5150	6674
18.5200	7374
18.5250	7457
18.5300	7405
18.5350	7250
18.5400	6965
18.5450	7082
18.5500	6844
18.5550	7503
18.5600	7470
18.5650	7466
18.5700	7492
18.5750	7376
18.5800	7141
18.5850	7301
18.5900	7422
18.5950	7524
18.6000	6906
18.6050	7403
18.6100	7598
18.6150	6894
18.6200	7262
18.6250	6954
18.6300	7035
18.6350	7472
18.6400	7533
18.6450	7524
18.6500	6613
18.6550	7409
18.6600	6891
18.6650	6548
18.6700	7473
18.6750	7269
18.6800	7216
18.6850	7096
18.6900	6748
18.6950	6555
18.7000	6530
18.7050	7335
18.7100	7374
18.7150	7326
18.7200	6676
18.7250	6805
18.7300	6688
18.7350	6775
18.7400	7347
18.7450	7264
18.7500	7588
18.7550	7149
18.7600	6725
18.7650	6625
18.7700	6589
18.7750	6796
18.7800	7201
18.7850	7465
18.7900	7340
18.7950	6688
18.8000	6762
18.8050	6847
18.8100	6660
18.8150	7252
18.8200	7563
18.8250	7435
18.8300	6733
18.8350	6550
18.8400	6540
18.8450	7184
18.8500	7222
18.8550	7264
18.8600	7207
18.8650	6805
18.8700	6509
18.8750	6573
18.8800	6898
18.8850	7071
18.8900	7315
18.8950	7225
18.9000	6706
18.9050	6705
18.9100	7066
18.9150	6926
18.9200	6722
18.9250	7245
18.9300	7378
18.9350	6589
18.9400	6828
18.9450	6977
18.9500	6840
18.9550	6569
18.9600	7278
18.9650	7275
18.9700	6717
18.9750	6897
18.9800	7294
18.9850	7066
18.9900	6764
18.9950	7225
19.0000	7131
19.0050	6718
19.0100	6545
19.0150	7354
19.0200	6676
19.0250	6549
19.0300	7268
19.0350	7416
19.0400	7032
19.0450	6645
19.0500	7339
19.0550	7035
19.0600	6993
19.0650	7145
19.0700	7347
19.0750	6593
19.0800	6922
19.0850	7610
19.0900	7485
19.0950	6931
19.1000	6451
19.1050	7529
19.1100	6705
19.1150	6649
19.1200	6954
19.1250	7241
19.1300	6752
19.1350	6896
19.1400	7055
19.1450	6609
19.1500	6573
19.1550	7472
19.1600	7303
19.1650	6785
19.1700	6766
19.1750	7444
19.1800	6624
19.1850	6764
19.1900	6818
19.1950	7260
19.2000	6984
19.2050	6665
19.2100	7582
19.2150	6537
19.2200	6665
19.2250	6720
19.2300	7152
19.2350	7447
19.2400	6987
19.2450	7041
19.2500	6873
19.2550	6532
19.2600	6537
19.2650	7196
19.2700	7401
19.2750	7247
19.2800	7205
19.2850	6577
19.2900	6724
19.2950	6573
19.3000	7333
19.3050	7173
19.3100	7013
19.3150	7450
19.3200	6631
19.3250	6606
19.3300	6727
19.3350	7031
19.3400	7262
19.3450	6815
19.3500	7336
19.3550	7150
19.3600	6802
19.3650	6658
19.3700	6644
19.3750	7473
19.3800	7383
19.3850	7331
19.3900	7439
19.3950	6619
19.4000	6734
19.4050	6797
19.4100	6969
19.4150	7448
19.4200	7370
19.4250	7362
19.4300	7084
19.4350	6506
19.4400	6488
19.4450	7200
19.4500	7012
19.4550	7424
19.4600	7269
19.4650	6884
19.4700	6739
19.4750	6688
19.4800	6793
19.4850	6620
19.4900	7379
19.4950	7324
19.5000	7301
19.5050	6629
19.5100	7076
19.5150	6559
19.5200	6597
19.5250	7394
19.5300	7537
19.5350	7344
19.5400	7004
19.5450	7403
19.5500	6517
19.5550	6669
19.5600	6928
19.5650	7156
19.5700	7147
19.5750	6441
19.5800	7429
19.5850	7054
19.5900	6786
19.5950	6743
19.6000	7355
19.6050	6941
19.6100	6779
19.6150	7267
19.6200	6895
19.6250	6687
19.6300	6697
19.6350	7394
19.6400	6689
19.6450	6660
19.6500	7494
19.6550	7463
19.6600	6854
19.6650	6568
19.6700	7511
19.6750	6633
19.6800	6694
19.6850	7366
19.6900	7372
19.6950	6658
19.7000	6697
19.7050	7317
19.7100	6650
19.7150	6770
19.7200	7431
19.7250	7315
19.7300	6709
19.7350	6729
19.7400	7411
19.7450	7245
19.7500	6629
19.7550	6555
19.7600	7579
19.7650	6816
19.7700	7079
19.7750	7481
19.7800	6721
19.7850	7288
19.7900	6727
19.7950	7153
19.8000	6648
19.8050	6951
19.8100	7371
19.8150	7267
19.8200	6511
19.8250	7227
19.8300	6716
19.8350	6654
19.8400	6755
19.8450	6505
19.8500	7392
19.8550	7108
19.8600	6548
19.8650	7396
19.8700	6711
19.8750	6822
19.8800	6765
19.8850	6839
19.8900	7362
19.8950	6747
19.9000	6671
19.9050	7048
19.9100	6587
19.9150	6699
19.9200	7319
19.9250	6784
19.9300	6700
19.9350	6687
19.9400	6830
19.9450	6685
19.9500	6546
19.9550	6894
19.9600	6783
19.9650	6646
19.9700	6691
19.9750	6958
19.9800	6643
19.9850	6738
19.9900	7287
19.9950	6582
