0.0000		20804
0.0100		20848
0.0200		20875
0.0300		20894
0.0400		20866
0.0500		20866
0.0600		20885
0.0700		20935
0.0800		20844
0.0900		20773
0.1000		20683
0.1100		20704
0.1200		20744
0.1300		20849
0.1400		21035
0.1500		20867
0.1600		20693
0.1700		20820
0.1800		20864
0.1900		20993
0.2000		20729
0.2100		20930
0.2200		20616
0.2300		20844
0.2400		20990
0.2500		21049
0.2600		21057
0.2700		20942
0.2800		20835
0.2900		20726
0.3000		20984
0.3100		20536
0.3200		20816
0.3300		20898
0.3400		20760
0.3500		20778
0.3600		20726
0.3700		20849
0.3800		20848
0.3900		20824
0.4000		20819
0.4100		20854
0.4200		21024
0.4300		20965
0.4400		20690
0.4500		20822
0.4600		20768
0.4700		20818
0.4800		21012
0.4900		20898
0.5000		20706
0.5100		20900
0.5200		20945
0.5300		21222
0.5400		20744
0.5500		20769
0.5600		20690
0.5700		21131
0.5800		20917
0.5900		20683
0.6000		20853
0.6100		20872
0.6200		20825
0.6300		20934
0.6400		20788
0.6500		20682
0.6600		20960
0.6700		20718
0.6800		21071
0.6900		20872
0.7000		20921
0.7100		20779
0.7200		20835
0.7300		20792
0.7400		20905
0.7500		20667
0.7600		20789
0.7700		20779
0.7800		21064
0.7900		20859
0.8000		20930
0.8100		20706
0.8200		20955
0.8300		20821
0.8400		20956
0.8500		21122
0.8600		20767
0.8700		20965
0.8800		20929
0.8900		20539
0.9000		20952
0.9100		21160
0.9200		21228
0.9300		20919
0.9400		20949
0.9500		21023
0.9600		20856
0.9700		20873
0.9800		20960
0.9900		20787
1.0000		21001
1.0100		20711
1.0200		20777
1.0300		20738
1.0400		20810
1.0500		20831
1.0600		20864
1.0700		20893
1.0800		20813
1.0900		20876
1.1000		20682
1.1100		20804
1.1200		20982
1.1300		20776
1.1400		20557
1.1500		20824
1.1600		20927
1.1700		20676
1.1800		20818
1.1900		20779
1.2000		20819
1.2100		20800
1.2200		20835
1.2300		20908
1.2400		20969
1.2500		20841
1.2600		21091
1.2700		20858
1.2800		20826
1.2900		20684
1.3000		20593
1.3100		20654
1.3200		20712
1.3300		20834
1.3400		20691
1.3500		20662
1.3600		20490
1.3700		21010
1.3800		20855
1.3900		20646
1.4000		20758
1.4100		20743
1.4200		20719
1.4300		20763
1.4400		20955
1.4500		20905
1.4600		20900
1.4700		20862
1.4800		20616
1.4900		20961
1.5000		20726
1.5100		20807
1.5200		20810
1.5300		20643
1.5400		20772
1.5500		20924
1.5600		20782
1.5700		20762
1.5800		20669
1.5900		20775
1.6000		20808
1.6100		20884
1.6200		21005
1.6300		20802
1.6400		20784
1.6500		20846
1.6600		20903
1.6700		20591
1.6800		20989
1.6900		20761
1.7000		20887
1.7100		20644
1.7200		21066
1.7300		20758
1.7400		20760
1.7500		20719
1.7600		21071
1.7700		20815
1.7800		21096
1.7900		20863
1.8000		20931
1.8100		21074
1.8200		20803
1.8300		20733
1.8400		20900
1.8500		20922
1.8600		20519
1.8700		20721
1.8800		20833
1.8900		20742
1.9000		20553
1.9100		21134
1.9200		20826
1.9300		20697
1.9400		20963
1.9500		20839
1.9600		20674
1.9700		20599
1.9800		20922
1.9900		20943
2.0000		20860
2.0100		20719
2.0200		20776
2.0300		20674
2.0400		20917
2.0500		20838
2.0600		20954
2.0700		20830
2.0800		21010
2.0900		20993
2.1000		20645
2.1100		20794
2.1200		20723
2.1300		20647
2.1400		20713
2.1500		21019
2.1600		20850
2.1700		20702
2.1800		20955
2.1900		21016
2.2000		20817
2.2100		20593
2.2200		20706
2.2300		20748
2.2400		20599
2.2500		20787
2.2600		20573
2.2700		20781
2.2800		21017
2.2900		20941
2.3000		20994
2.3100		20729
2.3200		21150
2.3300		20730
2.3400		20880
2.3500		20796
2.3600		20651
2.3700		20772
2.3800		20465
2.3900		20879
2.4000		20825
2.4100		20679
2.4200		20651
2.4300		20715
2.4400		21063
2.4500		20767
2.4600		20711
2.4700		20836
2.4800		20916
2.4900		20714
2.5000		20855
2.5100		20828
2.5200		20720
2.5300		20934
2.5400		20707
2.5500		20795
2.5600		20712
2.5700		20775
2.5800		20681
2.5900		20750
2.6000		20790
2.6100		20697
2.6200		20680
2.6300		20813
2.6400		21133
2.6500		21067
2.6600		20847
2.6700		20770
2.6800		20863
2.6900		20919
2.7000		20737
2.7100		20854
2.7200		20955
2.7300		20849
2.7400		20686
2.7500		20942
2.7600		20832
2.7700		20630
2.7800		20928
2.7900		20836
2.8000		20893
2.8100		20784
2.8200		20715
2.8300		20680
2.8400		21093
2.8500		20727
2.8600		20751
2.8700		20984
2.8800		20901
2.8900		20569
2.9000		20796
2.9100		20736
2.9200		20791
2.9300		20855
2.9400		20879
2.9500		20927
2.9600		20968
2.9700		20935
2.9800		20962
2.9900		20750
3.0000		20831
3.0100		20963
3.0200		20799
3.0300		20755
3.0400		20901
3.0500		20794
3.0600		20941
3.0700		20971
3.0800		20795
3.0900		20683
3.1000		20798
3.1100		20892
3.1200		20948
3.1300		20688
3.1400		20775
3.1500		20683
3.1600		20758
3.1700		20904
3.1800		20703
3.1900		20546
3.2000		20665
3.2100		20724
3.2200		20911
3.2300		20928
3.2400		20793
3.2500		20712
3.2600		20593
3.2700		20913
3.2800		20826
3.2900		20813
3.3000		20772
3.3100		20885
3.3200		20963
3.3300		21030
3.3400		20733
3.3500		20978
3.3600		20792
3.3700		20946
3.3800		20696
3.3900		20634
3.4000		21143
3.4100		20765
3.4200		20722
3.4300		20977
3.4400		20877
3.4500		20860
3.4600		21015
3.4700		20624
3.4800		21095
3.4900		20801
3.5000		20673
3.5100		20916
3.5200		20722
3.5300		20866
3.5400		20845
3.5500		20691
3.5600		20877
3.5700		20572
3.5800		20885
3.5900		20750
3.6000		20917
3.6100		20688
3.6200		21039
3.6300		20803
3.6400		20993
3.6500		20725
3.6600		20803
3.6700		20931
3.6800		20852
3.6900		20871
3.7000		20591
3.7100		20960
3.7200		21105
3.7300		20805
3.7400		20738
3.7500		21029
3.7600		20516
3.7700		20776
3.7800		20824
3.7900		20757
3.8000		20680
3.8100		20598
3.8200		20986
3.8300		20951
3.8400		20827
3.8500		20753
3.8600		20827
3.8700		20608
3.8800		20951
3.8900		20577
3.9000		20902
3.9100		20862
3.9200		20804
3.9300		20658
3.9400		21234
3.9500		20923
3.9600		20774
3.9700		20721
3.9800		20674
3.9900		20557
4.0000		20606
4.0100		20796
4.0200		21049
4.0300		21157
4.0400		21077
4.0500		20776
4.0600		20762
4.0700		20702
4.0800		20608
4.0900		20967
4.1000		20668
4.1100		20737
4.1200		20746
4.1300		20849
4.1400		20699
4.1500		21054
4.1600		20831
4.1700		20779
4.1800		21097
4.1900		20755
4.2000		20937
4.2100		20844
4.2200		20607
4.2300		20580
4.2400		20895
4.2500		20794
4.2600		20912
4.2700		20578
4.2800		20728
4.2900		21012
4.3000		20931
4.3100		21070
4.3200		20751
4.3300		20850
4.3400		20839
4.3500		20685
4.3600		20781
4.3700		20864
4.3800		20793
4.3900		20577
4.4000		20918
4.4100		20604
4.4200		20919
4.4300		20720
4.4400		20788
4.4500		20914
4.4600		20776
4.4700		20914
4.4800		20544
4.4900		20768
4.5000		20438
4.5100		20696
4.5200		20620
4.5300		20763
4.5400		20777
4.5500		20777
4.5600		20805
4.5700		20565
4.5800		20730
4.5900		20905
4.6000		20940
4.6100		20816
4.6200		20950
4.6300		20847
4.6400		20856
4.6500		20996
4.6600		20810
4.6700		20885
4.6800		20710
4.6900		20786
4.7000		20738
4.7100		20892
4.7200		20700
4.7300		20892
4.7400		20987
4.7500		20875
4.7600		20800
4.7700		20664
4.7800		20850
4.7900		20902
4.8000		21063
4.8100		20810
4.8200		20757
4.8300		20892
4.8400		20476
4.8500		20882
4.8600		20748
4.8700		20739
4.8800		20676
4.8900		20827
4.9000		20968
4.9100		20570
4.9200		20840
4.9300		20644
4.9400		20847
4.9500		20935
4.9600		20725
4.9700		20649
4.9800		20801
4.9900		20777
5.0000		20778
5.0100		20817
5.0200		20850
5.0300		20642
5.0400		20897
5.0500		20990
5.0600		20879
5.0700		20882
5.0800		21123
5.0900		21041
5.1000		20931
5.1100		20983
5.1200		20645
5.1300		20954
5.1400		20622
5.1500		20843
5.1600		20662
5.1700		21079
5.1800		20936
5.1900		20937
5.2000		20558
5.2100		20785
5.2200		20834
5.2300		20767
5.2400		20673
5.2500		20733
5.2600		20772
5.2700		20729
5.2800		20776
5.2900		20734
5.3000		20853
5.3100		20895
5.3200		20663
5.3300		20771
5.3400		20574
5.3500		20727
5.3600		20817
5.3700		20987
5.3800		20773
5.3900		20706
5.4000		20658
5.4100		20681
5.4200		20784
5.4300		20817
5.4400		20741
5.4500		20947
5.4600		21030
5.4700		21099
5.4800		20936
5.4900		20828
5.5000		20670
5.5100		20961
5.5200		21011
5.5300		20719
5.5400		20808
5.5500		20885
5.5600		20833
5.5700		20613
5.5800		21017
5.5900		20733
5.6000		20693
5.6100		20616
5.6200		20971
5.6300		20742
5.6400		20996
5.6500		20968
5.6600		20991
5.6700		20653
5.6800		20682
5.6900		20956
5.7000		20927
5.7100		20792
5.7200		20608
5.7300		20711
5.7400		20797
5.7500		20911
5.7600		20835
5.7700		20689
5.7800		20618
5.7900		20852
5.8000		20832
5.8100		20620
5.8200		20698
5.8300		20617
5.8400		20789
5.8500		20561
5.8600		20712
5.8700		21068
5.8800		20915
5.8900		20904
5.9000		20573
5.9100		20931
5.9200		20812
5.9300		20894
5.9400		20920
5.9500		20886
5.9600		21042
5.9700		20412
5.9800		20834
5.9900		20737
6.0000		20570
6.0100		21130
6.0200		20903
6.0300		21156
6.0400		20909
6.0500		20644
6.0600		20944
6.0700		20821
6.0800		20879
6.0900		20687
6.1000		20601
6.1100		20887
6.1200		20733
6.1300		20782
6.1400		20794
6.1500		20873
6.1600		20523
6.1700		20592
6.1800		20925
6.1900		20718
6.2000		20979
6.2100		20824
6.2200		20859
6.2300		20817
6.2400		20757
6.2500		20948
6.2600		20693
6.2700		20837
6.2800		21005
6.2900		20727
6.3000		20885
6.3100		21009
6.3200		20832
6.3300		20756
6.3400		20915
6.3500		20896
6.3600		21026
6.3700		20712
6.3800		20808
6.3900		20935
6.4000		20724
6.4100		21008
6.4200		20802
6.4300		21044
6.4400		20951
6.4500		20804
6.4600		20845
6.4700		20659
6.4800		20757
6.4900		20824
6.5000		20571
6.5100		20778
6.5200		20772
6.5300		20912
6.5400		21091
6.5500		20672
6.5600		20486
6.5700		20680
6.5800		20796
6.5900		20658
6.6000		20979
6.6100		20860
6.6200		20746
6.6300		20862
6.6400		20668
6.6500		20710
6.6600		20931
6.6700		20604
6.6800		20844
6.6900		20795
6.7000		20792
6.7100		20699
6.7200		20898
6.7300		20878
6.7400		20963
6.7500		20698
6.7600		20837
6.7700		20832
6.7800		20951
6.7900		20731
6.8000		20593
6.8100		20561
6.8200		20643
6.8300		20571
6.8400		20829
6.8500		20845
6.8600		20836
6.8700		20823
6.8800		21050
6.8900		20946
6.9000		20587
6.9100		20940
6.9200		20946
6.9300		20883
6.9400		21013
6.9500		20510
6.9600		20676
6.9700		20630
6.9800		21025
6.9900		21067
7.0000		20796
7.0100		20705
7.0200		20798
7.0300		20870
7.0400		20593
7.0500		20735
7.0600		20686
7.0700		20784
7.0800		20698
7.0900		20781
7.1000		20979
7.1100		20714
7.1200		20915
7.1300		20721
7.1400		20662
7.1500		20802
7.1600		20952
7.1700		20775
7.1800		20681
7.1900		20980
7.2000		20898
7.2100		20871
7.2200		20973
7.2300		21032
7.2400		20780
7.2500		20737
7.2600		20718
7.2700		20818
7.2800		20694
7.2900		20734
7.3000		20893
7.3100		20590
7.3200		20791
7.3300		20821
7.3400		20914
7.3500		20652
7.3600		20735
7.3700		20842
7.3800		20853
7.3900		20985
7.4000		20837
7.4100		20645
7.4200		20605
7.4300		20765
7.4400		20723
7.4500		20721
7.4600		20775
7.4700		20695
7.4800		20862
7.4900		20992
7.5000		20926
7.5100		20915
7.5200		20724
7.5300		20716
7.5400		20546
7.5500		20713
7.5600		20905
7.5700		20855
7.5800		20771
7.5900		20612
7.6000		20568
7.6100		20758
7.6200		20746
7.6300		20827
7.6400		20636
7.6500		20953
7.6600		20975
7.6700		20931
7.6800		20638
7.6900		20733
7.7000		21043
7.7100		20761
7.7200		20776
7.7300		20648
7.7400		21051
7.7500		20489
7.7600		20599
7.7700		20829
7.7800		20811
7.7900		20737
7.8000		21001
7.8100		20697
7.8200		20597
7.8300		20762
7.8400		20707
7.8500		21056
7.8600		21220
7.8700		20840
7.8800		20759
7.8900		20929
7.9000		20754
7.9100		20953
7.9200		20761
7.9300		20654
7.9400		20800
7.9500		20826
7.9600		20715
7.9700		21005
7.9800		20584
7.9900		20637
8.0000		20686
8.0100		20724
8.0200		20684
8.0300		20998
8.0400		20954
8.0500		20672
8.0600		20876
8.0700		20816
8.0800		20664
8.0900		20702
8.1000		20893
8.1100		21005
8.1200		20743
8.1300		20681
8.1400		20754
8.1500		20671
8.1600		20822
8.1700		20858
8.1800		20883
8.1900		20826
8.2000		20904
8.2100		20553
8.2200		20574
8.2300		20671
8.2400		20711
8.2500		20963
8.2600		20768
8.2700		20725
8.2800		20801
8.2900		20861
8.3000		21058
8.3100		20582
8.3200		20833
8.3300		20612
8.3400		20768
8.3500		20643
8.3600		20843
8.3700		20828
8.3800		20613
8.3900		20797
8.4000		20897
8.4100		20677
8.4200		20741
8.4300		20729
8.4400		20676
8.4500		20793
8.4600		20965
8.4700		20738
8.4800		20616
8.4900		20763
8.5000		20781
8.5100		20808
8.5200		20768
8.5300		20812
8.5400		20548
8.5500		20742
8.5600		20736
8.5700		21098
8.5800		20983
8.5900		20541
8.6000		20752
8.6100		21112
8.6200		20969
8.6300		20870
8.6400		20800
8.6500		20806
8.6600		20977
8.6700		20830
8.6800		20920
8.6900		20728
8.7000		20812
8.7100		20840
8.7200		20892
8.7300		20835
8.7400		20719
8.7500		20964
8.7600		20835
8.7700		20764
8.7800		20561
8.7900		20942
8.8000		20866
8.8100		20799
8.8200		20848
8.8300		20806
8.8400		20771
8.8500		20700
8.8600		20878
8.8700		20804
8.8800		20640
8.8900		20737
8.9000		21080
8.9100		20750
8.9200		20827
8.9300		20789
8.9400		20729
8.9500		20814
8.9600		20734
8.9700		20995
8.9800		20620
8.9900		20757
9.0000		21065
9.0100		20888
9.0200		20764
9.0300		20897
9.0400		20846
9.0500		20639
9.0600		20523
9.0700		20921
9.0800		20847
9.0900		20545
9.1000		20668
9.1100		20768
9.1200		20710
9.1300		20964
9.1400		20671
9.1500		20662
9.1600		20846
9.1700		20891
9.1800		20755
9.1900		20838
9.2000		20860
9.2100		20693
9.2200		20795
9.2300		20388
9.2400		20737
9.2500		20664
9.2600		21094
9.2700		20590
9.2800		20889
9.2900		20748
9.3000		20660
9.3100		20710
9.3200		20790
9.3300		20869
9.3400		20880
9.3500		20716
9.3600		20656
9.3700		20888
9.3800		20877
9.3900		20777
9.4000		20970
9.4100		20866
9.4200		20858
9.4300		20688
9.4400		20781
9.4500		20685
9.4600		20730
9.4700		20873
9.4800		20934
9.4900		20641
9.5000		20884
9.5100		20821
9.5200		20697
9.5300		20949
9.5400		20647
9.5500		21255
9.5600		20649
9.5700		20957
9.5800		20693
9.5900		20995
9.6000		20562
9.6100		20839
9.6200		20718
9.6300		20792
9.6400		20715
9.6500		20900
9.6600		20850
9.6700		20689
9.6800		20643
9.6900		20786
9.7000		20489
9.7100		20639
9.7200		20784
9.7300		20924
9.7400		20678
9.7500		21047
9.7600		20857
9.7700		20804
9.7800		20905
9.7900		20930
9.8000		20983
9.8100		20646
9.8200		20410
9.8300		20358
9.8400		20713
9.8500		20748
9.8600		21061
9.8700		20595
9.8800		20764
9.8900		20820
9.9000		20987
9.9100		20796
9.9200		20749
9.9300		20955
9.9400		20755
9.9500		20830
9.9600		20989
9.9700		20855
9.9800		20724
9.9900		20960
10.0000		20770
10.0100		20775
10.0200		20737
10.0300		20976
10.0400		21000
10.0500		20880
10.0600		20681
10.0700		20987
10.0800		20548
10.0900		20974
10.1000		20755
10.1100		20938
10.1200		20702
10.1300		20685
10.1400		20623
10.1500		20959
10.1600		20649
10.1700		21036
10.1800		21030
10.1900		20901
10.2000		20737
10.2100		20717
10.2200		20883
10.2300		20766
10.2400		20967
10.2500		20794
10.2600		20562
10.2700		20812
10.2800		20873
10.2900		20790
10.3000		20993
10.3100		20810
10.3200		20625
10.3300		20531
10.3400		20755
10.3500		20909
10.3600		20651
10.3700		20913
10.3800		20913
10.3900		20530
10.4000		20966
10.4100		20902
10.4200		20738
10.4300		21013
10.4400		20696
10.4500		20662
10.4600		20917
10.4700		20575
10.4800		20713
10.4900		20768
10.5000		20659
10.5100		20677
10.5200		20777
10.5300		20884
10.5400		20923
10.5500		20649
10.5600		20857
10.5700		20802
10.5800		21048
10.5900		21076
10.6000		20865
10.6100		21004
10.6200		20519
10.6300		20792
10.6400		20758
10.6500		20983
10.6600		20729
10.6700		20718
10.6800		20957
10.6900		20580
10.7000		20732
10.7100		20883
10.7200		20880
10.7300		20941
10.7400		20619
10.7500		20684
10.7600		20808
10.7700		20936
10.7800		20762
10.7900		20897
10.8000		20664
10.8100		20726
10.8200		21123
10.8300		20697
10.8400		20717
10.8500		20733
10.8600		20753
10.8700		20826
10.8800		20825
10.8900		20725
10.9000		20756
10.9100		20647
10.9200		20894
10.9300		20873
10.9400		20856
10.9500		20819
10.9600		20808
10.9700		21132
10.9800		20664
10.9900		20910
11.0000		20782
11.0100		20767
11.0200		20683
11.0300		20926
11.0400		20816
11.0500		20719
11.0600		20982
11.0700		20639
11.0800		20733
11.0900		20852
11.1000		20929
11.1100		20814
11.1200		20480
11.1300		20535
11.1400		20935
11.1500		20892
11.1600		20901
11.1700		20548
11.1800		20779
11.1900		20676
11.2000		20935
11.2100		20980
11.2200		20758
11.2300		21048
11.2400		20707
11.2500		20862
11.2600		20796
11.2700		20652
11.2800		20715
11.2900		20608
11.3000		20895
11.3100		20754
11.3200		20981
11.3300		20794
11.3400		20612
11.3500		20840
11.3600		21022
11.3700		20717
11.3800		20568
11.3900		20825
11.4000		20735
11.4100		20816
11.4200		20902
11.4300		20799
11.4400		20753
11.4500		20739
11.4600		20577
11.4700		20473
11.4800		20938
11.4900		20691
11.5000		20591
11.5100		20861
11.5200		20779
11.5300		20878
11.5400		20873
11.5500		20686
11.5600		20486
11.5700		20790
11.5800		20799
11.5900		21030
11.6000		20839
11.6100		20868
11.6200		20896
11.6300		20649
11.6400		20867
11.6500		20510
11.6600		20699
11.6700		20788
11.6800		20605
11.6900		20879
11.7000		20921
11.7100		20743
11.7200		20657
11.7300		20489
11.7400		20889
11.7500		20716
11.7600		20711
11.7700		20933
11.7800		20697
11.7900		20693
11.8000		20855
11.8100		21003
11.8200		20689
11.8300		20725
11.8400		20845
11.8500		20801
11.8600		20699
11.8700		20812
11.8800		20648
11.8900		20733
11.9000		20864
11.9100		20819
11.9200		20913
11.9300		20881
11.9400		20809
11.9500		20826
11.9600		20838
11.9700		20847
11.9800		20671
11.9900		20824
12.0000		20815
12.0100		20739
12.0200		20794
12.0300		20685
12.0400		20985
12.0500		20823
12.0600		20851
12.0700		20529
12.0800		20839
12.0900		20834
12.1000		20958
12.1100		20504
12.1200		20760
12.1300		20853
12.1400		20946
12.1500		20869
12.1600		21121
12.1700		20869
12.1800		20961
12.1900		20821
12.2000		20737
12.2100		20835
12.2200		20638
12.2300		20776
12.2400		20656
12.2500		20849
12.2600		21045
12.2700		20696
12.2800		20653
12.2900		20647
12.3000		20941
12.3100		20891
12.3200		20682
12.3300		20799
12.3400		20543
12.3500		20909
12.3600		20927
12.3700		20878
12.3800		20573
12.3900		20824
12.4000		20709
12.4100		20964
12.4200		20735
12.4300		20852
12.4400		20956
12.4500		20730
12.4600		20593
12.4700		20809
12.4800		20967
12.4900		20825
12.5000		20884
12.5100		20868
12.5200		20668
12.5300		20870
12.5400		20668
12.5500		20870
12.5600		20853
12.5700		20786
12.5800		20704
12.5900		20597
12.6000		20746
12.6100		20788
12.6200		20880
12.6300		20602
12.6400		20457
12.6500		20797
12.6600		20803
12.6700		20719
12.6800		20959
12.6900		20711
12.7000		20571
12.7100		20607
12.7200		20692
12.7300		20871
12.7400		20847
12.7500		20721
12.7600		20806
12.7700		20961
12.7800		20563
12.7900		20767
12.8000		20978
12.8100		20719
12.8200		20779
12.8300		20595
12.8400		20833
12.8500		20711
12.8600		20711
12.8700		20862
12.8800		20873
12.8900		20913
12.9000		20682
12.9100		20975
12.9200		20755
12.9300		20653
12.9400		20901
12.9500		20546
12.9600		20895
12.9700		20919
12.9800		20794
12.9900		20640
13.0000		20730
13.0100		20866
13.0200		20989
13.0300		20932
13.0400		20606
13.0500		20750
13.0600		20546
13.0700		20817
13.0800		20868
13.0900		20719
13.1000		20840
13.1100		20544
13.1200		20835
13.1300		20739
13.1400		20697
13.1500		20882
13.1600		20827
13.1700		20735
13.1800		20818
13.1900		20667
13.2000		20708
13.2100		20859
13.2200		20735
13.2300		20776
13.2400		20615
13.2500		20789
13.2600		20858
13.2700		20888
13.2800		20650
13.2900		20842
13.3000		20840
13.3100		20889
13.3200		20679
13.3300		20909
13.3400		20904
13.3500		20710
13.3600		20785
13.3700		20582
13.3800		20574
13.3900		20783
13.4000		20823
13.4100		20741
13.4200		20876
13.4300		21014
13.4400		20692
13.4500		20834
13.4600		20770
13.4700		20716
13.4800		20796
13.4900		20873
13.5000		20748
13.5100		20728
13.5200		20770
13.5300		20740
13.5400		20735
13.5500		20711
13.5600		20644
13.5700		20903
13.5800		20620
13.5900		20622
13.6000		20781
13.6100		20637
13.6200		20712
13.6300		20665
13.6400		20943
13.6500		20769
13.6600		20521
13.6700		20609
13.6800		20739
13.6900		20960
13.7000		20821
13.7100		20909
13.7200		20902
13.7300		20843
13.7400		20768
13.7500		20647
13.7600		20750
13.7700		20775
13.7800		20892
13.7900		20746
13.8000		20990
13.8100		20740
13.8200		20706
13.8300		20840
13.8400		20949
13.8500		20700
13.8600		20662
13.8700		20802
13.8800		20888
13.8900		21041
13.9000		20680
13.9100		20802
13.9200		20718
13.9300		20720
13.9400		20945
13.9500		20957
13.9600		20944
13.9700		20851
13.9800		20897
13.9900		20822
14.0000		20824
14.0100		20778
14.0200		20778
14.0300		20925
14.0400		20805
14.0500		20640
14.0600		20767
14.0700		20832
14.0800		20891
14.0900		20830
14.1000		20789
14.1100		21194
14.1200		20834
14.1300		20663
14.1400		21108
14.1500		20661
14.1600		20835
14.1700		20766
14.1800		20682
14.1900		20627
14.2000		20874
14.2100		20866
14.2200		20432
14.2300		20743
14.2400		20742
14.2500		20523
14.2600		20855
14.2700		20788
14.2800		20755
14.2900		21013
14.3000		20891
14.3100		20892
14.3200		20890
14.3300		21057
14.3400		20724
14.3500		20843
14.3600		20803
14.3700		20448
14.3800		20665
14.3900		20912
14.4000		20774
14.4100		21055
14.4200		20770
14.4300		20971
14.4400		20740
14.4500		20821
14.4600		20565
14.4700		20748
14.4800		20884
14.4900		20585
14.5000		20895
14.5100		20891
14.5200		20896
14.5300		20673
14.5400		20510
14.5500		20650
14.5600		21073
14.5700		20723
14.5800		20810
14.5900		21076
14.6000		20765
14.6100		20931
14.6200		20898
14.6300		20846
14.6400		20712
14.6500		20860
14.6600		20710
14.6700		20681
14.6800		20719
14.6900		20799
14.7000		20881
14.7100		20964
14.7200		20840
14.7300		20823
14.7400		20684
14.7500		20790
14.7600		20597
14.7700		20853
14.7800		20855
14.7900		20754
14.8000		20624
14.8100		20768
14.8200		20616
14.8300		20624
14.8400		20918
14.8500		20521
14.8600		20725
14.8700		20914
14.8800		20676
14.8900		20725
14.9000		21046
14.9100		20593
14.9200		20566
14.9300		20889
14.9400		20860
14.9500		20502
14.9600		20741
14.9700		20830
14.9800		20705
14.9900		20960
