0.0000		41560
0.0200		41542
0.0400		41948
0.0600		41532
0.0800		41542
0.1000		41531
0.1200		41794
0.1400		42047
0.1600		41779
0.1800		41787
0.2000		41427
0.2200		41883
0.2400		41577
0.2600		41780
0.2800		41877
0.3000		41393
0.3200		41795
0.3400		41471
0.3600		41562
0.3800		41851
0.4000		41811
0.4200		41977
0.4400		41442
0.4600		41728
0.4800		41730
0.5000		41591
0.5200		41899
0.5400		41334
0.5600		41830
0.5800		41790
0.6000		41844
0.6200		41668
0.6400		41781
0.6600		41696
0.6800		41620
0.7000		41884
0.7200		41639
0.7400		41595
0.7600		41817
0.7800		41892
0.8000		41882
0.8200		42017
0.8400		41669
0.8600		41852
0.8800		41875
0.9000		41846
0.9200		41411
0.9400		41585
0.9600		41564
0.9800		41985
1.0000		41970
1.0200		41832
1.0400		41613
1.0600		41970
1.0800		41648
1.1000		41648
1.1200		41532
1.1400		41800
1.1600		42154
1.1800		41480
1.2000		41910
1.2200		41540
1.2400		41780
1.2600		41837
1.2800		41904
1.3000		41769
1.3200		41709
1.3400		41838
1.3600		41473
1.3800		41916
1.4000		41835
1.4200		41853
1.4400		41606
1.4600		41819
1.4800		41448
1.5000		41909
1.5200		41708
1.5400		41850
1.5600		42210
1.5800		41453
1.6000		41764
1.6200		41869
1.6400		41905
1.6600		41506
1.6800		42016
1.7000		42155
1.7200		41190
1.7400		42003
1.7600		41809
1.7800		41231
1.8000		41754
1.8200		41619
1.8400		41606
1.8600		41691
1.8800		42359
1.9000		41744
1.9200		41504
1.9400		41901
1.9600		42034
1.9800		41752
2.0000		42054
2.0200		41468
2.0400		41515
2.0600		41819
2.0800		41378
2.1000		41804
2.1200		41824
2.1400		41665
2.1600		41700
2.1800		41582
2.2000		41687
2.2200		41738
2.2400		41830
2.2600		41792
2.2800		41696
2.3000		41598
2.3200		41485
2.3400		41814
2.3600		41439
2.3800		41617
2.4000		41419
2.4200		41823
2.4400		41579
2.4600		41968
2.4800		41896
2.5000		41220
2.5200		41734
2.5400		41698
2.5600		42020
2.5800		41563
2.6000		42142
2.6200		41640
2.6400		41727
2.6600		41294
2.6800		41412
2.7000		41816
2.7200		41534
2.7400		41637
2.7600		41286
2.7800		41512
2.8000		41718
2.8200		41515
2.8400		41837
2.8600		41906
2.8800		41559
2.9000		41818
2.9200		41604
2.9400		41538
2.9600		41870
2.9800		41661
3.0000		41372
3.0200		41459
3.0400		41631
3.0600		41613
3.0800		41457
3.1000		41782
3.1200		41641
3.1400		41724
3.1600		41610
3.1800		41557
3.2000		41707
3.2200		41842
3.2400		41864
3.2600		41954
3.2800		41499
3.3000		41398
3.3200		41576
3.3400		41305
3.3600		42093
3.3800		42135
3.4000		41589
3.4200		41806
3.4400		41850
3.4600		41749
3.4800		41208
3.5000		41667
3.5200		41704
3.5400		41687
3.5600		41400
3.5800		41780
3.6000		41700
3.6200		41600
3.6400		41573
3.6600		41511
3.6800		41495
3.7000		41889
3.7200		41672
3.7400		41441
3.7600		41507
3.7800		41679
3.8000		41454
3.8200		41714
3.8400		41698
3.8600		41686
3.8800		41606
3.9000		41631
3.9200		41643
3.9400		41807
3.9600		41657
3.9800		41532
4.0000		41510
4.0200		41520
4.0400		41667
4.0600		41612
4.0800		41527
4.1000		41977
4.1200		41779
4.1400		41570
4.1600		41197
4.1800		41514
4.2000		41692
4.2200		41865
4.2400		41506
4.2600		41553
4.2800		41167
4.3000		41420
4.3200		41476
4.3400		41328
4.3600		41593
4.3800		41713
4.4000		41603
4.4200		41864
4.4400		41379
4.4600		41674
4.4800		41809
4.5000		41436
4.5200		41915
4.5400		41623
4.5600		41695
4.5800		41692
4.6000		41705
4.6200		41974
4.6400		41565
4.6600		41849
4.6800		41528
4.7000		41369
4.7200		41578
4.7400		41851
4.7600		41337
4.7800		41458
4.8000		41612
4.8200		41609
4.8400		41839
4.8600		41607
4.8800		41761
4.9000		41483
4.9200		41853
4.9400		41760
4.9600		41665
4.9800		41761
5.0000		41937
5.0200		41829
5.0400		41784
5.0600		41984
5.0800		41291
5.1000		41647
5.1200		41792
5.1400		41487
5.1600		41696
5.1800		41481
5.2000		41702
5.2200		41739
5.2400		41748
5.2600		41578
5.2800		41990
5.3000		41444
5.3200		41285
5.3400		41609
5.3600		41542
5.3800		42084
5.4000		41817
5.4200		41627
5.4400		41853
5.4600		41736
5.4800		41600
5.5000		41463
5.5200		41508
5.5400		41678
5.5600		41523
5.5800		41122
5.6000		41520
5.6200		41460
5.6400		42000
5.6600		41476
5.6800		41441
5.7000		41871
5.7200		41770
5.7400		41448
5.7600		41543
5.7800		41498
5.8000		41651
5.8200		41561
5.8400		41638
5.8600		41500
5.8800		41724
5.9000		42124
5.9200		41690
5.9400		41737
5.9600		41575
5.9800		41478
6.0000		41572
6.0200		41535
6.0400		41294
6.0600		41508
6.0800		41469
6.1000		42010
6.1200		41426
6.1400		41501
6.1600		41412
6.1800		41835
6.2000		41640
6.2200		41575
6.2400		41622
6.2600		41655
6.2800		41365
6.3000		41805
6.3200		41569
6.3400		41523
6.3600		41766
6.3800		41589
6.4000		41739
6.4200		41555
6.4400		41645
6.4600		41389
6.4800		41364
6.5000		41871
6.5200		41753
6.5400		41562
6.5600		41802
6.5800		41560
6.6000		41705
6.6200		42016
6.6400		42047
6.6600		41525
6.6800		41880
6.7000		41568
6.7200		41145
6.7400		41954
6.7600		41719
6.7800		41623
6.8000		41653
6.8200		41664
6.8400		41618
6.8600		41634
6.8800		41555
6.9000		41833
6.9200		41713
6.9400		41441
6.9600		41764
6.9800		41577
7.0000		41570
7.0200		41594
7.0400		41570
7.0600		41649
7.0800		41410
7.1000		41460
7.1200		41595
7.1400		41528
7.1600		41892
7.1800		41425
7.2000		41432
7.2200		41632
7.2400		41658
7.2600		41589
7.2800		41352
7.3000		41950
7.3200		41297
7.3400		41765
7.3600		41624
7.3800		41630
7.4000		41654
7.4200		41590
7.4400		41449
7.4600		41743
7.4800		41501
7.5000		41840
7.5200		41439
7.5400		41602
7.5600		41511
7.5800		41749
7.6000		41234
7.6200		41518
7.6400		41656
7.6600		41456
7.6800		41671
7.7000		41358
7.7200		41580
7.7400		41786
7.7600		41531
7.7800		41855
7.8000		41663
7.8200		41232
7.8400		41917
7.8600		41442
7.8800		41757
7.9000		41484
7.9200		41675
7.9400		41725
7.9600		41631
7.9800		41564
8.0000		41685
8.0200		41701
8.0400		41905
8.0600		41919
8.0800		41410
8.1000		41700
8.1200		41284
8.1400		41399
8.1600		41314
8.1800		41668
8.2000		41822
8.2200		41481
8.2400		41596
8.2600		41669
8.2800		41845
8.3000		41229
8.3200		41589
8.3400		41526
8.3600		41248
8.3800		41673
8.4000		41641
8.4200		41689
8.4400		41637
8.4600		41597
8.4800		41560
8.5000		41501
8.5200		41961
8.5400		41763
8.5600		42053
8.5800		41551
8.6000		41561
8.6200		41758
8.6400		41488
8.6600		41583
8.6800		41413
8.7000		41378
8.7200		41624
8.7400		41467
8.7600		41672
8.7800		41861
8.8000		41859
8.8200		41383
8.8400		41703
8.8600		41600
8.8800		41519
8.9000		41638
8.9200		41571
8.9400		41535
8.9600		41933
8.9800		41570
9.0000		41701
9.0200		41608
9.0400		41471
9.0600		41506
9.0800		41621
9.1000		41472
9.1200		41841
9.1400		41677
9.1600		41362
9.1800		41818
9.2000		41686
9.2200		41746
9.2400		41520
9.2600		41724
9.2800		41612
9.3000		41913
9.3200		41447
9.3400		41466
9.3600		41608
9.3800		41716
9.4000		41350
9.4200		41616
9.4400		41693
9.4600		41576
9.4800		41775
9.5000		41881
9.5200		41501
9.5400		41706
9.5600		41541
9.5800		41373
9.6000		41741
9.6200		41994
9.6400		41686
9.6600		41477
9.6800		41559
9.7000		42051
9.7200		41428
9.7400		41496
9.7600		41702
9.7800		41500
9.8000		41341
9.8200		41386
9.8400		41710
9.8600		41636
9.8800		41624
9.9000		41897
9.9200		41799
9.9400		41725
9.9600		41477
9.9800		41670
10.0000		41657
10.0200		41469
10.0400		41660
10.0600		41250
10.0800		41670
10.1000		41612
10.1200		41551
10.1400		41464
10.1600		41643
10.1800		41728
10.2000		42132
10.2200		41275
10.2400		41702
10.2600		41965
10.2800		41861
10.3000		41721
10.3200		41541
10.3400		41524
10.3600		41254
10.3800		41645
10.4000		41701
10.4200		41689
10.4400		41781
10.4600		41544
10.4800		41366
10.5000		41292
10.5200		42079
10.5400		41951
10.5600		41326
10.5800		41374
10.6000		41747
10.6200		41370
10.6400		41429
10.6600		41926
10.6800		41393
10.7000		41909
10.7200		41891
10.7400		41737
10.7600		41811
10.7800		41938
10.8000		41712
10.8200		41973
10.8400		41307
10.8600		41309
10.8800		41767
10.9000		41438
10.9200		41226
10.9400		41672
10.9600		41521
10.9800		41561
11.0000		41697
11.0200		41575
11.0400		41726
11.0600		41685
11.0800		42026
11.1000		41686
11.1200		41654
11.1400		41543
11.1600		41420
11.1800		41546
11.2000		41357
11.2200		41550
11.2400		41860
11.2600		41783
11.2800		41450
11.3000		41680
11.3200		41436
11.3400		41484
11.3600		41952
11.3800		41765
11.4000		41423
11.4200		41446
11.4400		41535
11.4600		41283
11.4800		41649
11.5000		41632
11.5200		41589
11.5400		41626
11.5600		41690
11.5800		41570
11.6000		41456
11.6200		41289
11.6400		41773
11.6600		42058
11.6800		41294
11.7000		41488
11.7200		41352
11.7400		41220
11.7600		41558
11.7800		41738
11.8000		41328
11.8200		41723
11.8400		41554
11.8600		41666
11.8800		41708
11.9000		41673
11.9200		41548
11.9400		41613
11.9600		41614
11.9800		41611
12.0000		41540
12.0200		41550
12.0400		41349
12.0600		41347
12.0800		41660
12.1000		41539
12.1200		41677
12.1400		41806
12.1600		41570
12.1800		41549
12.2000		41533
12.2200		41798
12.2400		41264
12.2600		41626
12.2800		41777
12.3000		41557
12.3200		41524
12.3400		41760
12.3600		41435
12.3800		41729
12.4000		41541
12.4200		41817
12.4400		41689
12.4600		41550
12.4800		41287
12.5000		41600
12.5200		41411
12.5400		41799
12.5600		41634
12.5800		41535
12.6000		41336
12.6200		41572
12.6400		41437
12.6600		41374
12.6800		41681
12.7000		41565
12.7200		41769
12.7400		41818
12.7600		41854
12.7800		41551
12.8000		41578
12.8200		41490
12.8400		41421
12.8600		41525
12.8800		41799
12.9000		41850
12.9200		41730
12.9400		41635
12.9600		41676
12.9800		41886
13.0000		41589
13.0200		41369
13.0400		41563
13.0600		41758
13.0800		41764
13.1000		41439
13.1200		41477
13.1400		41445
13.1600		41732
13.1800		41418
13.2000		41505
13.2200		41533
13.2400		41491
13.2600		41564
13.2800		41671
13.3000		41550
13.3200		41588
13.3400		41589
13.3600		41444
13.3800		41604
13.4000		41811
13.4200		41614
13.4400		41214
13.4600		41603
13.4800		41410
13.5000		41777
13.5200		41410
13.5400		41694
13.5600		41688
13.5800		41229
13.6000		41457
13.6200		41756
13.6400		41159
13.6600		41891
13.6800		42007
13.7000		41602
13.7200		41415
13.7400		41398
13.7600		41554
13.7800		41660
13.8000		41621
13.8200		41461
13.8400		41583
13.8600		41570
13.8800		41368
13.9000		42005
13.9200		41589
13.9400		41885
13.9600		41721
13.9800		41132
14.0000		41859
14.0200		41406
14.0400		41535
14.0600		41143
14.0800		41729
14.1000		41303
14.1200		41477
14.1400		42158
14.1600		41986
14.1800		41635
14.2000		41425
14.2200		41709
14.2400		41467
14.2600		41750
14.2800		41854
14.3000		41836
14.3200		41267
14.3400		40966
14.3600		42116
14.3800		41824
14.4000		41363
14.4200		41710
14.4400		41604
14.4600		41431
14.4800		41372
14.5000		41501
14.5200		41573
14.5400		41958
14.5600		41865
14.5800		41458
14.6000		41388
14.6200		41604
14.6400		41712
14.6600		41670
14.6800		41524
14.7000		41399
14.7200		41325
14.7400		41740
14.7600		41610
14.7800		41920
14.8000		41597
14.8200		41429
14.8400		41607
14.8600		41346
14.8800		41888
14.9000		41585
14.9200		41524
14.9400		41749
14.9600		41694
14.9800		41668
