0.0000	5865
0.0100	5667
0.0200	5656
0.0300	5576
0.0400	5473
0.0500	6010
0.0600	5939
0.0700	6480
0.0800	5512
0.0900	6376
0.1000	5518
0.1100	5914
0.1200	5639
0.1300	6300
0.1400	5850
0.1500	5976
0.1600	6409
0.1700	6021
0.1800	6126
0.1900	5882
0.2000	6492
0.2100	5509
0.2200	6067
0.2300	6189
0.2400	5669
0.2500	5790
0.2600	5217
0.2700	6024
0.2800	6011
0.2900	5813
0.3000	5938
0.3100	5663
0.3200	5882
0.3300	5674
0.3400	5975
0.3500	5988
0.3600	6181
0.3700	5680
0.3800	6124
0.3900	5799
0.4000	6171
0.4100	6305
0.4200	5972
0.4300	5952
0.4400	6015
0.4500	6326
0.4600	5796
0.4700	6295
0.4800	5482
0.4900	5650
0.5000	5618
0.5100	5849
0.5200	6484
0.5300	5917
0.5400	5761
0.5500	5893
0.5600	6404
0.5700	5837
0.5800	6117
0.5900	6116
0.6000	5794
0.6100	5603
0.6200	5255
0.6300	6194
0.6400	6341
0.6500	6238
0.6600	6089
0.6700	5839
0.6800	5470
0.6900	6206
0.7000	5763
0.7100	5328
0.7200	6205
0.7300	6364
0.7400	5742
0.7500	5584
0.7600	5863
0.7700	5610
0.7800	5782
0.7900	5700
0.8000	5433
0.8100	6140
0.8200	5636
0.8300	5688
0.8400	5753
0.8500	5769
0.8600	5568
0.8700	5988
0.8800	5917
0.8900	5447
0.9000	5734
0.9100	6201
0.9200	5562
0.9300	5843
0.9400	6077
0.9500	5602
0.9600	5635
0.9700	5799
0.9800	5428
0.9900	6213
1.0000	6000
1.0100	5960
1.0200	5335
1.0300	5869
1.0400	6051
1.0500	5493
1.0600	5842
1.0700	5836
1.0800	5651
1.0900	6008
1.1000	5935
1.1100	5993
1.1200	5649
1.1300	5960
1.1400	5658
1.1500	5986
1.1600	5259
1.1700	5662
1.1800	6525
1.1900	5752
1.2000	5699
1.2100	5569
1.2200	6236
1.2300	5443
1.2400	6118
1.2500	6089
1.2600	5708
1.2700	5746
1.2800	5924
1.2900	6173
1.3000	5603
1.3100	5602
1.3200	5384
1.3300	5561
1.3400	5682
1.3500	5768
1.3600	5639
1.3700	5523
1.3800	5594
1.3900	5319
1.4000	5483
1.4100	5515
1.4200	5617
1.4300	5854
1.4400	5637
1.4500	5859
1.4600	6257
1.4700	5471
1.4800	5433
1.4900	5574
1.5000	6112
1.5100	5714
1.5200	5432
1.5300	6518
1.5400	5594
1.5500	5499
1.5600	5633
1.5700	6119
1.5800	5533
1.5900	5799
1.6000	6115
1.6100	5415
1.6200	5719
1.6300	6301
1.6400	6023
1.6500	5936
1.6600	6106
1.6700	5499
1.6800	5721
1.6900	5697
1.7000	5565
1.7100	6426
1.7200	5639
1.7300	5572
1.7400	6043
1.7500	5832
1.7600	5753
1.7700	6141
1.7800	6382
1.7900	5833
1.8000	6475
1.8100	6247
1.8200	6192
1.8300	6362
1.8400	5381
1.8500	5483
1.8600	5995
1.8700	6094
1.8800	6060
1.8900	5845
1.9000	6332
1.9100	5839
1.9200	5530
1.9300	5333
1.9400	5827
1.9500	5549
1.9600	5609
1.9700	5676
1.9800	6440
1.9900	5614
2.0000	5845
2.0100	6276
2.0200	5742
2.0300	5588
2.0400	5571
2.0500	6367
2.0600	5811
2.0700	6323
2.0800	5759
2.0900	6304
2.1000	5812
2.1100	5469
2.1200	5525
2.1300	6159
2.1400	5944
2.1500	5437
2.1600	6361
2.1700	6376
2.1800	5891
2.1900	5815
2.2000	5402
2.2100	5514
2.2200	5490
2.2300	6284
2.2400	5962
2.2500	5658
2.2600	6267
2.2700	6380
2.2800	6420
2.2900	5641
2.3000	6118
2.3100	5713
2.3200	6211
2.3300	5782
2.3400	5516
2.3500	6106
2.3600	5542
2.3700	6389
2.3800	6013
2.3900	5881
2.4000	5555
2.4100	6297
2.4200	6131
2.4300	6355
2.4400	5622
2.4500	5236
2.4600	5684
2.4700	5705
2.4800	5991
2.4900	5532
2.5000	6493
2.5100	5531
2.5200	5662
2.5300	5490
2.5400	5434
2.5500	6236
2.5600	5509
2.5700	6119
2.5800	6377
2.5900	5608
2.6000	5646
2.6100	5911
2.6200	6011
2.6300	5245
2.6400	5630
2.6500	5769
2.6600	5504
2.6700	5538
2.6800	6295
2.6900	6295
2.7000	5493
2.7100	5372
2.7200	6100
2.7300	5935
2.7400	5623
2.7500	5583
2.7600	6487
2.7700	5983
2.7800	6205
2.7900	6146
2.8000	6333
2.8100	5496
2.8200	5567
2.8300	6104
2.8400	5960
2.8500	5742
2.8600	6007
2.8700	5991
2.8800	5570
2.8900	5693
2.9000	5518
2.9100	6229
2.9200	5442
2.9300	6312
2.9400	6224
2.9500	6269
2.9600	5810
2.9700	6226
2.9800	6247
2.9900	5683
3.0000	6487
3.0100	5851
3.0200	5738
3.0300	5698
3.0400	6414
3.0500	6168
3.0600	5894
3.0700	6076
3.0800	5733
3.0900	6423
3.1000	5461
3.1100	6083
3.1200	6139
3.1300	6202
3.1400	5987
3.1500	6025
3.1600	5669
3.1700	5599
3.1800	5804
3.1900	6135
3.2000	5778
3.2100	5751
3.2200	5529
3.2300	6233
3.2400	5390
3.2500	5791
3.2600	5853
3.2700	5935
3.2800	5727
3.2900	6259
3.3000	6404
3.3100	5657
3.3200	6331
3.3300	6039
3.3400	6249
3.3500	5432
3.3600	6299
3.3700	6195
3.3800	5623
3.3900	6155
3.4000	6367
3.4100	6092
3.4200	5265
3.4300	6306
3.4400	6060
3.4500	5645
3.4600	5375
3.4700	6043
3.4800	6395
3.4900	5667
3.5000	5527
3.5100	6201
3.5200	5729
3.5300	6012
3.5400	5623
3.5500	6002
3.5600	5981
3.5700	5560
3.5800	5920
3.5900	5629
3.6000	5522
3.6100	5692
3.6200	6146
3.6300	5762
3.6400	5573
3.6500	6461
3.6600	5495
3.6700	6264
3.6800	5974
3.6900	5968
3.7000	5371
3.7100	5425
3.7200	6469
3.7300	5871
3.7400	6498
3.7500	6009
3.7600	5754
3.7700	6350
3.7800	5927
3.7900	5915
3.8000	5944
3.8100	6169
3.8200	5413
3.8300	6298
3.8400	5710
3.8500	6298
3.8600	5956
3.8700	5431
3.8800	5463
3.8900	6216
3.9000	6328
3.9100	5326
3.9200	6153
3.9300	5921
3.9400	6449
3.9500	5627
3.9600	5511
3.9700	6285
3.9800	5642
3.9900	5866
4.0000	5456
4.0100	5625
4.0200	5582
4.0300	5833
4.0400	6378
4.0500	6059
4.0600	5705
4.0700	5522
4.0800	5752
4.0900	5857
4.1000	5497
4.1100	6123
4.1200	6116
4.1300	6227
4.1400	5436
4.1500	5674
4.1600	6181
4.1700	5767
4.1800	5734
4.1900	6409
4.2000	5809
4.2100	5831
4.2200	6604
4.2300	5808
4.2400	5823
4.2500	6388
4.2600	6486
4.2700	6166
4.2800	6134
4.2900	6027
4.3000	5840
4.3100	5546
4.3200	5354
4.3300	6077
4.3400	6324
4.3500	5872
4.3600	5676
4.3700	6453
4.3800	6258
4.3900	5805
4.4000	5868
4.4100	6089
4.4200	6080
4.4300	6428
4.4400	5806
4.4500	5972
4.4600	6039
4.4700	5442
4.4800	5989
4.4900	6545
4.5000	5972
4.5100	5632
4.5200	6280
4.5300	6243
4.5400	6014
4.5500	5350
4.5600	6227
4.5700	6144
4.5800	5637
4.5900	6161
4.6000	5608
4.6100	6360
4.6200	5869
4.6300	6121
4.6400	6276
4.6500	5569
4.6600	6237
4.6700	5695
4.6800	5844
4.6900	6079
4.7000	5573
4.7100	6425
4.7200	5867
4.7300	5404
4.7400	5524
4.7500	5837
4.7600	5592
4.7700	5617
4.7800	6052
4.7900	6312
4.8000	5975
4.8100	5639
4.8200	6625
4.8300	6372
4.8400	5628
4.8500	5852
4.8600	6048
4.8700	6315
4.8800	6039
4.8900	6571
4.9000	6136
4.9100	6447
4.9200	5515
4.9300	5988
4.9400	6234
4.9500	5574
4.9600	5614
4.9700	6424
4.9800	6251
4.9900	5817
5.0000	6223
5.0100	5744
5.0200	5399
5.0300	6340
5.0400	6161
5.0500	6046
5.0600	5726
5.0700	6279
5.0800	6135
5.0900	5929
5.1000	6023
5.1100	5693
5.1200	6232
5.1300	5700
5.1400	6295
5.1500	6497
5.1600	6359
5.1700	5845
5.1800	5762
5.1900	5650
5.2000	5302
5.2100	6196
5.2200	5700
5.2300	6272
5.2400	6467
5.2500	6398
5.2600	6005
5.2700	5862
5.2800	5370
5.2900	5458
5.3000	6506
5.3100	6014
5.3200	5895
5.3300	6419
5.3400	5522
5.3500	5369
5.3600	5921
5.3700	6244
5.3800	6022
5.3900	6342
5.4000	5699
5.4100	5493
5.4200	6459
5.4300	6478
5.4400	6229
5.4500	5784
5.4600	6118
5.4700	5992
5.4800	6505
5.4900	5777
5.5000	6298
5.5100	6228
5.5200	6258
5.5300	6129
5.5400	6344
5.5500	6099
5.5600	6189
5.5700	6528
5.5800	6147
5.5900	6546
5.6000	6122
5.6100	5854
5.6200	6353
5.6300	6130
5.6400	6144
5.6500	5941
5.6600	5952
5.6700	5671
5.6800	6050
5.6900	6321
5.7000	6309
5.7100	6377
5.7200	5519
5.7300	5637
5.7400	6362
5.7500	6013
5.7600	5529
5.7700	6257
5.7800	5690
5.7900	5543
5.8000	6066
5.8100	5955
5.8200	5814
5.8300	5410
5.8400	6530
5.8500	5499
5.8600	5661
5.8700	6318
5.8800	5795
5.8900	5626
5.9000	5313
5.9100	5172
5.9200	5859
5.9300	6449
5.9400	6213
5.9500	5658
5.9600	6295
5.9700	5793
5.9800	5623
5.9900	5983
6.0000	6009
6.0100	5972
6.0200	5755
6.0300	5497
6.0400	6443
6.0500	6206
6.0600	5847
6.0700	5776
6.0800	6063
6.0900	5426
6.1000	6249
6.1100	6018
6.1200	6115
6.1300	5918
6.1400	6167
6.1500	5635
6.1600	5984
6.1700	5727
6.1800	5872
6.1900	5447
6.2000	5710
6.2100	5538
6.2200	6003
6.2300	5724
6.2400	5638
6.2500	5713
6.2600	5415
6.2700	5862
6.2800	5524
6.2900	6462
6.3000	5353
6.3100	6522
6.3200	5565
6.3300	6165
6.3400	6348
6.3500	6114
6.3600	5798
6.3700	6264
6.3800	6126
6.3900	5525
6.4000	6550
6.4100	5975
6.4200	5590
6.4300	6320
6.4400	6072
6.4500	5898
6.4600	6110
6.4700	5764
6.4800	5468
6.4900	6191
6.5000	6351
6.5100	5973
6.5200	6400
6.5300	5906
6.5400	5499
6.5500	6408
6.5600	6296
6.5700	5508
6.5800	6421
6.5900	5974
6.6000	5859
6.6100	6542
6.6200	5644
6.6300	5669
6.6400	5518
6.6500	6377
6.6600	6148
6.6700	6075
6.6800	6431
6.6900	5370
6.7000	6200
6.7100	6144
6.7200	5937
6.7300	5531
6.7400	6165
6.7500	6054
6.7600	6036
6.7700	6178
6.7800	6334
6.7900	6217
6.8000	5212
6.8100	6036
6.8200	5958
6.8300	6565
6.8400	5731
6.8500	6288
6.8600	5994
6.8700	5453
6.8800	5829
6.8900	6104
6.9000	6230
6.9100	6358
6.9200	6501
6.9300	6217
6.9400	5517
6.9500	5513
6.9600	6223
6.9700	5570
6.9800	5961
6.9900	5664
7.0000	6061
7.0100	5870
7.0200	5936
7.0300	5867
7.0400	6051
7.0500	5514
7.0600	6522
7.0700	5465
7.0800	5436
7.0900	5774
7.1000	6238
7.1100	6146
7.1200	6346
7.1300	6011
7.1400	6224
7.1500	5822
7.1600	5950
7.1700	6254
7.1800	6005
7.1900	6292
7.2000	6255
7.2100	6258
7.2200	5478
7.2300	6039
7.2400	6237
7.2500	6154
7.2600	5801
7.2700	6343
7.2800	6013
7.2900	5859
7.3000	6268
7.3100	5634
7.3200	5501
7.3300	5589
7.3400	5600
7.3500	6149
7.3600	6238
7.3700	6218
7.3800	5406
7.3900	5880
7.4000	6269
7.4100	6204
7.4200	5653
7.4300	5649
7.4400	6400
7.4500	5624
7.4600	5780
7.4700	5650
7.4800	5827
7.4900	5515
7.5000	6021
7.5100	6368
7.5200	6340
7.5300	6239
7.5400	5723
7.5500	6276
7.5600	5814
7.5700	6146
7.5800	5760
7.5900	6253
7.6000	6465
7.6100	5468
7.6200	6437
7.6300	6286
7.6400	6354
7.6500	6197
7.6600	6216
7.6700	6103
7.6800	5852
7.6900	6261
7.7000	6041
7.7100	5805
7.7200	6310
7.7300	6275
7.7400	6017
7.7500	5512
7.7600	6186
7.7700	6063
7.7800	6448
7.7900	5557
7.8000	6060
7.8100	6296
7.8200	6072
7.8300	5385
7.8400	5719
7.8500	5745
7.8600	6294
7.8700	6046
7.8800	6056
7.8900	6236
7.9000	6296
7.9100	5615
7.9200	5536
7.9300	5929
7.9400	5755
7.9500	5437
7.9600	6313
7.9700	6041
7.9800	5646
7.9900	6500
8.0000	6119
8.0100	5422
8.0200	5512
8.0300	6083
8.0400	6010
8.0500	6394
8.0600	5751
8.0700	5993
8.0800	5953
8.0900	5450
8.1000	6070
8.1100	5723
8.1200	6047
8.1300	6243
8.1400	5702
8.1500	5876
8.1600	5709
8.1700	5864
8.1800	5607
8.1900	6246
8.2000	5845
8.2100	5373
8.2200	5876
8.2300	5786
8.2400	6275
8.2500	6170
8.2600	6229
8.2700	6294
8.2800	5872
8.2900	6105
8.3000	6076
8.3100	5881
8.3200	5960
8.3300	5875
8.3400	6568
8.3500	6148
8.3600	5923
8.3700	5805
8.3800	5543
8.3900	5421
8.4000	6098
8.4100	6287
8.4200	5950
8.4300	5735
8.4400	6378
8.4500	5835
8.4600	6347
8.4700	5927
8.4800	5857
8.4900	6122
8.5000	6089
8.5100	5582
8.5200	6426
8.5300	6348
8.5400	5872
8.5500	5491
8.5600	5502
8.5700	6086
8.5800	5981
8.5900	6443
8.6000	5737
8.6100	6168
8.6200	5596
8.6300	5763
8.6400	6411
8.6500	5653
8.6600	6103
8.6700	6132
8.6800	6450
8.6900	5456
8.7000	5616
8.7100	6141
8.7200	5496
8.7300	6501
8.7400	6142
8.7500	6006
8.7600	5641
8.7700	5928
8.7800	6004
8.7900	6465
8.8000	5564
8.8100	6123
8.8200	6327
8.8300	5400
8.8400	6198
8.8500	6330
8.8600	5976
8.8700	5395
8.8800	6416
8.8900	6163
8.9000	5721
8.9100	5961
8.9200	5904
8.9300	6302
8.9400	5805
8.9500	6478
8.9600	5819
8.9700	6305
8.9800	6258
8.9900	5624
9.0000	6435
9.0100	5416
9.0200	6173
9.0300	5926
9.0400	6336
9.0500	5620
9.0600	6198
9.0700	6175
9.0800	5852
9.0900	6532
9.1000	6069
9.1100	6175
9.1200	5865
9.1300	5757
9.1400	6066
9.1500	5927
9.1600	5891
9.1700	5555
9.1800	6125
9.1900	6142
9.2000	5996
9.2100	6458
9.2200	6243
9.2300	5881
9.2400	5784
9.2500	6262
9.2600	6086
9.2700	5743
9.2800	6372
9.2900	5559
9.3000	6370
9.3100	5989
9.3200	6210
9.3300	6186
9.3400	5826
9.3500	6229
9.3600	6175
9.3700	6149
9.3800	5447
9.3900	6314
9.4000	6146
9.4100	5675
9.4200	5574
9.4300	5593
9.4400	6187
9.4500	5780
9.4600	6092
9.4700	5610
9.4800	6309
9.4900	6448
9.5000	5498
9.5100	6280
9.5200	5651
9.5300	5787
9.5400	5952
9.5500	5635
9.5600	5607
9.5700	6103
9.5800	6377
9.5900	6281
9.6000	6278
9.6100	5447
9.6200	6039
9.6300	5708
9.6400	5923
9.6500	5644
9.6600	5837
9.6700	6133
9.6800	5616
9.6900	6212
9.7000	5494
9.7100	5484
9.7200	5883
9.7300	5938
9.7400	5871
9.7500	5576
9.7600	6019
9.7700	5769
9.7800	6026
9.7900	5429
9.8000	6149
9.8100	5818
9.8200	5659
9.8300	6307
9.8400	5838
9.8500	5761
9.8600	5471
9.8700	6103
9.8800	6337
9.8900	5329
9.9000	6177
9.9100	5934
9.9200	5707
9.9300	5576
9.9400	6032
9.9500	6081
9.9600	6012
9.9700	5566
9.9800	5276
9.9900	5866
10.0000	5731
10.0100	6237
10.0200	5524
10.0300	5537
10.0400	5873
10.0500	5866
10.0600	5937
10.0700	5334
10.0800	6299
10.0900	5843
10.1000	5598
10.1100	5892
10.1200	6151
10.1300	6271
10.1400	5612
10.1500	6046
10.1600	5554
10.1700	6393
10.1800	5403
10.1900	5896
10.2000	6447
10.2100	5653
10.2200	5867
10.2300	5652
10.2400	6093
10.2500	5811
10.2600	5896
10.2700	5290
10.2800	6011
10.2900	6150
10.3000	6347
10.3100	6275
10.3200	6108
10.3300	6016
10.3400	6006
10.3500	5633
10.3600	6014
10.3700	5947
10.3800	5716
10.3900	5596
10.4000	6133
10.4100	5451
10.4200	5656
10.4300	6160
10.4400	5895
10.4500	5241
10.4600	5898
10.4700	6322
10.4800	5738
10.4900	5849
10.5000	5488
10.5100	5912
10.5200	5963
10.5300	6166
10.5400	5533
10.5500	6334
10.5600	6324
10.5700	5588
10.5800	6280
10.5900	6024
10.6000	5266
10.6100	5346
10.6200	5775
10.6300	5550
10.6400	5799
10.6500	5559
10.6600	5921
10.6700	5459
10.6800	5630
10.6900	5529
10.7000	6183
10.7100	5704
10.7200	5309
10.7300	5932
10.7400	5613
10.7500	5423
10.7600	5452
10.7700	6083
10.7800	5479
10.7900	5415
10.8000	5937
10.8100	5335
10.8200	6074
10.8300	5827
10.8400	6210
10.8500	5784
10.8600	5396
10.8700	5336
10.8800	5433
10.8900	6466
10.9000	5978
10.9100	6439
10.9200	5498
10.9300	5823
10.9400	5765
10.9500	5597
10.9600	5852
10.9700	5956
10.9800	6510
10.9900	5410
11.0000	6405
11.0100	5619
11.0200	5751
11.0300	6039
11.0400	5371
11.0500	6105
11.0600	5536
11.0700	6376
11.0800	5403
11.0900	6111
11.1000	5689
11.1100	5592
11.1200	6014
11.1300	5239
11.1400	5977
11.1500	5590
11.1600	6191
11.1700	5245
11.1800	6581
11.1900	5957
11.2000	5623
11.2100	5755
11.2200	5407
11.2300	5755
11.2400	6063
11.2500	5961
11.2600	5351
11.2700	5643
11.2800	5645
11.2900	5468
11.3000	5961
11.3100	5370
11.3200	5693
11.3300	5550
11.3400	6053
11.3500	5222
11.3600	5876
11.3700	6284
11.3800	5363
11.3900	5642
11.4000	5407
11.4100	5338
11.4200	6251
11.4300	5685
11.4400	5391
11.4500	5770
11.4600	6166
11.4700	5573
11.4800	6060
11.4900	5391
11.5000	5681
11.5100	5744
11.5200	5658
11.5300	6095
11.5400	5967
11.5500	5381
11.5600	5763
11.5700	5528
11.5800	5793
11.5900	6201
11.6000	5932
11.6100	5444
11.6200	5226
11.6300	5598
11.6400	5485
11.6500	6047
11.6600	5642
11.6700	5900
11.6800	5583
11.6900	6095
11.7000	5925
11.7100	5356
11.7200	5532
11.7300	6052
11.7400	5905
11.7500	5581
11.7600	5626
11.7700	5681
11.7800	6476
11.7900	5950
11.8000	5622
11.8100	5647
11.8200	5469
11.8300	5799
11.8400	6446
11.8500	5795
11.8600	5418
11.8700	5617
11.8800	5590
11.8900	5303
11.9000	6437
11.9100	5640
11.9200	5668
11.9300	5919
11.9400	5831
11.9500	5591
11.9600	5663
11.9700	5753
11.9800	6187
11.9900	5901
12.0000	5588
12.0100	5271
12.0200	5774
12.0300	5564
12.0400	6208
12.0500	5945
12.0600	5696
12.0700	5629
12.0800	5578
12.0900	5465
12.1000	5489
12.1100	5993
12.1200	5496
12.1300	5707
12.1400	5691
12.1500	5951
12.1600	5630
12.1700	5472
12.1800	6088
12.1900	5411
12.2000	5709
12.2100	5224
12.2200	5580
12.2300	5671
12.2400	5883
12.2500	5593
12.2600	5478
12.2700	5871
12.2800	5262
12.2900	6363
12.3000	5627
12.3100	5434
12.3200	5806
12.3300	5575
12.3400	5448
12.3500	5713
12.3600	6218
12.3700	5387
12.3800	5676
12.3900	5368
12.4000	6333
12.4100	5992
12.4200	6044
12.4300	6238
12.4400	5421
12.4500	5882
12.4600	5896
12.4700	5799
12.4800	5516
12.4900	5955
12.5000	6194
12.5100	5488
12.5200	6350
12.5300	6075
12.5400	5677
12.5500	5145
12.5600	5894
12.5700	5554
12.5800	5589
12.5900	6063
12.6000	5761
12.6100	5395
12.6200	5314
12.6300	5516
12.6400	5898
12.6500	5597
12.6600	5691
12.6700	5638
12.6800	5795
12.6900	5684
12.7000	5443
12.7100	5349
12.7200	5278
12.7300	5565
12.7400	5589
12.7500	5392
12.7600	5749
12.7700	5700
12.7800	5962
12.7900	5624
12.8000	5385
12.8100	5388
12.8200	5490
12.8300	5774
12.8400	5378
12.8500	5832
12.8600	5670
12.8700	5541
12.8800	5546
12.8900	6021
12.9000	5920
12.9100	5271
12.9200	5959
12.9300	5727
12.9400	5763
12.9500	5870
12.9600	6305
12.9700	5399
12.9800	5493
12.9900	5780
13.0000	5490
13.0100	6112
13.0200	6072
13.0300	6280
13.0400	5553
13.0500	6266
13.0600	6489
13.0700	5452
13.0800	5400
13.0900	5609
13.1000	5563
13.1100	5601
13.1200	6066
13.1300	5862
13.1400	5568
13.1500	5462
13.1600	5576
13.1700	5872
13.1800	6148
13.1900	6312
13.2000	5338
13.2100	5743
13.2200	6004
13.2300	5427
13.2400	6118
13.2500	5386
13.2600	5431
13.2700	5685
13.2800	6262
13.2900	5426
13.3000	5747
13.3100	5774
13.3200	5709
13.3300	5452
13.3400	5455
13.3500	5441
13.3600	5535
13.3700	5804
13.3800	5719
13.3900	5735
13.4000	5671
13.4100	5786
13.4200	6368
13.4300	6009
13.4400	5616
13.4500	5871
13.4600	5666
13.4700	6024
13.4800	5579
13.4900	6253
13.5000	5662
13.5100	5450
13.5200	5610
13.5300	6113
13.5400	5915
13.5500	6302
13.5600	5744
13.5700	5604
13.5800	5605
13.5900	5658
13.6000	5682
13.6100	6063
13.6200	6068
13.6300	6054
13.6400	5630
13.6500	5923
13.6600	5598
13.6700	5709
13.6800	5653
13.6900	5703
13.7000	5324
13.7100	6268
13.7200	6218
13.7300	5497
13.7400	5465
13.7500	5467
13.7600	5748
13.7700	5587
13.7800	6189
13.7900	5848
13.8000	5607
13.8100	5850
13.8200	6113
13.8300	5306
13.8400	5610
13.8500	5461
13.8600	5749
13.8700	5799
13.8800	5415
13.8900	5475
13.9000	5430
13.9100	5968
13.9200	5709
13.9300	5692
13.9400	5593
13.9500	5605
13.9600	5947
13.9700	5314
13.9800	6312
13.9900	5736
14.0000	5715
14.0100	5882
14.0200	6315
14.0300	5497
14.0400	5571
14.0500	5901
14.0600	5515
14.0700	5978
14.0800	5575
14.0900	6275
14.1000	5373
14.1100	5317
14.1200	5813
14.1300	5598
14.1400	5657
14.1500	5750
14.1600	6125
14.1700	5657
14.1800	5684
14.1900	5676
14.2000	5549
14.2100	5411
14.2200	5344
14.2300	6421
14.2400	5780
14.2500	5995
14.2600	5637
14.2700	5794
14.2800	5616
14.2900	5514
14.3000	6277
14.3100	5647
14.3200	5768
14.3300	5383
14.3400	5514
14.3500	5480
14.3600	5826
14.3700	5881
14.3800	5856
14.3900	5845
14.4000	5542
14.4100	5788
14.4200	5718
14.4300	5587
14.4400	5654
14.4500	6219
14.4600	5522
14.4700	5408
14.4800	5747
14.4900	5836
14.5000	5589
14.5100	5684
14.5200	5667
14.5300	6252
14.5400	5594
14.5500	6203
14.5600	5724
14.5700	6003
14.5800	5604
14.5900	6012
14.6000	5439
14.6100	5679
14.6200	5976
14.6300	5712
14.6400	5532
14.6500	5656
14.6600	5827
14.6700	5361
14.6800	5964
14.6900	5388
14.7000	5518
14.7100	5672
14.7200	6043
14.7300	5617
14.7400	5911
14.7500	5789
14.7600	5829
14.7700	5887
14.7800	6028
14.7900	5733
14.8000	5756
14.8100	5687
14.8200	5665
14.8300	6000
14.8400	5723
14.8500	5730
14.8600	5858
14.8700	5278
14.8800	5876
14.8900	5916
14.9000	5834
14.9100	5488
14.9200	5485
14.9300	6120
14.9400	5375
14.9500	5598
14.9600	5624
14.9700	5730
14.9800	5803
14.9900	6325
15.0000	5590
15.0100	5432
15.0200	5679
15.0300	6129
15.0400	5792
15.0500	6191
15.0600	5655
15.0700	5635
15.0800	5606
15.0900	6282
15.1000	5634
15.1100	5842
15.1200	5528
15.1300	5948
15.1400	5492
15.1500	6332
15.1600	6166
15.1700	6028
15.1800	5564
15.1900	5363
15.2000	5741
15.2100	5530
15.2200	6418
15.2300	5204
15.2400	5706
15.2500	5995
15.2600	5867
15.2700	5426
15.2800	5433
15.2900	5673
15.3000	5729
15.3100	5533
15.3200	5531
15.3300	5710
15.3400	5481
15.3500	5411
15.3600	5711
15.3700	5726
15.3800	5385
15.3900	5385
15.4000	6398
15.4100	5641
15.4200	6261
15.4300	5620
15.4400	5802
15.4500	5701
15.4600	5689
15.4700	5992
15.4800	5583
15.4900	6179
15.5000	5307
15.5100	5668
15.5200	5625
15.5300	6266
15.5400	5807
15.5500	5386
15.5600	5827
15.5700	5694
15.5800	5559
15.5900	5505
15.6000	6187
15.6100	6199
15.6200	5785
15.6300	5705
15.6400	5699
15.6500	5592
15.6600	6212
15.6700	6190
15.6800	5355
15.6900	5687
15.7000	5504
15.7100	6182
15.7200	6243
15.7300	5624
15.7400	6056
15.7500	5742
15.7600	5607
15.7700	5323
15.7800	6203
15.7900	6343
15.8000	5454
15.8100	5909
15.8200	5551
15.8300	5899
15.8400	5657
15.8500	6514
15.8600	5330
15.8700	6164
15.8800	5545
15.8900	6151
15.9000	5496
15.9100	5331
15.9200	6226
15.9300	5775
15.9400	5580
15.9500	5522
15.9600	5491
15.9700	6144
15.9800	5672
15.9900	5745
16.0000	5847
16.0100	6173
16.0200	5793
16.0300	6309
16.0400	5622
16.0500	6221
16.0600	5744
16.0700	6201
16.0800	5784
16.0900	5981
16.1000	5781
16.1100	6376
16.1200	5976
16.1300	6001
16.1400	5783
16.1500	5631
16.1600	5706
16.1700	6564
16.1800	5414
16.1900	5880
16.2000	6206
16.2100	5779
16.2200	6022
16.2300	6417
16.2400	5798
16.2500	5939
16.2600	6597
16.2700	5385
16.2800	5373
16.2900	6237
16.3000	6116
16.3100	5586
16.3200	5660
16.3300	6232
16.3400	5497
16.3500	5635
16.3600	5648
16.3700	5932
16.3800	6444
16.3900	5594
16.4000	6066
16.4100	5960
16.4200	6267
16.4300	5990
16.4400	6319
16.4500	5583
16.4600	5757
16.4700	6240
16.4800	6386
16.4900	5755
16.5000	6028
16.5100	5774
16.5200	5568
16.5300	5589
16.5400	5597
16.5500	5604
16.5600	5776
16.5700	5623
16.5800	6064
16.5900	5735
16.6000	5726
16.6100	6043
16.6200	5890
16.6300	5346
16.6400	5930
16.6500	6198
16.6600	5614
16.6700	5441
16.6800	6152
16.6900	5426
16.7000	6011
16.7100	5656
16.7200	6115
16.7300	5644
16.7400	5817
16.7500	6317
16.7600	5749
16.7700	5379
16.7800	5344
16.7900	5702
16.8000	5988
16.8100	5792
16.8200	5660
16.8300	6464
16.8400	5811
16.8500	6151
16.8600	6016
16.8700	6137
16.8800	5437
16.8900	5835
16.9000	5934
16.9100	5729
16.9200	6464
16.9300	5808
16.9400	5627
16.9500	6301
16.9600	6197
16.9700	5593
16.9800	5759
16.9900	5328
17.0000	5618
17.0100	5559
17.0200	5949
17.0300	5809
17.0400	5585
17.0500	6178
17.0600	5711
17.0700	5612
17.0800	5259
17.0900	6316
17.1000	5636
17.1100	5809
17.1200	5733
17.1300	6053
17.1400	5736
17.1500	5829
17.1600	6509
17.1700	5663
17.1800	5588
17.1900	6413
17.2000	6341
17.2100	6338
17.2200	5508
17.2300	5410
17.2400	5637
17.2500	6316
17.2600	5672
17.2700	5582
17.2800	6439
17.2900	6438
17.3000	5585
17.3100	5596
17.3200	5885
17.3300	5439
17.3400	5932
17.3500	5378
17.3600	6508
17.3700	6111
17.3800	6162
17.3900	6382
17.4000	6105
17.4100	5406
17.4200	5893
17.4300	6623
17.4400	5989
17.4500	6420
17.4600	5760
17.4700	6321
17.4800	6166
17.4900	5312
17.5000	6053
17.5100	6172
17.5200	6267
17.5300	5745
17.5400	5523
17.5500	6366
17.5600	5917
17.5700	5888
17.5800	6111
17.5900	5968
17.6000	5860
17.6100	5937
17.6200	6254
17.6300	6452
17.6400	5967
17.6500	5718
17.6600	5575
17.6700	5564
17.6800	5511
17.6900	5835
17.7000	5855
17.7100	5331
17.7200	6046
17.7300	6404
17.7400	5555
17.7500	5881
17.7600	5986
17.7700	5613
17.7800	6124
17.7900	5955
17.8000	6174
17.8100	5724
17.8200	5775
17.8300	5745
17.8400	5909
17.8500	6384
17.8600	5484
17.8700	5434
17.8800	5806
17.8900	6304
17.9000	5727
17.9100	5783
17.9200	6169
17.9300	5670
17.9400	5485
17.9500	5471
17.9600	6492
17.9700	6452
17.9800	5307
17.9900	5801
18.0000	5989
18.0100	6225
18.0200	5504
18.0300	5414
18.0400	6210
18.0500	5483
18.0600	5716
18.0700	5522
18.0800	6381
18.0900	5577
18.1000	5998
18.1100	6317
18.1200	5286
18.1300	6304
18.1400	5532
18.1500	6397
18.1600	5339
18.1700	5827
18.1800	6337
18.1900	5555
18.2000	5671
18.2100	5276
18.2200	6139
18.2300	5532
18.2400	5730
18.2500	6032
18.2600	5910
18.2700	5582
18.2800	5919
18.2900	6426
18.3000	5464
18.3100	5872
18.3200	5518
18.3300	6262
18.3400	6059
18.3500	5536
18.3600	5846
18.3700	5779
18.3800	6298
18.3900	5501
18.4000	5955
18.4100	5470
18.4200	5782
18.4300	5710
18.4400	5631
18.4500	6276
18.4600	5366
18.4700	6171
18.4800	5665
18.4900	6339
18.5000	5587
18.5100	5656
18.5200	5984
18.5300	5591
18.5400	5873
18.5500	5488
18.5600	6295
18.5700	5687
18.5800	6110
18.5900	6351
18.6000	5762
18.6100	6192
18.6200	5541
18.6300	6074
18.6400	6140
18.6500	5694
18.6600	5823
18.6700	5943
18.6800	6217
18.6900	5713
18.7000	5482
18.7100	6184
18.7200	5417
18.7300	6025
18.7400	5766
18.7500	5624
18.7600	5485
18.7700	5603
18.7800	6365
18.7900	6311
18.8000	5771
18.8100	6285
18.8200	5617
18.8300	6542
18.8400	5296
18.8500	5934
18.8600	6466
18.8700	6280
18.8800	6266
18.8900	5789
18.9000	5661
18.9100	6017
18.9200	5555
18.9300	5739
18.9400	6237
18.9500	5529
18.9600	6160
18.9700	5897
18.9800	6284
18.9900	5684
19.0000	6239
19.0100	6016
19.0200	5416
19.0300	5893
19.0400	6110
19.0500	6185
19.0600	5765
19.0700	6135
19.0800	6212
19.0900	5877
19.1000	5714
19.1100	5532
19.1200	5693
19.1300	6146
19.1400	5879
19.1500	6247
19.1600	6332
19.1700	6037
19.1800	5593
19.1900	5716
19.2000	5549
19.2100	5688
19.2200	6255
19.2300	6088
19.2400	5422
19.2500	5997
19.2600	5747
19.2700	6199
19.2800	5717
19.2900	5773
19.3000	5809
19.3100	6258
19.3200	5672
19.3300	6180
19.3400	5527
19.3500	6108
19.3600	5507
19.3700	6334
19.3800	5358
19.3900	6080
19.4000	5974
19.4100	5411
19.4200	5561
19.4300	5920
19.4400	5797
19.4500	6006
19.4600	6415
19.4700	5864
19.4800	5933
19.4900	6246
19.5000	6484
19.5100	5422
19.5200	5850
19.5300	5634
19.5400	5639
19.5500	6082
19.5600	5456
19.5700	5625
19.5800	6484
19.5900	6232
19.6000	5371
19.6100	5769
19.6200	5821
19.6300	5907
19.6400	6526
19.6500	5846
19.6600	5783
19.6700	6331
19.6800	6149
19.6900	5720
19.7000	5766
19.7100	5703
19.7200	6270
19.7300	6410
19.7400	5560
19.7500	6037
19.7600	5986
19.7700	6238
19.7800	5993
19.7900	5848
19.8000	6105
19.8100	5542
19.8200	6248
19.8300	5521
19.8400	6443
19.8500	6581
19.8600	5760
19.8700	5548
19.8800	5990
19.8900	5406
19.9000	5360
19.9100	6158
19.9200	6060
19.9300	6171
19.9400	5620
19.9500	6322
19.9600	5882
19.9700	5276
19.9800	5526
19.9900	5822
