0.0000	6591
0.0100	5557
0.0200	5586
0.0300	5667
0.0400	5821
0.0500	5564
0.0600	5797
0.0700	6087
0.0800	6122
0.0900	6572
0.1000	5875
0.1100	6231
0.1200	6426
0.1300	5980
0.1400	5478
0.1500	6124
0.1600	6144
0.1700	5494
0.1800	5525
0.1900	5525
0.2000	6594
0.2100	6355
0.2200	5759
0.2300	5751
0.2400	6346
0.2500	6630
0.2600	5605
0.2700	6153
0.2800	5879
0.2900	5917
0.3000	6033
0.3100	6090
0.3200	5708
0.3300	6018
0.3400	5961
0.3500	5724
0.3600	5636
0.3700	5565
0.3800	5945
0.3900	6128
0.4000	5322
0.4100	5510
0.4200	6204
0.4300	6080
0.4400	6061
0.4500	6449
0.4600	6211
0.4700	5417
0.4800	6267
0.4900	5475
0.5000	5684
0.5100	5653
0.5200	6341
0.5300	5710
0.5400	6177
0.5500	6168
0.5600	5477
0.5700	5724
0.5800	5878
0.5900	6353
0.6000	5661
0.6100	6397
0.6200	5532
0.6300	6425
0.6400	5585
0.6500	5811
0.6600	5638
0.6700	5776
0.6800	6083
0.6900	6302
0.7000	5858
0.7100	5566
0.7200	5914
0.7300	5692
0.7400	6053
0.7500	6500
0.7600	5395
0.7700	5475
0.7800	6098
0.7900	5688
0.8000	6162
0.8100	6349
0.8200	6012
0.8300	5469
0.8400	6420
0.8500	6215
0.8600	6285
0.8700	5832
0.8800	6096
0.8900	6116
0.9000	6401
0.9100	5643
0.9200	5318
0.9300	5652
0.9400	5553
0.9500	6015
0.9600	5936
0.9700	5628
0.9800	5792
0.9900	6289
1.0000	5470
1.0100	5432
1.0200	6101
1.0300	6082
1.0400	5465
1.0500	6052
1.0600	6006
1.0700	6142
1.0800	5388
1.0900	6230
1.1000	5828
1.1100	6360
1.1200	6079
1.1300	5920
1.1400	5638
1.1500	5941
1.1600	6004
1.1700	5744
1.1800	5904
1.1900	5787
1.2000	6211
1.2100	5953
1.2200	6164
1.2300	6093
1.2400	5829
1.2500	5583
1.2600	5529
1.2700	5717
1.2800	5661
1.2900	5727
1.3000	5464
1.3100	6162
1.3200	6463
1.3300	5649
1.3400	5602
1.3500	5791
1.3600	5965
1.3700	5628
1.3800	6221
1.3900	5997
1.4000	6366
1.4100	5450
1.4200	6435
1.4300	5923
1.4400	6165
1.4500	5529
1.4600	6121
1.4700	6307
1.4800	5991
1.4900	5942
1.5000	5463
1.5100	6079
1.5200	5564
1.5300	5971
1.5400	5599
1.5500	6025
1.5600	6470
1.5700	5462
1.5800	6413
1.5900	5807
1.6000	6046
1.6100	6169
1.6200	6217
1.6300	5874
1.6400	5707
1.6500	6133
1.6600	5203
1.6700	5803
1.6800	5848
1.6900	6387
1.7000	5701
1.7100	5941
1.7200	6181
1.7300	5490
1.7400	6539
1.7500	6021
1.7600	6409
1.7700	5481
1.7800	5966
1.7900	6489
1.8000	5480
1.8100	5828
1.8200	5774
1.8300	6356
1.8400	5757
1.8500	6230
1.8600	6228
1.8700	5868
1.8800	5962
1.8900	5739
1.9000	5969
1.9100	5597
1.9200	6029
1.9300	6041
1.9400	6364
1.9500	5533
1.9600	6297
1.9700	5984
1.9800	5698
1.9900	5443
2.0000	5898
2.0100	6080
2.0200	5548
2.0300	6100
2.0400	5923
2.0500	5810
2.0600	5695
2.0700	5452
2.0800	5402
2.0900	6376
2.1000	5987
2.1100	6009
2.1200	6275
2.1300	6003
2.1400	6118
2.1500	6123
2.1600	5887
2.1700	5663
2.1800	6406
2.1900	6152
2.2000	5653
2.2100	5986
2.2200	6414
2.2300	6209
2.2400	5666
2.2500	5911
2.2600	5537
2.2700	6271
2.2800	5592
2.2900	6145
2.3000	5712
2.3100	6248
2.3200	6287
2.3300	5647
2.3400	6055
2.3500	5564
2.3600	6229
2.3700	5597
2.3800	6193
2.3900	5654
2.4000	5627
2.4100	6177
2.4200	6152
2.4300	5621
2.4400	5455
2.4500	6384
2.4600	6451
2.4700	5441
2.4800	5753
2.4900	6316
2.5000	6247
2.5100	5622
2.5200	5893
2.5300	6228
2.5400	5671
2.5500	5946
2.5600	5959
2.5700	6267
2.5800	5957
2.5900	6093
2.6000	6171
2.6100	5962
2.6200	5575
2.6300	5724
2.6400	6238
2.6500	5889
2.6600	5680
2.6700	5593
2.6800	6216
2.6900	6595
2.7000	5975
2.7100	6304
2.7200	5702
2.7300	6352
2.7400	5351
2.7500	6008
2.7600	5767
2.7700	5279
2.7800	6247
2.7900	5586
2.8000	6095
2.8100	5584
2.8200	6341
2.8300	5747
2.8400	5652
2.8500	5735
2.8600	5608
2.8700	6261
2.8800	5316
2.8900	6277
2.9000	5609
2.9100	5961
2.9200	6068
2.9300	5985
2.9400	6131
2.9500	5433
2.9600	5835
2.9700	5428
2.9800	6221
2.9900	5853
3.0000	5462
3.0100	5446
3.0200	6217
3.0300	6167
3.0400	5826
3.0500	6186
3.0600	5593
3.0700	6455
3.0800	5947
3.0900	6529
3.1000	6050
3.1100	5510
3.1200	5584
3.1300	5589
3.1400	6274
3.1500	5351
3.1600	5978
3.1700	6498
3.1800	5651
3.1900	5995
3.2000	5624
3.2100	6159
3.2200	5479
3.2300	5834
3.2400	5357
3.2500	5409
3.2600	6259
3.2700	5942
3.2800	5910
3.2900	5699
3.3000	6155
3.3100	6041
3.3200	5606
3.3300	5756
3.3400	6104
3.3500	6029
3.3600	6331
3.3700	6124
3.3800	6080
3.3900	5879
3.4000	6025
3.4100	6104
3.4200	6170
3.4300	5502
3.4400	5807
3.4500	6552
3.4600	5513
3.4700	5576
3.4800	5785
3.4900	6081
3.5000	5776
3.5100	5573
3.5200	5769
3.5300	5980
3.5400	6243
3.5500	5689
3.5600	6131
3.5700	5705
3.5800	6200
3.5900	5832
3.6000	5758
3.6100	5838
3.6200	5723
3.6300	6240
3.6400	5513
3.6500	5677
3.6600	5420
3.6700	5549
3.6800	5984
3.6900	5390
3.7000	6049
3.7100	5892
3.7200	5610
3.7300	5549
3.7400	6105
3.7500	5289
3.7600	5577
3.7700	5575
3.7800	6091
3.7900	6434
3.8000	5829
3.8100	5773
3.8200	5972
3.8300	6180
3.8400	6131
3.8500	5828
3.8600	6261
3.8700	5635
3.8800	5972
3.8900	6093
3.9000	6212
3.9100	5559
3.9200	5382
3.9300	6176
3.9400	5305
3.9500	5712
3.9600	5291
3.9700	6280
3.9800	5935
3.9900	5651
4.0000	6168
4.0100	5896
4.0200	5478
4.0300	5725
4.0400	6297
4.0500	5407
4.0600	5648
4.0700	6438
4.0800	5815
4.0900	5652
4.1000	5558
4.1100	6210
4.1200	5792
4.1300	5806
4.1400	5411
4.1500	6144
4.1600	6213
4.1700	6049
4.1800	5746
4.1900	5967
4.2000	5995
4.2100	6269
4.2200	5698
4.2300	5747
4.2400	6309
4.2500	5815
4.2600	5867
4.2700	5923
4.2800	5424
4.2900	5558
4.3000	5527
4.3100	6031
4.3200	5339
4.3300	6010
4.3400	5828
4.3500	5925
4.3600	6050
4.3700	5552
4.3800	5771
4.3900	5997
4.4000	5743
4.4100	5580
4.4200	5855
4.4300	6280
4.4400	5788
4.4500	5741
4.4600	5581
4.4700	5429
4.4800	5921
4.4900	5554
4.5000	5454
4.5100	5584
4.5200	6183
4.5300	5509
4.5400	5638
4.5500	5682
4.5600	5467
4.5700	6047
4.5800	5786
4.5900	5710
4.6000	5486
4.6100	5729
4.6200	5704
4.6300	5811
4.6400	5945
4.6500	5898
4.6600	5647
4.6700	5607
4.6800	5553
4.6900	5577
4.7000	5601
4.7100	5387
4.7200	5939
4.7300	5784
4.7400	5848
4.7500	6028
4.7600	6531
4.7700	5528
4.7800	5748
4.7900	5567
4.8000	6051
4.8100	6073
4.8200	5244
4.8300	5688
4.8400	5503
4.8500	5606
4.8600	5622
4.8700	6123
4.8800	5609
4.8900	5625
4.9000	5519
4.9100	6222
4.9200	5685
4.9300	5540
4.9400	5619
4.9500	5329
4.9600	5472
4.9700	5594
4.9800	5635
4.9900	6370
5.0000	5505
5.0100	5959
5.0200	5714
5.0300	6242
5.0400	6081
5.0500	6136
5.0600	5724
5.0700	5518
5.0800	5627
5.0900	5602
5.1000	5818
5.1100	5584
5.1200	6413
5.1300	5415
5.1400	5979
5.1500	5599
5.1600	5463
5.1700	6012
5.1800	5806
5.1900	5658
5.2000	5478
5.2100	6469
5.2200	5630
5.2300	5478
5.2400	5798
5.2500	5757
5.2600	5686
5.2700	5541
5.2800	5944
5.2900	5570
5.3000	5616
5.3100	6112
5.3200	5873
5.3300	5984
5.3400	5365
5.3500	6060
5.3600	5670
5.3700	5515
5.3800	5744
5.3900	5680
5.4000	5682
5.4100	5911
5.4200	5507
5.4300	5871
5.4400	6079
5.4500	5428
5.4600	5737
5.4700	6357
5.4800	5552
5.4900	5919
5.5000	5668
5.5100	5716
5.5200	5321
5.5300	5706
5.5400	5473
5.5500	6310
5.5600	6006
5.5700	6303
5.5800	5904
5.5900	6017
5.6000	5629
5.6100	5409
5.6200	5784
5.6300	6043
5.6400	5890
5.6500	5851
5.6600	5759
5.6700	5971
5.6800	5617
5.6900	5407
5.7000	5481
5.7100	6257
5.7200	5423
5.7300	5523
5.7400	6090
5.7500	5907
5.7600	5885
5.7700	5576
5.7800	5298
5.7900	5414
5.8000	5993
5.8100	6206
5.8200	6086
5.8300	5819
5.8400	5814
5.8500	6081
5.8600	5564
5.8700	5349
5.8800	5626
5.8900	5657
5.9000	5204
5.9100	6093
5.9200	5633
5.9300	5752
5.9400	5864
5.9500	6271
5.9600	5386
5.9700	5429
5.9800	5867
5.9900	5512
6.0000	5688
6.0100	5544
6.0200	5621
6.0300	5731
6.0400	5415
6.0500	5368
6.0600	5352
6.0700	5774
6.0800	5377
6.0900	5675
6.1000	5580
6.1100	5552
6.1200	6186
6.1300	5418
6.1400	6047
6.1500	5842
6.1600	5756
6.1700	5834
6.1800	6208
6.1900	5935
6.2000	5696
6.2100	5526
6.2200	5660
6.2300	5586
6.2400	6322
6.2500	5716
6.2600	5521
6.2700	5610
6.2800	6519
6.2900	5475
6.3000	5994
6.3100	5605
6.3200	5480
6.3300	5627
6.3400	6469
6.3500	6166
6.3600	5640
6.3700	5788
6.3800	5729
6.3900	6253
6.4000	5954
6.4100	5648
6.4200	5701
6.4300	6073
6.4400	5379
6.4500	5560
6.4600	5720
6.4700	5600
6.4800	5551
6.4900	6060
6.5000	5931
6.5100	5780
6.5200	5501
6.5300	5613
6.5400	5720
6.5500	6076
6.5600	6032
6.5700	6166
6.5800	5494
6.5900	6259
6.6000	5575
6.6100	6338
6.6200	5780
6.6300	5696
6.6400	6140
6.6500	6072
6.6600	5635
6.6700	5361
6.6800	6191
6.6900	6117
6.7000	6043
6.7100	5704
6.7200	6272
6.7300	5566
6.7400	6270
6.7500	5553
6.7600	5483
6.7700	5810
6.7800	6236
6.7900	6375
6.8000	5480
6.8100	5656
6.8200	6143
6.8300	6322
6.8400	5741
6.8500	6196
6.8600	5302
6.8700	5498
6.8800	5907
6.8900	5620
6.9000	5659
6.9100	5561
6.9200	6005
6.9300	5716
6.9400	5646
6.9500	5376
6.9600	5912
6.9700	5926
6.9800	6091
6.9900	6278
7.0000	6205
7.0100	5481
7.0200	5593
7.0300	5911
7.0400	6168
7.0500	6327
7.0600	5771
7.0700	5610
7.0800	6284
7.0900	5396
7.1000	5492
7.1100	6380
7.1200	5453
7.1300	5336
7.1400	5526
7.1500	5628
7.1600	5318
7.1700	5698
7.1800	5497
7.1900	5382
7.2000	5894
7.2100	5456
7.2200	6200
7.2300	5814
7.2400	5619
7.2500	5501
7.2600	6184
7.2700	5651
7.2800	5515
7.2900	5623
7.3000	5568
7.3100	5510
7.3200	5516
7.3300	5971
7.3400	6061
7.3500	5687
7.3600	5704
7.3700	5394
7.3800	6142
7.3900	5380
7.4000	5417
7.4100	5684
7.4200	5665
7.4300	5552
7.4400	5582
7.4500	5810
7.4600	5360
7.4700	6366
7.4800	5628
7.4900	5506
7.5000	6077
7.5100	6076
7.5200	5447
7.5300	5755
7.5400	5551
7.5500	6106
7.5600	6151
7.5700	5672
7.5800	5415
7.5900	6112
7.6000	5555
7.6100	5751
7.6200	5982
7.6300	5703
7.6400	5384
7.6500	6307
7.6600	6172
7.6700	5811
7.6800	6012
7.6900	5491
7.7000	5886
7.7100	6331
7.7200	6003
7.7300	5624
7.7400	5615
7.7500	5503
7.7600	6140
7.7700	5573
7.7800	6470
7.7900	5876
7.8000	5616
7.8100	5467
7.8200	6237
7.8300	5757
7.8400	5260
7.8500	5999
7.8600	6039
7.8700	5764
7.8800	6013
7.8900	5849
7.9000	5930
7.9100	5574
7.9200	5639
7.9300	6174
7.9400	5998
7.9500	5846
7.9600	6029
7.9700	5553
7.9800	6132
7.9900	5563
8.0000	5417
8.0100	5421
8.0200	5866
8.0300	6223
8.0400	5491
8.0500	5568
8.0600	5493
8.0700	6220
8.0800	5435
8.0900	5394
8.1000	6398
8.1100	5463
8.1200	5691
8.1300	5997
8.1400	6434
8.1500	5723
8.1600	5673
8.1700	5891
8.1800	5858
8.1900	6014
8.2000	5678
8.2100	5726
8.2200	6244
8.2300	6168
8.2400	5344
8.2500	5499
8.2600	6052
8.2700	5560
8.2800	5740
8.2900	5462
8.3000	6268
8.3100	6104
8.3200	5518
8.3300	5964
8.3400	5485
8.3500	5402
8.3600	5636
8.3700	6363
8.3800	5503
8.3900	5875
8.4000	6198
8.4100	6229
8.4200	5594
8.4300	5410
8.4400	5746
8.4500	5411
8.4600	6094
8.4700	5455
8.4800	5823
8.4900	5604
8.5000	5830
8.5100	6249
8.5200	5782
8.5300	5823
8.5400	5512
8.5500	6612
8.5600	6194
8.5700	5588
8.5800	5566
8.5900	5862
8.6000	6143
8.6100	6053
8.6200	5395
8.6300	5566
8.6400	6275
8.6500	5493
8.6600	5818
8.6700	6514
8.6800	6037
8.6900	5500
8.7000	5466
8.7100	5807
8.7200	5836
8.7300	5661
8.7400	6037
8.7500	6052
8.7600	6216
8.7700	5662
8.7800	5531
8.7900	6142
8.8000	5402
8.8100	5612
8.8200	6210
8.8300	5887
8.8400	5868
8.8500	5500
8.8600	6309
8.8700	5607
8.8800	5516
8.8900	5885
8.9000	6135
8.9100	5853
8.9200	5787
8.9300	6261
8.9400	5624
8.9500	6191
8.9600	5422
8.9700	5815
8.9800	5832
8.9900	5543
9.0000	6403
9.0100	6080
9.0200	6195
9.0300	5628
9.0400	5733
9.0500	5751
9.0600	5236
9.0700	5603
9.0800	6189
9.0900	5481
9.1000	5605
9.1100	6392
9.1200	6253
9.1300	5997
9.1400	6339
9.1500	5704
9.1600	5535
9.1700	5971
9.1800	5441
9.1900	5905
9.2000	5838
9.2100	6172
9.2200	5878
9.2300	5809
9.2400	6021
9.2500	5774
9.2600	5568
9.2700	6414
9.2800	5455
9.2900	5681
9.3000	5536
9.3100	6300
9.3200	5776
9.3300	5461
9.3400	5564
9.3500	5837
9.3600	5727
9.3700	5522
9.3800	6335
9.3900	6140
9.4000	5748
9.4100	6015
9.4200	6040
9.4300	5597
9.4400	5714
9.4500	6411
9.4600	5980
9.4700	5554
9.4800	5382
9.4900	6239
9.5000	6166
9.5100	5560
9.5200	5999
9.5300	6372
9.5400	6488
9.5500	5581
9.5600	5560
9.5700	6448
9.5800	5341
9.5900	5589
9.6000	5442
9.6100	5731
9.6200	5505
9.6300	5673
9.6400	5892
9.6500	6205
9.6600	5463
9.6700	5965
9.6800	6073
9.6900	5328
9.7000	5551
9.7100	5857
9.7200	6251
9.7300	5885
9.7400	5953
9.7500	5816
9.7600	5709
9.7700	6239
9.7800	5353
9.7900	6146
9.8000	5672
9.8100	6028
9.8200	6032
9.8300	5637
9.8400	6298
9.8500	5415
9.8600	6369
9.8700	5608
9.8800	5756
9.8900	6162
9.9000	6354
9.9100	5714
9.9200	5698
9.9300	6274
9.9400	5871
9.9500	5632
9.9600	5568
9.9700	6361
9.9800	6242
9.9900	5693
10.0000	5615
10.0100	5591
10.0200	6360
10.0300	5472
10.0400	6071
10.0500	6107
10.0600	5725
10.0700	5532
10.0800	5796
10.0900	6084
10.1000	5843
10.1100	5741
10.1200	6142
10.1300	5817
10.1400	5974
10.1500	5541
10.1600	6349
10.1700	5565
10.1800	5595
10.1900	5677
10.2000	5939
10.2100	6009
10.2200	5795
10.2300	6045
10.2400	5354
10.2500	5691
10.2600	6538
10.2700	5983
10.2800	5801
10.2900	5368
10.3000	6142
10.3100	5772
10.3200	5667
10.3300	6397
10.3400	6056
10.3500	6128
10.3600	5604
10.3700	6177
10.3800	5484
10.3900	6310
10.4000	5705
10.4100	6013
10.4200	5809
10.4300	5764
10.4400	6213
10.4500	6157
10.4600	6228
10.4700	5470
10.4800	5970
10.4900	6206
10.5000	5397
10.5100	5924
10.5200	5661
10.5300	6351
10.5400	5548
10.5500	6098
10.5600	5885
10.5700	5634
10.5800	5566
10.5900	5872
10.6000	6239
10.6100	6163
10.6200	6416
10.6300	5957
10.6400	5594
10.6500	5519
10.6600	6048
10.6700	6381
10.6800	5263
10.6900	6134
10.7000	6157
10.7100	6309
10.7200	5455
10.7300	5876
10.7400	6021
10.7500	5458
10.7600	5673
10.7700	5846
10.7800	6278
10.7900	5668
10.8000	6258
10.8100	6051
10.8200	5511
10.8300	5960
10.8400	5760
10.8500	6370
10.8600	5243
10.8700	5802
10.8800	6295
10.8900	5624
10.9000	5638
10.9100	5644
10.9200	5400
10.9300	5310
10.9400	6127
10.9500	5712
10.9600	5943
10.9700	5563
10.9800	5661
10.9900	6183
11.0000	5435
11.0100	5474
11.0200	6096
11.0300	6442
11.0400	5636
11.0500	6048
11.0600	6362
11.0700	6154
11.0800	6287
11.0900	5440
11.1000	6304
11.1100	5660
11.1200	5706
11.1300	5760
11.1400	5647
11.1500	6173
11.1600	5834
11.1700	6089
11.1800	5353
11.1900	6087
11.2000	5688
11.2100	5726
11.2200	5923
11.2300	5679
11.2400	6254
11.2500	5472
11.2600	6324
11.2700	5859
11.2800	5502
11.2900	6223
11.3000	6257
11.3100	5890
11.3200	6034
11.3300	6346
11.3400	6323
11.3500	5590
11.3600	5536
11.3700	6224
11.3800	6219
11.3900	5784
11.4000	5687
11.4100	6382
11.4200	5934
11.4300	6056
11.4400	5772
11.4500	6075
11.4600	5323
11.4700	5570
11.4800	6478
11.4900	5908
11.5000	5838
11.5100	5943
11.5200	5372
11.5300	5952
11.5400	5538
11.5500	6271
11.5600	6024
11.5700	6040
11.5800	5415
11.5900	6497
11.6000	5588
11.6100	5807
11.6200	5588
11.6300	6099
11.6400	6209
11.6500	5749
11.6600	6395
11.6700	5562
11.6800	6368
11.6900	5552
11.7000	6281
11.7100	5734
11.7200	6079
11.7300	6174
11.7400	5762
11.7500	6236
11.7600	6061
11.7700	6225
11.7800	5521
11.7900	6331
11.8000	5971
11.8100	5597
11.8200	6229
11.8300	5703
11.8400	6276
11.8500	5479
11.8600	6408
11.8700	5890
11.8800	6232
11.8900	6347
11.9000	5494
11.9100	6132
11.9200	5562
11.9300	6440
11.9400	5528
11.9500	6021
11.9600	6291
11.9700	6099
11.9800	6408
11.9900	5290
12.0000	5947
12.0100	5994
12.0200	5832
12.0300	6036
12.0400	6419
12.0500	6236
12.0600	5513
12.0700	5563
12.0800	6079
12.0900	6313
12.1000	5613
12.1100	5857
12.1200	5338
12.1300	6250
12.1400	6075
12.1500	5608
12.1600	6308
12.1700	6239
12.1800	5439
12.1900	5526
12.2000	6267
12.2100	6085
12.2200	5915
12.2300	5718
12.2400	6051
12.2500	6354
12.2600	5882
12.2700	5489
12.2800	6023
12.2900	6228
12.3000	6051
12.3100	5731
12.3200	6194
12.3300	6245
12.3400	5845
12.3500	6198
12.3600	6299
12.3700	5962
12.3800	5639
12.3900	6327
12.4000	6262
12.4100	5570
12.4200	6190
12.4300	5859
12.4400	5978
12.4500	5456
12.4600	6428
12.4700	6350
12.4800	6022
12.4900	6404
12.5000	6062
12.5100	5458
12.5200	6177
12.5300	5947
12.5400	6388
12.5500	5737
12.5600	5473
12.5700	6229
12.5800	6107
12.5900	5609
12.6000	6235
12.6100	6172
12.6200	6095
12.6300	5883
12.6400	6097
12.6500	6151
12.6600	5505
12.6700	5497
12.6800	6257
12.6900	5968
12.7000	6017
12.7100	5578
12.7200	6106
12.7300	6341
12.7400	5824
12.7500	6257
12.7600	6280
12.7700	6256
12.7800	6004
12.7900	6440
12.8000	5892
12.8100	5983
12.8200	5889
12.8300	6389
12.8400	5905
12.8500	6058
12.8600	6110
12.8700	5764
12.8800	6472
12.8900	5422
12.9000	6440
12.9100	5762
12.9200	5966
12.9300	6207
12.9400	5687
12.9500	6116
12.9600	5696
12.9700	5688
12.9800	5969
12.9900	6341
13.0000	6314
13.0100	6286
13.0200	6216
13.0300	5801
13.0400	5740
13.0500	5603
13.0600	5944
13.0700	5892
13.0800	5815
13.0900	6417
13.1000	5838
13.1100	5740
13.1200	6169
13.1300	6045
13.1400	5575
13.1500	6522
13.1600	5917
13.1700	5496
13.1800	6100
13.1900	6257
13.2000	5459
13.2100	5340
13.2200	6002
13.2300	5485
13.2400	5998
13.2500	5504
13.2600	5984
13.2700	5696
13.2800	5737
13.2900	5521
13.3000	6157
13.3100	5964
13.3200	6127
13.3300	6195
13.3400	6170
13.3500	6474
13.3600	5702
13.3700	5882
13.3800	6448
13.3900	6094
13.4000	5549
13.4100	6259
13.4200	6406
13.4300	6173
13.4400	6493
13.4500	6278
13.4600	6269
13.4700	6276
13.4800	6066
13.4900	5319
13.5000	6337
13.5100	6322
13.5200	5640
13.5300	6458
13.5400	6534
13.5500	5406
13.5600	5524
13.5700	5935
13.5800	6275
13.5900	6214
13.6000	6374
13.6100	5417
13.6200	5686
13.6300	5874
13.6400	6298
13.6500	5471
13.6600	5739
13.6700	6210
13.6800	6051
13.6900	6154
13.7000	5817
13.7100	6226
13.7200	5610
13.7300	5722
13.7400	6503
13.7500	5912
13.7600	6199
13.7700	6324
13.7800	6399
13.7900	5460
13.8000	5666
13.8100	5851
13.8200	5740
13.8300	6370
13.8400	5352
13.8500	6121
13.8600	5581
13.8700	6048
13.8800	5879
13.8900	5735
13.9000	6033
13.9100	5523
13.9200	5693
13.9300	5260
13.9400	5559
13.9500	5463
13.9600	5741
13.9700	5458
13.9800	6437
13.9900	5588
14.0000	5955
14.0100	5396
14.0200	6181
14.0300	5661
14.0400	5832
14.0500	5796
14.0600	6121
14.0700	5624
14.0800	5730
14.0900	5417
14.1000	6257
14.1100	6253
14.1200	5392
14.1300	5928
14.1400	6416
14.1500	5953
14.1600	6296
14.1700	6220
14.1800	5956
14.1900	6446
14.2000	6093
14.2100	6129
14.2200	6111
14.2300	6459
14.2400	5408
14.2500	6077
14.2600	6256
14.2700	6078
14.2800	6209
14.2900	6076
14.3000	5690
14.3100	5609
14.3200	6276
14.3300	5858
14.3400	5740
14.3500	6349
14.3600	6183
14.3700	5885
14.3800	6089
14.3900	6263
14.4000	5721
14.4100	5747
14.4200	5935
14.4300	6311
14.4400	6386
14.4500	6087
14.4600	6476
14.4700	6168
14.4800	6055
14.4900	6201
14.5000	6027
14.5100	5760
14.5200	6217
14.5300	5841
14.5400	6072
14.5500	5944
14.5600	5386
14.5700	6332
14.5800	6395
14.5900	6065
14.6000	6044
14.6100	6312
14.6200	5789
14.6300	6081
14.6400	6437
14.6500	5823
14.6600	6302
14.6700	6076
14.6800	6022
14.6900	6094
14.7000	6226
14.7100	6156
14.7200	5718
14.7300	6231
14.7400	5781
14.7500	6279
14.7600	6273
14.7700	6437
14.7800	5631
14.7900	5919
14.8000	6111
14.8100	6161
14.8200	6579
14.8300	6147
14.8400	6041
14.8500	6110
14.8600	6254
14.8700	6132
14.8800	6199
14.8900	6188
14.9000	6162
14.9100	6226
14.9200	5385
14.9300	5691
14.9400	6152
14.9500	6153
14.9600	5706
14.9700	6203
14.9800	6335
14.9900	5442
15.0000	6436
15.0100	5732
15.0200	6204
15.0300	5992
15.0400	6557
15.0500	5452
15.0600	5746
15.0700	6064
15.0800	5870
15.0900	5717
15.1000	5380
15.1100	6399
15.1200	6517
15.1300	5904
15.1400	6039
15.1500	5865
15.1600	5366
15.1700	6116
15.1800	6491
15.1900	5587
15.2000	6291
15.2100	6348
15.2200	6232
15.2300	5872
15.2400	6201
15.2500	5525
15.2600	5887
15.2700	6274
15.2800	6166
15.2900	6362
15.3000	6283
15.3100	5644
15.3200	5688
15.3300	5820
15.3400	6158
15.3500	5552
15.3600	6447
15.3700	5218
15.3800	6123
15.3900	6463
15.4000	6414
15.4100	5826
15.4200	6307
15.4300	6432
15.4400	6111
15.4500	6263
15.4600	6046
15.4700	6288
15.4800	6525
15.4900	6324
15.5000	6276
15.5100	5645
15.5200	5788
15.5300	6176
15.5400	6424
15.5500	6121
15.5600	5951
15.5700	6326
15.5800	6091
15.5900	5692
15.6000	6193
15.6100	5805
15.6200	5614
15.6300	5963
15.6400	6034
15.6500	5776
15.6600	6566
15.6700	5835
15.6800	5840
15.6900	5388
15.7000	6245
15.7100	5873
15.7200	6619
15.7300	5874
15.7400	6383
15.7500	6190
15.7600	5767
15.7700	6245
15.7800	5912
15.7900	6064
15.8000	6283
15.8100	6475
15.8200	6331
15.8300	6121
15.8400	5623
15.8500	5522
15.8600	6152
15.8700	5805
15.8800	5864
15.8900	6236
15.9000	5438
15.9100	5867
15.9200	6291
15.9300	5848
15.9400	5599
15.9500	5825
15.9600	5833
15.9700	5805
15.9800	6273
15.9900	5505
16.0000	5337
16.0100	5696
16.0200	6338
16.0300	6278
16.0400	6127
16.0500	6140
16.0600	6027
16.0700	6384
16.0800	6297
16.0900	6135
16.1000	6298
16.1100	6240
16.1200	6143
16.1300	6346
16.1400	6112
16.1500	6005
16.1600	5576
16.1700	6610
16.1800	6025
16.1900	6537
16.2000	6011
16.2100	6279
16.2200	5556
16.2300	6100
16.2400	6313
16.2500	6276
16.2600	5821
16.2700	6074
16.2800	6171
16.2900	5908
16.3000	6094
16.3100	6341
16.3200	5691
16.3300	6279
16.3400	6281
16.3500	6228
16.3600	5441
16.3700	6327
16.3800	6085
16.3900	6307
16.4000	6414
16.4100	6024
16.4200	5799
16.4300	6079
16.4400	6228
16.4500	5987
16.4600	6307
16.4700	5554
16.4800	6005
16.4900	6379
16.5000	6014
16.5100	6186
16.5200	5650
16.5300	5867
16.5400	5511
16.5500	5768
16.5600	6313
16.5700	5731
16.5800	6516
16.5900	5822
16.6000	5797
16.6100	6219
16.6200	6272
16.6300	5450
16.6400	6108
16.6500	5567
16.6600	5398
16.6700	6499
16.6800	5888
16.6900	6093
16.7000	5841
16.7100	6419
16.7200	6199
16.7300	6016
16.7400	6356
16.7500	6011
16.7600	6142
16.7700	6074
16.7800	5937
16.7900	6184
16.8000	6316
16.8100	6100
16.8200	6412
16.8300	5654
16.8400	5614
16.8500	5959
16.8600	6012
16.8700	5540
16.8800	6379
16.8900	6137
16.9000	6153
16.9100	5602
16.9200	5979
16.9300	6078
16.9400	6350
16.9500	5408
16.9600	6273
16.9700	6391
16.9800	6154
16.9900	6197
17.0000	6072
17.0100	6240
17.0200	6271
17.0300	6161
17.0400	5970
17.0500	5877
17.0600	6314
17.0700	5821
17.0800	5777
17.0900	5997
17.1000	6201
17.1100	6110
17.1200	5938
17.1300	5347
17.1400	6271
17.1500	6042
17.1600	6443
17.1700	6205
17.1800	6129
17.1900	5389
17.2000	6144
17.2100	6252
17.2200	6118
17.2300	5685
17.2400	5850
17.2500	5748
17.2600	5489
17.2700	6190
17.2800	6093
17.2900	5563
17.3000	5661
17.3100	6130
17.3200	6279
17.3300	5691
17.3400	6307
17.3500	5713
17.3600	5759
17.3700	5564
17.3800	6094
17.3900	6509
17.4000	5870
17.4100	5866
17.4200	6085
17.4300	6134
17.4400	5409
17.4500	6143
17.4600	6388
17.4700	5796
17.4800	6032
17.4900	5501
17.5000	6188
17.5100	6513
17.5200	6414
17.5300	5797
17.5400	6214
17.5500	5930
17.5600	5645
17.5700	5861
17.5800	6139
17.5900	5960
17.6000	6181
17.6100	6397
17.6200	6355
17.6300	6302
17.6400	6127
17.6500	5524
17.6600	6435
17.6700	5906
17.6800	6463
17.6900	5994
17.7000	5986
17.7100	6336
17.7200	5740
17.7300	6154
17.7400	5999
17.7500	6365
17.7600	6131
17.7700	5914
17.7800	6167
17.7900	6028
17.8000	6335
17.8100	5325
17.8200	6012
17.8300	6257
17.8400	5681
17.8500	6105
17.8600	6424
17.8700	6327
17.8800	5601
17.8900	6215
17.9000	6188
17.9100	5956
17.9200	5635
17.9300	5697
17.9400	5742
17.9500	5491
17.9600	5911
17.9700	5958
17.9800	5940
17.9900	6054
18.0000	5828
18.0100	5758
18.0200	6201
18.0300	6031
18.0400	5649
18.0500	6334
18.0600	5977
18.0700	6271
18.0800	6049
18.0900	5960
18.1000	6362
18.1100	5787
18.1200	5782
18.1300	6294
18.1400	6229
18.1500	6126
18.1600	6421
18.1700	6281
18.1800	5367
18.1900	6178
18.2000	6317
18.2100	5980
18.2200	6088
18.2300	6225
18.2400	5983
18.2500	6139
18.2600	6041
18.2700	6246
18.2800	6194
18.2900	5540
18.3000	5507
18.3100	6295
18.3200	6132
18.3300	5793
18.3400	6115
18.3500	5873
18.3600	6167
18.3700	5425
18.3800	6691
18.3900	6184
18.4000	6069
18.4100	5745
18.4200	6200
18.4300	6082
18.4400	5275
18.4500	5875
18.4600	6266
18.4700	5980
18.4800	5821
18.4900	6344
18.5000	6257
18.5100	6392
18.5200	6173
18.5300	5223
18.5400	5801
18.5500	5926
18.5600	6042
18.5700	5768
18.5800	6405
18.5900	5945
18.6000	5757
18.6100	6111
18.6200	6066
18.6300	6234
18.6400	5903
18.6500	6066
18.6600	5734
18.6700	5573
18.6800	6293
18.6900	6217
18.7000	6332
18.7100	5846
18.7200	5607
18.7300	6161
18.7400	6378
18.7500	5574
18.7600	6238
18.7700	6036
18.7800	5771
18.7900	6384
18.8000	6014
18.8100	6056
18.8200	5570
18.8300	6105
18.8400	5568
18.8500	5917
18.8600	5959
18.8700	6083
18.8800	5470
18.8900	5431
18.9000	5568
18.9100	6316
18.9200	6401
18.9300	5425
18.9400	5594
18.9500	6337
18.9600	5555
18.9700	5979
18.9800	5788
18.9900	6370
19.0000	5994
19.0100	5752
19.0200	5965
19.0300	6000
19.0400	6281
19.0500	5433
19.0600	6105
19.0700	5955
19.0800	5739
19.0900	5735
19.1000	6600
19.1100	6038
19.1200	6149
19.1300	5848
19.1400	5728
19.1500	5792
19.1600	5943
19.1700	6160
19.1800	6214
19.1900	5548
19.2000	5536
19.2100	6005
19.2200	6281
19.2300	5909
19.2400	5620
19.2500	5507
19.2600	6131
19.2700	5590
19.2800	6254
19.2900	6020
19.3000	6017
19.3100	5866
19.3200	5687
19.3300	6080
19.3400	6006
19.3500	5615
19.3600	6077
19.3700	5661
19.3800	5604
19.3900	6159
19.4000	5830
19.4100	6083
19.4200	5808
19.4300	5966
19.4400	6030
19.4500	5840
19.4600	6456
19.4700	5668
19.4800	6202
19.4900	6265
19.5000	6156
19.5100	6315
19.5200	5457
19.5300	6199
19.5400	5789
19.5500	6418
19.5600	6108
19.5700	6206
19.5800	6161
19.5900	5732
19.6000	6476
19.6100	5961
19.6200	6294
19.6300	5906
19.6400	6207
19.6500	5862
19.6600	5735
19.6700	6163
19.6800	5339
19.6900	6322
19.7000	6045
19.7100	6331
19.7200	5734
19.7300	6403
19.7400	5822
19.7500	5393
19.7600	5415
19.7700	5824
19.7800	6259
19.7900	5391
19.8000	5720
19.8100	6415
19.8200	6161
19.8300	6250
19.8400	5906
19.8500	5735
19.8600	6270
19.8700	5728
19.8800	6078
19.8900	6019
19.9000	6185
19.9100	6067
19.9200	6169
19.9300	5481
19.9400	6000
19.9500	5737
19.9600	6518
19.9700	6105
19.9800	5771
19.9900	6518
