0.0000	6286
0.0040	6496
0.0080	6007
0.0120	5914
0.0160	6208
0.0200	6369
0.0240	5884
0.0280	5745
0.0320	5760
0.0360	6302
0.0400	6290
0.0440	5771
0.0480	5754
0.0520	5741
0.0560	6545
0.0600	6383
0.0640	5912
0.0680	5988
0.0720	5815
0.0760	6247
0.0800	6054
0.0840	6238
0.0880	5560
0.0920	6290
0.0960	6156
0.1000	6339
0.1040	5518
0.1080	6299
0.1120	5426
0.1160	6094
0.1200	5700
0.1240	5752
0.1280	5602
0.1320	6067
0.1360	5887
0.1400	6027
0.1440	5750
0.1480	5614
0.1520	6461
0.1560	5870
0.1600	5835
0.1640	6160
0.1680	6433
0.1720	5558
0.1760	6359
0.1800	6205
0.1840	5847
0.1880	6004
0.1920	6621
0.1960	6092
0.2000	6235
0.2040	6536
0.2080	5814
0.2120	6264
0.2160	5962
0.2200	6446
0.2240	6420
0.2280	6460
0.2320	6360
0.2360	5923
0.2400	5596
0.2440	5670
0.2480	5956
0.2520	5894
0.2560	5915
0.2600	6196
0.2640	6277
0.2680	6220
0.2720	5824
0.2760	5652
0.2800	5837
0.2840	6126
0.2880	6412
0.2920	6389
0.2960	6332
0.3000	6166
0.3040	6442
0.3080	6209
0.3120	6287
0.3160	6470
0.3200	6566
0.3240	6545
0.3280	6476
0.3320	6057
0.3360	5860
0.3400	6513
0.3440	5696
0.3480	6278
0.3520	6385
0.3560	6646
0.3600	6420
0.3640	6563
0.3680	6590
0.3720	6753
0.3760	6524
0.3800	5988
0.3840	6241
0.3880	6516
0.3920	6645
0.3960	6563
0.4000	5860
0.4040	5830
0.4080	6516
0.4120	5943
0.4160	5736
0.4200	6111
0.4240	6164
0.4280	6237
0.4320	6266
0.4360	5699
0.4400	5463
0.4440	6129
0.4480	6097
0.4520	6035
0.4560	6181
0.4600	6107
0.4640	5550
0.4680	5900
0.4720	5763
0.4760	6149
0.4800	5607
0.4840	6350
0.4880	5590
0.4920	5734
0.4960	5668
0.5000	5682
0.5040	5779
0.5080	6188
0.5120	5834
0.5160	5435
0.5200	6067
0.5240	6240
0.5280	6052
0.5320	5574
0.5360	6193
0.5400	6062
0.5440	5945
0.5480	6100
0.5520	5811
0.5560	6124
0.5600	6620
0.5640	6129
0.5680	5765
0.5720	6286
0.5760	5886
0.5800	5865
0.5840	6399
0.5880	6599
0.5920	6465
0.5960	6495
0.6000	6140
0.6040	6058
0.6080	5768
0.6120	5988
0.6160	5543
0.6200	6258
0.6240	6285
0.6280	6283
0.6320	6302
0.6360	5610
0.6400	5795
0.6440	5610
0.6480	6544
0.6520	5565
0.6560	6398
0.6600	6368
0.6640	6482
0.6680	6276
0.6720	5993
0.6760	6469
0.6800	5583
0.6840	6319
0.6880	5617
0.6920	6240
0.6960	6207
0.7000	6720
0.7040	5877
0.7080	5820
0.7120	6345
0.7160	6023
0.7200	5739
0.7240	6673
0.7280	6010
0.7320	6524
0.7360	6503
0.7400	6003
0.7440	5791
0.7480	6395
0.7520	5972
0.7560	6283
0.7600	5686
0.7640	5802
0.7680	5756
0.7720	5587
0.7760	6303
0.7800	5597
0.7840	5699
0.7880	6310
0.7920	6182
0.7960	6419
0.8000	5945
0.8040	6267
0.8080	6074
0.8120	6363
0.8160	5497
0.8200	6467
0.8240	6267
0.8280	6305
0.8320	6131
0.8360	6424
0.8400	6082
0.8440	6372
0.8480	6215
0.8520	6046
0.8560	6378
0.8600	5954
0.8640	6211
0.8680	6254
0.8720	6318
0.8760	6196
0.8800	5829
0.8840	5601
0.8880	6434
0.8920	5753
0.8960	5970
0.9000	6186
0.9040	6695
0.9080	6434
0.9120	6679
0.9160	6193
0.9200	6634
0.9240	6476
0.9280	6603
0.9320	6123
0.9360	5995
0.9400	6395
0.9440	6494
0.9480	6346
0.9520	6333
0.9560	5887
0.9600	6057
0.9640	6239
0.9680	6435
0.9720	5893
0.9760	6066
0.9800	6293
0.9840	6458
0.9880	5994
0.9920	6338
0.9960	6085
1.0000	6460
1.0040	6103
1.0080	6525
1.0120	6064
1.0160	6016
1.0200	6265
1.0240	6226
1.0280	6353
1.0320	6250
1.0360	5957
1.0400	6050
1.0440	6364
1.0480	5772
1.0520	6442
1.0560	6361
1.0600	6402
1.0640	6184
1.0680	6481
1.0720	6098
1.0760	6202
1.0800	6200
1.0840	6412
1.0880	5948
1.0920	5907
1.0960	6059
1.1000	6433
1.1040	6078
1.1080	5918
1.1120	6170
1.1160	6265
1.1200	5756
1.1240	5623
1.1280	5673
1.1320	5774
1.1360	6240
1.1400	5800
1.1440	6304
1.1480	5748
1.1520	6361
1.1560	6350
1.1600	6148
1.1640	6236
1.1680	5874
1.1720	5784
1.1760	6089
1.1800	6037
1.1840	6310
1.1880	6569
1.1920	6303
1.1960	6519
1.2000	5688
1.2040	5785
1.2080	6221
1.2120	6201
1.2160	6005
1.2200	6195
1.2240	6318
1.2280	6294
1.2320	6473
1.2360	6077
1.2400	5803
1.2440	6162
1.2480	6483
1.2520	6409
1.2560	6416
1.2600	6002
1.2640	6013
1.2680	6665
1.2720	6124
1.2760	6466
1.2800	6430
1.2840	6223
1.2880	6472
1.2920	5936
1.2960	6302
1.3000	5668
1.3040	6154
1.3080	5752
1.3120	5563
1.3160	6089
1.3200	5571
1.3240	6243
1.3280	6420
1.3320	6355
1.3360	6362
1.3400	6152
1.3440	6595
1.3480	6023
1.3520	6527
1.3560	5619
1.3600	6603
1.3640	5744
1.3680	6605
1.3720	6060
1.3760	6211
1.3800	5922
1.3840	6340
1.3880	6224
1.3920	6260
1.3960	6447
1.4000	6315
1.4040	6467
1.4080	6289
1.4120	5847
1.4160	5674
1.4200	6436
1.4240	5669
1.4280	5872
1.4320	6277
1.4360	6141
1.4400	6465
1.4440	6568
1.4480	5909
1.4520	5782
1.4560	5844
1.4600	6515
1.4640	5826
1.4680	5979
1.4720	5855
1.4760	6076
1.4800	6539
1.4840	5532
1.4880	5831
1.4920	6190
1.4960	5896
1.5000	6228
1.5040	6248
1.5080	6470
1.5120	5932
1.5160	6317
1.5200	6095
1.5240	6124
1.5280	5724
1.5320	6585
1.5360	6168
1.5400	5745
1.5440	6145
1.5480	6334
1.5520	6392
1.5560	5648
1.5600	5883
1.5640	6363
1.5680	6393
1.5720	6362
1.5760	6415
1.5800	5683
1.5840	6658
1.5880	5851
1.5920	6470
1.5960	5897
1.6000	5850
1.6040	6010
1.6080	6380
1.6120	6369
1.6160	6474
1.6200	6414
1.6240	6173
1.6280	6386
1.6320	6535
1.6360	6459
1.6400	5721
1.6440	5753
1.6480	6393
1.6520	5631
1.6560	6216
1.6600	6084
1.6640	5579
1.6680	6221
1.6720	5796
1.6760	6048
1.6800	6212
1.6840	5715
1.6880	6381
1.6920	6165
1.6960	5972
1.7000	5478
1.7040	5901
1.7080	5851
1.7120	5979
1.7160	6247
1.7200	6292
1.7240	6095
1.7280	5949
1.7320	6249
1.7360	5769
1.7400	5770
1.7440	6053
1.7480	6232
1.7520	5593
1.7560	6075
1.7600	6368
1.7640	6628
1.7680	6264
1.7720	5900
1.7760	5733
1.7800	6396
1.7840	6364
1.7880	6572
1.7920	5989
1.7960	5857
1.8000	6323
1.8040	6031
1.8080	6541
1.8120	6356
1.8160	5786
1.8200	5769
1.8240	6143
1.8280	5949
1.8320	5776
1.8360	6097
1.8400	5499
1.8440	5594
1.8480	5878
1.8520	6038
1.8560	5678
1.8600	6132
1.8640	6343
1.8680	6343
1.8720	6231
1.8760	6325
1.8800	5616
1.8840	6156
1.8880	6042
1.8920	6010
1.8960	5861
1.9000	6499
1.9040	6300
1.9080	6323
1.9120	6456
1.9160	6355
1.9200	6174
1.9240	5785
1.9280	6328
1.9320	6409
1.9360	6582
1.9400	5846
1.9440	5937
1.9480	6302
1.9520	6227
1.9560	6215
1.9600	6036
1.9640	5777
1.9680	6221
1.9720	6359
1.9760	6587
1.9800	6068
1.9840	6165
1.9880	6495
1.9920	5904
1.9960	6036
2.0000	6450
2.0040	5757
2.0080	6522
2.0120	6287
2.0160	5779
2.0200	5683
2.0240	6271
2.0280	6221
2.0320	6312
2.0360	6066
2.0400	6395
2.0440	5986
2.0480	6545
2.0520	6231
2.0560	5589
2.0600	6146
2.0640	6520
2.0680	6378
2.0720	6674
2.0760	6206
2.0800	6481
2.0840	5792
2.0880	5976
2.0920	6377
2.0960	6152
2.1000	6552
2.1040	5764
2.1080	5973
2.1120	6152
2.1160	5933
2.1200	6017
2.1240	5994
2.1280	5657
2.1320	6594
2.1360	6160
2.1400	6549
2.1440	5806
2.1480	5908
2.1520	6275
2.1560	6419
2.1600	6245
2.1640	6468
2.1680	6392
2.1720	5926
2.1760	6546
2.1800	5633
2.1840	5715
2.1880	6031
2.1920	6167
2.1960	5789
2.2000	6314
2.2040	5985
2.2080	6104
2.2120	6223
2.2160	6059
2.2200	6243
2.2240	5769
2.2280	5737
2.2320	5541
2.2360	6458
2.2400	5498
2.2440	5970
2.2480	5644
2.2520	5899
2.2560	6040
2.2600	6345
2.2640	5531
2.2680	6036
2.2720	5945
2.2760	5598
2.2800	5637
2.2840	6082
2.2880	5812
2.2920	5690
2.2960	6222
2.3000	6278
2.3040	6223
2.3080	6204
2.3120	6419
2.3160	6465
2.3200	6263
2.3240	6275
2.3280	6679
2.3320	6354
2.3360	5900
2.3400	5929
2.3440	6543
2.3480	6299
2.3520	6408
2.3560	6549
2.3600	6288
2.3640	6258
2.3680	5866
2.3720	5851
2.3760	5605
2.3800	6261
2.3840	5798
2.3880	6332
2.3920	6042
2.3960	6189
2.4000	6294
2.4040	6073
2.4080	6111
2.4120	5628
2.4160	6457
2.4200	6265
2.4240	6571
2.4280	6354
2.4320	6287
2.4360	5944
2.4400	6484
2.4440	6321
2.4480	6352
2.4520	6382
2.4560	6078
2.4600	5950
2.4640	5851
2.4680	6397
2.4720	6003
2.4760	6166
2.4800	6301
2.4840	6371
2.4880	6361
2.4920	5911
2.4960	5973
2.5000	6446
2.5040	6395
2.5080	6189
2.5120	5917
2.5160	5847
2.5200	6285
2.5240	5881
2.5280	6454
2.5320	5973
2.5360	5738
2.5400	5725
2.5440	5747
2.5480	5791
2.5520	6191
2.5560	6129
2.5600	6195
2.5640	6300
2.5680	6247
2.5720	5791
2.5760	5534
2.5800	5736
2.5840	5650
2.5880	6102
2.5920	6409
2.5960	6569
2.6000	6193
2.6040	6371
2.6080	6371
2.6120	5630
2.6160	5641
2.6200	5919
2.6240	6309
2.6280	6311
2.6320	6410
2.6360	5921
2.6400	5933
2.6440	6123
2.6480	6537
2.6520	5494
2.6560	5749
2.6600	5966
2.6640	6588
2.6680	6560
2.6720	6260
2.6760	6045
2.6800	6261
2.6840	6557
2.6880	6247
2.6920	5926
2.6960	5754
2.7000	6581
2.7040	6270
2.7080	6312
2.7120	6245
2.7160	6404
2.7200	6148
2.7240	5574
2.7280	5687
2.7320	6119
2.7360	6052
2.7400	6260
2.7440	6174
2.7480	5718
2.7520	5900
2.7560	6063
2.7600	6021
2.7640	5613
2.7680	5996
2.7720	5577
2.7760	6084
2.7800	5881
2.7840	6081
2.7880	6353
2.7920	6557
2.7960	6117
2.8000	5635
2.8040	5978
2.8080	5810
2.8120	6380
2.8160	5587
2.8200	6189
2.8240	6382
2.8280	6229
2.8320	5770
2.8360	6234
2.8400	6327
2.8440	6239
2.8480	6199
2.8520	6565
2.8560	5951
2.8600	5963
2.8640	5814
2.8680	6304
2.8720	6065
2.8760	6467
2.8800	5791
2.8840	6040
2.8880	6165
2.8920	6405
2.8960	5895
2.9000	5965
2.9040	6210
2.9080	5631
2.9120	6302
2.9160	5968
2.9200	6210
2.9240	6067
2.9280	5932
2.9320	6403
2.9360	5838
2.9400	6307
2.9440	5688
2.9480	6356
2.9520	6259
2.9560	6500
2.9600	6230
2.9640	6423
2.9680	6226
2.9720	6337
2.9760	5838
2.9800	5912
2.9840	5818
2.9880	5877
2.9920	6092
2.9960	5858
3.0000	6358
3.0040	6069
3.0080	6644
3.0120	5995
3.0160	5719
3.0200	5748
3.0240	6211
3.0280	6320
3.0320	6669
3.0360	6481
3.0400	6589
3.0440	5995
3.0480	5850
3.0520	6603
3.0560	6269
3.0600	6458
3.0640	5590
3.0680	5835
3.0720	6118
3.0760	6007
3.0800	6181
3.0840	5699
3.0880	5972
3.0920	6249
3.0960	6149
3.1000	5393
3.1040	5792
3.1080	5541
3.1120	6426
3.1160	6196
3.1200	6311
3.1240	6046
3.1280	6658
3.1320	6232
3.1360	6137
3.1400	5694
3.1440	6414
3.1480	6345
3.1520	6306
3.1560	5903
3.1600	5925
3.1640	5976
3.1680	5726
3.1720	6649
3.1760	6055
3.1800	6251
3.1840	5571
3.1880	5923
3.1920	5720
3.1960	6610
3.2000	5939
3.2040	6238
3.2080	5815
3.2120	6105
3.2160	6320
3.2200	6155
3.2240	5877
3.2280	6084
3.2320	5960
3.2360	5908
3.2400	6172
3.2440	5970
3.2480	5850
3.2520	6337
3.2560	6191
3.2600	5602
3.2640	5746
3.2680	6173
3.2720	5678
3.2760	5507
3.2800	5496
3.2840	5885
3.2880	6062
3.2920	6378
3.2960	5994
3.3000	5986
3.3040	5468
3.3080	6071
3.3120	5716
3.3160	6125
3.3200	6137
3.3240	6337
3.3280	5617
3.3320	5587
3.3360	5988
3.3400	6283
3.3440	6029
3.3480	5664
3.3520	6080
3.3560	5837
3.3600	6066
3.3640	5917
3.3680	6079
3.3720	6160
3.3760	6455
3.3800	5904
3.3840	5716
3.3880	5963
3.3920	6602
3.3960	5816
3.4000	5666
3.4040	5902
3.4080	6562
3.4120	5978
3.4160	5832
3.4200	5818
3.4240	6113
3.4280	6118
3.4320	5523
3.4360	5474
3.4400	5787
3.4440	6244
3.4480	6256
3.4520	5654
3.4560	6163
3.4600	6182
3.4640	6116
3.4680	5600
3.4720	6272
3.4760	5850
3.4800	6440
3.4840	6260
3.4880	5969
3.4920	5501
3.4960	6230
3.5000	6410
3.5040	5809
3.5080	5708
3.5120	5889
3.5160	6452
3.5200	5738
3.5240	5804
3.5280	6036
3.5320	6674
3.5360	6310
3.5400	6468
3.5440	6012
3.5480	6269
3.5520	6079
3.5560	5855
3.5600	5650
3.5640	6338
3.5680	6231
3.5720	6519
3.5760	6284
3.5800	5931
3.5840	5916
3.5880	5960
3.5920	5633
3.5960	5760
3.6000	5771
3.6040	6286
3.6080	6182
3.6120	5683
3.6160	5531
3.6200	6084
3.6240	6284
3.6280	5623
3.6320	5851
3.6360	5653
3.6400	5755
3.6440	6396
3.6480	5966
3.6520	5684
3.6560	5911
3.6600	6588
3.6640	5517
3.6680	5844
3.6720	5702
3.6760	6266
3.6800	6026
3.6840	5807
3.6880	5704
3.6920	6048
3.6960	6439
3.7000	5837
3.7040	6171
3.7080	5643
3.7120	5969
3.7160	5474
3.7200	5862
3.7240	6190
3.7280	6696
3.7320	6445
3.7360	5931
3.7400	6104
3.7440	6030
3.7480	6645
3.7520	6529
3.7560	5839
3.7600	5648
3.7640	6363
3.7680	6233
3.7720	5523
3.7760	5599
3.7800	6161
3.7840	6250
3.7880	6035
3.7920	5475
3.7960	5562
3.8000	6379
3.8040	6020
3.8080	5853
3.8120	5390
3.8160	6221
3.8200	6160
3.8240	6415
3.8280	5476
3.8320	6099
3.8360	6232
3.8400	6039
3.8440	5828
3.8480	6596
3.8520	6259
3.8560	6367
3.8600	5926
3.8640	5838
3.8680	6364
3.8720	6247
3.8760	6216
3.8800	5583
3.8840	5855
3.8880	6246
3.8920	6655
3.8960	5906
3.9000	5980
3.9040	5755
3.9080	6345
3.9120	6037
3.9160	5804
3.9200	5603
3.9240	6402
3.9280	6572
3.9320	5948
3.9360	5811
3.9400	5915
3.9440	6029
3.9480	5836
3.9520	5693
3.9560	5581
3.9600	5805
3.9640	5823
3.9680	5684
3.9720	5699
3.9760	5401
3.9800	5506
3.9840	5631
3.9880	6084
3.9920	6203
3.9960	6366
4.0000	5601
4.0040	6286
4.0080	5407
4.0120	6044
4.0160	5460
4.0200	5720
4.0240	5801
4.0280	6382
4.0320	6306
4.0360	6270
4.0400	5660
4.0440	5900
4.0480	5862
4.0520	5512
4.0560	5856
4.0600	5642
4.0640	6708
4.0680	6348
4.0720	6442
4.0760	6220
4.0800	5804
4.0840	6101
4.0880	6447
4.0920	5890
4.0960	6088
4.1000	6559
4.1040	6562
4.1080	6508
4.1120	6597
4.1160	6035
4.1200	5982
4.1240	6374
4.1280	6042
4.1320	6296
4.1360	6495
4.1400	6273
4.1440	6060
4.1480	6362
4.1520	6289
4.1560	6071
4.1600	5584
4.1640	5884
4.1680	5655
4.1720	6322
4.1760	6275
4.1800	6404
4.1840	6226
4.1880	6089
4.1920	6503
4.1960	5597
4.2000	5676
4.2040	5981
4.2080	6122
4.2120	6019
4.2160	6166
4.2200	6238
4.2240	6451
4.2280	6462
4.2320	6073
4.2360	5861
4.2400	5728
4.2440	5823
4.2480	5593
4.2520	6184
4.2560	6304
4.2600	6449
4.2640	6012
4.2680	5731
4.2720	6080
4.2760	6614
4.2800	6545
4.2840	5803
4.2880	5835
4.2920	6213
4.2960	6484
4.3000	5667
4.3040	5984
4.3080	5738
4.3120	6257
4.3160	6320
4.3200	5559
4.3240	5606
4.3280	5696
4.3320	5696
4.3360	5490
4.3400	5679
4.3440	5728
4.3480	6438
4.3520	6192
4.3560	5817
4.3600	5784
4.3640	6124
4.3680	5891
4.3720	5832
4.3760	5649
4.3800	6178
4.3840	6418
4.3880	6184
4.3920	5762
4.3960	5700
4.4000	6112
4.4040	5732
4.4080	6493
4.4120	6187
4.4160	6236
4.4200	5758
4.4240	6396
4.4280	5861
4.4320	5920
4.4360	6028
4.4400	6121
4.4440	5911
4.4480	6593
4.4520	5811
4.4560	6499
4.4600	6368
4.4640	6385
4.4680	6187
4.4720	6233
4.4760	5709
4.4800	6267
4.4840	5833
4.4880	6059
4.4920	6138
4.4960	5995
4.5000	5878
4.5040	6275
4.5080	6258
4.5120	5695
4.5160	5834
4.5200	5876
4.5240	5638
4.5280	6291
4.5320	6185
4.5360	6286
4.5400	6330
4.5440	6526
4.5480	6104
4.5520	6460
4.5560	5709
4.5600	6305
4.5640	6096
4.5680	6290
4.5720	6330
4.5760	6078
4.5800	6379
4.5840	5703
4.5880	6172
4.5920	5715
4.5960	6579
4.6000	6169
4.6040	6500
4.6080	6058
4.6120	5896
4.6160	5639
4.6200	5787
4.6240	5863
4.6280	5999
4.6320	5717
4.6360	5840
4.6400	6499
4.6440	6392
4.6480	6409
4.6520	5889
4.6560	5662
4.6600	5997
4.6640	6057
4.6680	5466
4.6720	5671
4.6760	5840
4.6800	6249
4.6840	6066
4.6880	6115
4.6920	6002
4.6960	6188
4.7000	6317
4.7040	5498
4.7080	6268
4.7120	5754
4.7160	6054
4.7200	5953
4.7240	6698
4.7280	5595
4.7320	6486
4.7360	6444
4.7400	5994
4.7440	5820
4.7480	6211
4.7520	6220
4.7560	6223
4.7600	6112
4.7640	5712
4.7680	6591
4.7720	6252
4.7760	5840
4.7800	5924
4.7840	6312
4.7880	6050
4.7920	6069
4.7960	6174
4.8000	5884
4.8040	5865
4.8080	5954
4.8120	5932
4.8160	5955
4.8200	5551
4.8240	6437
4.8280	6376
4.8320	6159
4.8360	5825
4.8400	5797
4.8440	5513
4.8480	5570
4.8520	5804
4.8560	5989
4.8600	5452
4.8640	6311
4.8680	6111
4.8720	6168
4.8760	5621
4.8800	5835
4.8840	5825
4.8880	6543
4.8920	5569
4.8960	6349
4.9000	6236
4.9040	6498
4.9080	5904
4.9120	5799
4.9160	5546
4.9200	6156
4.9240	6045
4.9280	5830
4.9320	6696
4.9360	6015
4.9400	5814
4.9440	5615
4.9480	6669
4.9520	6195
4.9560	5819
4.9600	5964
4.9640	5949
4.9680	6008
4.9720	6559
4.9760	5975
4.9800	5811
4.9840	6484
4.9880	6264
4.9920	6029
4.9960	6186
5.0000	5634
5.0040	5929
5.0080	5746
5.0120	5847
5.0160	6401
5.0200	6049
5.0240	5471
5.0280	5729
5.0320	5546
5.0360	5500
5.0400	5750
5.0440	5695
5.0480	5615
5.0520	6067
5.0560	6289
5.0600	5579
5.0640	6040
5.0680	5787
5.0720	6407
5.0760	5914
5.0800	5897
5.0840	6101
5.0880	5507
5.0920	6494
5.0960	5808
5.1000	6002
5.1040	6537
5.1080	6039
5.1120	6438
5.1160	5564
5.1200	6345
5.1240	5486
5.1280	5934
5.1320	5660
5.1360	5795
5.1400	5830
5.1440	6027
5.1480	5860
5.1520	5945
5.1560	6094
5.1600	5786
5.1640	6389
5.1680	5731
5.1720	5924
5.1760	5828
5.1800	5946
5.1840	5613
5.1880	5658
5.1920	5674
5.1960	5580
5.2000	5592
5.2040	5751
5.2080	5580
5.2120	5748
5.2160	6159
5.2200	5690
5.2240	6210
5.2280	6112
5.2320	6286
5.2360	6093
5.2400	5954
5.2440	6085
5.2480	6193
5.2520	6270
5.2560	6683
5.2600	5466
5.2640	6629
5.2680	5552
5.2720	6366
5.2760	5876
5.2800	5541
5.2840	5665
5.2880	6363
5.2920	6136
5.2960	5602
5.3000	6079
5.3040	5814
5.3080	6343
5.3120	5853
5.3160	5708
5.3200	5704
5.3240	6362
5.3280	6139
5.3320	5927
5.3360	5851
5.3400	6194
5.3440	5798
5.3480	5987
5.3520	5721
5.3560	6463
5.3600	6375
5.3640	5769
5.3680	6055
5.3720	6063
5.3760	5976
5.3800	6304
5.3840	5534
5.3880	5825
5.3920	5987
5.3960	6341
5.4000	5691
5.4040	5978
5.4080	5633
5.4120	5750
5.4160	5501
5.4200	5788
5.4240	5691
5.4280	6136
5.4320	6326
5.4360	5906
5.4400	5646
5.4440	5936
5.4480	5731
5.4520	5964
5.4560	6415
5.4600	5637
5.4640	6405
5.4680	5848
5.4720	5784
5.4760	5437
5.4800	5936
5.4840	5622
5.4880	5928
5.4920	6260
5.4960	5712
5.5000	5897
5.5040	5991
5.5080	5982
5.5120	6346
5.5160	5944
5.5200	6404
5.5240	5746
5.5280	6506
5.5320	6194
5.5360	5815
5.5400	5649
5.5440	5623
5.5480	5657
5.5520	5868
5.5560	5710
5.5600	5575
5.5640	5762
5.5680	5956
5.5720	5546
5.5760	5890
5.5800	5679
5.5840	5762
5.5880	5643
5.5920	5850
5.5960	5586
5.6000	6335
5.6040	6000
5.6080	5892
5.6120	5690
5.6160	5705
5.6200	6301
5.6240	6238
5.6280	6045
5.6320	6372
5.6360	5802
5.6400	5725
5.6440	6396
5.6480	6089
5.6520	5993
5.6560	5563
5.6600	5707
5.6640	5632
5.6680	5991
5.6720	5708
5.6760	5971
5.6800	6374
5.6840	6506
5.6880	6281
5.6920	5915
5.6960	5952
5.7000	5995
5.7040	5912
5.7080	6420
5.7120	5632
5.7160	5737
5.7200	5796
5.7240	6152
5.7280	5896
5.7320	5848
5.7360	5588
5.7400	5505
5.7440	5656
5.7480	5835
5.7520	6147
5.7560	6030
5.7600	6247
5.7640	6536
5.7680	5583
5.7720	6007
5.7760	5690
5.7800	6000
5.7840	5854
5.7880	6123
5.7920	5709
5.7960	5799
5.8000	6021
5.8040	6041
5.8080	5698
5.8120	5574
5.8160	5867
5.8200	5555
5.8240	5841
5.8280	5707
5.8320	5756
5.8360	5548
5.8400	5762
5.8440	5845
5.8480	5896
5.8520	5882
5.8560	5925
5.8600	6317
5.8640	6517
5.8680	5884
5.8720	6022
5.8760	6094
5.8800	6344
5.8840	6191
5.8880	6461
5.8920	5985
5.8960	6038
5.9000	6341
5.9040	5741
5.9080	5731
5.9120	5706
5.9160	6285
5.9200	5651
5.9240	5827
5.9280	6081
5.9320	5653
5.9360	6547
5.9400	5966
5.9440	6038
5.9480	5858
5.9520	5960
5.9560	5686
5.9600	6240
5.9640	5799
5.9680	5797
5.9720	5622
5.9760	6092
5.9800	5805
5.9840	6259
5.9880	6552
5.9920	5739
5.9960	6483
6.0000	5615
6.0040	5624
6.0080	6299
6.0120	6572
6.0160	5810
6.0200	6544
6.0240	6216
6.0280	6234
6.0320	6420
6.0360	6050
6.0400	5974
6.0440	5721
6.0480	6583
6.0520	6184
6.0560	6324
6.0600	6546
6.0640	6097
6.0680	6497
6.0720	5708
6.0760	5766
6.0800	5566
6.0840	5694
6.0880	5903
6.0920	5626
6.0960	5613
6.1000	6158
6.1040	5769
6.1080	5713
6.1120	5649
6.1160	5772
6.1200	5818
6.1240	5743
6.1280	5854
6.1320	6123
6.1360	6330
6.1400	6255
6.1440	5928
6.1480	6295
6.1520	5742
6.1560	5521
6.1600	5688
6.1640	5734
6.1680	6057
6.1720	6386
6.1760	6062
6.1800	5951
6.1840	6597
6.1880	5745
6.1920	6193
6.1960	5722
6.2000	5775
6.2040	5588
6.2080	6503
6.2120	6585
6.2160	6214
6.2200	5896
6.2240	6254
6.2280	6102
6.2320	5940
6.2360	5801
6.2400	5608
6.2440	5675
6.2480	6011
6.2520	5838
6.2560	5435
6.2600	5510
6.2640	5822
6.2680	6183
6.2720	6312
6.2760	5418
6.2800	6065
6.2840	6010
6.2880	6102
6.2920	5712
6.2960	5621
6.3000	5962
6.3040	6354
6.3080	6060
6.3120	5891
6.3160	5928
6.3200	6338
6.3240	5611
6.3280	5833
6.3320	5917
6.3360	5923
6.3400	5649
6.3440	6139
6.3480	6439
6.3520	5952
6.3560	5875
6.3600	6179
6.3640	6076
6.3680	5576
6.3720	5751
6.3760	5733
6.3800	5923
6.3840	5772
6.3880	5940
6.3920	6271
6.3960	5886
6.4000	6420
6.4040	6703
6.4080	6171
6.4120	5630
6.4160	5588
6.4200	5641
6.4240	5700
6.4280	5974
6.4320	5588
6.4360	5719
6.4400	6140
6.4440	6085
6.4480	5461
6.4520	5708
6.4560	5900
6.4600	5653
6.4640	5868
6.4680	5838
6.4720	5888
6.4760	5956
6.4800	5507
6.4840	5926
6.4880	5723
6.4920	5679
6.4960	6041
6.5000	6093
6.5040	6002
6.5080	5836
6.5120	6125
6.5160	6290
6.5200	5978
6.5240	6370
6.5280	6277
6.5320	5613
6.5360	5931
6.5400	5530
6.5440	6156
6.5480	5721
6.5520	6271
6.5560	5585
6.5600	6270
6.5640	5860
6.5680	6476
6.5720	6526
6.5760	6100
6.5800	6582
6.5840	5930
6.5880	6433
6.5920	5987
6.5960	5826
6.6000	5553
6.6040	5955
6.6080	6036
6.6120	5590
6.6160	5958
6.6200	5761
6.6240	5565
6.6280	5467
6.6320	5620
6.6360	5520
6.6400	5634
6.6440	5553
6.6480	5802
6.6520	5860
6.6560	6466
6.6600	5823
6.6640	5817
6.6680	6188
6.6720	6162
6.6760	5866
6.6800	6257
6.6840	5830
6.6880	5898
6.6920	6115
6.6960	5582
6.7000	6398
6.7040	6302
6.7080	5705
6.7120	5994
6.7160	6070
6.7200	5754
6.7240	5809
6.7280	6275
6.7320	6363
6.7360	6057
6.7400	6529
6.7440	6470
6.7480	5813
6.7520	5962
6.7560	6004
6.7600	5884
6.7640	6323
6.7680	6320
6.7720	5995
6.7760	6184
6.7800	6298
6.7840	5807
6.7880	5649
6.7920	5890
6.7960	5695
6.8000	6176
6.8040	6029
6.8080	6133
6.8120	6487
6.8160	5558
6.8200	5846
6.8240	6067
6.8280	6059
6.8320	5526
6.8360	6464
6.8400	6192
6.8440	5975
6.8480	6188
6.8520	5990
6.8560	5394
6.8600	5887
6.8640	6326
6.8680	5703
6.8720	6344
6.8760	6335
6.8800	5729
6.8840	5980
6.8880	6071
6.8920	5484
6.8960	5833
6.9000	5873
6.9040	6024
6.9080	5956
6.9120	6641
6.9160	6060
6.9200	5816
6.9240	5832
6.9280	5908
6.9320	6568
6.9360	6520
6.9400	5870
6.9440	6206
6.9480	5945
6.9520	5821
6.9560	5672
6.9600	6213
6.9640	6277
6.9680	5624
6.9720	6365
6.9760	6168
6.9800	5536
6.9840	5786
6.9880	5440
6.9920	5611
6.9960	6331
7.0000	6275
7.0040	5563
7.0080	6348
7.0120	5744
7.0160	5917
7.0200	5761
7.0240	6084
7.0280	5907
7.0320	6113
7.0360	6155
7.0400	5660
7.0440	5844
7.0480	5668
7.0520	5832
7.0560	5768
7.0600	5747
7.0640	5818
7.0680	6048
7.0720	5641
7.0760	5931
7.0800	5567
7.0840	6284
7.0880	5920
7.0920	5846
7.0960	6040
7.1000	6043
7.1040	5867
7.1080	5885
7.1120	6090
7.1160	5921
7.1200	5949
7.1240	5935
7.1280	6348
7.1320	5916
7.1360	5743
7.1400	5827
7.1440	5789
7.1480	5925
7.1520	5951
7.1560	5551
7.1600	5391
7.1640	5555
7.1680	5712
7.1720	5714
7.1760	5595
7.1800	5745
7.1840	5463
7.1880	5950
7.1920	5946
7.1960	6122
7.2000	5564
7.2040	6499
7.2080	6092
7.2120	5801
7.2160	6220
7.2200	5663
7.2240	5573
7.2280	6061
7.2320	6416
7.2360	5649
7.2400	5758
7.2440	5960
7.2480	5859
7.2520	5734
7.2560	6027
7.2600	5529
7.2640	5803
7.2680	5824
7.2720	5805
7.2760	6139
7.2800	6332
7.2840	5923
7.2880	5882
7.2920	5939
7.2960	5800
7.3000	5864
7.3040	5694
7.3080	6017
7.3120	6234
7.3160	5517
7.3200	5950
7.3240	6261
7.3280	6326
7.3320	5970
7.3360	5938
7.3400	6300
7.3440	5978
7.3480	5514
7.3520	5857
7.3560	5474
7.3600	6039
7.3640	6185
7.3680	6587
7.3720	5673
7.3760	6053
7.3800	6098
7.3840	5962
7.3880	5930
7.3920	5999
7.3960	6050
7.4000	6299
7.4040	6384
7.4080	6251
7.4120	5842
7.4160	5635
7.4200	6060
7.4240	5486
7.4280	5976
7.4320	6212
7.4360	5803
7.4400	6427
7.4440	6676
7.4480	5891
7.4520	5778
7.4560	5648
7.4600	6111
7.4640	6364
7.4680	6057
7.4720	5726
7.4760	5875
7.4800	5829
7.4840	5780
7.4880	6181
7.4920	6452
7.4960	5784
7.5000	6112
7.5040	6342
7.5080	5823
7.5120	6045
7.5160	5712
7.5200	5748
7.5240	5922
7.5280	6392
7.5320	5821
7.5360	5933
7.5400	6067
7.5440	5901
7.5480	6324
7.5520	6005
7.5560	6355
7.5600	5504
7.5640	6422
7.5680	6426
7.5720	5826
7.5760	5694
7.5800	5596
7.5840	5755
7.5880	5806
7.5920	6200
7.5960	5636
7.6000	5994
7.6040	5662
7.6080	5806
7.6120	5992
7.6160	6487
7.6200	5985
7.6240	6555
7.6280	6511
7.6320	5930
7.6360	5799
7.6400	5974
7.6440	6066
7.6480	6114
7.6520	6482
7.6560	5682
7.6600	6049
7.6640	5938
7.6680	5830
7.6720	5643
7.6760	5755
7.6800	5688
7.6840	5779
7.6880	6314
7.6920	6059
7.6960	5609
7.7000	5629
7.7040	5811
7.7080	5736
7.7120	5811
7.7160	5561
7.7200	5977
7.7240	5652
7.7280	6038
7.7320	5888
7.7360	6433
7.7400	6152
7.7440	5899
7.7480	6008
7.7520	5830
7.7560	5653
7.7600	5726
7.7640	5721
7.7680	5731
7.7720	6234
7.7760	6293
7.7800	5828
7.7840	6133
7.7880	6001
7.7920	5805
7.7960	6044
7.8000	5753
7.8040	5728
7.8080	6004
7.8120	6519
7.8160	6532
7.8200	5654
7.8240	6089
7.8280	5951
7.8320	5683
7.8360	5622
7.8400	5808
7.8440	5745
7.8480	5865
7.8520	6008
7.8560	5570
7.8600	5620
7.8640	5728
7.8680	5853
7.8720	5515
7.8760	5855
7.8800	5479
7.8840	5857
7.8880	5501
7.8920	5857
7.8960	5565
7.9000	6142
7.9040	5413
7.9080	6025
7.9120	5572
7.9160	6088
7.9200	5717
7.9240	5682
7.9280	5615
7.9320	5847
7.9360	5849
7.9400	5847
7.9440	5778
7.9480	5819
7.9520	5909
7.9560	5851
7.9600	6004
7.9640	6388
7.9680	5881
7.9720	5867
7.9760	6212
7.9800	6132
7.9840	6364
7.9880	6156
7.9920	5802
7.9960	5755
8.0000	5819
8.0040	5587
8.0080	5745
8.0120	5790
8.0160	6168
8.0200	6623
8.0240	6358
8.0280	5577
8.0320	6396
8.0360	5887
8.0400	5812
8.0440	5872
8.0480	5652
8.0520	5553
8.0560	6334
8.0600	6231
8.0640	5773
8.0680	5768
8.0720	6231
8.0760	5516
8.0800	5885
8.0840	5669
8.0880	5784
8.0920	6219
8.0960	6245
8.1000	5987
8.1040	5810
8.1080	5561
8.1120	5656
8.1160	5724
8.1200	5657
8.1240	6526
8.1280	6314
8.1320	6778
8.1360	5403
8.1400	5917
8.1440	5659
8.1480	5868
8.1520	6707
8.1560	6484
8.1600	6421
8.1640	5864
8.1680	6710
8.1720	6117
8.1760	6315
8.1800	5712
8.1840	5947
8.1880	6097
8.1920	5941
8.1960	6204
8.2000	5848
8.2040	6426
8.2080	5816
8.2120	5858
8.2160	5711
8.2200	5645
8.2240	6110
8.2280	6015
8.2320	5923
8.2360	6164
8.2400	6302
8.2440	5792
8.2480	5832
8.2520	6014
8.2560	5578
8.2600	6243
8.2640	5842
8.2680	5932
8.2720	6045
8.2760	5822
8.2800	5673
8.2840	6267
8.2880	6276
8.2920	6241
8.2960	6401
8.3000	5922
8.3040	6194
8.3080	6453
8.3120	6589
8.3160	5713
8.3200	5938
8.3240	6433
8.3280	6112
8.3320	6290
8.3360	6462
8.3400	6463
8.3440	6629
8.3480	6314
8.3520	6100
8.3560	5797
8.3600	5753
8.3640	5689
8.3680	6449
8.3720	6538
8.3760	5731
8.3800	6177
8.3840	6364
8.3880	5698
8.3920	5661
8.3960	5447
8.4000	5990
8.4040	5876
8.4080	5909
8.4120	5889
8.4160	6020
8.4200	5903
8.4240	6272
8.4280	6024
8.4320	6116
8.4360	5529
8.4400	6506
8.4440	6179
8.4480	6102
8.4520	6500
8.4560	5908
8.4600	6057
8.4640	6388
8.4680	6380
8.4720	5558
8.4760	6412
8.4800	6006
8.4840	5854
8.4880	6475
8.4920	6307
8.4960	5933
8.5000	6573
8.5040	6345
8.5080	6197
8.5120	6611
8.5160	6633
8.5200	5842
8.5240	6575
8.5280	6581
8.5320	6512
8.5360	6307
8.5400	6116
8.5440	5854
8.5480	5822
8.5520	5565
8.5560	5567
8.5600	5614
8.5640	5716
8.5680	5665
8.5720	6489
8.5760	6114
8.5800	5728
8.5840	5627
8.5880	5783
8.5920	5718
8.5960	6054
8.6000	6006
8.6040	5725
8.6080	6293
8.6120	6440
8.6160	5567
8.6200	5679
8.6240	5745
8.6280	6013
8.6320	5819
8.6360	5841
8.6400	5591
8.6440	5996
8.6480	5996
8.6520	5708
8.6560	5834
8.6600	5477
8.6640	6009
8.6680	5704
8.6720	6134
8.6760	6053
8.6800	5636
8.6840	6072
8.6880	5985
8.6920	5887
8.6960	6170
8.7000	5906
8.7040	5902
8.7080	6178
8.7120	6496
8.7160	6302
8.7200	6267
8.7240	5996
8.7280	5705
8.7320	6155
8.7360	5980
8.7400	5921
8.7440	5947
8.7480	5657
8.7520	5542
8.7560	5533
8.7600	5711
8.7640	5911
8.7680	6088
8.7720	5489
8.7760	5592
8.7800	5928
8.7840	5983
8.7880	5579
8.7920	5776
8.7960	5727
8.8000	6117
8.8040	5803
8.8080	5981
8.8120	5526
8.8160	6319
8.8200	6330
8.8240	5608
8.8280	6000
8.8320	6073
8.8360	6469
8.8400	5580
8.8440	6515
8.8480	5929
8.8520	6481
8.8560	6365
8.8600	6074
8.8640	5693
8.8680	6001
8.8720	5922
8.8760	5862
8.8800	5916
8.8840	5743
8.8880	6169
8.8920	6235
8.8960	5743
8.9000	5822
8.9040	6050
8.9080	6299
8.9120	5691
8.9160	5867
8.9200	5816
8.9240	5647
8.9280	5583
8.9320	5548
8.9360	5772
8.9400	6503
8.9440	6253
8.9480	5903
8.9520	5384
8.9560	6402
8.9600	5976
8.9640	6176
8.9680	6271
8.9720	6222
8.9760	6232
8.9800	6234
8.9840	5731
8.9880	6361
8.9920	5853
8.9960	6349
9.0000	6217
9.0040	5567
9.0080	5781
9.0120	5477
9.0160	6501
9.0200	5495
9.0240	6337
9.0280	6105
9.0320	5909
9.0360	6214
9.0400	6101
9.0440	6205
9.0480	5900
9.0520	5970
9.0560	5974
9.0600	5892
9.0640	5825
9.0680	6476
9.0720	5980
9.0760	5634
9.0800	5625
9.0840	6096
9.0880	5582
9.0920	6027
9.0960	5832
9.1000	5954
9.1040	6216
9.1080	5867
9.1120	6016
9.1160	5620
9.1200	6468
9.1240	6325
9.1280	5785
9.1320	5786
9.1360	5841
9.1400	6234
9.1440	5997
9.1480	5465
9.1520	6056
9.1560	6187
9.1600	6185
9.1640	5710
9.1680	5700
9.1720	5923
9.1760	5988
9.1800	5859
9.1840	5618
9.1880	5924
9.1920	6212
9.1960	6304
9.2000	5732
9.2040	6110
9.2080	6040
9.2120	5893
9.2160	6013
9.2200	5957
9.2240	6502
9.2280	6369
9.2320	5936
9.2360	5831
9.2400	6020
9.2440	6201
9.2480	6549
9.2520	5888
9.2560	6230
9.2600	5722
9.2640	6143
9.2680	5714
9.2720	5595
9.2760	5980
9.2800	6229
9.2840	6046
9.2880	5646
9.2920	5990
9.2960	5400
9.3000	6235
9.3040	5858
9.3080	6082
9.3120	5887
9.3160	6197
9.3200	5734
9.3240	6195
9.3280	6141
9.3320	5865
9.3360	5940
9.3400	5671
9.3440	6336
9.3480	6449
9.3520	6001
9.3560	5712
9.3600	6511
9.3640	6328
9.3680	6353
9.3720	5655
9.3760	6589
9.3800	6048
9.3840	6649
9.3880	6368
9.3920	5919
9.3960	6120
9.4000	6627
9.4040	6022
9.4080	6476
9.4120	6329
9.4160	5893
9.4200	5600
9.4240	6150
9.4280	6623
9.4320	6374
9.4360	6460
9.4400	6206
9.4440	5674
9.4480	5908
9.4520	5446
9.4560	5419
9.4600	5852
9.4640	5809
9.4680	6173
9.4720	6203
9.4760	5623
9.4800	5815
9.4840	5636
9.4880	5832
9.4920	5756
9.4960	6586
9.5000	6099
9.5040	6303
9.5080	5561
9.5120	6177
9.5160	5658
9.5200	5709
9.5240	5706
9.5280	5794
9.5320	6300
9.5360	5522
9.5400	6286
9.5440	6315
9.5480	6533
9.5520	6293
9.5560	5880
9.5600	5870
9.5640	6307
9.5680	6075
9.5720	6300
9.5760	6368
9.5800	6672
9.5840	5947
9.5880	5970
9.5920	6564
9.5960	6382
9.6000	5841
9.6040	5636
9.6080	5638
9.6120	5833
9.6160	6281
9.6200	5579
9.6240	6254
9.6280	5930
9.6320	5456
9.6360	6188
9.6400	6199
9.6440	5736
9.6480	6212
9.6520	6295
9.6560	5553
9.6600	5560
9.6640	5593
9.6680	6628
9.6720	6275
9.6760	5964
9.6800	5973
9.6840	6251
9.6880	6304
9.6920	5727
9.6960	6304
9.7000	5872
9.7040	6416
9.7080	5788
9.7120	5832
9.7160	6168
9.7200	6348
9.7240	5784
9.7280	5797
9.7320	5509
9.7360	6027
9.7400	6543
9.7440	6486
9.7480	5976
9.7520	6105
9.7560	6568
9.7600	5876
9.7640	6649
9.7680	5902
9.7720	6700
9.7760	6588
9.7800	6274
9.7840	5837
9.7880	5985
9.7920	6022
9.7960	5810
9.8000	5653
9.8040	5554
9.8080	6083
9.8120	6127
9.8160	5641
9.8200	5688
9.8240	5798
9.8280	6115
9.8320	5998
9.8360	5533
9.8400	6015
9.8440	5892
9.8480	6411
9.8520	5851
9.8560	6059
9.8600	5881
9.8640	6320
9.8680	5615
9.8720	5806
9.8760	5926
9.8800	6349
9.8840	6045
9.8880	5707
9.8920	6335
9.8960	6215
9.9000	6054
9.9040	5931
9.9080	6590
9.9120	5954
9.9160	6414
9.9200	5977
9.9240	6203
9.9280	6107
9.9320	6173
9.9360	5778
9.9400	5930
9.9440	5891
9.9480	6409
9.9520	6309
9.9560	6337
9.9600	6379
9.9640	6249
9.9680	6357
9.9720	6248
9.9760	5577
9.9800	5696
9.9840	5559
9.9880	5570
9.9920	5591
9.9960	6388
10.0000	6265
10.0040	6020
10.0080	5795
10.0120	5907
10.0160	5667
10.0200	6225
10.0240	5688
10.0280	6066
10.0320	6020
10.0360	6483
10.0400	6257
10.0440	5793
10.0480	5823
10.0520	5870
10.0560	6471
10.0600	6195
10.0640	5915
10.0680	5759
10.0720	6388
10.0760	6043
10.0800	5900
10.0840	5880
10.0880	6245
10.0920	5848
10.0960	5872
10.1000	5940
10.1040	6353
10.1080	6504
10.1120	6296
10.1160	5851
10.1200	5887
10.1240	5842
10.1280	5968
10.1320	5830
10.1360	6485
10.1400	5941
10.1440	6303
10.1480	5749
10.1520	5850
10.1560	5580
10.1600	5498
10.1640	5566
10.1680	5764
10.1720	5852
10.1760	6320
10.1800	6151
10.1840	6562
10.1880	5612
10.1920	5776
10.1960	5484
10.2000	5894
10.2040	5544
10.2080	6088
10.2120	6135
10.2160	6517
10.2200	6402
10.2240	5950
10.2280	5613
10.2320	5850
10.2360	5619
10.2400	6222
10.2440	6098
10.2480	6285
10.2520	6451
10.2560	6345
10.2600	6547
10.2640	6379
10.2680	6154
10.2720	6142
10.2760	6520
10.2800	5902
10.2840	6757
10.2880	5846
10.2920	6758
10.2960	5997
10.3000	6536
10.3040	6676
10.3080	5841
10.3120	6310
10.3160	6255
10.3200	6336
10.3240	5745
10.3280	6473
10.3320	5536
10.3360	5510
10.3400	5968
10.3440	5856
10.3480	5768
10.3520	5513
10.3560	6505
10.3600	6321
10.3640	6067
10.3680	5617
10.3720	6352
10.3760	6090
10.3800	5862
10.3840	5876
10.3880	5866
10.3920	5855
10.3960	6162
10.4000	6173
10.4040	6165
10.4080	6362
10.4120	6201
10.4160	5919
10.4200	6428
10.4240	5960
10.4280	6251
10.4320	5988
10.4360	5566
10.4400	6638
10.4440	5536
10.4480	5835
10.4520	5698
10.4560	6433
10.4600	6262
10.4640	6576
10.4680	6774
10.4720	6016
10.4760	5906
10.4800	6554
10.4840	6565
10.4880	5762
10.4920	5891
10.4960	5796
10.5000	6341
10.5040	5912
10.5080	5926
10.5120	5902
10.5160	5889
10.5200	5851
10.5240	5746
10.5280	5747
10.5320	5779
10.5360	6080
10.5400	5753
10.5440	6010
10.5480	6168
10.5520	6000
10.5560	5377
10.5600	5877
10.5640	6145
10.5680	6481
10.5720	6346
10.5760	6041
10.5800	5835
10.5840	6019
10.5880	6352
10.5920	5959
10.5960	5726
10.6000	5600
10.6040	5821
10.6080	5756
10.6120	6570
10.6160	6263
10.6200	6409
10.6240	6410
10.6280	6186
10.6320	6092
10.6360	6054
10.6400	5802
10.6440	6347
10.6480	6687
10.6520	6456
10.6560	6550
10.6600	6355
10.6640	6565
10.6680	6027
10.6720	5753
10.6760	5666
10.6800	5570
10.6840	5827
10.6880	6173
10.6920	6223
10.6960	5982
10.7000	6050
10.7040	5583
10.7080	5783
10.7120	5460
10.7160	5809
10.7200	5428
10.7240	6008
10.7280	6248
10.7320	6622
10.7360	6282
10.7400	6342
10.7440	5706
10.7480	6031
10.7520	5696
10.7560	5823
10.7600	5633
10.7640	6551
10.7680	6662
10.7720	6330
10.7760	6562
10.7800	6370
10.7840	6157
10.7880	5717
10.7920	5749
10.7960	5682
10.8000	6385
10.8040	6410
10.8080	6127
10.8120	6138
10.8160	6571
10.8200	6015
10.8240	5952
10.8280	5714
10.8320	6228
10.8360	5723
10.8400	5801
10.8440	6310
10.8480	6187
10.8520	5593
10.8560	5748
10.8600	6049
10.8640	5599
10.8680	5407
10.8720	5625
10.8760	5596
10.8800	5482
10.8840	5967
10.8880	6438
10.8920	6304
10.8960	6048
10.9000	5771
10.9040	6000
10.9080	5634
10.9120	6136
10.9160	5564
10.9200	6368
10.9240	6488
10.9280	6257
10.9320	5941
10.9360	6318
10.9400	6393
10.9440	5803
10.9480	6250
10.9520	5896
10.9560	6222
10.9600	6238
10.9640	6308
10.9680	5683
10.9720	6459
10.9760	5971
10.9800	6417
10.9840	6190
10.9880	6538
10.9920	6339
10.9960	6555
11.0000	6098
11.0040	5893
11.0080	6048
11.0120	6351
11.0160	6426
11.0200	5947
11.0240	5672
11.0280	5944
11.0320	6319
11.0360	5737
11.0400	5710
11.0440	5823
11.0480	6242
11.0520	5890
11.0560	5404
11.0600	6103
11.0640	6313
11.0680	6271
11.0720	5847
11.0760	6111
11.0800	6101
11.0840	6140
11.0880	5600
11.0920	6071
11.0960	6036
11.1000	5775
11.1040	5858
11.1080	5846
11.1120	5771
11.1160	5858
11.1200	6202
11.1240	5665
11.1280	5845
11.1320	5926
11.1360	6527
11.1400	6226
11.1440	6397
11.1480	5644
11.1520	5764
11.1560	6542
11.1600	6323
11.1640	5878
11.1680	6162
11.1720	6397
11.1760	6632
11.1800	6176
11.1840	6302
11.1880	6096
11.1920	5837
11.1960	6141
11.2000	5710
11.2040	5709
11.2080	6162
11.2120	6308
11.2160	5863
11.2200	6266
11.2240	6366
11.2280	5577
11.2320	6003
11.2360	5535
11.2400	6394
11.2440	6337
11.2480	6352
11.2520	5570
11.2560	5896
11.2600	6230
11.2640	6516
11.2680	5583
11.2720	6407
11.2760	5775
11.2800	6130
11.2840	6547
11.2880	5779
11.2920	5918
11.2960	6240
11.3000	6148
11.3040	5626
11.3080	5846
11.3120	5531
11.3160	6523
11.3200	6321
11.3240	6200
11.3280	5785
11.3320	6008
11.3360	6335
11.3400	6221
11.3440	6374
11.3480	6626
11.3520	6195
11.3560	6064
11.3600	6095
11.3640	6693
11.3680	6545
11.3720	6318
11.3760	5771
11.3800	5655
11.3840	6167
11.3880	6489
11.3920	5667
11.3960	5575
11.4000	6198
11.4040	5789
11.4080	5895
11.4120	5614
11.4160	5442
11.4200	6333
11.4240	6244
11.4280	6081
11.4320	5839
11.4360	6278
11.4400	6160
11.4440	6033
11.4480	5631
11.4520	5952
11.4560	6219
11.4600	6275
11.4640	6151
11.4680	6462
11.4720	6466
11.4760	6201
11.4800	5840
11.4840	6252
11.4880	6646
11.4920	5774
11.4960	5978
11.5000	6015
11.5040	6578
11.5080	6429
11.5120	6292
11.5160	5871
11.5200	6137
11.5240	6301
11.5280	6638
11.5320	6053
11.5360	6128
11.5400	6488
11.5440	6690
11.5480	6540
11.5520	6096
11.5560	6091
11.5600	6043
11.5640	5972
11.5680	5570
11.5720	5577
11.5760	6190
11.5800	6254
11.5840	6047
11.5880	6174
11.5920	6128
11.5960	6297
11.6000	5866
11.6040	5581
11.6080	5609
11.6120	5678
11.6160	5754
11.6200	5439
11.6240	6487
11.6280	5927
11.6320	6068
11.6360	6187
11.6400	5623
11.6440	5615
11.6480	6079
11.6520	5713
11.6560	5933
11.6600	5980
11.6640	6154
11.6680	5782
11.6720	5846
11.6760	6303
11.6800	5426
11.6840	5695
11.6880	5636
11.6920	6014
11.6960	6150
11.7000	6661
11.7040	5791
11.7080	6324
11.7120	6634
11.7160	6358
11.7200	5931
11.7240	5848
11.7280	6305
11.7320	5749
11.7360	6401
11.7400	6270
11.7440	6427
11.7480	6376
11.7520	6228
11.7560	6206
11.7600	5529
11.7640	5997
11.7680	5712
11.7720	6430
11.7760	5977
11.7800	6527
11.7840	5969
11.7880	6474
11.7920	6111
11.7960	6122
11.8000	6141
11.8040	6007
11.8080	6163
11.8120	6398
11.8160	6161
11.8200	6239
11.8240	6135
11.8280	6386
11.8320	6322
11.8360	5606
11.8400	5808
11.8440	5781
11.8480	6618
11.8520	6384
11.8560	6699
11.8600	6439
11.8640	6605
11.8680	5935
11.8720	5782
11.8760	6180
11.8800	6531
11.8840	6472
11.8880	6130
11.8920	6500
11.8960	6182
11.9000	6447
11.9040	6026
11.9080	5602
11.9120	6267
11.9160	6329
11.9200	6214
11.9240	5775
11.9280	5619
11.9320	6182
11.9360	5690
11.9400	6198
11.9440	5568
11.9480	5713
11.9520	6330
11.9560	6259
11.9600	5920
11.9640	5714
11.9680	6373
11.9720	6240
11.9760	5938
11.9800	5650
11.9840	6177
11.9880	6227
11.9920	6441
11.9960	6346
12.0000	6432
12.0040	6417
12.0080	6100
12.0120	5644
12.0160	5767
12.0200	6526
12.0240	6085
12.0280	5976
12.0320	6444
12.0360	6234
12.0400	6427
12.0440	6020
12.0480	5852
12.0520	6125
12.0560	6448
12.0600	6348
12.0640	5975
12.0680	5898
12.0720	6430
12.0760	5667
12.0800	6234
12.0840	6013
12.0880	5932
12.0920	5672
12.0960	5626
12.1000	6058
12.1040	6280
12.1080	6344
12.1120	6051
12.1160	6199
12.1200	6331
12.1240	6537
12.1280	5925
12.1320	5960
12.1360	5739
12.1400	6358
12.1440	6285
12.1480	6115
12.1520	5585
12.1560	6563
12.1600	5613
12.1640	6568
12.1680	5848
12.1720	5734
12.1760	6457
12.1800	6550
12.1840	6430
12.1880	6277
12.1920	6393
12.1960	6334
12.2000	6340
12.2040	6063
12.2080	6044
12.2120	6249
12.2160	6586
12.2200	6185
12.2240	6070
12.2280	6245
12.2320	6441
12.2360	6572
12.2400	6718
12.2440	6560
12.2480	6507
12.2520	6027
12.2560	5736
12.2600	5629
12.2640	6341
12.2680	6130
12.2720	6431
12.2760	5980
12.2800	6346
12.2840	6072
12.2880	6004
12.2920	5770
12.2960	5428
12.3000	6169
12.3040	6373
12.3080	6360
12.3120	6310
12.3160	6202
12.3200	6193
12.3240	5822
12.3280	5928
12.3320	6338
12.3360	5887
12.3400	6178
12.3440	6516
12.3480	6434
12.3520	6317
12.3560	6397
12.3600	6427
12.3640	6213
12.3680	5467
12.3720	5796
12.3760	5749
12.3800	6428
12.3840	6570
12.3880	6459
12.3920	5711
12.3960	6719
12.4000	5760
12.4040	5958
12.4080	6291
12.4120	6702
12.4160	6058
12.4200	5999
12.4240	6372
12.4280	5805
12.4320	6523
12.4360	5661
12.4400	5578
12.4440	6200
12.4480	6447
12.4520	5819
12.4560	5805
12.4600	6152
12.4640	5756
12.4680	6156
12.4720	5815
12.4760	5645
12.4800	6357
12.4840	6202
12.4880	6346
12.4920	6184
12.4960	6034
12.5000	6656
12.5040	6447
12.5080	6156
12.5120	6070
12.5160	6624
12.5200	6370
12.5240	5760
12.5280	6084
12.5320	6305
12.5360	6345
12.5400	6231
12.5440	6199
12.5480	6175
12.5520	6670
12.5560	6150
12.5600	5919
12.5640	6345
12.5680	6080
12.5720	6207
12.5760	6121
12.5800	5942
12.5840	6105
12.5880	6585
12.5920	6530
12.5960	6230
12.6000	6657
12.6040	6039
12.6080	6524
12.6120	5890
12.6160	5630
12.6200	5767
12.6240	6346
12.6280	6126
12.6320	6220
12.6360	5998
12.6400	6314
12.6440	5997
12.6480	5890
12.6520	6300
12.6560	6298
12.6600	5784
12.6640	6038
12.6680	6106
12.6720	6090
12.6760	6189
12.6800	6543
12.6840	5865
12.6880	6136
12.6920	6243
12.6960	6273
12.7000	5740
12.7040	6233
12.7080	6202
12.7120	6122
12.7160	6245
12.7200	6089
12.7240	6579
12.7280	6302
12.7320	6164
12.7360	5619
12.7400	6140
12.7440	6262
12.7480	6608
12.7520	6015
12.7560	6705
12.7600	6247
12.7640	6447
12.7680	6032
12.7720	5894
12.7760	6444
12.7800	6485
12.7840	6407
12.7880	6532
12.7920	6137
12.7960	6556
12.8000	6133
12.8040	6081
12.8080	5767
12.8120	5849
12.8160	6283
12.8200	6181
12.8240	5758
12.8280	6420
12.8320	5680
12.8360	6452
12.8400	5854
12.8440	6213
12.8480	6243
12.8520	6498
12.8560	5975
12.8600	6237
12.8640	6106
12.8680	6327
12.8720	5797
12.8760	6531
12.8800	5831
12.8840	6133
12.8880	6452
12.8920	6369
12.8960	6607
12.9000	6175
12.9040	6615
12.9080	6133
12.9120	6620
12.9160	6203
12.9200	6520
12.9240	6600
12.9280	6444
12.9320	6136
12.9360	6602
12.9400	6562
12.9440	6441
12.9480	6024
12.9520	6061
12.9560	6124
12.9600	5938
12.9640	6665
12.9680	6375
12.9720	6519
12.9760	6357
12.9800	6067
12.9840	5652
12.9880	5794
12.9920	5940
12.9960	5730
13.0000	6388
13.0040	5968
13.0080	6278
13.0120	6284
13.0160	5988
13.0200	5515
13.0240	6183
13.0280	6395
13.0320	6317
13.0360	6245
13.0400	6694
13.0440	6181
13.0480	6416
13.0520	5930
13.0560	5750
13.0600	6283
13.0640	6353
13.0680	6370
13.0720	5705
13.0760	6425
13.0800	5413
13.0840	5844
13.0880	6242
13.0920	5804
13.0960	5678
13.1000	6716
13.1040	6483
13.1080	6569
13.1120	6578
13.1160	6011
13.1200	5898
13.1240	6514
13.1280	6094
13.1320	6185
13.1360	6191
13.1400	6578
13.1440	6253
13.1480	6402
13.1520	5845
13.1560	6099
13.1600	6362
13.1640	5889
13.1680	5596
13.1720	6302
13.1760	6139
13.1800	6407
13.1840	6047
13.1880	5984
13.1920	6167
13.1960	5883
13.2000	6249
13.2040	6117
13.2080	6254
13.2120	6150
13.2160	5530
13.2200	6634
13.2240	5888
13.2280	6370
13.2320	6220
13.2360	6416
13.2400	6211
13.2440	6487
13.2480	5782
13.2520	5719
13.2560	6570
13.2600	5599
13.2640	6351
13.2680	6322
13.2720	6513
13.2760	6322
13.2800	6564
13.2840	6288
13.2880	6245
13.2920	6352
13.2960	6245
13.3000	5764
13.3040	6223
13.3080	6659
13.3120	6175
13.3160	5701
13.3200	6335
13.3240	5894
13.3280	5764
13.3320	6376
13.3360	6515
13.3400	6311
13.3440	6321
13.3480	6128
13.3520	6267
13.3560	6171
13.3600	6301
13.3640	6226
13.3680	6534
13.3720	6323
13.3760	6175
13.3800	5719
13.3840	6463
13.3880	5513
13.3920	6312
13.3960	6198
13.4000	6520
13.4040	5700
13.4080	5713
13.4120	6347
13.4160	6226
13.4200	6431
13.4240	5969
13.4280	5831
13.4320	5887
13.4360	6587
13.4400	6217
13.4440	5901
13.4480	5586
13.4520	6516
13.4560	5984
13.4600	6230
13.4640	6280
13.4680	6166
13.4720	6545
13.4760	6446
13.4800	6739
13.4840	6575
13.4880	5718
13.4920	6364
13.4960	5883
13.5000	6176
13.5040	6420
13.5080	6014
13.5120	6117
13.5160	6056
13.5200	5987
13.5240	6021
13.5280	5885
13.5320	6327
13.5360	5775
13.5400	6397
13.5440	6245
13.5480	6092
13.5520	5959
13.5560	6287
13.5600	6145
13.5640	6792
13.5680	5908
13.5720	6257
13.5760	6294
13.5800	6597
13.5840	5794
13.5880	5878
13.5920	6386
13.5960	6114
13.6000	6531
13.6040	6123
13.6080	6225
13.6120	5487
13.6160	6554
13.6200	5667
13.6240	5886
13.6280	5915
13.6320	6175
13.6360	6403
13.6400	6155
13.6440	6568
13.6480	6370
13.6520	6405
13.6560	6268
13.6600	6346
13.6640	6116
13.6680	5890
13.6720	6073
13.6760	5536
13.6800	6357
13.6840	5689
13.6880	6235
13.6920	6186
13.6960	6132
13.7000	5985
13.7040	6486
13.7080	5996
13.7120	6308
13.7160	6280
13.7200	6222
13.7240	6259
13.7280	6285
13.7320	5575
13.7360	5811
13.7400	6170
13.7440	5981
13.7480	6286
13.7520	5827
13.7560	5884
13.7600	6306
13.7640	5809
13.7680	6636
13.7720	5671
13.7760	6280
13.7800	6099
13.7840	6178
13.7880	6252
13.7920	6338
13.7960	6109
13.8000	6000
13.8040	6500
13.8080	5688
13.8120	6037
13.8160	6529
13.8200	6566
13.8240	6631
13.8280	6531
13.8320	6646
13.8360	6368
13.8400	6627
13.8440	6575
13.8480	6367
13.8520	6177
13.8560	6121
13.8600	6198
13.8640	6239
13.8680	6141
13.8720	6262
13.8760	6070
13.8800	6166
13.8840	6265
13.8880	6305
13.8920	6225
13.8960	5641
13.9000	6453
13.9040	5978
13.9080	6418
13.9120	6372
13.9160	6647
13.9200	6445
13.9240	6429
13.9280	6010
13.9320	6224
13.9360	6317
13.9400	6392
13.9440	6068
13.9480	6492
13.9520	6487
13.9560	6178
13.9600	6319
13.9640	6275
13.9680	6092
13.9720	6277
13.9760	6630
13.9800	6411
13.9840	6728
13.9880	6559
13.9920	6561
13.9960	6488
14.0000	6572
14.0040	6394
14.0080	6533
14.0120	6531
14.0160	6575
14.0200	6299
14.0240	6589
14.0280	6232
14.0320	6301
14.0360	6137
14.0400	6128
14.0440	6390
14.0480	6098
14.0520	6359
14.0560	6440
14.0600	6308
14.0640	6402
14.0680	6333
14.0720	5821
14.0760	5850
14.0800	6068
14.0840	5861
14.0880	6578
14.0920	6080
14.0960	6698
14.1000	6112
14.1040	6164
14.1080	6235
14.1120	6475
14.1160	6065
14.1200	6223
14.1240	6371
14.1280	6317
14.1320	5909
14.1360	6252
14.1400	5749
14.1440	5583
14.1480	6599
14.1520	5695
14.1560	6430
14.1600	6409
14.1640	6816
14.1680	6417
14.1720	6675
14.1760	5935
14.1800	5807
14.1840	6551
14.1880	6485
14.1920	6528
14.1960	6528
14.2000	6579
14.2040	6181
14.2080	6422
14.2120	5651
14.2160	5711
14.2200	6369
14.2240	6241
14.2280	5896
14.2320	6194
14.2360	5760
14.2400	5769
14.2440	6353
14.2480	6258
14.2520	6181
14.2560	6035
14.2600	6126
14.2640	5480
14.2680	6575
14.2720	5944
14.2760	5850
14.2800	5720
14.2840	5869
14.2880	6202
14.2920	6424
14.2960	5724
14.3000	5632
14.3040	6538
14.3080	5772
14.3120	5725
14.3160	6209
14.3200	5916
14.3240	5844
14.3280	6813
14.3320	6194
14.3360	5892
14.3400	6261
14.3440	5985
14.3480	5985
14.3520	6321
14.3560	5993
14.3600	6534
14.3640	6718
14.3680	6455
14.3720	6255
14.3760	6344
14.3800	6418
14.3840	6602
14.3880	6580
14.3920	6366
14.3960	6024
14.4000	6306
14.4040	5591
14.4080	5595
14.4120	6214
14.4160	5875
14.4200	6181
14.4240	6073
14.4280	6043
14.4320	6496
14.4360	6012
14.4400	6537
14.4440	5525
14.4480	6563
14.4520	5617
14.4560	6406
14.4600	5531
14.4640	5824
14.4680	6290
14.4720	6506
14.4760	6522
14.4800	6357
14.4840	6587
14.4880	6289
14.4920	6641
14.4960	5594
14.5000	5801
14.5040	6068
14.5080	6554
14.5120	6415
14.5160	6793
14.5200	6515
14.5240	6651
14.5280	6598
14.5320	6488
14.5360	6495
14.5400	6308
14.5440	5879
14.5480	5900
14.5520	6367
14.5560	5975
14.5600	5725
14.5640	6180
14.5680	6052
14.5720	5771
14.5760	5929
14.5800	5984
14.5840	5882
14.5880	6350
14.5920	6130
14.5960	6233
14.6000	6446
14.6040	6455
14.6080	6306
14.6120	6497
14.6160	6268
14.6200	5675
14.6240	5567
14.6280	6725
14.6320	6074
14.6360	6596
14.6400	6254
14.6440	6574
14.6480	5970
14.6520	5948
14.6560	6209
14.6600	6257
14.6640	6529
14.6680	6249
14.6720	6752
14.6760	6220
14.6800	6633
14.6840	6106
14.6880	6530
14.6920	5614
14.6960	6556
14.7000	6122
14.7040	6601
14.7080	5811
14.7120	6234
14.7160	6296
14.7200	6406
14.7240	6594
14.7280	6622
14.7320	6010
14.7360	6583
14.7400	6505
14.7440	6156
14.7480	6399
14.7520	6265
14.7560	6127
14.7600	5478
14.7640	6226
14.7680	5913
14.7720	6296
14.7760	6270
14.7800	6326
14.7840	6474
14.7880	6232
14.7920	6162
14.7960	5669
14.8000	6601
14.8040	5602
14.8080	6435
14.8120	5415
14.8160	5695
14.8200	5798
14.8240	5922
14.8280	5676
14.8320	6403
14.8360	5918
14.8400	5962
14.8440	6317
14.8480	6318
14.8520	6600
14.8560	5962
14.8600	6491
14.8640	5849
14.8680	6101
14.8720	5797
14.8760	6242
14.8800	6385
14.8840	6101
14.8880	6477
14.8920	6046
14.8960	6038
14.9000	5891
14.9040	6028
14.9080	6429
14.9120	6115
14.9160	5903
14.9200	5974
14.9240	6302
14.9280	5582
14.9320	6198
14.9360	5459
14.9400	5525
14.9440	6409
14.9480	6432
14.9520	5699
14.9560	5738
14.9600	5980
14.9640	5801
14.9680	5503
14.9720	6537
14.9760	5677
14.9800	6200
14.9840	6238
14.9880	6017
14.9920	5684
14.9960	6623
15.0000	5800
15.0040	6362
15.0080	5807
15.0120	6170
15.0160	6419
15.0200	6233
15.0240	5738
15.0280	5642
15.0320	6176
15.0360	5921
15.0400	6515
15.0440	6303
15.0480	6440
15.0520	6153
15.0560	6583
15.0600	5883
15.0640	6017
15.0680	6453
15.0720	6651
15.0760	6169
15.0800	6308
15.0840	6450
15.0880	6163
15.0920	6519
15.0960	5909
15.1000	5710
15.1040	5770
15.1080	6045
15.1120	6337
15.1160	5533
15.1200	5711
15.1240	6168
15.1280	6013
15.1320	6096
15.1360	5907
15.1400	5954
15.1440	6132
15.1480	6032
15.1520	6508
15.1560	6072
15.1600	6705
15.1640	6036
15.1680	6519
15.1720	5718
15.1760	6200
15.1800	6500
15.1840	6212
15.1880	5788
15.1920	6355
15.1960	6572
15.2000	5763
15.2040	6594
15.2080	5963
15.2120	6552
15.2160	5705
15.2200	5975
15.2240	5847
15.2280	6602
15.2320	5862
15.2360	6379
15.2400	5767
15.2440	5966
15.2480	6471
15.2520	6511
15.2560	5720
15.2600	5767
15.2640	6482
15.2680	6452
15.2720	6334
15.2760	6484
15.2800	6216
15.2840	6368
15.2880	6324
15.2920	6185
15.2960	5909
15.3000	6156
15.3040	6148
15.3080	5952
15.3120	5999
15.3160	6663
15.3200	6401
15.3240	5880
15.3280	5798
15.3320	6733
15.3360	6297
15.3400	5787
15.3440	5586
15.3480	6599
15.3520	6048
15.3560	6327
15.3600	5973
15.3640	5709
15.3680	6318
15.3720	5891
15.3760	6381
15.3800	5801
15.3840	6686
15.3880	6196
15.3920	6126
15.3960	5637
15.4000	6192
15.4040	6345
15.4080	6639
15.4120	6345
15.4160	6537
15.4200	6484
15.4240	6385
15.4280	6227
15.4320	6309
15.4360	5704
15.4400	6331
15.4440	6285
15.4480	6191
15.4520	5933
15.4560	5630
15.4600	6254
15.4640	5641
15.4680	5587
15.4720	6029
15.4760	6017
15.4800	6061
15.4840	5493
15.4880	6091
15.4920	5737
15.4960	5642
15.5000	6228
15.5040	5871
15.5080	5715
15.5120	6611
15.5160	5426
15.5200	5764
15.5240	6460
15.5280	6518
15.5320	6168
15.5360	6124
15.5400	6520
15.5440	6326
15.5480	6370
15.5520	5625
15.5560	6499
15.5600	5776
15.5640	6008
15.5680	5919
15.5720	6519
15.5760	6476
15.5800	6702
15.5840	6281
15.5880	5896
15.5920	5864
15.5960	6203
15.6000	6151
15.6040	5982
15.6080	6331
15.6120	5745
15.6160	6485
15.6200	6381
15.6240	5678
15.6280	6121
15.6320	5744
15.6360	6455
15.6400	6296
15.6440	6086
15.6480	5903
15.6520	6347
15.6560	5913
15.6600	6345
15.6640	5554
15.6680	6188
15.6720	5679
15.6760	6218
15.6800	6069
15.6840	6432
15.6880	5549
15.6920	6483
15.6960	5732
15.7000	5916
15.7040	5718
15.7080	5808
15.7120	5926
15.7160	6301
15.7200	6542
15.7240	6217
15.7280	6569
15.7320	5597
15.7360	5861
15.7400	6407
15.7440	6730
15.7480	5676
15.7520	5908
15.7560	6419
15.7600	6587
15.7640	6347
15.7680	6265
15.7720	5794
15.7760	6595
15.7800	6364
15.7840	6635
15.7880	5912
15.7920	5715
15.7960	6078
15.8000	6616
15.8040	6488
15.8080	6281
15.8120	6419
15.8160	6495
15.8200	6048
15.8240	6033
15.8280	6107
15.8320	6166
15.8360	5968
15.8400	6079
15.8440	5868
15.8480	6469
15.8520	6459
15.8560	5945
15.8600	5646
15.8640	6715
15.8680	6210
15.8720	6218
15.8760	5642
15.8800	5996
15.8840	6153
15.8880	6380
15.8920	6490
15.8960	6526
15.9000	6349
15.9040	5759
15.9080	6633
15.9120	5510
15.9160	5936
15.9200	6146
15.9240	6523
15.9280	6429
15.9320	6613
15.9360	6521
15.9400	6603
15.9440	6612
15.9480	6799
15.9520	6171
15.9560	5797
15.9600	5779
15.9640	6092
15.9680	6262
15.9720	5980
15.9760	6464
15.9800	6001
15.9840	6542
15.9880	6423
15.9920	6347
15.9960	5614
16.0000	5597
16.0040	6369
16.0080	6301
16.0120	6286
16.0160	6171
16.0200	6307
16.0240	5747
16.0280	6489
16.0320	5508
16.0360	6128
16.0400	5657
16.0440	6747
16.0480	6245
16.0520	6499
16.0560	6397
16.0600	6476
16.0640	6389
16.0680	6362
16.0720	6303
16.0760	5862
16.0800	5799
16.0840	5660
16.0880	6579
16.0920	6013
16.0960	6355
16.1000	5895
16.1040	6177
16.1080	6461
16.1120	6679
16.1160	6098
16.1200	5977
16.1240	6143
16.1280	6635
16.1320	6601
16.1360	6561
16.1400	6208
16.1440	6428
16.1480	5884
16.1520	6226
16.1560	6053
16.1600	6003
16.1640	6247
16.1680	6058
16.1720	6273
16.1760	6064
16.1800	6218
16.1840	6249
16.1880	6242
16.1920	6177
16.1960	5560
16.2000	5819
16.2040	6129
16.2080	6389
16.2120	6022
16.2160	6351
16.2200	6092
16.2240	6261
16.2280	5687
16.2320	6383
16.2360	6399
16.2400	6059
16.2440	5680
16.2480	5878
16.2520	6488
16.2560	5732
16.2600	6530
16.2640	5620
16.2680	6115
16.2720	6254
16.2760	5927
16.2800	5857
16.2840	5874
16.2880	6313
16.2920	5717
16.2960	6199
16.3000	6052
16.3040	6012
16.3080	6844
16.3120	6602
16.3160	5826
16.3200	5831
16.3240	6587
16.3280	5814
16.3320	5934
16.3360	6311
16.3400	5927
16.3440	5973
16.3480	5749
16.3520	5647
16.3560	6268
16.3600	6246
16.3640	6422
16.3680	6179
16.3720	5991
16.3760	6230
16.3800	6516
16.3840	6087
16.3880	6117
16.3920	5454
16.3960	6195
16.4000	5554
16.4040	6525
16.4080	5801
16.4120	6477
16.4160	6369
16.4200	6072
16.4240	5775
16.4280	5740
16.4320	6226
16.4360	5461
16.4400	6402
16.4440	5768
16.4480	6442
16.4520	6499
16.4560	5926
16.4600	5908
16.4640	5752
16.4680	6350
16.4720	6258
16.4760	6249
16.4800	6332
16.4840	6743
16.4880	5807
16.4920	5945
16.4960	5766
16.5000	6373
16.5040	6378
16.5080	6522
16.5120	6371
16.5160	6082
16.5200	5582
16.5240	6082
16.5280	6283
16.5320	6201
16.5360	6337
16.5400	6180
16.5440	6469
16.5480	6381
16.5520	6387
16.5560	6052
16.5600	6423
16.5640	5571
16.5680	6194
16.5720	5649
16.5760	6593
16.5800	6077
16.5840	6097
16.5880	6518
16.5920	6079
16.5960	6153
16.6000	6455
16.6040	5891
16.6080	5589
16.6120	5703
16.6160	6146
16.6200	6266
16.6240	5898
16.6280	6495
16.6320	6028
16.6360	6149
16.6400	6334
16.6440	6277
16.6480	5774
16.6520	5831
16.6560	6265
16.6600	6128
16.6640	6584
16.6680	6303
16.6720	6112
16.6760	6445
16.6800	6056
16.6840	5700
16.6880	5703
16.6920	6127
16.6960	6283
16.7000	6125
16.7040	6218
16.7080	5860
16.7120	6237
16.7160	6514
16.7200	6266
16.7240	5680
16.7280	5893
16.7320	6457
16.7360	6269
16.7400	6661
16.7440	6248
16.7480	6673
16.7520	6001
16.7560	5849
16.7600	5660
16.7640	6350
16.7680	6094
16.7720	6115
16.7760	6049
16.7800	6126
16.7840	6450
16.7880	6245
16.7920	5931
16.7960	5590
16.8000	6477
16.8040	6437
16.8080	6448
16.8120	6087
16.8160	6372
16.8200	6097
16.8240	6307
16.8280	6329
16.8320	6071
16.8360	6304
16.8400	6720
16.8440	6605
16.8480	5908
16.8520	5946
16.8560	6461
16.8600	6482
16.8640	5759
16.8680	5719
16.8720	6038
16.8760	6089
16.8800	6090
16.8840	6260
16.8880	6203
16.8920	6143
16.8960	5656
16.9000	6018
16.9040	5787
16.9080	6380
16.9120	6141
16.9160	6182
16.9200	6234
16.9240	5988
16.9280	6062
16.9320	5678
16.9360	6596
16.9400	5991
16.9440	6607
16.9480	6264
16.9520	6415
16.9560	5879
16.9600	6368
16.9640	5911
16.9680	6384
16.9720	6320
16.9760	5820
16.9800	6315
16.9840	6273
16.9880	6217
16.9920	5969
16.9960	6724
17.0000	5735
17.0040	6146
17.0080	6065
17.0120	5907
17.0160	5845
17.0200	5908
17.0240	5776
17.0280	6377
17.0320	5692
17.0360	6127
17.0400	5994
17.0440	6340
17.0480	6400
17.0520	5836
17.0560	5959
17.0600	6156
17.0640	5474
17.0680	6017
17.0720	5689
17.0760	6370
17.0800	6074
17.0840	6535
17.0880	6287
17.0920	5873
17.0960	6282
17.1000	5825
17.1040	6362
17.1080	6564
17.1120	6248
17.1160	6582
17.1200	6338
17.1240	6407
17.1280	6110
17.1320	5739
17.1360	6127
17.1400	5916
17.1440	6592
17.1480	6252
17.1520	6491
17.1560	5994
17.1600	6555
17.1640	5686
17.1680	5972
17.1720	5940
17.1760	5840
17.1800	5832
17.1840	6484
17.1880	6529
17.1920	6397
17.1960	6585
17.2000	6421
17.2040	5799
17.2080	6012
17.2120	5958
17.2160	5710
17.2200	5830
17.2240	6406
17.2280	6183
17.2320	6318
17.2360	6344
17.2400	6353
17.2440	5732
17.2480	5619
17.2520	5508
17.2560	5974
17.2600	6003
17.2640	6395
17.2680	6039
17.2720	6047
17.2760	6388
17.2800	6731
17.2840	5657
17.2880	5892
17.2920	6081
17.2960	6547
17.3000	5655
17.3040	5644
17.3080	6139
17.3120	6340
17.3160	6611
17.3200	6211
17.3240	5822
17.3280	5617
17.3320	6626
17.3360	6436
17.3400	5974
17.3440	5720
17.3480	6499
17.3520	6003
17.3560	5854
17.3600	6566
17.3640	6453
17.3680	6343
17.3720	6580
17.3760	6036
17.3800	5780
17.3840	6028
17.3880	6479
17.3920	6108
17.3960	6280
17.4000	6478
17.4040	6236
17.4080	5844
17.4120	6097
17.4160	6016
17.4200	5883
17.4240	5610
17.4280	5516
17.4320	5985
17.4360	5961
17.4400	5988
17.4440	6121
17.4480	5844
17.4520	5722
17.4560	6200
17.4600	6378
17.4640	5697
17.4680	5858
17.4720	6295
17.4760	6526
17.4800	6175
17.4840	5617
17.4880	5598
17.4920	6310
17.4960	6487
17.5000	5623
17.5040	6315
17.5080	6145
17.5120	6390
17.5160	6434
17.5200	6330
17.5240	6497
17.5280	6609
17.5320	5975
17.5360	5712
17.5400	5865
17.5440	6379
17.5480	6441
17.5520	6700
17.5560	6470
17.5600	6624
17.5640	6491
17.5680	5482
17.5720	6036
17.5760	5950
17.5800	6545
17.5840	6417
17.5880	5595
17.5920	5569
17.5960	6097
17.6000	6001
17.6040	6275
17.6080	5742
17.6120	5598
17.6160	6382
17.6200	6176
17.6240	5813
17.6280	5651
17.6320	6333
17.6360	6058
17.6400	6488
17.6440	5745
17.6480	6540
17.6520	6390
17.6560	5921
17.6600	6016
17.6640	5773
17.6680	6451
17.6720	6320
17.6760	6269
17.6800	5817
17.6840	6518
17.6880	5821
17.6920	5822
17.6960	5688
17.7000	6396
17.7040	6517
17.7080	6318
17.7120	5758
17.7160	5844
17.7200	6712
17.7240	6754
17.7280	5939
17.7320	5913
17.7360	6139
17.7400	6576
17.7440	6246
17.7480	5907
17.7520	5725
17.7560	6187
17.7600	6249
17.7640	6339
17.7680	5546
17.7720	5556
17.7760	5824
17.7800	5657
17.7840	5524
17.7880	6251
17.7920	6371
17.7960	6212
17.8000	5982
17.8040	6413
17.8080	5371
17.8120	5758
17.8160	6103
17.8200	6405
17.8240	6318
17.8280	6540
17.8320	5917
17.8360	5891
17.8400	5752
17.8440	6386
17.8480	6580
17.8520	5745
17.8560	5986
17.8600	5937
17.8640	5875
17.8680	5483
17.8720	5836
17.8760	6077
17.8800	6439
17.8840	6429
17.8880	6617
17.8920	5714
17.8960	5727
17.9000	6071
17.9040	5906
17.9080	6303
17.9120	6065
17.9160	6706
17.9200	6203
17.9240	6421
17.9280	6491
17.9320	5990
17.9360	5708
17.9400	5951
17.9440	5675
17.9480	5585
17.9520	5937
17.9560	5888
17.9600	5787
17.9640	6357
17.9680	5966
17.9720	5920
17.9760	6073
17.9800	5674
17.9840	5880
17.9880	5519
17.9920	6145
17.9960	5942
18.0000	6007
18.0040	6392
18.0080	6393
18.0120	5657
18.0160	6207
18.0200	5708
18.0240	5688
18.0280	5684
18.0320	5668
18.0360	6474
18.0400	6264
18.0440	6119
18.0480	5519
18.0520	5786
18.0560	5689
18.0600	6632
18.0640	6317
18.0680	5796
18.0720	5788
18.0760	6654
18.0800	6158
18.0840	6103
18.0880	5911
18.0920	6589
18.0960	5916
18.1000	5786
18.1040	5860
18.1080	6527
18.1120	6371
18.1160	5795
18.1200	5942
18.1240	5620
18.1280	6112
18.1320	6320
18.1360	5426
18.1400	6118
18.1440	6254
18.1480	6591
18.1520	5553
18.1560	5892
18.1600	5995
18.1640	6447
18.1680	5953
18.1720	5736
18.1760	5655
18.1800	6528
18.1840	6559
18.1880	5944
18.1920	5793
18.1960	5622
18.2000	6183
18.2040	5637
18.2080	5805
18.2120	6313
18.2160	6380
18.2200	6088
18.2240	6515
18.2280	6223
18.2320	5844
18.2360	6512
18.2400	6348
18.2440	5755
18.2480	6607
18.2520	6148
18.2560	6555
18.2600	6461
18.2640	6833
18.2680	5782
18.2720	6340
18.2760	6174
18.2800	5760
18.2840	6223
18.2880	6317
18.2920	6153
18.2960	5519
18.3000	5643
18.3040	5495
18.3080	5520
18.3120	5515
18.3160	5503
18.3200	6381
18.3240	6195
18.3280	6063
18.3320	5517
18.3360	5911
18.3400	5851
18.3440	5815
18.3480	5442
18.3520	5867
18.3560	5976
18.3600	6424
18.3640	6273
18.3680	6317
18.3720	6611
18.3760	6297
18.3800	5868
18.3840	6271
18.3880	5932
18.3920	6417
18.3960	6266
18.4000	6422
18.4040	5871
18.4080	5686
18.4120	6017
18.4160	5744
18.4200	5921
18.4240	6024
18.4280	6288
18.4320	6362
18.4360	5991
18.4400	5852
18.4440	5773
18.4480	5982
18.4520	5794
18.4560	5788
18.4600	6366
18.4640	5804
18.4680	5580
18.4720	5576
18.4760	6122
18.4800	5996
18.4840	6042
18.4880	6064
18.4920	5932
18.4960	5595
18.5000	5668
18.5040	5787
18.5080	5821
18.5120	6319
18.5160	6721
18.5200	5793
18.5240	5793
18.5280	5568
18.5320	6137
18.5360	6269
18.5400	5861
18.5440	5714
18.5480	5607
18.5520	5949
18.5560	6032
18.5600	6103
18.5640	5775
18.5680	6592
18.5720	6012
18.5760	5699
18.5800	5725
18.5840	6297
18.5880	6483
18.5920	6434
18.5960	5932
18.6000	6210
18.6040	6024
18.6080	6230
18.6120	6029
18.6160	5731
18.6200	6201
18.6240	6527
18.6280	5606
18.6320	5965
18.6360	5734
18.6400	6506
18.6440	5911
18.6480	5526
18.6520	5674
18.6560	5797
18.6600	6015
18.6640	6026
18.6680	5546
18.6720	5831
18.6760	6330
18.6800	6191
18.6840	5905
18.6880	6308
18.6920	5983
18.6960	6603
18.7000	6168
18.7040	6507
18.7080	6082
18.7120	5818
18.7160	5980
18.7200	6384
18.7240	5831
18.7280	6243
18.7320	6338
18.7360	5833
18.7400	5907
18.7440	6091
18.7480	6344
18.7520	5833
18.7560	6873
18.7600	5784
18.7640	6597
18.7680	6199
18.7720	5821
18.7760	6206
18.7800	6500
18.7840	6764
18.7880	5716
18.7920	6732
18.7960	6525
18.8000	6331
18.8040	6519
18.8080	5678
18.8120	5949
18.8160	6289
18.8200	6420
18.8240	5691
18.8280	6168
18.8320	6064
18.8360	5468
18.8400	6086
18.8440	6061
18.8480	6276
18.8520	6240
18.8560	6254
18.8600	5757
18.8640	5763
18.8680	5731
18.8720	5588
18.8760	5771
18.8800	5983
18.8840	6519
18.8880	6155
18.8920	6264
18.8960	5628
18.9000	5737
18.9040	5943
18.9080	5857
18.9120	6148
18.9160	5826
18.9200	6614
18.9240	6000
18.9280	6531
18.9320	5685
18.9360	5901
18.9400	5933
18.9440	6377
18.9480	6059
18.9520	5877
18.9560	5952
18.9600	6596
18.9640	6721
18.9680	6488
18.9720	5900
18.9760	5606
18.9800	5769
18.9840	5873
18.9880	5947
18.9920	6445
18.9960	6336
19.0000	5978
19.0040	5659
19.0080	5612
19.0120	5462
19.0160	5563
19.0200	6045
19.0240	6206
19.0280	6011
19.0320	6121
19.0360	5606
19.0400	5782
19.0440	5733
19.0480	5982
19.0520	5463
19.0560	6112
19.0600	5375
19.0640	6460
19.0680	5922
19.0720	6291
19.0760	5745
19.0800	5764
19.0840	5701
19.0880	5622
19.0920	6016
19.0960	5701
19.1000	5938
19.1040	6194
19.1080	6687
19.1120	5725
19.1160	5718
19.1200	5798
19.1240	5796
19.1280	5904
19.1320	6115
19.1360	6174
19.1400	5992
19.1440	6158
19.1480	6655
19.1520	6298
19.1560	5850
19.1600	5743
19.1640	6010
19.1680	5787
19.1720	5885
19.1760	5844
19.1800	5812
19.1840	6328
19.1880	6253
19.1920	5898
19.1960	6296
19.2000	6272
19.2040	5866
19.2080	6120
19.2120	6337
19.2160	5744
19.2200	5974
19.2240	6162
19.2280	6063
19.2320	5665
19.2360	6185
19.2400	5746
19.2440	6046
19.2480	5854
19.2520	5750
19.2560	6435
19.2600	6253
19.2640	5727
19.2680	5944
19.2720	5822
19.2760	6077
19.2800	6006
19.2840	5782
19.2880	5926
19.2920	6363
19.2960	6518
19.3000	6369
19.3040	6074
19.3080	5787
19.3120	6174
19.3160	5914
19.3200	6204
19.3240	5947
19.3280	6572
19.3320	6402
19.3360	5859
19.3400	6484
19.3440	5926
19.3480	5869
19.3520	5722
19.3560	5614
19.3600	5793
19.3640	6107
19.3680	5869
19.3720	5533
19.3760	5830
19.3800	5803
19.3840	5993
19.3880	5577
19.3920	5727
19.3960	6017
19.4000	6605
19.4040	5711
19.4080	6274
19.4120	5681
19.4160	6455
19.4200	6142
19.4240	5696
19.4280	5535
19.4320	5777
19.4360	6341
19.4400	5894
19.4440	5764
19.4480	5758
19.4520	6367
19.4560	6246
19.4600	5751
19.4640	5736
19.4680	5880
19.4720	6510
19.4760	6406
19.4800	5834
19.4840	5839
19.4880	5693
19.4920	5993
19.4960	6084
19.5000	6462
19.5040	6290
19.5080	6190
19.5120	6112
19.5160	5733
19.5200	5652
19.5240	5660
19.5280	5623
19.5320	5750
19.5360	5612
19.5400	6282
19.5440	6237
19.5480	5681
19.5520	5532
19.5560	5784
19.5600	5779
19.5640	5804
19.5680	5589
19.5720	5846
19.5760	5866
19.5800	6556
19.5840	5929
19.5880	5737
19.5920	5958
19.5960	6263
19.6000	5852
19.6040	5885
19.6080	5910
19.6120	5947
19.6160	6460
19.6200	6438
19.6240	6256
19.6280	5693
19.6320	5824
19.6360	5678
19.6400	6100
19.6440	5921
19.6480	6066
19.6520	6048
19.6560	5777
19.6600	5805
19.6640	5928
19.6680	6223
19.6720	5678
19.6760	5563
19.6800	6249
19.6840	6141
19.6880	5790
19.6920	5636
19.6960	5815
19.7000	5865
19.7040	6123
19.7080	5901
19.7120	5653
19.7160	5507
19.7200	6343
19.7240	6100
19.7280	5686
19.7320	5530
19.7360	5778
19.7400	5706
19.7440	5653
19.7480	5535
19.7520	5942
19.7560	6088
19.7600	6521
19.7640	5568
19.7680	5912
19.7720	5870
19.7760	5897
19.7800	5722
19.7840	6109
19.7880	6488
19.7920	6216
19.7960	5693
19.8000	5496
19.8040	6313
19.8080	6332
19.8120	5994
19.8160	6310
19.8200	6025
19.8240	6214
19.8280	6645
19.8320	6021
19.8360	5793
19.8400	6044
19.8440	6487
19.8480	6005
19.8520	6732
19.8560	5857
19.8600	6586
19.8640	6462
19.8680	5771
19.8720	5828
19.8760	5946
19.8800	5889
19.8840	5508
19.8880	5974
19.8920	5881
19.8960	5575
19.9000	5905
19.9040	5879
19.9080	6433
19.9120	6221
19.9160	5679
19.9200	5969
19.9240	5865
19.9280	6041
19.9320	6082
19.9360	6030
19.9400	6209
19.9440	6169
19.9480	5934
19.9520	6171
19.9560	6016
19.9600	6213
19.9640	5725
19.9680	6199
19.9720	5612
19.9760	6253
19.9800	5762
19.9840	6605
19.9880	6225
19.9920	5910
19.9960	5801
