0.0000	5873
0.0050	6492
0.0100	6358
0.0150	5857
0.0200	5869
0.0250	6112
0.0300	5587
0.0350	5598
0.0400	6253
0.0450	5894
0.0500	6232
0.0550	5847
0.0600	6130
0.0650	6255
0.0700	6489
0.0750	6665
0.0800	6044
0.0850	5828
0.0900	6096
0.0950	5727
0.1000	6397
0.1050	5837
0.1100	6250
0.1150	6008
0.1200	6472
0.1250	6390
0.1300	6494
0.1350	6006
0.1400	6434
0.1450	5662
0.1500	6301
0.1550	6154
0.1600	6670
0.1650	6045
0.1700	5922
0.1750	5960
0.1800	5720
0.1850	5714
0.1900	6316
0.1950	6526
0.2000	5637
0.2050	5985
0.2100	5824
0.2150	5827
0.2200	6153
0.2250	6272
0.2300	5882
0.2350	5798
0.2400	5975
0.2450	6231
0.2500	5689
0.2550	5688
0.2600	6295
0.2650	5534
0.2700	6076
0.2750	6551
0.2800	6366
0.2850	6554
0.2900	5504
0.2950	5813
0.3000	5849
0.3050	6166
0.3100	6074
0.3150	6353
0.3200	6227
0.3250	5332
0.3300	5468
0.3350	5498
0.3400	6387
0.3450	6404
0.3500	6395
0.3550	5682
0.3600	5846
0.3650	6196
0.3700	5923
0.3750	6219
0.3800	5545
0.3850	6672
0.3900	5654
0.3950	5602
0.4000	6448
0.4050	5692
0.4100	5949
0.4150	6038
0.4200	5617
0.4250	5739
0.4300	6538
0.4350	6316
0.4400	5790
0.4450	6279
0.4500	6038
0.4550	6257
0.4600	6029
0.4650	6431
0.4700	5993
0.4750	6280
0.4800	6224
0.4850	6170
0.4900	5911
0.4950	5752
0.5000	6673
0.5050	6408
0.5100	5717
0.5150	5754
0.5200	6625
0.5250	5739
0.5300	6067
0.5350	6170
0.5400	6383
0.5450	6089
0.5500	5755
0.5550	5826
0.5600	5700
0.5650	5793
0.5700	6027
0.5750	5610
0.5800	5931
0.5850	6343
0.5900	5947
0.5950	6176
0.6000	6218
0.6050	5617
0.6100	5844
0.6150	6495
0.6200	5703
0.6250	5490
0.6300	6233
0.6350	6361
0.6400	5892
0.6450	6655
0.6500	6138
0.6550	5874
0.6600	5667
0.6650	6491
0.6700	6430
0.6750	6295
0.6800	6482
0.6850	6233
0.6900	5756
0.6950	5482
0.7000	6477
0.7050	6659
0.7100	6240
0.7150	6264
0.7200	5953
0.7250	5804
0.7300	6362
0.7350	5961
0.7400	6482
0.7450	5940
0.7500	5648
0.7550	6436
0.7600	5682
0.7650	5849
0.7700	5906
0.7750	5539
0.7800	5750
0.7850	6072
0.7900	5932
0.7950	6337
0.8000	6183
0.8050	5653
0.8100	5598
0.8150	6546
0.8200	6304
0.8250	6045
0.8300	5467
0.8350	6010
0.8400	5702
0.8450	5714
0.8500	6264
0.8550	5560
0.8600	6419
0.8650	5792
0.8700	5600
0.8750	6108
0.8800	5856
0.8850	5798
0.8900	5666
0.8950	6158
0.9000	6276
0.9050	5907
0.9100	6292
0.9150	5885
0.9200	5817
0.9250	6379
0.9300	5946
0.9350	6386
0.9400	5978
0.9450	5618
0.9500	6760
0.9550	5573
0.9600	5731
0.9650	5754
0.9700	6006
0.9750	5986
0.9800	6322
0.9850	6224
0.9900	6279
0.9950	6023
1.0000	6070
1.0050	6672
1.0100	6144
1.0150	5814
1.0200	6530
1.0250	6350
1.0300	5718
1.0350	5550
1.0400	6413
1.0450	6027
1.0500	5886
1.0550	6274
1.0600	6433
1.0650	5919
1.0700	5780
1.0750	5648
1.0800	6448
1.0850	6327
1.0900	6385
1.0950	6301
1.1000	5550
1.1050	5997
1.1100	5751
1.1150	5735
1.1200	5767
1.1250	6313
1.1300	6615
1.1350	5552
1.1400	5682
1.1450	6302
1.1500	6042
1.1550	5719
1.1600	5658
1.1650	6207
1.1700	5730
1.1750	6206
1.1800	6542
1.1850	6573
1.1900	5629
1.1950	5757
1.2000	5973
1.2050	5953
1.2100	6271
1.2150	6100
1.2200	6517
1.2250	6012
1.2300	5655
1.2350	5933
1.2400	5859
1.2450	6246
1.2500	6060
1.2550	6181
1.2600	5842
1.2650	6739
1.2700	5694
1.2750	6435
1.2800	5310
1.2850	5845
1.2900	6705
1.2950	6020
1.3000	5802
1.3050	6269
1.3100	6279
1.3150	6001
1.3200	5834
1.3250	5793
1.3300	6496
1.3350	5953
1.3400	5679
1.3450	6172
1.3500	6195
1.3550	6052
1.3600	5845
1.3650	6507
1.3700	6229
1.3750	6201
1.3800	5636
1.3850	5905
1.3900	6526
1.3950	5958
1.4000	6415
1.4050	5734
1.4100	5565
1.4150	5633
1.4200	6186
1.4250	5751
1.4300	6444
1.4350	5686
1.4400	6019
1.4450	6410
1.4500	6125
1.4550	6342
1.4600	5538
1.4650	5908
1.4700	5889
1.4750	6419
1.4800	6373
1.4850	5899
1.4900	6363
1.4950	5942
1.5000	5360
1.5050	6496
1.5100	6232
1.5150	6329
1.5200	6402
1.5250	5634
1.5300	5590
1.5350	5694
1.5400	6549
1.5450	6579
1.5500	6571
1.5550	6199
1.5600	5863
1.5650	6403
1.5700	6116
1.5750	6168
1.5800	6034
1.5850	6490
1.5900	6224
1.5950	6370
1.6000	6441
1.6050	6538
1.6100	6318
1.6150	5666
1.6200	5585
1.6250	5956
1.6300	6477
1.6350	5627
1.6400	5959
1.6450	6420
1.6500	6140
1.6550	6454
1.6600	6344
1.6650	5365
1.6700	5910
1.6750	5794
1.6800	5820
1.6850	6535
1.6900	5954
1.6950	5895
1.7000	5568
1.7050	5744
1.7100	5702
1.7150	6625
1.7200	5827
1.7250	6335
1.7300	5783
1.7350	5901
1.7400	6435
1.7450	6142
1.7500	6280
1.7550	5379
1.7600	5832
1.7650	5974
1.7700	6224
1.7750	6461
1.7800	6234
1.7850	5870
1.7900	6230
1.7950	6127
1.8000	6213
1.8050	6308
1.8100	6599
1.8150	5943
1.8200	5535
1.8250	6591
1.8300	5999
1.8350	5777
1.8400	5851
1.8450	5735
1.8500	6536
1.8550	6380
1.8600	6083
1.8650	6424
1.8700	5794
1.8750	5843
1.8800	6273
1.8850	6295
1.8900	5616
1.8950	5812
1.9000	6004
1.9050	6497
1.9100	5872
1.9150	5682
1.9200	6074
1.9250	6421
1.9300	5723
1.9350	5698
1.9400	6097
1.9450	6497
1.9500	5864
1.9550	5861
1.9600	5924
1.9650	6117
1.9700	6012
1.9750	5716
1.9800	5824
1.9850	5690
1.9900	5893
1.9950	6246
2.0000	6377
2.0050	6312
2.0100	6184
2.0150	5969
2.0200	5609
2.0250	5443
2.0300	6150
2.0350	5647
2.0400	6150
2.0450	5755
2.0500	6178
2.0550	6609
2.0600	5547
2.0650	5438
2.0700	6218
2.0750	6509
2.0800	6388
2.0850	5558
2.0900	5667
2.0950	5576
2.1000	5839
2.1050	6564
2.1100	6150
2.1150	5624
2.1200	6421
2.1250	5771
2.1300	6016
2.1350	6212
2.1400	6137
2.1450	6734
2.1500	6039
2.1550	5889
2.1600	5862
2.1650	6307
2.1700	6572
2.1750	5831
2.1800	5929
2.1850	6460
2.1900	6347
2.1950	6244
2.2000	6331
2.2050	5456
2.2100	5862
2.2150	5683
2.2200	6419
2.2250	6214
2.2300	5747
2.2350	5817
2.2400	6304
2.2450	6097
2.2500	6024
2.2550	6053
2.2600	6451
2.2650	5909
2.2700	5700
2.2750	6350
2.2800	5872
2.2850	5957
2.2900	6412
2.2950	5791
2.3000	5908
2.3050	5754
2.3100	5862
2.3150	6015
2.3200	6030
2.3250	6258
2.3300	6405
2.3350	5554
2.3400	5843
2.3450	6176
2.3500	6370
2.3550	6481
2.3600	6268
2.3650	6138
2.3700	5930
2.3750	6171
2.3800	5857
2.3850	6266
2.3900	5677
2.3950	6592
2.4000	6013
2.4050	6495
2.4100	5778
2.4150	6159
2.4200	6393
2.4250	6194
2.4300	5826
2.4350	6318
2.4400	5908
2.4450	6470
2.4500	6253
2.4550	6389
2.4600	6408
2.4650	5761
2.4700	5585
2.4750	5333
2.4800	5717
2.4850	5754
2.4900	6705
2.4950	5958
2.5000	6230
2.5050	6656
2.5100	6248
2.5150	5757
2.5200	6411
2.5250	6193
2.5300	6756
2.5350	6149
2.5400	5322
2.5450	5377
2.5500	6141
2.5550	5920
2.5600	6287
2.5650	6180
2.5700	6488
2.5750	6135
2.5800	6092
2.5850	5707
2.5900	5779
2.5950	5809
2.6000	6248
2.6050	5728
2.6100	6099
2.6150	6343
2.6200	5852
2.6250	5800
2.6300	5677
2.6350	6250
2.6400	6357
2.6450	6441
2.6500	6194
2.6550	6102
2.6600	5728
2.6650	6243
2.6700	5735
2.6750	6389
2.6800	6093
2.6850	5957
2.6900	5764
2.6950	6054
2.7000	5964
2.7050	5854
2.7100	6418
2.7150	6387
2.7200	6376
2.7250	5705
2.7300	6377
2.7350	5876
2.7400	5655
2.7450	6297
2.7500	6117
2.7550	5983
2.7600	6353
2.7650	6232
2.7700	5536
2.7750	6187
2.7800	6256
2.7850	6406
2.7900	6000
2.7950	6251
2.8000	5801
2.8050	5821
2.8100	5525
2.8150	6282
2.8200	6084
2.8250	5861
2.8300	5546
2.8350	5582
2.8400	6170
2.8450	5958
2.8500	5958
2.8550	5933
2.8600	5492
2.8650	5693
2.8700	6217
2.8750	5397
2.8800	6155
2.8850	5855
2.8900	6139
2.8950	5996
2.9000	5900
2.9050	5557
2.9100	5918
2.9150	5972
2.9200	6481
2.9250	5811
2.9300	6242
2.9350	6571
2.9400	5783
2.9450	6746
2.9500	6260
2.9550	6448
2.9600	6609
2.9650	6182
2.9700	6053
2.9750	6013
2.9800	6562
2.9850	5956
2.9900	5921
2.9950	6174
3.0000	6370
3.0050	5961
3.0100	5903
3.0150	6046
3.0200	6289
3.0250	6044
3.0300	6320
3.0350	5787
3.0400	6177
3.0450	6303
3.0500	5484
3.0550	5754
3.0600	6158
3.0650	6410
3.0700	6573
3.0750	5434
3.0800	5715
3.0850	6267
3.0900	5752
3.0950	5853
3.1000	6472
3.1050	5441
3.1100	5519
3.1150	5971
3.1200	6304
3.1250	6354
3.1300	5943
3.1350	6444
3.1400	6345
3.1450	6061
3.1500	6456
3.1550	6138
3.1600	6231
3.1650	5744
3.1700	5425
3.1750	6177
3.1800	5740
3.1850	6544
3.1900	6417
3.1950	5855
3.2000	5971
3.2050	6259
3.2100	6234
3.2150	5951
3.2200	5659
3.2250	6642
3.2300	5738
3.2350	6099
3.2400	6386
3.2450	5680
3.2500	6379
3.2550	5586
3.2600	5813
3.2650	5660
3.2700	5756
3.2750	6007
3.2800	5968
3.2850	6235
3.2900	5661
3.2950	5811
3.3000	6388
3.3050	6333
3.3100	5627
3.3150	6565
3.3200	6081
3.3250	6197
3.3300	5896
3.3350	5610
3.3400	6325
3.3450	5530
3.3500	6116
3.3550	6418
3.3600	5848
3.3650	6229
3.3700	5852
3.3750	5756
3.3800	5523
3.3850	5794
3.3900	5985
3.3950	5697
3.4000	5435
3.4050	5864
3.4100	6294
3.4150	6431
3.4200	6512
3.4250	5853
3.4300	5867
3.4350	5616
3.4400	5485
3.4450	6271
3.4500	6481
3.4550	6243
3.4600	6122
3.4650	5854
3.4700	5823
3.4750	5971
3.4800	6361
3.4850	5798
3.4900	6176
3.4950	6249
3.5000	6446
3.5050	6320
3.5100	5732
3.5150	6115
3.5200	6676
3.5250	6373
3.5300	6036
3.5350	6376
3.5400	5465
3.5450	6400
3.5500	5861
3.5550	6230
3.5600	5617
3.5650	6371
3.5700	6291
3.5750	6446
3.5800	6051
3.5850	6292
3.5900	6521
3.5950	5803
3.6000	5815
3.6050	6395
3.6100	6576
3.6150	5601
3.6200	6249
3.6250	6306
3.6300	5862
3.6350	5767
3.6400	5706
3.6450	5804
3.6500	5700
3.6550	6164
3.6600	5988
3.6650	6199
3.6700	6095
3.6750	5939
3.6800	6022
3.6850	5610
3.6900	5854
3.6950	5756
3.7000	5950
3.7050	6231
3.7100	6264
3.7150	5592
3.7200	5578
3.7250	6347
3.7300	5898
3.7350	5504
3.7400	6149
3.7450	6583
3.7500	5974
3.7550	6338
3.7600	5786
3.7650	6113
3.7700	5697
3.7750	6315
3.7800	6247
3.7850	5477
3.7900	5977
3.7950	6098
3.8000	6057
3.8050	5697
3.8100	5759
3.8150	5951
3.8200	5909
3.8250	5958
3.8300	6116
3.8350	5780
3.8400	5871
3.8450	6065
3.8500	5936
3.8550	6332
3.8600	6056
3.8650	6114
3.8700	5830
3.8750	6065
3.8800	6111
3.8850	5738
3.8900	6025
3.8950	5894
3.9000	6000
3.9050	5996
3.9100	6192
3.9150	6400
3.9200	5495
3.9250	6443
3.9300	6096
3.9350	5800
3.9400	6320
3.9450	6016
3.9500	6305
3.9550	6139
3.9600	6432
3.9650	5644
3.9700	6468
3.9750	6177
3.9800	6153
3.9850	5918
3.9900	5428
3.9950	6228
4.0000	6144
4.0050	5477
4.0100	5588
4.0150	6421
4.0200	6095
4.0250	5791
4.0300	5500
4.0350	5909
4.0400	5884
4.0450	6587
4.0500	6160
4.0550	5625
4.0600	6294
4.0650	5973
4.0700	6246
4.0750	5855
4.0800	6399
4.0850	5857
4.0900	6300
4.0950	6347
4.1000	6039
4.1050	6204
4.1100	6355
4.1150	6361
4.1200	5689
4.1250	6356
4.1300	6587
4.1350	6644
4.1400	6055
4.1450	5897
4.1500	6198
4.1550	5742
4.1600	5799
4.1650	6521
4.1700	6631
4.1750	6125
4.1800	6043
4.1850	5471
4.1900	5934
4.1950	6019
4.2000	6173
4.2050	5788
4.2100	6045
4.2150	5501
4.2200	5864
4.2250	6187
4.2300	6105
4.2350	6255
4.2400	6528
4.2450	5586
4.2500	5670
4.2550	5530
4.2600	6037
4.2650	6299
4.2700	5541
4.2750	5857
4.2800	6073
4.2850	6144
4.2900	5715
4.2950	6033
4.3000	6123
4.3050	6024
4.3100	5668
4.3150	5716
4.3200	6592
4.3250	5790
4.3300	5732
4.3350	6360
4.3400	6076
4.3450	6294
4.3500	5595
4.3550	5904
4.3600	5823
4.3650	5524
4.3700	6103
4.3750	5752
4.3800	6020
4.3850	6278
4.3900	5851
4.3950	6250
4.4000	5820
4.4050	6148
4.4100	5855
4.4150	6111
4.4200	5719
4.4250	6485
4.4300	6420
4.4350	5701
4.4400	6104
4.4450	6164
4.4500	5787
4.4550	6030
4.4600	5660
4.4650	5701
4.4700	5942
4.4750	6441
4.4800	5560
4.4850	5844
4.4900	6321
4.4950	6208
4.5000	6252
4.5050	5742
4.5100	6558
4.5150	5799
4.5200	6327
4.5250	6161
4.5300	5899
4.5350	6261
4.5400	6302
4.5450	6358
4.5500	6373
4.5550	5805
4.5600	5808
4.5650	5455
4.5700	6139
4.5750	6060
4.5800	6559
4.5850	6445
4.5900	5779
4.5950	5460
4.6000	6216
4.6050	5828
4.6100	6019
4.6150	6034
4.6200	5458
4.6250	5910
4.6300	5885
4.6350	5897
4.6400	6176
4.6450	5795
4.6500	6156
4.6550	5686
4.6600	5788
4.6650	5982
4.6700	6587
4.6750	6343
4.6800	6697
4.6850	5793
4.6900	6495
4.6950	6122
4.7000	6532
4.7050	6643
4.7100	6416
4.7150	6666
4.7200	6328
4.7250	5995
4.7300	6283
4.7350	5891
4.7400	6539
4.7450	5626
4.7500	5688
4.7550	6327
4.7600	5904
4.7650	6581
4.7700	5956
4.7750	5679
4.7800	5484
4.7850	5803
4.7900	5866
4.7950	6235
4.8000	6143
4.8050	6503
4.8100	5573
4.8150	6086
4.8200	6266
4.8250	5987
4.8300	5888
4.8350	6335
4.8400	5865
4.8450	5528
4.8500	5782
4.8550	6486
4.8600	6293
4.8650	6267
4.8700	5757
4.8750	5676
4.8800	6062
4.8850	5841
4.8900	6193
4.8950	6658
4.9000	5799
4.9050	5723
4.9100	5916
4.9150	5658
4.9200	5970
4.9250	5488
4.9300	6193
4.9350	6115
4.9400	6426
4.9450	6418
4.9500	5902
4.9550	5928
4.9600	5540
4.9650	5765
4.9700	6019
4.9750	5906
4.9800	5567
4.9850	6173
4.9900	6172
4.9950	5685
5.0000	6344
5.0050	6612
5.0100	6715
5.0150	5923
5.0200	5579
5.0250	6107
5.0300	6220
5.0350	6594
5.0400	6633
5.0450	6073
5.0500	6474
5.0550	6108
5.0600	6298
5.0650	6244
5.0700	6226
5.0750	6534
5.0800	5896
5.0850	6082
5.0900	5499
5.0950	6203
5.1000	6097
5.1050	5882
5.1100	6270
5.1150	6128
5.1200	6107
5.1250	6093
5.1300	5849
5.1350	5976
5.1400	5747
5.1450	6450
5.1500	6687
5.1550	5781
5.1600	6038
5.1650	5761
5.1700	5748
5.1750	5785
5.1800	6075
5.1850	6207
5.1900	6626
5.1950	5769
5.2000	5805
5.2050	5605
5.2100	6212
5.2150	5874
5.2200	5846
5.2250	6490
5.2300	6251
5.2350	6347
5.2400	5869
5.2450	6606
5.2500	5524
5.2550	5871
5.2600	6585
5.2650	6252
5.2700	5722
5.2750	5547
5.2800	6427
5.2850	5414
5.2900	5616
5.2950	6292
5.3000	6217
5.3050	6169
5.3100	5730
5.3150	6146
5.3200	5773
5.3250	6094
5.3300	6001
5.3350	6576
5.3400	6194
5.3450	6331
5.3500	6355
5.3550	5779
5.3600	6479
5.3650	5706
5.3700	5845
5.3750	6315
5.3800	5867
5.3850	6346
5.3900	5920
5.3950	6380
5.4000	6452
5.4050	6164
5.4100	5965
5.4150	6062
5.4200	6532
5.4250	6474
5.4300	6255
5.4350	6532
5.4400	6343
5.4450	6040
5.4500	6291
5.4550	6236
5.4600	6460
5.4650	5950
5.4700	6232
5.4750	5683
5.4800	6371
5.4850	6700
5.4900	6143
5.4950	6199
5.5000	6295
5.5050	6403
5.5100	5976
5.5150	6333
5.5200	6054
5.5250	6296
5.5300	5737
5.5350	6082
5.5400	6319
5.5450	6009
5.5500	5917
5.5550	5606
5.5600	5980
5.5650	5591
5.5700	6457
5.5750	6090
5.5800	6059
5.5850	5700
5.5900	5662
5.5950	6813
5.6000	6515
5.6050	6198
5.6100	5899
5.6150	5731
5.6200	5706
5.6250	5945
5.6300	6647
5.6350	5458
5.6400	6595
5.6450	5571
5.6500	5866
5.6550	6272
5.6600	6145
5.6650	6394
5.6700	6320
5.6750	6284
5.6800	6251
5.6850	6432
5.6900	6498
5.6950	6471
5.7000	5645
5.7050	6378
5.7100	5975
5.7150	6410
5.7200	6494
5.7250	5657
5.7300	5910
5.7350	6108
5.7400	5484
5.7450	5796
5.7500	5813
5.7550	6592
5.7600	5701
5.7650	6049
5.7700	6402
5.7750	6265
5.7800	6578
5.7850	5774
5.7900	5974
5.7950	6042
5.8000	6480
5.8050	6392
5.8100	5839
5.8150	5696
5.8200	6330
5.8250	5516
5.8300	5795
5.8350	6512
5.8400	6468
5.8450	6662
5.8500	5902
5.8550	5776
5.8600	5770
5.8650	5839
5.8700	6247
5.8750	6492
5.8800	5967
5.8850	5682
5.8900	6561
5.8950	6363
5.9000	6081
5.9050	5758
5.9100	6467
5.9150	5798
5.9200	6392
5.9250	6410
5.9300	6296
5.9350	5641
5.9400	5615
5.9450	5863
5.9500	5459
5.9550	6148
5.9600	6566
5.9650	6080
5.9700	5560
5.9750	5834
5.9800	6081
5.9850	5725
5.9900	5887
5.9950	6145
6.0000	5939
6.0050	6527
6.0100	6384
6.0150	6185
6.0200	5693
6.0250	5878
6.0300	5735
6.0350	5838
6.0400	6072
6.0450	6685
6.0500	6254
6.0550	5699
6.0600	5689
6.0650	6323
6.0700	6040
6.0750	5927
6.0800	5645
6.0850	6309
6.0900	6495
6.0950	5824
6.1000	5841
6.1050	5955
6.1100	5933
6.1150	6623
6.1200	5865
6.1250	5674
6.1300	5702
6.1350	6557
6.1400	6761
6.1450	6338
6.1500	6121
6.1550	6059
6.1600	6328
6.1650	5766
6.1700	7017
6.1750	6352
6.1800	6690
6.1850	6110
6.1900	5508
6.1950	5778
6.2000	6168
6.2050	6811
6.2100	5844
6.2150	6057
6.2200	6202
6.2250	6263
6.2300	5580
6.2350	6242
6.2400	5949
6.2450	5642
6.2500	6164
6.2550	6006
6.2600	5930
6.2650	5986
6.2700	5933
6.2750	6250
6.2800	6267
6.2850	6072
6.2900	5695
6.2950	6513
6.3000	5847
6.3050	6306
6.3100	6308
6.3150	6352
6.3200	6684
6.3250	5857
6.3300	6284
6.3350	6337
6.3400	5794
6.3450	6619
6.3500	6467
6.3550	6310
6.3600	5961
6.3650	5810
6.3700	6187
6.3750	6475
6.3800	5747
6.3850	6464
6.3900	6516
6.3950	5787
6.4000	5569
6.4050	6589
6.4100	6274
6.4150	6300
6.4200	5593
6.4250	5771
6.4300	6188
6.4350	6410
6.4400	5809
6.4450	6262
6.4500	6445
6.4550	6502
6.4600	5574
6.4650	5615
6.4700	6289
6.4750	6593
6.4800	5750
6.4850	6456
6.4900	5708
6.4950	5919
6.5000	6184
6.5050	6122
6.5100	6038
6.5150	6560
6.5200	6097
6.5250	6519
6.5300	6393
6.5350	5615
6.5400	5508
6.5450	6004
6.5500	6546
6.5550	6499
6.5600	5700
6.5650	6080
6.5700	5818
6.5750	5830
6.5800	5828
6.5850	6035
6.5900	6129
6.5950	5788
6.6000	5594
6.6050	5580
6.6100	5728
6.6150	6123
6.6200	5842
6.6250	5875
6.6300	6735
6.6350	6457
6.6400	5667
6.6450	5681
6.6500	6277
6.6550	6714
6.6600	6099
6.6650	6094
6.6700	6371
6.6750	5675
6.6800	6265
6.6850	5671
6.6900	6312
6.6950	5949
6.7000	6477
6.7050	6349
6.7100	6031
6.7150	5364
6.7200	6330
6.7250	6117
6.7300	6361
6.7350	6468
6.7400	6392
6.7450	5898
6.7500	5698
6.7550	5970
6.7600	6324
6.7650	6551
6.7700	5896
6.7750	6390
6.7800	5628
6.7850	5999
6.7900	5888
6.7950	6023
6.8000	5932
6.8050	5583
6.8100	6314
6.8150	6208
6.8200	6453
6.8250	6094
6.8300	5658
6.8350	6029
6.8400	6163
6.8450	6151
6.8500	6316
6.8550	6533
6.8600	6254
6.8650	5762
6.8700	6238
6.8750	6005
6.8800	6137
6.8850	6119
6.8900	6808
6.8950	5580
6.9000	5764
6.9050	5874
6.9100	5746
6.9150	5796
6.9200	6189
6.9250	6447
6.9300	5717
6.9350	5702
6.9400	5604
6.9450	6264
6.9500	5887
6.9550	5820
6.9600	6289
6.9650	6372
6.9700	6093
6.9750	5750
6.9800	5886
6.9850	6002
6.9900	5789
6.9950	5772
7.0000	6531
7.0050	6620
7.0100	5859
7.0150	6187
7.0200	5893
7.0250	6394
7.0300	6306
7.0350	6192
7.0400	6520
7.0450	5964
7.0500	6157
7.0550	6000
7.0600	6216
7.0650	6635
7.0700	6545
7.0750	5964
7.0800	6300
7.0850	5698
7.0900	5961
7.0950	6054
7.1000	5572
7.1050	6430
7.1100	5976
7.1150	6304
7.1200	5770
7.1250	5544
7.1300	5938
7.1350	5792
7.1400	6054
7.1450	5763
7.1500	6342
7.1550	6020
7.1600	6017
7.1650	5574
7.1700	5762
7.1750	6030
7.1800	5925
7.1850	5939
7.1900	5718
7.1950	6617
7.2000	5553
7.2050	6068
7.2100	5901
7.2150	5612
7.2200	5860
7.2250	5637
7.2300	5824
7.2350	5891
7.2400	5782
7.2450	5695
7.2500	6026
7.2550	5606
7.2600	5861
7.2650	5979
7.2700	6565
7.2750	5871
7.2800	6139
7.2850	6006
7.2900	5890
7.2950	6019
7.3000	6016
7.3050	6323
7.3100	6051
7.3150	6213
7.3200	5896
7.3250	5776
7.3300	6265
7.3350	6349
7.3400	6422
7.3450	6187
7.3500	6539
7.3550	6185
7.3600	6537
7.3650	5660
7.3700	5962
7.3750	6616
7.3800	6309
7.3850	6433
7.3900	5624
7.3950	6323
7.4000	5674
7.4050	5974
7.4100	6296
7.4150	6283
7.4200	6650
7.4250	5805
7.4300	6451
7.4350	5703
7.4400	5881
7.4450	6300
7.4500	6586
7.4550	6526
7.4600	6083
7.4650	6320
7.4700	5682
7.4750	5632
7.4800	6179
7.4850	6525
7.4900	6109
7.4950	6008
7.5000	6169
7.5050	5627
7.5100	5757
7.5150	6364
7.5200	6027
7.5250	5729
7.5300	6199
7.5350	6422
7.5400	5688
7.5450	5876
7.5500	5507
7.5550	5719
7.5600	5699
7.5650	6401
7.5700	6343
7.5750	5667
7.5800	6009
7.5850	5454
7.5900	5461
7.5950	5588
7.6000	6486
7.6050	6481
7.6100	6386
7.6150	5620
7.6200	5477
7.6250	5862
7.6300	5902
7.6350	5844
7.6400	5982
7.6450	6316
7.6500	6518
7.6550	5948
7.6600	5917
7.6650	5649
7.6700	5865
7.6750	5621
7.6800	5827
7.6850	6260
7.6900	6393
7.6950	6506
7.7000	6082
7.7050	5460
7.7100	6238
7.7150	6623
7.7200	5937
7.7250	6569
7.7300	5803
7.7350	6506
7.7400	5890
7.7450	6116
7.7500	6158
7.7550	5834
7.7600	6295
7.7650	6298
7.7700	6366
7.7750	5617
7.7800	5612
7.7850	6248
7.7900	5808
7.7950	5644
7.8000	6504
7.8050	6317
7.8100	5999
7.8150	6151
7.8200	6098
7.8250	6388
7.8300	5848
7.8350	6323
7.8400	6738
7.8450	6192
7.8500	6045
7.8550	5767
7.8600	6131
7.8650	6090
7.8700	6240
7.8750	5886
7.8800	6350
7.8850	5510
7.8900	5793
7.8950	6339
7.9000	6064
7.9050	6423
7.9100	6233
7.9150	5774
7.9200	5848
7.9250	5980
7.9300	6639
7.9350	5509
7.9400	6413
7.9450	6312
7.9500	5605
7.9550	6450
7.9600	5696
7.9650	6667
7.9700	5542
7.9750	5832
7.9800	5461
7.9850	5996
7.9900	6652
7.9950	6426
8.0000	6070
8.0050	6130
8.0100	6247
8.0150	5852
8.0200	5647
8.0250	6031
8.0300	6355
8.0350	5734
8.0400	5397
8.0450	6167
8.0500	6180
8.0550	5878
8.0600	5992
8.0650	5968
8.0700	6020
8.0750	6192
8.0800	6103
8.0850	6027
8.0900	6192
8.0950	6526
8.1000	6421
8.1050	5951
8.1100	6691
8.1150	6315
8.1200	6562
8.1250	6205
8.1300	5725
8.1350	6257
8.1400	5617
8.1450	6592
8.1500	6107
8.1550	6266
8.1600	5927
8.1650	5955
8.1700	6691
8.1750	6584
8.1800	5439
8.1850	6200
8.1900	6324
8.1950	6492
8.2000	5649
8.2050	5625
8.2100	6443
8.2150	6199
8.2200	6217
8.2250	6356
8.2300	6574
8.2350	6684
8.2400	5529
8.2450	6413
8.2500	5860
8.2550	6474
8.2600	6661
8.2650	6084
8.2700	6405
8.2750	6507
8.2800	6486
8.2850	6396
8.2900	5886
8.2950	5994
8.3000	5826
8.3050	6347
8.3100	6268
8.3150	6296
8.3200	5535
8.3250	6188
8.3300	5767
8.3350	5912
8.3400	6164
8.3450	5967
8.3500	6686
8.3550	5761
8.3600	5440
8.3650	6188
8.3700	5948
8.3750	6424
8.3800	6512
8.3850	6060
8.3900	5880
8.3950	5544
8.4000	5709
8.4050	6132
8.4100	6396
8.4150	6545
8.4200	6116
8.4250	5608
8.4300	5503
8.4350	5909
8.4400	5877
8.4450	6581
8.4500	6038
8.4550	6376
8.4600	6072
8.4650	6209
8.4700	6242
8.4750	5502
8.4800	6376
8.4850	5730
8.4900	5629
8.4950	6608
8.5000	6214
8.5050	6590
8.5100	5679
8.5150	6107
8.5200	5586
8.5250	5831
8.5300	6388
8.5350	6018
8.5400	6240
8.5450	6370
8.5500	5657
8.5550	5962
8.5600	6458
8.5650	5848
8.5700	5947
8.5750	6234
8.5800	6276
8.5850	5956
8.5900	6486
8.5950	6666
8.6000	6370
8.6050	5693
8.6100	5629
8.6150	6141
8.6200	5777
8.6250	6467
8.6300	6313
8.6350	5854
8.6400	6234
8.6450	5920
8.6500	6365
8.6550	5750
8.6600	6214
8.6650	6380
8.6700	5707
8.6750	6409
8.6800	6335
8.6850	6667
8.6900	5851
8.6950	6183
8.7000	6243
8.7050	6025
8.7100	6507
8.7150	6437
8.7200	6193
8.7250	5690
8.7300	6570
8.7350	6497
8.7400	5676
8.7450	5701
8.7500	6525
8.7550	6241
8.7600	5749
8.7650	6460
8.7700	6516
8.7750	6233
8.7800	5529
8.7850	6190
8.7900	6286
8.7950	5992
8.8000	6631
8.8050	6121
8.8100	6221
8.8150	5822
8.8200	6482
8.8250	6082
8.8300	6312
8.8350	6217
8.8400	5694
8.8450	6186
8.8500	6426
8.8550	6396
8.8600	6395
8.8650	6158
8.8700	6320
8.8750	5416
8.8800	5705
8.8850	6412
8.8900	6731
8.8950	6296
8.9000	6339
8.9050	6196
8.9100	5843
8.9150	5713
8.9200	6456
8.9250	6147
8.9300	6334
8.9350	6398
8.9400	5610
8.9450	5842
8.9500	5675
8.9550	6449
8.9600	5999
8.9650	6286
8.9700	6429
8.9750	6600
8.9800	5768
8.9850	6205
8.9900	6348
8.9950	6301
9.0000	6590
9.0050	6001
9.0100	5935
9.0150	5752
9.0200	5926
9.0250	5725
9.0300	6375
9.0350	6619
9.0400	5956
9.0450	5888
9.0500	6123
9.0550	6411
9.0600	5931
9.0650	6033
9.0700	6657
9.0750	5815
9.0800	5496
9.0850	6288
9.0900	6688
9.0950	6555
9.1000	6438
9.1050	5621
9.1100	6237
9.1150	5764
9.1200	6126
9.1250	6386
9.1300	5766
9.1350	6134
9.1400	6307
9.1450	6334
9.1500	5787
9.1550	6048
9.1600	5851
9.1650	6154
9.1700	6376
9.1750	6043
9.1800	6577
9.1850	6269
9.1900	6177
9.1950	5728
9.2000	5630
9.2050	6333
9.2100	5891
9.2150	6417
9.2200	5945
9.2250	6177
9.2300	6375
9.2350	5682
9.2400	6177
9.2450	5616
9.2500	6738
9.2550	6410
9.2600	6158
9.2650	5957
9.2700	6547
9.2750	6541
9.2800	5897
9.2850	6212
9.2900	6518
9.2950	5864
9.3000	5664
9.3050	6379
9.3100	6390
9.3150	6036
9.3200	6348
9.3250	6280
9.3300	5730
9.3350	5844
9.3400	6600
9.3450	6397
9.3500	5777
9.3550	6303
9.3600	6054
9.3650	6387
9.3700	5848
9.3750	5885
9.3800	6415
9.3850	6298
9.3900	6635
9.3950	6137
9.4000	6348
9.4050	6418
9.4100	6389
9.4150	6462
9.4200	5803
9.4250	6268
9.4300	5927
9.4350	6413
9.4400	6169
9.4450	6288
9.4500	6299
9.4550	6479
9.4600	6442
9.4650	5571
9.4700	6211
9.4750	6318
9.4800	6545
9.4850	6063
9.4900	6076
9.4950	6174
9.5000	5807
9.5050	6137
9.5100	6477
9.5150	6168
9.5200	6112
9.5250	6243
9.5300	6148
9.5350	5824
9.5400	6308
9.5450	6602
9.5500	6131
9.5550	6139
9.5600	6412
9.5650	6540
9.5700	6309
9.5750	6652
9.5800	5793
9.5850	6317
9.5900	5983
9.5950	6156
9.6000	6080
9.6050	6631
9.6100	6034
9.6150	6210
9.6200	5799
9.6250	6213
9.6300	6555
9.6350	5943
9.6400	6340
9.6450	5982
9.6500	5907
9.6550	6533
9.6600	6212
9.6650	6648
9.6700	5872
9.6750	6301
9.6800	6354
9.6850	6066
9.6900	6123
9.6950	6138
9.7000	6649
9.7050	5688
9.7100	6358
9.7150	6089
9.7200	5714
9.7250	6454
9.7300	6156
9.7350	6325
9.7400	6331
9.7450	6367
9.7500	6708
9.7550	5841
9.7600	5891
9.7650	6335
9.7700	6232
9.7750	6353
9.7800	6214
9.7850	6479
9.7900	6130
9.7950	6421
9.8000	6032
9.8050	6149
9.8100	6268
9.8150	5876
9.8200	5797
9.8250	5554
9.8300	6394
9.8350	5933
9.8400	6416
9.8450	6560
9.8500	5672
9.8550	6066
9.8600	6205
9.8650	5801
9.8700	6324
9.8750	6261
9.8800	6550
9.8850	5694
9.8900	6091
9.8950	6212
9.9000	6039
9.9050	5949
9.9100	6340
9.9150	5931
9.9200	5902
9.9250	6286
9.9300	6548
9.9350	6319
9.9400	5583
9.9450	6405
9.9500	5687
9.9550	6236
9.9600	6473
9.9650	6306
9.9700	6600
9.9750	6190
9.9800	5418
9.9850	6319
9.9900	6287
9.9950	6725
10.0000	6465
10.0050	5613
10.0100	6068
10.0150	6021
10.0200	6643
10.0250	6611
10.0300	6367
10.0350	6465
10.0400	5604
10.0450	6364
10.0500	5982
10.0550	6388
10.0600	6783
10.0650	5854
10.0700	6199
10.0750	5634
10.0800	6321
10.0850	6511
10.0900	6392
10.0950	6258
10.1000	5782
10.1050	6622
10.1100	5935
10.1150	5683
10.1200	5676
10.1250	6280
10.1300	6467
10.1350	5890
10.1400	6366
10.1450	6465
10.1500	6542
10.1550	6374
10.1600	6325
10.1650	6294
10.1700	6550
10.1750	5785
10.1800	6262
10.1850	6165
10.1900	6115
10.1950	6369
10.2000	6104
10.2050	6450
10.2100	5595
10.2150	6215
10.2200	6376
10.2250	6562
10.2300	6625
10.2350	5825
10.2400	6814
10.2450	5627
10.2500	6147
10.2550	5803
10.2600	6398
10.2650	6641
10.2700	6608
10.2750	6373
10.2800	6287
10.2850	6032
10.2900	6493
10.2950	5826
10.3000	6201
10.3050	5822
10.3100	6651
10.3150	6380
10.3200	6208
10.3250	6128
10.3300	6237
10.3350	6237
10.3400	6298
10.3450	5737
10.3500	6597
10.3550	6411
10.3600	6136
10.3650	5491
10.3700	6154
10.3750	6356
10.3800	6268
10.3850	6326
10.3900	5604
10.3950	6324
10.4000	6467
10.4050	6344
10.4100	6613
10.4150	6300
10.4200	6447
10.4250	5504
10.4300	5718
10.4350	6334
10.4400	6397
10.4450	6250
10.4500	5827
10.4550	6180
10.4600	5556
10.4650	6087
10.4700	6563
10.4750	6435
10.4800	6273
10.4850	6366
10.4900	6539
10.4950	6136
10.5000	6019
10.5050	6348
10.5100	6711
10.5150	6315
10.5200	6429
10.5250	6143
10.5300	6064
10.5350	6380
10.5400	6364
10.5450	6226
10.5500	6217
10.5550	6272
10.5600	5947
10.5650	6039
10.5700	5708
10.5750	6451
10.5800	6342
10.5850	6448
10.5900	6649
10.5950	5455
10.6000	6651
10.6050	5732
10.6100	6058
10.6150	6173
10.6200	6346
10.6250	6211
10.6300	5633
10.6350	6311
10.6400	5567
10.6450	6403
10.6500	6739
10.6550	6583
10.6600	6241
10.6650	5746
10.6700	6162
10.6750	5978
10.6800	5962
10.6850	5843
10.6900	6649
10.6950	6053
10.7000	5830
10.7050	5778
10.7100	6215
10.7150	5909
10.7200	5845
10.7250	5507
10.7300	6143
10.7350	5784
10.7400	5835
10.7450	6327
10.7500	5557
10.7550	6012
10.7600	5726
10.7650	5780
10.7700	6570
10.7750	5528
10.7800	6097
10.7850	6537
10.7900	6293
10.7950	5500
10.8000	6183
10.8050	6035
10.8100	5680
10.8150	6071
10.8200	6319
10.8250	6632
10.8300	6203
10.8350	6693
10.8400	5733
10.8450	6224
10.8500	6193
10.8550	5836
10.8600	6487
10.8650	5819
10.8700	5965
10.8750	5674
10.8800	6481
10.8850	6396
10.8900	6252
10.8950	5993
10.9000	5859
10.9050	5583
10.9100	6393
10.9150	6715
10.9200	6682
10.9250	6481
10.9300	5661
10.9350	6471
10.9400	5821
10.9450	6257
10.9500	6508
10.9550	6399
10.9600	6598
10.9650	6332
10.9700	6239
10.9750	6571
10.9800	5544
10.9850	6777
10.9900	6514
10.9950	5736
11.0000	6270
11.0050	6548
11.0100	6051
11.0150	5903
11.0200	6228
11.0250	6149
11.0300	6335
11.0350	6017
11.0400	6461
11.0450	5374
11.0500	6487
11.0550	6229
11.0600	6170
11.0650	6470
11.0700	6394
11.0750	6568
11.0800	5938
11.0850	6402
11.0900	6345
11.0950	6050
11.1000	5759
11.1050	6331
11.1100	6363
11.1150	6081
11.1200	6513
11.1250	6476
11.1300	5829
11.1350	5788
11.1400	6487
11.1450	6301
11.1500	6458
11.1550	5811
11.1600	5754
11.1650	5909
11.1700	5968
11.1750	6202
11.1800	5807
11.1850	6242
11.1900	6110
11.1950	6123
11.2000	5810
11.2050	6121
11.2100	5939
11.2150	6406
11.2200	6073
11.2250	5876
11.2300	6006
11.2350	5768
11.2400	6188
11.2450	6455
11.2500	5662
11.2550	5862
11.2600	5990
11.2650	5651
11.2700	6497
11.2750	5664
11.2800	6082
11.2850	6533
11.2900	5730
11.2950	5598
11.3000	5826
11.3050	6375
11.3100	6358
11.3150	5505
11.3200	6410
11.3250	6341
11.3300	5809
11.3350	6334
11.3400	5972
11.3450	6653
11.3500	5929
11.3550	6350
11.3600	5863
11.3650	5944
11.3700	6734
11.3750	6338
11.3800	6289
11.3850	5698
11.3900	6643
11.3950	6562
11.4000	5838
11.4050	6049
11.4100	5745
11.4150	6048
11.4200	6219
11.4250	6570
11.4300	5783
11.4350	5983
11.4400	5856
11.4450	6052
11.4500	6416
11.4550	6188
11.4600	6677
11.4650	6289
11.4700	6082
11.4750	6055
11.4800	6447
11.4850	6666
11.4900	6210
11.4950	6242
11.5000	5990
11.5050	5567
11.5100	5703
11.5150	6344
11.5200	6167
11.5250	5818
11.5300	6160
11.5350	5604
11.5400	5666
11.5450	5713
11.5500	6728
11.5550	6256
11.5600	5979
11.5650	6293
11.5700	6377
11.5750	5749
11.5800	6047
11.5850	6347
11.5900	6123
11.5950	6347
11.6000	6282
11.6050	6336
11.6100	5529
11.6150	6093
11.6200	6038
11.6250	5827
11.6300	6202
11.6350	6550
11.6400	6670
11.6450	5473
11.6500	6430
11.6550	6194
11.6600	5779
11.6650	6191
11.6700	6481
11.6750	6274
11.6800	6452
11.6850	6440
11.6900	6516
11.6950	6304
11.7000	5514
11.7050	6482
11.7100	6282
11.7150	6448
11.7200	6230
11.7250	6278
11.7300	6000
11.7350	5996
11.7400	6282
11.7450	5621
11.7500	6124
11.7550	6675
11.7600	5656
11.7650	5918
11.7700	6258
11.7750	6262
11.7800	5818
11.7850	5744
11.7900	6193
11.7950	5961
11.8000	6223
11.8050	6202
11.8100	5902
11.8150	5839
11.8200	5781
11.8250	5899
11.8300	5968
11.8350	6490
11.8400	6281
11.8450	6746
11.8500	5674
11.8550	5560
11.8600	5572
11.8650	6434
11.8700	6555
11.8750	6207
11.8800	5868
11.8850	6046
11.8900	5638
11.8950	5782
11.9000	6594
11.9050	6458
11.9100	6054
11.9150	6229
11.9200	6261
11.9250	5793
11.9300	6555
11.9350	6738
11.9400	6299
11.9450	5821
11.9500	6123
11.9550	6579
11.9600	5634
11.9650	5678
11.9700	6085
11.9750	6700
11.9800	5628
11.9850	5466
11.9900	6569
11.9950	6287
12.0000	5768
12.0050	6072
12.0100	5942
12.0150	5499
12.0200	6043
12.0250	6455
12.0300	5879
12.0350	5581
12.0400	6206
12.0450	5861
12.0500	6625
12.0550	5962
12.0600	5912
12.0650	6193
12.0700	5656
12.0750	6582
12.0800	6354
12.0850	6209
12.0900	6439
12.0950	6225
12.1000	6003
12.1050	5772
12.1100	6219
12.1150	6674
12.1200	6462
12.1250	5651
12.1300	6124
12.1350	6066
12.1400	5786
12.1450	6012
12.1500	6066
12.1550	6490
12.1600	5994
12.1650	6450
12.1700	6647
12.1750	6075
12.1800	6145
12.1850	6493
12.1900	5615
12.1950	5653
12.2000	6354
12.2050	6560
12.2100	6061
12.2150	5611
12.2200	6105
12.2250	5746
12.2300	5942
12.2350	6356
12.2400	6052
12.2450	5711
12.2500	6487
12.2550	5681
12.2600	5678
12.2650	5507
12.2700	6403
12.2750	6275
12.2800	5534
12.2850	6169
12.2900	6054
12.2950	5719
12.3000	5720
12.3050	5909
12.3100	6408
12.3150	5845
12.3200	6556
12.3250	6458
12.3300	5736
12.3350	5654
12.3400	5938
12.3450	5922
12.3500	6214
12.3550	6036
12.3600	6698
12.3650	5476
12.3700	5619
12.3750	5759
12.3800	5753
12.3850	6335
12.3900	6427
12.3950	6042
12.4000	5707
12.4050	5807
12.4100	6049
12.4150	6417
12.4200	5427
12.4250	6446
12.4300	6593
12.4350	5767
12.4400	5839
12.4450	6221
12.4500	6036
12.4550	5734
12.4600	5931
12.4650	6284
12.4700	6619
12.4750	5865
12.4800	5849
12.4850	5890
12.4900	6084
12.4950	5919
12.5000	6589
12.5050	6655
12.5100	5713
12.5150	5648
12.5200	5924
12.5250	6357
12.5300	5736
12.5350	6330
12.5400	6633
12.5450	5738
12.5500	5504
12.5550	5749
12.5600	5684
12.5650	6088
12.5700	6153
12.5750	6355
12.5800	5690
12.5850	5956
12.5900	6309
12.5950	5873
12.6000	6062
12.6050	5931
12.6100	6126
12.6150	5711
12.6200	5912
12.6250	5648
12.6300	5867
12.6350	6098
12.6400	5701
12.6450	6349
12.6500	6397
12.6550	6155
12.6600	5490
12.6650	5531
12.6700	6335
12.6750	5715
12.6800	5962
12.6850	6241
12.6900	6380
12.6950	6677
12.7000	5683
12.7050	5770
12.7100	6332
12.7150	6271
12.7200	6262
12.7250	5984
12.7300	5857
12.7350	6303
12.7400	6605
12.7450	6678
12.7500	5458
12.7550	6357
12.7600	6143
12.7650	6673
12.7700	6144
12.7750	5991
12.7800	6306
12.7850	5779
12.7900	5722
12.7950	6666
12.8000	6690
12.8050	5961
12.8100	6421
12.8150	5665
12.8200	5591
12.8250	5507
12.8300	6395
12.8350	6639
12.8400	5730
12.8450	5431
12.8500	5791
12.8550	5854
12.8600	6075
12.8650	6622
12.8700	6523
12.8750	6632
12.8800	6426
12.8850	5911
12.8900	5873
12.8950	6236
12.9000	5741
12.9050	6087
12.9100	6444
12.9150	6288
12.9200	5620
12.9250	6053
12.9300	5637
12.9350	6118
12.9400	6100
12.9450	6497
12.9500	6739
12.9550	6138
12.9600	5939
12.9650	6110
12.9700	5713
12.9750	6578
12.9800	6023
12.9850	6118
12.9900	5897
12.9950	6378
13.0000	6307
13.0050	5712
13.0100	6527
13.0150	6398
13.0200	6126
13.0250	5993
13.0300	5814
13.0350	6681
13.0400	6761
13.0450	5773
13.0500	6444
13.0550	6331
13.0600	6439
13.0650	5933
13.0700	6488
13.0750	6253
13.0800	6007
13.0850	6481
13.0900	6339
13.0950	6445
13.1000	6469
13.1050	5972
13.1100	6119
13.1150	5764
13.1200	5901
13.1250	6235
13.1300	6606
13.1350	6612
13.1400	5721
13.1450	5677
13.1500	5769
13.1550	6546
13.1600	6208
13.1650	5996
13.1700	5965
13.1750	6316
13.1800	5737
13.1850	5733
13.1900	6154
13.1950	6080
13.2000	5676
13.2050	5531
13.2100	6492
13.2150	5724
13.2200	5919
13.2250	6177
13.2300	6337
13.2350	5951
13.2400	5730
13.2450	5855
13.2500	5857
13.2550	5814
13.2600	6327
13.2650	6079
13.2700	5774
13.2750	6040
13.2800	6109
13.2850	6200
13.2900	5977
13.2950	6042
13.3000	5912
13.3050	6045
13.3100	6597
13.3150	5688
13.3200	6026
13.3250	6247
13.3300	6688
13.3350	6188
13.3400	6392
13.3450	5887
13.3500	6436
13.3550	6170
13.3600	5816
13.3650	5838
13.3700	6185
13.3750	6699
13.3800	5901
13.3850	6303
13.3900	5892
13.3950	6629
13.4000	5780
13.4050	6469
13.4100	5877
13.4150	6198
13.4200	6620
13.4250	6060
13.4300	6630
13.4350	5501
13.4400	6664
13.4450	5950
13.4500	6271
13.4550	6572
13.4600	5509
13.4650	6460
13.4700	5985
13.4750	6454
13.4800	6497
13.4850	6009
13.4900	6909
13.4950	5906
13.5000	6109
13.5050	5628
13.5100	6438
13.5150	6667
13.5200	6480
13.5250	6390
13.5300	5867
13.5350	6376
13.5400	5686
13.5450	6533
13.5500	6552
13.5550	6841
13.5600	6453
13.5650	5624
13.5700	6334
13.5750	6493
13.5800	6540
13.5850	5674
13.5900	6494
13.5950	6324
13.6000	6264
13.6050	6264
13.6100	6412
13.6150	5572
13.6200	6486
13.6250	5697
13.6300	6289
13.6350	6393
13.6400	5844
13.6450	6082
13.6500	6321
13.6550	5740
13.6600	5562
13.6650	5662
13.6700	6567
13.6750	5878
13.6800	6332
13.6850	6273
13.6900	6462
13.6950	6493
13.7000	5688
13.7050	5515
13.7100	6046
13.7150	6152
13.7200	6226
13.7250	6296
13.7300	5750
13.7350	6447
13.7400	5816
13.7450	6004
13.7500	5966
13.7550	6356
13.7600	6384
13.7650	5662
13.7700	5662
13.7750	6096
13.7800	6520
13.7850	6047
13.7900	5799
13.7950	5891
13.8000	5969
13.8050	5823
13.8100	6470
13.8150	6281
13.8200	5709
13.8250	5807
13.8300	5750
13.8350	5643
13.8400	5809
13.8450	6629
13.8500	6269
13.8550	5743
13.8600	5523
13.8650	5474
13.8700	5837
13.8750	6670
13.8800	6616
13.8850	6251
13.8900	6525
13.8950	6093
13.9000	5948
13.9050	5975
13.9100	6343
13.9150	6077
13.9200	5616
13.9250	6383
13.9300	5991
13.9350	6242
13.9400	5800
13.9450	5764
13.9500	5719
13.9550	6490
13.9600	6737
13.9650	6449
13.9700	6126
13.9750	5892
13.9800	5926
13.9850	6119
13.9900	6526
13.9950	5740
14.0000	6047
14.0050	6022
14.0100	5536
14.0150	6154
14.0200	5783
14.0250	6485
14.0300	5808
14.0350	5602
14.0400	6387
14.0450	6131
14.0500	6343
14.0550	5914
14.0600	5804
14.0650	6055
14.0700	6005
14.0750	6671
14.0800	6466
14.0850	5838
14.0900	5681
14.0950	5880
14.1000	5569
14.1050	5857
14.1100	6459
14.1150	6596
14.1200	6604
14.1250	6168
14.1300	5539
14.1350	6364
14.1400	6088
14.1450	6386
14.1500	6536
14.1550	6258
14.1600	5828
14.1650	5855
14.1700	6456
14.1750	6270
14.1800	6114
14.1850	6408
14.1900	5852
14.1950	6036
14.2000	5700
14.2050	6099
14.2100	6799
14.2150	5881
14.2200	6299
14.2250	6303
14.2300	6096
14.2350	6589
14.2400	6043
14.2450	6212
14.2500	5628
14.2550	6179
14.2600	6340
14.2650	5932
14.2700	6337
14.2750	6447
14.2800	6343
14.2850	5711
14.2900	5824
14.2950	6398
14.3000	6043
14.3050	6297
14.3100	6287
14.3150	6415
14.3200	6369
14.3250	5978
14.3300	6466
14.3350	6163
14.3400	5889
14.3450	5771
14.3500	6692
14.3550	6515
14.3600	6021
14.3650	5765
14.3700	6355
14.3750	5816
14.3800	6486
14.3850	6171
14.3900	6181
14.3950	5607
14.4000	5561
14.4050	6245
14.4100	5652
14.4150	5837
14.4200	6481
14.4250	5913
14.4300	6269
14.4350	6088
14.4400	5946
14.4450	5895
14.4500	5517
14.4550	5931
14.4600	6223
14.4650	6030
14.4700	5713
14.4750	5723
14.4800	5843
14.4850	5762
14.4900	5783
14.4950	6348
14.5000	6490
14.5050	5984
14.5100	5735
14.5150	5482
14.5200	5703
14.5250	5836
14.5300	6695
14.5350	6478
14.5400	5579
14.5450	5799
14.5500	6183
14.5550	5761
14.5600	5910
14.5650	5522
14.5700	6555
14.5750	5711
14.5800	5982
14.5850	5519
14.5900	5804
14.5950	5778
14.6000	5690
14.6050	5673
14.6100	5745
14.6150	5909
14.6200	5802
14.6250	5953
14.6300	5663
14.6350	6123
14.6400	6360
14.6450	5489
14.6500	5744
14.6550	6179
14.6600	5933
14.6650	6315
14.6700	6315
14.6750	6043
14.6800	6100
14.6850	5878
14.6900	6117
14.6950	5662
14.7000	6045
14.7050	5892
14.7100	6582
14.7150	6524
14.7200	5988
14.7250	6365
14.7300	5703
14.7350	5882
14.7400	6305
14.7450	5779
14.7500	6749
14.7550	6143
14.7600	5947
14.7650	6529
14.7700	5859
14.7750	6809
14.7800	5874
14.7850	5417
14.7900	6038
14.7950	6080
14.8000	6320
14.8050	6349
14.8100	6523
14.8150	6005
14.8200	5754
14.8250	5542
14.8300	6686
14.8350	5732
14.8400	6426
14.8450	5757
14.8500	5805
14.8550	6027
14.8600	5903
14.8650	5939
14.8700	6478
14.8750	6193
14.8800	5893
14.8850	5924
14.8900	6097
14.8950	6562
14.9000	5627
14.9050	6489
14.9100	6529
14.9150	5973
14.9200	5790
14.9250	5510
14.9300	6660
14.9350	6314
14.9400	6002
14.9450	5954
14.9500	5744
14.9550	5975
14.9600	5603
14.9650	6187
14.9700	6464
14.9750	6102
14.9800	6601
14.9850	6040
14.9900	5953
14.9950	5738
15.0000	5844
15.0050	6594
15.0100	5834
15.0150	6282
15.0200	5994
15.0250	6313
15.0300	6006
15.0350	5660
15.0400	6115
15.0450	5846
15.0500	6539
15.0550	5609
15.0600	5927
15.0650	6630
15.0700	5893
15.0750	5713
15.0800	5324
15.0850	6337
15.0900	5893
15.0950	6446
15.1000	5900
15.1050	5908
15.1100	5833
15.1150	5648
15.1200	5949
15.1250	6024
15.1300	6556
15.1350	6106
15.1400	5600
15.1450	5662
15.1500	5760
15.1550	6406
15.1600	6024
15.1650	6403
15.1700	6472
15.1750	5656
15.1800	6550
15.1850	5742
15.1900	6343
15.1950	6046
15.2000	6539
15.2050	5893
15.2100	5656
15.2150	5691
15.2200	6269
15.2250	6026
15.2300	5720
15.2350	5617
15.2400	6105
15.2450	5766
15.2500	5871
15.2550	5692
15.2600	5588
15.2650	6211
15.2700	6014
15.2750	6160
15.2800	5841
15.2850	5681
15.2900	5992
15.2950	5555
15.3000	6024
15.3050	5673
15.3100	5810
15.3150	5834
15.3200	6168
15.3250	5538
15.3300	5578
15.3350	5833
15.3400	5878
15.3450	5783
15.3500	5557
15.3550	6476
15.3600	5948
15.3650	5724
15.3700	5893
15.3750	5376
15.3800	6650
15.3850	5751
15.3900	6185
15.3950	6222
15.4000	5530
15.4050	5630
15.4100	5544
15.4150	6481
15.4200	6365
15.4250	5882
15.4300	6422
15.4350	5799
15.4400	5349
15.4450	5772
15.4500	6279
15.4550	6007
15.4600	5793
15.4650	5607
15.4700	5801
15.4750	5476
15.4800	6331
15.4850	6369
15.4900	6350
15.4950	6411
15.5000	5957
15.5050	5725
15.5100	5724
15.5150	6650
15.5200	6032
15.5250	6170
15.5300	6138
15.5350	5731
15.5400	6463
15.5450	6003
15.5500	6589
15.5550	5726
15.5600	6383
15.5650	5874
15.5700	5810
15.5750	6477
15.5800	5850
15.5850	6684
15.5900	6024
15.5950	6159
15.6000	5729
15.6050	6163
15.6100	6624
15.6150	5533
15.6200	5977
15.6250	6321
15.6300	6190
15.6350	5741
15.6400	5863
15.6450	5655
15.6500	6053
15.6550	6197
15.6600	6517
15.6650	5916
15.6700	5846
15.6750	6139
15.6800	5508
15.6850	5888
15.6900	6290
15.6950	6020
15.7000	6086
15.7050	5667
15.7100	5669
15.7150	5678
15.7200	6245
15.7250	5966
15.7300	6056
15.7350	5636
15.7400	5793
15.7450	6381
15.7500	5651
15.7550	6021
15.7600	5568
15.7650	6088
15.7700	5724
15.7750	5586
15.7800	5905
15.7850	5635
15.7900	6535
15.7950	6228
15.8000	5599
15.8050	5716
15.8100	5999
15.8150	5787
15.8200	5968
15.8250	6219
15.8300	6507
15.8350	5701
15.8400	5680
15.8450	5784
15.8500	5609
15.8550	5888
15.8600	6240
15.8650	5683
15.8700	6238
15.8750	6043
15.8800	5788
15.8850	5865
15.8900	5673
15.8950	5921
15.9000	6329
15.9050	6353
15.9100	6086
15.9150	5749
15.9200	5956
15.9250	6367
15.9300	5748
15.9350	6375
15.9400	6002
15.9450	6076
15.9500	5694
15.9550	5705
15.9600	6406
15.9650	5680
15.9700	5952
15.9750	5893
15.9800	6010
15.9850	5440
15.9900	5774
15.9950	6625
16.0000	5768
16.0050	5700
16.0100	5867
16.0150	5917
16.0200	5757
16.0250	5807
16.0300	6317
16.0350	6027
16.0400	5877
16.0450	5969
16.0500	5575
16.0550	5759
16.0600	5637
16.0650	6126
16.0700	5700
16.0750	5877
16.0800	6631
16.0850	5811
16.0900	6054
16.0950	5360
16.1000	5734
16.1050	5616
16.1100	6239
16.1150	6719
16.1200	5772
16.1250	5761
16.1300	5647
16.1350	5431
16.1400	5808
16.1450	5745
16.1500	6721
16.1550	5895
16.1600	5487
16.1650	5710
16.1700	5904
16.1750	6725
16.1800	5914
16.1850	5573
16.1900	5769
16.1950	5767
16.2000	5854
16.2050	5673
16.2100	6314
16.2150	6574
16.2200	5537
16.2250	5522
16.2300	6013
16.2350	6211
16.2400	5987
16.2450	5431
16.2500	6267
16.2550	5647
16.2600	5855
16.2650	6537
16.2700	6154
16.2750	6425
16.2800	5685
16.2850	6330
16.2900	5827
16.2950	6389
16.3000	6013
16.3050	5928
16.3100	6230
16.3150	6175
16.3200	5616
16.3250	5822
16.3300	5809
16.3350	6349
16.3400	5686
16.3450	6213
16.3500	6015
16.3550	5927
16.3600	6026
16.3650	5959
16.3700	5970
16.3750	5837
16.3800	5961
16.3850	6067
16.3900	5538
16.3950	6551
16.4000	6230
16.4050	5634
16.4100	5766
16.4150	5843
16.4200	6587
16.4250	5766
16.4300	5906
16.4350	6278
16.4400	6056
16.4450	5875
16.4500	5961
16.4550	5769
16.4600	5879
16.4650	5805
16.4700	6111
16.4750	6559
16.4800	5649
16.4850	6127
16.4900	6024
16.4950	6109
16.5000	5596
16.5050	5641
16.5100	6389
16.5150	5681
16.5200	5764
16.5250	6274
16.5300	6022
16.5350	6638
16.5400	5605
16.5450	5459
16.5500	5934
16.5550	6078
16.5600	6396
16.5650	5983
16.5700	5590
16.5750	6467
16.5800	6049
16.5850	5827
16.5900	5737
16.5950	6147
16.6000	5863
16.6050	5939
16.6100	5812
16.6150	5503
16.6200	6591
16.6250	6069
16.6300	6567
16.6350	5688
16.6400	5836
16.6450	6146
16.6500	6218
16.6550	6658
16.6600	5571
16.6650	6326
16.6700	5872
16.6750	5650
16.6800	5607
16.6850	5681
16.6900	6342
16.6950	5634
16.7000	5429
16.7050	5960
16.7100	5772
16.7150	5769
16.7200	5806
16.7250	5705
16.7300	5924
16.7350	6609
16.7400	5729
16.7450	5803
16.7500	5409
16.7550	6002
16.7600	5722
16.7650	6064
16.7700	6472
16.7750	5747
16.7800	5904
16.7850	5544
16.7900	5496
16.7950	5453
16.8000	5841
16.8050	5959
16.8100	6022
16.8150	6034
16.8200	5727
16.8250	5781
16.8300	6546
16.8350	5814
16.8400	5942
16.8450	5836
16.8500	5879
16.8550	6388
16.8600	5751
16.8650	6305
16.8700	5913
16.8750	5713
16.8800	5495
16.8850	5600
16.8900	6558
16.8950	6145
16.9000	6128
16.9050	5907
16.9100	5655
16.9150	6262
16.9200	5861
16.9250	6274
16.9300	6097
16.9350	5935
16.9400	6129
16.9450	5624
16.9500	6500
16.9550	5649
16.9600	6048
16.9650	6500
16.9700	5667
16.9750	5902
16.9800	6019
16.9850	6743
16.9900	5699
16.9950	5498
17.0000	6032
17.0050	6387
17.0100	6375
17.0150	5997
17.0200	5770
17.0250	6433
17.0300	5825
17.0350	5937
17.0400	6157
17.0450	6073
17.0500	6532
17.0550	5862
17.0600	5930
17.0650	5711
17.0700	5615
17.0750	5881
17.0800	5741
17.0850	6438
17.0900	6374
17.0950	5974
17.1000	5765
17.1050	5968
17.1100	5400
17.1150	6506
17.1200	6032
17.1250	6533
17.1300	6488
17.1350	5629
17.1400	5862
17.1450	5654
17.1500	6177
17.1550	5698
17.1600	6584
17.1650	6006
17.1700	5725
17.1750	5890
17.1800	5437
17.1850	5941
17.1900	6081
17.1950	6571
17.2000	5576
17.2050	5833
17.2100	5863
17.2150	5832
17.2200	6367
17.2250	5711
17.2300	6862
17.2350	5860
17.2400	6130
17.2450	6027
17.2500	5803
17.2550	6678
17.2600	5868
17.2650	6004
17.2700	5715
17.2750	6484
17.2800	5766
17.2850	6025
17.2900	6349
17.2950	5912
17.3000	6373
17.3050	5905
17.3100	6209
17.3150	5488
17.3200	5797
17.3250	5812
17.3300	6310
17.3350	6238
17.3400	6336
17.3450	6374
17.3500	5775
17.3550	5643
17.3600	5563
17.3650	6249
17.3700	6564
17.3750	6299
17.3800	5998
17.3850	5779
17.3900	5695
17.3950	5774
17.4000	5850
17.4050	5554
17.4100	6326
17.4150	6355
17.4200	5907
17.4250	5848
17.4300	6268
17.4350	6121
17.4400	5801
17.4450	5570
17.4500	5643
17.4550	6640
17.4600	6519
17.4650	5688
17.4700	5957
17.4750	5841
17.4800	5844
17.4850	5772
17.4900	6356
17.4950	6377
17.5000	6353
17.5050	6045
17.5100	5753
17.5150	5684
17.5200	5666
17.5250	5721
17.5300	5783
17.5350	6191
17.5400	5598
17.5450	5894
17.5500	5873
17.5550	5878
17.5600	5693
17.5650	5994
17.5700	6355
17.5750	6138
17.5800	6126
17.5850	5522
17.5900	5803
17.5950	5771
17.6000	5663
17.6050	5755
17.6100	5996
17.6150	5939
17.6200	5761
17.6250	5975
17.6300	5691
17.6350	6065
17.6400	6069
17.6450	5584
17.6500	5623
17.6550	5820
17.6600	5745
17.6650	6389
17.6700	5865
17.6750	5633
17.6800	5769
17.6850	5529
17.6900	5675
17.6950	5727
17.7000	5606
17.7050	6348
17.7100	5906
17.7150	5827
17.7200	5740
17.7250	6109
17.7300	5882
17.7350	5853
17.7400	6234
17.7450	5824
17.7500	6051
17.7550	5786
17.7600	5911
17.7650	5395
17.7700	5783
17.7750	6442
17.7800	5907
17.7850	5774
17.7900	5880
17.7950	6621
17.8000	5924
17.8050	5478
17.8100	6114
17.8150	6470
17.8200	6070
17.8250	5829
17.8300	6134
17.8350	5691
17.8400	5754
17.8450	6124
17.8500	6552
17.8550	6099
17.8600	5862
17.8650	6345
17.8700	5998
17.8750	5623
17.8800	5720
17.8850	6516
17.8900	5611
17.8950	6098
17.9000	6236
17.9050	6467
17.9100	6015
17.9150	6179
17.9200	6087
17.9250	6113
17.9300	6139
17.9350	6738
17.9400	5886
17.9450	5467
17.9500	5948
17.9550	6462
17.9600	5744
17.9650	6486
17.9700	6045
17.9750	5959
17.9800	5822
17.9850	5694
17.9900	6472
17.9950	6057
18.0000	6459
18.0050	5676
18.0100	5646
18.0150	5639
18.0200	5891
18.0250	6516
18.0300	5996
18.0350	5671
18.0400	5548
18.0450	5515
18.0500	6521
18.0550	5950
18.0600	6221
18.0650	6115
18.0700	5578
18.0750	5635
18.0800	6076
18.0850	6587
18.0900	6101
18.0950	6534
18.1000	6305
18.1050	5632
18.1100	5774
18.1150	6602
18.1200	5820
18.1250	6030
18.1300	6214
18.1350	6211
18.1400	6313
18.1450	6136
18.1500	5849
18.1550	6016
18.1600	5520
18.1650	5614
18.1700	5586
18.1750	6301
18.1800	6296
18.1850	6308
18.1900	5663
18.1950	5657
18.2000	6342
18.2050	6017
18.2100	5824
18.2150	5618
18.2200	6235
18.2250	5988
18.2300	5749
18.2350	6375
18.2400	6129
18.2450	5873
18.2500	5624
18.2550	5478
18.2600	6317
18.2650	5877
18.2700	5830
18.2750	6197
18.2800	5796
18.2850	5875
18.2900	5794
18.2950	6320
18.3000	6013
18.3050	5572
18.3100	5831
18.3150	5849
18.3200	5695
18.3250	5934
18.3300	5868
18.3350	6258
18.3400	5571
18.3450	5845
18.3500	6221
18.3550	5774
18.3600	6459
18.3650	5647
18.3700	5653
18.3750	5916
18.3800	5876
18.3850	6435
18.3900	5858
18.3950	6104
18.4000	5703
18.4050	5674
18.4100	5831
18.4150	5792
18.4200	5760
18.4250	6141
18.4300	6245
18.4350	5722
18.4400	5634
18.4450	5736
18.4500	5731
18.4550	6432
18.4600	5608
18.4650	6448
18.4700	6646
18.4750	6122
18.4800	5730
18.4850	5437
18.4900	6106
18.4950	6572
18.5000	6190
18.5050	6513
18.5100	6051
18.5150	6793
18.5200	5447
18.5250	5522
18.5300	5922
18.5350	6010
18.5400	5702
18.5450	5757
18.5500	6374
18.5550	6424
18.5600	5656
18.5650	5900
18.5700	5757
18.5750	5781
18.5800	5692
18.5850	6050
18.5900	6173
18.5950	6218
18.6000	5679
18.6050	5778
18.6100	5594
18.6150	6366
18.6200	5817
18.6250	6471
18.6300	6642
18.6350	6056
18.6400	5868
18.6450	5501
18.6500	6737
18.6550	5878
18.6600	6123
18.6650	5934
18.6700	5788
18.6750	6633
18.6800	6026
18.6850	6235
18.6900	6243
18.6950	6295
18.7000	6203
18.7050	5796
18.7100	6481
18.7150	6474
18.7200	5953
18.7250	6191
18.7300	5627
18.7350	5780
18.7400	5898
18.7450	6312
18.7500	6175
18.7550	5753
18.7600	6363
18.7650	6014
18.7700	5922
18.7750	6098
18.7800	5804
18.7850	6088
18.7900	5667
18.7950	6180
18.8000	6157
18.8050	6349
18.8100	6137
18.8150	5945
18.8200	6163
18.8250	5524
18.8300	6154
18.8350	6232
18.8400	6400
18.8450	5524
18.8500	5674
18.8550	5859
18.8600	6302
18.8650	6052
18.8700	5644
18.8750	6507
18.8800	6046
18.8850	5611
18.8900	5837
18.8950	6000
18.9000	6343
18.9050	5718
18.9100	5927
18.9150	5939
18.9200	6216
18.9250	6641
18.9300	6111
18.9350	6158
18.9400	5672
18.9450	6080
18.9500	6244
18.9550	6001
18.9600	6255
18.9650	6689
18.9700	5615
18.9750	6500
18.9800	6024
18.9850	6043
18.9900	5895
18.9950	6279
19.0000	6319
19.0050	5679
19.0100	5905
19.0150	5800
19.0200	5829
19.0250	5371
19.0300	6529
19.0350	6561
19.0400	5759
19.0450	5895
19.0500	5566
19.0550	6005
19.0600	5883
19.0650	5904
19.0700	6528
19.0750	5691
19.0800	5971
19.0850	5743
19.0900	5531
19.0950	6063
19.1000	5714
19.1050	6093
19.1100	5690
19.1150	5735
19.1200	6358
19.1250	5744
19.1300	5873
19.1350	6267
19.1400	6034
19.1450	5835
19.1500	5699
19.1550	6371
19.1600	5682
19.1650	5672
19.1700	6007
19.1750	5584
19.1800	5595
19.1850	5602
19.1900	6570
19.1950	5965
19.2000	6063
19.2050	5803
19.2100	5680
19.2150	5766
19.2200	5941
19.2250	6294
19.2300	5718
19.2350	6439
19.2400	5838
19.2450	6043
19.2500	5826
19.2550	5695
19.2600	5939
19.2650	5882
19.2700	5939
19.2750	6370
19.2800	6453
19.2850	6221
19.2900	6222
19.2950	6230
19.3000	5818
19.3050	6603
19.3100	6493
19.3150	6754
19.3200	5819
19.3250	5638
19.3300	6177
19.3350	5988
19.3400	5661
19.3450	5758
19.3500	6655
19.3550	5701
19.3600	5577
19.3650	6125
19.3700	6438
19.3750	5986
19.3800	5582
19.3850	5568
19.3900	5790
19.3950	6327
19.4000	6042
19.4050	6714
19.4100	5701
19.4150	5895
19.4200	6367
19.4250	5757
19.4300	5803
19.4350	6205
19.4400	6636
19.4450	5632
19.4500	5781
19.4550	5934
19.4600	6231
19.4650	5943
19.4700	5576
19.4750	5993
19.4800	6009
19.4850	5917
19.4900	6623
19.4950	6302
19.5000	6032
19.5050	5769
19.5100	6517
19.5150	5761
19.5200	6054
19.5250	6365
19.5300	6295
19.5350	6429
19.5400	5603
19.5450	6283
19.5500	5663
19.5550	6497
19.5600	5904
19.5650	6262
19.5700	5658
19.5750	5787
19.5800	6623
19.5850	5830
19.5900	6302
19.5950	5967
19.6000	6507
19.6050	5757
19.6100	6280
19.6150	6326
19.6200	5839
19.6250	6140
19.6300	5514
19.6350	6303
19.6400	5779
19.6450	6346
19.6500	6003
19.6550	5863
19.6600	5710
19.6650	5815
19.6700	6139
19.6750	6162
19.6800	5554
19.6850	6371
19.6900	6283
19.6950	5934
19.7000	5671
19.7050	5819
19.7100	6214
19.7150	5645
19.7200	5849
19.7250	6157
19.7300	6592
19.7350	6117
19.7400	5419
19.7450	5790
19.7500	5553
19.7550	6401
19.7600	6250
19.7650	6334
19.7700	5982
19.7750	6493
19.7800	6158
19.7850	6006
19.7900	6442
19.7950	6174
19.8000	5985
19.8050	5763
19.8100	6345
19.8150	5904
19.8200	5777
19.8250	5864
19.8300	6137
19.8350	5837
19.8400	5437
19.8450	6407
19.8500	5833
19.8550	5891
19.8600	5770
19.8650	6103
19.8700	5903
19.8750	5926
19.8800	6042
19.8850	5448
19.8900	5914
19.8950	5785
19.9000	5837
19.9050	5895
19.9100	6226
19.9150	6556
19.9200	5695
19.9250	5702
19.9300	5731
19.9350	6022
19.9400	5883
19.9450	5780
19.9500	5583
19.9550	6082
19.9600	6063
19.9650	5757
19.9700	6248
19.9750	5660
19.9800	5719
19.9850	5784
19.9900	5759
19.9950	5690
