0.0000	5842
0.0050	6214
0.0100	5695
0.0150	6398
0.0200	5991
0.0250	6609
0.0300	6379
0.0350	6013
0.0400	6412
0.0450	6164
0.0500	5729
0.0550	6027
0.0600	6499
0.0650	6279
0.0700	6286
0.0750	6297
0.0800	6560
0.0850	5883
0.0900	5564
0.0950	6373
0.1000	6436
0.1050	6473
0.1100	6125
0.1150	6123
0.1200	6165
0.1250	6290
0.1300	5581
0.1350	6421
0.1400	6558
0.1450	5771
0.1500	5788
0.1550	6027
0.1600	6282
0.1650	6074
0.1700	5913
0.1750	6657
0.1800	6508
0.1850	5542
0.1900	5622
0.1950	6517
0.2000	6496
0.2050	6128
0.2100	6313
0.2150	6425
0.2200	5877
0.2250	5644
0.2300	6182
0.2350	6228
0.2400	6026
0.2450	5614
0.2500	6045
0.2550	6186
0.2600	5845
0.2650	5882
0.2700	6065
0.2750	5576
0.2800	6045
0.2850	6372
0.2900	6369
0.2950	5888
0.3000	5584
0.3050	6098
0.3100	5925
0.3150	5874
0.3200	6291
0.3250	6263
0.3300	6312
0.3350	5607
0.3400	6173
0.3450	5948
0.3500	5952
0.3550	6514
0.3600	6385
0.3650	6115
0.3700	5818
0.3750	6607
0.3800	5697
0.3850	6206
0.3900	6263
0.3950	6446
0.4000	6251
0.4050	6100
0.4100	6224
0.4150	6227
0.4200	6206
0.4250	5778
0.4300	6166
0.4350	5946
0.4400	5766
0.4450	6415
0.4500	6194
0.4550	5606
0.4600	5750
0.4650	6301
0.4700	5812
0.4750	6361
0.4800	6250
0.4850	6135
0.4900	5687
0.4950	5909
0.5000	5876
0.5050	5666
0.5100	6184
0.5150	6177
0.5200	6090
0.5250	6086
0.5300	5916
0.5350	6052
0.5400	5583
0.5450	6276
0.5500	6107
0.5550	5928
0.5600	6231
0.5650	6657
0.5700	5521
0.5750	6616
0.5800	6401
0.5850	5645
0.5900	5973
0.5950	5901
0.6000	6639
0.6050	6250
0.6100	6206
0.6150	6389
0.6200	5799
0.6250	6508
0.6300	6045
0.6350	5838
0.6400	5803
0.6450	5937
0.6500	6443
0.6550	5901
0.6600	5968
0.6650	6167
0.6700	5683
0.6750	5710
0.6800	6476
0.6850	6190
0.6900	5994
0.6950	6035
0.7000	5487
0.7050	5770
0.7100	5916
0.7150	6597
0.7200	5813
0.7250	5629
0.7300	5716
0.7350	6204
0.7400	6631
0.7450	5975
0.7500	5939
0.7550	5908
0.7600	6294
0.7650	5977
0.7700	5763
0.7750	5669
0.7800	5876
0.7850	5930
0.7900	5677
0.7950	6304
0.8000	6410
0.8050	6483
0.8100	5603
0.8150	5551
0.8200	5829
0.8250	5990
0.8300	6502
0.8350	6472
0.8400	6204
0.8450	6054
0.8500	5938
0.8550	6167
0.8600	6049
0.8650	5598
0.8700	6598
0.8750	6612
0.8800	6444
0.8850	5637
0.8900	6147
0.8950	6013
0.9000	5712
0.9050	5606
0.9100	6074
0.9150	6642
0.9200	5932
0.9250	6015
0.9300	5510
0.9350	6150
0.9400	5696
0.9450	6508
0.9500	6586
0.9550	6508
0.9600	6428
0.9650	5952
0.9700	6108
0.9750	6409
0.9800	5867
0.9850	6415
0.9900	6069
0.9950	6359
1.0000	6273
1.0050	6033
1.0100	6239
1.0150	5790
1.0200	6220
1.0250	5791
1.0300	6250
1.0350	6077
1.0400	6195
1.0450	5940
1.0500	6090
1.0550	5828
1.0600	5942
1.0650	6299
1.0700	6182
1.0750	6562
1.0800	5791
1.0850	5980
1.0900	6002
1.0950	5840
1.1000	5908
1.1050	5916
1.1100	6136
1.1150	5629
1.1200	6026
1.1250	6661
1.1300	6053
1.1350	5909
1.1400	6053
1.1450	5967
1.1500	5527
1.1550	5999
1.1600	6407
1.1650	6238
1.1700	6344
1.1750	6002
1.1800	6241
1.1850	6092
1.1900	5770
1.1950	6690
1.2000	5611
1.2050	6303
1.2100	5993
1.2150	6051
1.2200	5927
1.2250	5807
1.2300	6108
1.2350	5814
1.2400	5877
1.2450	6481
1.2500	5518
1.2550	5921
1.2600	5527
1.2650	5449
1.2700	5542
1.2750	5946
1.2800	6578
1.2850	6293
1.2900	6085
1.2950	5733
1.3000	5923
1.3050	5733
1.3100	6218
1.3150	6244
1.3200	6200
1.3250	6195
1.3300	6139
1.3350	5853
1.3400	6086
1.3450	6105
1.3500	5429
1.3550	6234
1.3600	6409
1.3650	6755
1.3700	6250
1.3750	5773
1.3800	5649
1.3850	6190
1.3900	6383
1.3950	6164
1.4000	6218
1.4050	6305
1.4100	6573
1.4150	5876
1.4200	5894
1.4250	6096
1.4300	5611
1.4350	6649
1.4400	5970
1.4450	5899
1.4500	5810
1.4550	6057
1.4600	5822
1.4650	5911
1.4700	5741
1.4750	6129
1.4800	5966
1.4850	6602
1.4900	6212
1.4950	5848
1.5000	6550
1.5050	5815
1.5100	6126
1.5150	6251
1.5200	6268
1.5250	6583
1.5300	6287
1.5350	5975
1.5400	5938
1.5450	6540
1.5500	6002
1.5550	6396
1.5600	5964
1.5650	6108
1.5700	5788
1.5750	5934
1.5800	6376
1.5850	6275
1.5900	6004
1.5950	6274
1.6000	5810
1.6050	6219
1.6100	5468
1.6150	5879
1.6200	6174
1.6250	5892
1.6300	6269
1.6350	6336
1.6400	6326
1.6450	6272
1.6500	5610
1.6550	5933
1.6600	5934
1.6650	6513
1.6700	6335
1.6750	6177
1.6800	5861
1.6850	6080
1.6900	5921
1.6950	5819
1.7000	5922
1.7050	6503
1.7100	6273
1.7150	5620
1.7200	5764
1.7250	6552
1.7300	5889
1.7350	5872
1.7400	6072
1.7450	5990
1.7500	5856
1.7550	6566
1.7600	6345
1.7650	5670
1.7700	6187
1.7750	6385
1.7800	6252
1.7850	5789
1.7900	6115
1.7950	6585
1.8000	5501
1.8050	5503
1.8100	5460
1.8150	6364
1.8200	5910
1.8250	6055
1.8300	6140
1.8350	5720
1.8400	6014
1.8450	6462
1.8500	5626
1.8550	5987
1.8600	6384
1.8650	5783
1.8700	6101
1.8750	6209
1.8800	6345
1.8850	6409
1.8900	6336
1.8950	6288
1.9000	5884
1.9050	6369
1.9100	5719
1.9150	6204
1.9200	6332
1.9250	6369
1.9300	6633
1.9350	6308
1.9400	6496
1.9450	5578
1.9500	6438
1.9550	6605
1.9600	6435
1.9650	6267
1.9700	6240
1.9750	6563
1.9800	5751
1.9850	5514
1.9900	5979
1.9950	6091
2.0000	6258
2.0050	6392
2.0100	6195
2.0150	6079
2.0200	5791
2.0250	6580
2.0300	6224
2.0350	6155
2.0400	6302
2.0450	6616
2.0500	5868
2.0550	6586
2.0600	6208
2.0650	6643
2.0700	5674
2.0750	5697
2.0800	6315
2.0850	6294
2.0900	6326
2.0950	6512
2.1000	6271
2.1050	5755
2.1100	6109
2.1150	6494
2.1200	6230
2.1250	6199
2.1300	6389
2.1350	6486
2.1400	6269
2.1450	6388
2.1500	5992
2.1550	5825
2.1600	5779
2.1650	6438
2.1700	6348
2.1750	6411
2.1800	6497
2.1850	6444
2.1900	5354
2.1950	5516
2.2000	6592
2.2050	6584
2.2100	6474
2.2150	6196
2.2200	5658
2.2250	6000
2.2300	6047
2.2350	6293
2.2400	5809
2.2450	6564
2.2500	5772
2.2550	5818
2.2600	6461
2.2650	6353
2.2700	6190
2.2750	5842
2.2800	5504
2.2850	5934
2.2900	5631
2.2950	6419
2.3000	6416
2.3050	5799
2.3100	6046
2.3150	6390
2.3200	6206
2.3250	6457
2.3300	6147
2.3350	6690
2.3400	5498
2.3450	6283
2.3500	5776
2.3550	5918
2.3600	6566
2.3650	5809
2.3700	5807
2.3750	5621
2.3800	6602
2.3850	6069
2.3900	5805
2.3950	5685
2.4000	5622
2.4050	6302
2.4100	5733
2.4150	6177
2.4200	6205
2.4250	5857
2.4300	5787
2.4350	5679
2.4400	6460
2.4450	5620
2.4500	5851
2.4550	5646
2.4600	5610
2.4650	5991
2.4700	5782
2.4750	6435
2.4800	5519
2.4850	5553
2.4900	5848
2.4950	6293
2.5000	5873
2.5050	5936
2.5100	5807
2.5150	5978
2.5200	5798
2.5250	6334
2.5300	6037
2.5350	6328
2.5400	6157
2.5450	6026
2.5500	5453
2.5550	5859
2.5600	6453
2.5650	6055
2.5700	5702
2.5750	6231
2.5800	6258
2.5850	6350
2.5900	6353
2.5950	6102
2.6000	6099
2.6050	6341
2.6100	5800
2.6150	6129
2.6200	6066
2.6250	6077
2.6300	5799
2.6350	6465
2.6400	6086
2.6450	5731
2.6500	5755
2.6550	6496
2.6600	6360
2.6650	5455
2.6700	6287
2.6750	6487
2.6800	6125
2.6850	5861
2.6900	5903
2.6950	5727
2.7000	6344
2.7050	6261
2.7100	6387
2.7150	6402
2.7200	6154
2.7250	5870
2.7300	5973
2.7350	5707
2.7400	6224
2.7450	6576
2.7500	5666
2.7550	6049
2.7600	5611
2.7650	6258
2.7700	6506
2.7750	6532
2.7800	6244
2.7850	6451
2.7900	5849
2.7950	5673
2.8000	6435
2.8050	6318
2.8100	6423
2.8150	6129
2.8200	6150
2.8250	5766
2.8300	5917
2.8350	6635
2.8400	6490
2.8450	6280
2.8500	6282
2.8550	6678
2.8600	6443
2.8650	6664
2.8700	6262
2.8750	6610
2.8800	6378
2.8850	6519
2.8900	6461
2.8950	5831
2.9000	6513
2.9050	5501
2.9100	6215
2.9150	6266
2.9200	6313
2.9250	6585
2.9300	5943
2.9350	6009
2.9400	5706
2.9450	6592
2.9500	6535
2.9550	6259
2.9600	6155
2.9650	5707
2.9700	5899
2.9750	6221
2.9800	6148
2.9850	6034
2.9900	6503
2.9950	5921
3.0000	5696
3.0050	6309
3.0100	5550
3.0150	6479
3.0200	6157
3.0250	5453
3.0300	5981
3.0350	6169
3.0400	6356
3.0450	6654
3.0500	5597
3.0550	6349
3.0600	6365
3.0650	5927
3.0700	6344
3.0750	5588
3.0800	6098
3.0850	6405
3.0900	5684
3.0950	6057
3.1000	6387
3.1050	6490
3.1100	5596
3.1150	6317
3.1200	6133
3.1250	6484
3.1300	6564
3.1350	5898
3.1400	5871
3.1450	5898
3.1500	6056
3.1550	6400
3.1600	6078
3.1650	6155
3.1700	6424
3.1750	6020
3.1800	5679
3.1850	5789
3.1900	5925
3.1950	6469
3.2000	5884
3.2050	5459
3.2100	5987
3.2150	5937
3.2200	6033
3.2250	6405
3.2300	5557
3.2350	6464
3.2400	5955
3.2450	6195
3.2500	6015
3.2550	5611
3.2600	6761
3.2650	6283
3.2700	5990
3.2750	5829
3.2800	5655
3.2850	6212
3.2900	5829
3.2950	5950
3.3000	5491
3.3050	6064
3.3100	6168
3.3150	6081
3.3200	6004
3.3250	6348
3.3300	6549
3.3350	6537
3.3400	6594
3.3450	5519
3.3500	5729
3.3550	5762
3.3600	5848
3.3650	6246
3.3700	6076
3.3750	6297
3.3800	5790
3.3850	5813
3.3900	6046
3.3950	6542
3.4000	6287
3.4050	6349
3.4100	6185
3.4150	6427
3.4200	6063
3.4250	6574
3.4300	6167
3.4350	6105
3.4400	6250
3.4450	6375
3.4500	5502
3.4550	6118
3.4600	6453
3.4650	6405
3.4700	6334
3.4750	5966
3.4800	6337
3.4850	5906
3.4900	5869
3.4950	6436
3.5000	5806
3.5050	6091
3.5100	6561
3.5150	6314
3.5200	5992
3.5250	5656
3.5300	6411
3.5350	6076
3.5400	6289
3.5450	6341
3.5500	5996
3.5550	6573
3.5600	5996
3.5650	6303
3.5700	6020
3.5750	6633
3.5800	6819
3.5850	6283
3.5900	6271
3.5950	6369
3.6000	6515
3.6050	6183
3.6100	6267
3.6150	6046
3.6200	6176
3.6250	5867
3.6300	6027
3.6350	6188
3.6400	5893
3.6450	6726
3.6500	5910
3.6550	6255
3.6600	6010
3.6650	6516
3.6700	6191
3.6750	6062
3.6800	6164
3.6850	6510
3.6900	6084
3.6950	5992
3.7000	6021
3.7050	6324
3.7100	5881
3.7150	6081
3.7200	6137
3.7250	6385
3.7300	5612
3.7350	5832
3.7400	6364
3.7450	6297
3.7500	6254
3.7550	6595
3.7600	6056
3.7650	6346
3.7700	5977
3.7750	5828
3.7800	6330
3.7850	6463
3.7900	6139
3.7950	6259
3.8000	6353
3.8050	5891
3.8100	6403
3.8150	6418
3.8200	6161
3.8250	6194
3.8300	5557
3.8350	5868
3.8400	6238
3.8450	6665
3.8500	6613
3.8550	5848
3.8600	5903
3.8650	6065
3.8700	6372
3.8750	6451
3.8800	6515
3.8850	6324
3.8900	6343
3.8950	5666
3.9000	5717
3.9050	5667
3.9100	5449
3.9150	6027
3.9200	5386
3.9250	6168
3.9300	6529
3.9350	6521
3.9400	6150
3.9450	6183
3.9500	5501
3.9550	6505
3.9600	5744
3.9650	6048
3.9700	6089
3.9750	5662
3.9800	6044
3.9850	6217
3.9900	6209
3.9950	6487
4.0000	5602
4.0050	6652
4.0100	6032
4.0150	5912
4.0200	5527
4.0250	6095
4.0300	6186
4.0350	6493
4.0400	6280
4.0450	6195
4.0500	6139
4.0550	5835
4.0600	6410
4.0650	5977
4.0700	6306
4.0750	6593
4.0800	6173
4.0850	6183
4.0900	6017
4.0950	5976
4.1000	6301
4.1050	6418
4.1100	6019
4.1150	6385
4.1200	6360
4.1250	5620
4.1300	6056
4.1350	6100
4.1400	6285
4.1450	6698
4.1500	6539
4.1550	6074
4.1600	6446
4.1650	5677
4.1700	5638
4.1750	6240
4.1800	5534
4.1850	6800
4.1900	5832
4.1950	5309
4.2000	6549
4.2050	6056
4.2100	6268
4.2150	6563
4.2200	6049
4.2250	5561
4.2300	6603
4.2350	6083
4.2400	6530
4.2450	5999
4.2500	5681
4.2550	6289
4.2600	5849
4.2650	5765
4.2700	5851
4.2750	6385
4.2800	6442
4.2850	6408
4.2900	5497
4.2950	5686
4.3000	6114
4.3050	5949
4.3100	5705
4.3150	6138
4.3200	6693
4.3250	6442
4.3300	5612
4.3350	5391
4.3400	6329
4.3450	5675
4.3500	6017
4.3550	5807
4.3600	6189
4.3650	6594
4.3700	5752
4.3750	5590
4.3800	6311
4.3850	6414
4.3900	6058
4.3950	6384
4.4000	5897
4.4050	5887
4.4100	5812
4.4150	5815
4.4200	6411
4.4250	6148
4.4300	5960
4.4350	5713
4.4400	5715
4.4450	6183
4.4500	6019
4.4550	5717
4.4600	6370
4.4650	5919
4.4700	5650
4.4750	6230
4.4800	5755
4.4850	5955
4.4900	5784
4.4950	5429
4.5000	6515
4.5050	5963
4.5100	6306
4.5150	5969
4.5200	5690
4.5250	5655
4.5300	5820
4.5350	6711
4.5400	5798
4.5450	6234
4.5500	5635
4.5550	6007
4.5600	5758
4.5650	6063
4.5700	6412
4.5750	6075
4.5800	6252
4.5850	5608
4.5900	6127
4.5950	6583
4.6000	6413
4.6050	5632
4.6100	6072
4.6150	6308
4.6200	6046
4.6250	6547
4.6300	5689
4.6350	5829
4.6400	5440
4.6450	6555
4.6500	6155
4.6550	5633
4.6600	6609
4.6650	5884
4.6700	5383
4.6750	5613
4.6800	6141
4.6850	6594
4.6900	6306
4.6950	6266
4.7000	6467
4.7050	5912
4.7100	5828
4.7150	5759
4.7200	5572
4.7250	6456
4.7300	6491
4.7350	5880
4.7400	6175
4.7450	5783
4.7500	6499
4.7550	5796
4.7600	6144
4.7650	6111
4.7700	6182
4.7750	6289
4.7800	5619
4.7850	6011
4.7900	5902
4.7950	6242
4.8000	6019
4.8050	6410
4.8100	6053
4.8150	6014
4.8200	5907
4.8250	6410
4.8300	6443
4.8350	6088
4.8400	6099
4.8450	6325
4.8500	5583
4.8550	5921
4.8600	5590
4.8650	6293
4.8700	6271
4.8750	6072
4.8800	6412
4.8850	5840
4.8900	5837
4.8950	6063
4.9000	5791
4.9050	6453
4.9100	5764
4.9150	5756
4.9200	5771
4.9250	5971
4.9300	5912
4.9350	5509
4.9400	6339
4.9450	6311
4.9500	6425
4.9550	5987
4.9600	5732
4.9650	6031
4.9700	5456
4.9750	6162
4.9800	6291
4.9850	6571
4.9900	6269
4.9950	5944
5.0000	5535
5.0050	6224
5.0100	5778
5.0150	5744
5.0200	6609
5.0250	5781
5.0300	6275
5.0350	5842
5.0400	5680
5.0450	6823
5.0500	6329
5.0550	5721
5.0600	5773
5.0650	6604
5.0700	6654
5.0750	6042
5.0800	5541
5.0850	6054
5.0900	6302
5.0950	5863
5.1000	6019
5.1050	5936
5.1100	6311
5.1150	5864
5.1200	6067
5.1250	6339
5.1300	6462
5.1350	6484
5.1400	6023
5.1450	6264
5.1500	6054
5.1550	5997
5.1600	6048
5.1650	6170
5.1700	5775
5.1750	6372
5.1800	5914
5.1850	5776
5.1900	5814
5.1950	6230
5.2000	6043
5.2050	6520
5.2100	5681
5.2150	6382
5.2200	6046
5.2250	6443
5.2300	5852
5.2350	6130
5.2400	5616
5.2450	6616
5.2500	6108
5.2550	6125
5.2600	6094
5.2650	6424
5.2700	6208
5.2750	6248
5.2800	6725
5.2850	6309
5.2900	6611
5.2950	6268
5.3000	6273
5.3050	6013
5.3100	6194
5.3150	6516
5.3200	6447
5.3250	5702
5.3300	6243
5.3350	6250
5.3400	6063
5.3450	5886
5.3500	5472
5.3550	5959
5.3600	5850
5.3650	6250
5.3700	5894
5.3750	6115
5.3800	5921
5.3850	6050
5.3900	5549
5.3950	6000
5.4000	5722
5.4050	5937
5.4100	6133
5.4150	6197
5.4200	6350
5.4250	6219
5.4300	6140
5.4350	6459
5.4400	5521
5.4450	5860
5.4500	6514
5.4550	5776
5.4600	5834
5.4650	6317
5.4700	5709
5.4750	6270
5.4800	6187
5.4850	6260
5.4900	5786
5.4950	6554
5.5000	5745
5.5050	6384
5.5100	6127
5.5150	5818
5.5200	5968
5.5250	6174
5.5300	5846
5.5350	6523
5.5400	5577
5.5450	5861
5.5500	5726
5.5550	5473
5.5600	6271
5.5650	6096
5.5700	5710
5.5750	5638
5.5800	5519
5.5850	6527
5.5900	5714
5.5950	5640
5.6000	6387
5.6050	5957
5.6100	6514
5.6150	5924
5.6200	5618
5.6250	5703
5.6300	5921
5.6350	5718
5.6400	6339
5.6450	6426
5.6500	5811
5.6550	5441
5.6600	6123
5.6650	5715
5.6700	5807
5.6750	5831
5.6800	6313
5.6850	6554
5.6900	6065
5.6950	6259
5.7000	5862
5.7050	5731
5.7100	5947
5.7150	6193
5.7200	6626
5.7250	6474
5.7300	6570
5.7350	6259
5.7400	6181
5.7450	6183
5.7500	5738
5.7550	6510
5.7600	5805
5.7650	5966
5.7700	6327
5.7750	6053
5.7800	5486
5.7850	6142
5.7900	6796
5.7950	6475
5.8000	5620
5.8050	5930
5.8100	6183
5.8150	6511
5.8200	5994
5.8250	6245
5.8300	6429
5.8350	5664
5.8400	6220
5.8450	6538
5.8500	6077
5.8550	6577
5.8600	6452
5.8650	5692
5.8700	5921
5.8750	6317
5.8800	6380
5.8850	6431
5.8900	6150
5.8950	5796
5.9000	6228
5.9050	6337
5.9100	5801
5.9150	5795
5.9200	6428
5.9250	6316
5.9300	5634
5.9350	6064
5.9400	6138
5.9450	6062
5.9500	6175
5.9550	6303
5.9600	6172
5.9650	6000
5.9700	5894
5.9750	5666
5.9800	5613
5.9850	5934
5.9900	6086
5.9950	6478
6.0000	6491
6.0050	5671
6.0100	6471
6.0150	5737
6.0200	6163
6.0250	5763
6.0300	5307
6.0350	6544
6.0400	5786
6.0450	6492
6.0500	5593
6.0550	5836
6.0600	5906
6.0650	5769
6.0700	5856
6.0750	6382
6.0800	6575
6.0850	5820
6.0900	6652
6.0950	5770
6.1000	5725
6.1050	5925
6.1100	6448
6.1150	6393
6.1200	5851
6.1250	6638
6.1300	5671
6.1350	5878
6.1400	5513
6.1450	6424
6.1500	6389
6.1550	5669
6.1600	6299
6.1650	6228
6.1700	5756
6.1750	5792
6.1800	5755
6.1850	5631
6.1900	6206
6.1950	5715
6.2000	6061
6.2050	5839
6.2100	5765
6.2150	5968
6.2200	5829
6.2250	6183
6.2300	6274
6.2350	5805
6.2400	6064
6.2450	5837
6.2500	6248
6.2550	6215
6.2600	6317
6.2650	6176
6.2700	6201
6.2750	5548
6.2800	5739
6.2850	6532
6.2900	6391
6.2950	6482
6.3000	6300
6.3050	6699
6.3100	5985
6.3150	5972
6.3200	6097
6.3250	6435
6.3300	6473
6.3350	6208
6.3400	6136
6.3450	6024
6.3500	5823
6.3550	5765
6.3600	6003
6.3650	6197
6.3700	6473
6.3750	6384
6.3800	6115
6.3850	5767
6.3900	5899
6.3950	5887
6.4000	5541
6.4050	6235
6.4100	6270
6.4150	6152
6.4200	5939
6.4250	6202
6.4300	5724
6.4350	5856
6.4400	6741
6.4450	6761
6.4500	6080
6.4550	5479
6.4600	6498
6.4650	5979
6.4700	5681
6.4750	6685
6.4800	6132
6.4850	5981
6.4900	5597
6.4950	6251
6.5000	6368
6.5050	5739
6.5100	5917
6.5150	6363
6.5200	5441
6.5250	5979
6.5300	6532
6.5350	6609
6.5400	5703
6.5450	6222
6.5500	6529
6.5550	6038
6.5600	5846
6.5650	5765
6.5700	6340
6.5750	5780
6.5800	6387
6.5850	6255
6.5900	6087
6.5950	5745
6.6000	5869
6.6050	5607
6.6100	5642
6.6150	6298
6.6200	6008
6.6250	6641
6.6300	5847
6.6350	5959
6.6400	6067
6.6450	5710
6.6500	5764
6.6550	5758
6.6600	6165
6.6650	6208
6.6700	5783
6.6750	5711
6.6800	6048
6.6850	5699
6.6900	6497
6.6950	5819
6.7000	5980
6.7050	6293
6.7100	6476
6.7150	5952
6.7200	5858
6.7250	5972
6.7300	6097
6.7350	5898
6.7400	6691
6.7450	6526
6.7500	5544
6.7550	5888
6.7600	5693
6.7650	6153
6.7700	5753
6.7750	6104
6.7800	6411
6.7850	6096
6.7900	5515
6.7950	5664
6.8000	6509
6.8050	6186
6.8100	6058
6.8150	5620
6.8200	6528
6.8250	5789
6.8300	6328
6.8350	6077
6.8400	6151
6.8450	6173
6.8500	6353
6.8550	6291
6.8600	6080
6.8650	6296
6.8700	5598
6.8750	5825
6.8800	6058
6.8850	6029
6.8900	5939
6.8950	5825
6.9000	6439
6.9050	6269
6.9100	6051
6.9150	6349
6.9200	6026
6.9250	6311
6.9300	6299
6.9350	6168
6.9400	6334
6.9450	5853
6.9500	5638
6.9550	6541
6.9600	6830
6.9650	6527
6.9700	5555
6.9750	5972
6.9800	5969
6.9850	6369
6.9900	6077
6.9950	5787
7.0000	5890
7.0050	6197
7.0100	6713
7.0150	5909
7.0200	6182
7.0250	6153
7.0300	6034
7.0350	6127
7.0400	6015
7.0450	6523
7.0500	5904
7.0550	5493
7.0600	5514
7.0650	6187
7.0700	6166
7.0750	5958
7.0800	6131
7.0850	5834
7.0900	5490
7.0950	6392
7.1000	5862
7.1050	6637
7.1100	6020
7.1150	6523
7.1200	6045
7.1250	5681
7.1300	5934
7.1350	6517
7.1400	6531
7.1450	6295
7.1500	6089
7.1550	5838
7.1600	6527
7.1650	6315
7.1700	5869
7.1750	5949
7.1800	5730
7.1850	6717
7.1900	5921
7.1950	6161
7.2000	6376
7.2050	6155
7.2100	6631
7.2150	6559
7.2200	6034
7.2250	6057
7.2300	6115
7.2350	6055
7.2400	6154
7.2450	6154
7.2500	6342
7.2550	5983
7.2600	6349
7.2650	5565
7.2700	6370
7.2750	6622
7.2800	5849
7.2850	6597
7.2900	5483
7.2950	6602
7.3000	5963
7.3050	5786
7.3100	6486
7.3150	6104
7.3200	6111
7.3250	5691
7.3300	5609
7.3350	6310
7.3400	6531
7.3450	6537
7.3500	6147
7.3550	5776
7.3600	5694
7.3650	6178
7.3700	5812
7.3750	6313
7.3800	6133
7.3850	5925
7.3900	6144
7.3950	6297
7.4000	6358
7.4050	5614
7.4100	6748
7.4150	6273
7.4200	6313
7.4250	6330
7.4300	6407
7.4350	6263
7.4400	5771
7.4450	5896
7.4500	6287
7.4550	6562
7.4600	5999
7.4650	6249
7.4700	6392
7.4750	6564
7.4800	5614
7.4850	6502
7.4900	6137
7.4950	5644
7.5000	6007
7.5050	6468
7.5100	6145
7.5150	6053
7.5200	6471
7.5250	6624
7.5300	5766
7.5350	6117
7.5400	6008
7.5450	6677
7.5500	6439
7.5550	6274
7.5600	6284
7.5650	5906
7.5700	5779
7.5750	5766
7.5800	5950
7.5850	6023
7.5900	6194
7.5950	5902
7.6000	5653
7.6050	5847
7.6100	5746
7.6150	5842
7.6200	6466
7.6250	5901
7.6300	5627
7.6350	5899
7.6400	5898
7.6450	6028
7.6500	5627
7.6550	6464
7.6600	6076
7.6650	6514
7.6700	6349
7.6750	5684
7.6800	6521
7.6850	5587
7.6900	5625
7.6950	5672
7.7000	5981
7.7050	6549
7.7100	6010
7.7150	6339
7.7200	5679
7.7250	5839
7.7300	6055
7.7350	6183
7.7400	5570
7.7450	6348
7.7500	6368
7.7550	6358
7.7600	6426
7.7650	5502
7.7700	6414
7.7750	5623
7.7800	6298
7.7850	5920
7.7900	5968
7.7950	6190
7.8000	6337
7.8050	6405
7.8100	5977
7.8150	6155
7.8200	6624
7.8250	6498
7.8300	5577
7.8350	6466
7.8400	6413
7.8450	6113
7.8500	6323
7.8550	6104
7.8600	6023
7.8650	6058
7.8700	6206
7.8750	5941
7.8800	6167
7.8850	6441
7.8900	6370
7.8950	6062
7.9000	6042
7.9050	6357
7.9100	6233
7.9150	5919
7.9200	6118
7.9250	6544
7.9300	6543
7.9350	5917
7.9400	6293
7.9450	5877
7.9500	5989
7.9550	5452
7.9600	6487
7.9650	6296
7.9700	5681
7.9750	6568
7.9800	5825
7.9850	5823
7.9900	5817
7.9950	5921
8.0000	6463
8.0050	5625
8.0100	6319
8.0150	5846
8.0200	6232
8.0250	6177
8.0300	6328
8.0350	6084
8.0400	6026
8.0450	5859
8.0500	6448
8.0550	6413
8.0600	5868
8.0650	6130
8.0700	6328
8.0750	5954
8.0800	5753
8.0850	6684
8.0900	6369
8.0950	5753
8.1000	5467
8.1050	6397
8.1100	6281
8.1150	5748
8.1200	6514
8.1250	6037
8.1300	5719
8.1350	5683
8.1400	6491
8.1450	5631
8.1500	6017
8.1550	6764
8.1600	6158
8.1650	5730
8.1700	5868
8.1750	6611
8.1800	6149
8.1850	5777
8.1900	5842
8.1950	5741
8.2000	5838
8.2050	6445
8.2100	6739
8.2150	6156
8.2200	5831
8.2250	5820
8.2300	6467
8.2350	6152
8.2400	6114
8.2450	6540
8.2500	6489
8.2550	5487
8.2600	5958
8.2650	6567
8.2700	5766
8.2750	6249
8.2800	6296
8.2850	6044
8.2900	5867
8.2950	6078
8.3000	6177
8.3050	6360
8.3100	6040
8.3150	6259
8.3200	5925
8.3250	5745
8.3300	6267
8.3350	6471
8.3400	5631
8.3450	5760
8.3500	5704
8.3550	5824
8.3600	5875
8.3650	5744
8.3700	6342
8.3750	6025
8.3800	6213
8.3850	5824
8.3900	5883
8.3950	5438
8.4000	6119
8.4050	6377
8.4100	6192
8.4150	6614
8.4200	5575
8.4250	5979
8.4300	5841
8.4350	5549
8.4400	6291
8.4450	6632
8.4500	6682
8.4550	6614
8.4600	5672
8.4650	6161
8.4700	6168
8.4750	5889
8.4800	6723
8.4850	6330
8.4900	6607
8.4950	6097
8.5000	5911
8.5050	5761
8.5100	6019
8.5150	5782
8.5200	6302
8.5250	6270
8.5300	6369
8.5350	6379
8.5400	5969
8.5450	6227
8.5500	5701
8.5550	6133
8.5600	6590
8.5650	6650
8.5700	6498
8.5750	6157
8.5800	6365
8.5850	5862
8.5900	5605
8.5950	6567
8.6000	6234
8.6050	6554
8.6100	6347
8.6150	6092
8.6200	6085
8.6250	5850
8.6300	6588
8.6350	6180
8.6400	5814
8.6450	6129
8.6500	6658
8.6550	6396
8.6600	5951
8.6650	6296
8.6700	5902
8.6750	5948
8.6800	5994
8.6850	6591
8.6900	5970
8.6950	5882
8.7000	6348
8.7050	6291
8.7100	5950
8.7150	5877
8.7200	6717
8.7250	6508
8.7300	5717
8.7350	6350
8.7400	6406
8.7450	5847
8.7500	5842
8.7550	5729
8.7600	6314
8.7650	5739
8.7700	6527
8.7750	5945
8.7800	5929
8.7850	6313
8.7900	5489
8.7950	5983
8.8000	5636
8.8050	6591
8.8100	6035
8.8150	6442
8.8200	5907
8.8250	6151
8.8300	6636
8.8350	6098
8.8400	6089
8.8450	6147
8.8500	6464
8.8550	5805
8.8600	6310
8.8650	6633
8.8700	5449
8.8750	5823
8.8800	6232
8.8850	6362
8.8900	6084
8.8950	6442
8.9000	5936
8.9050	5953
8.9100	5640
8.9150	6322
8.9200	6563
8.9250	6226
8.9300	6424
8.9350	5482
8.9400	6022
8.9450	5933
8.9500	6563
8.9550	6570
8.9600	5559
8.9650	6305
8.9700	5644
8.9750	6365
8.9800	6502
8.9850	6432
8.9900	6301
8.9950	5725
9.0000	6369
9.0050	6411
9.0100	6623
9.0150	6603
9.0200	6343
9.0250	6439
9.0300	5709
9.0350	6032
9.0400	6363
9.0450	6588
9.0500	6181
9.0550	6683
9.0600	6012
9.0650	5969
9.0700	6196
9.0750	5915
9.0800	6592
9.0850	5950
9.0900	6193
9.0950	6286
9.1000	6456
9.1050	6340
9.1100	6238
9.1150	5802
9.1200	5934
9.1250	6346
9.1300	6591
9.1350	6497
9.1400	5430
9.1450	6610
9.1500	5713
9.1550	5509
9.1600	6160
9.1650	6483
9.1700	6425
9.1750	6104
9.1800	6169
9.1850	6296
9.1900	6328
9.1950	5870
9.2000	6378
9.2050	6278
9.2100	5938
9.2150	6345
9.2200	6405
9.2250	6736
9.2300	6193
9.2350	5758
9.2400	5729
9.2450	6072
9.2500	6507
9.2550	6083
9.2600	6704
9.2650	6429
9.2700	5987
9.2750	5632
9.2800	5872
9.2850	6784
9.2900	6555
9.2950	6325
9.3000	6446
9.3050	6584
9.3100	6322
9.3150	6466
9.3200	5611
9.3250	6683
9.3300	6264
9.3350	6223
9.3400	6108
9.3450	5868
9.3500	5868
9.3550	5563
9.3600	5504
9.3650	5743
9.3700	6614
9.3750	6508
9.3800	6269
9.3850	5554
9.3900	5485
9.3950	6498
9.4000	5754
9.4050	6625
9.4100	5734
9.4150	5943
9.4200	5700
9.4250	6135
9.4300	6395
9.4350	5678
9.4400	5889
9.4450	5838
9.4500	6445
9.4550	5538
9.4600	6485
9.4650	6750
9.4700	5885
9.4750	6289
9.4800	6407
9.4850	6128
9.4900	5847
9.4950	6830
9.5000	6240
9.5050	6371
9.5100	5825
9.5150	6204
9.5200	6317
9.5250	5748
9.5300	6427
9.5350	6353
9.5400	5622
9.5450	6059
9.5500	6679
9.5550	6456
9.5600	5859
9.5650	5686
9.5700	6564
9.5750	6198
9.5800	6269
9.5850	6587
9.5900	6270
9.5950	5839
9.6000	5926
9.6050	5667
9.6100	6287
9.6150	6080
9.6200	6614
9.6250	6367
9.6300	5851
9.6350	5989
9.6400	6225
9.6450	6248
9.6500	5755
9.6550	6237
9.6600	6268
9.6650	6028
9.6700	6012
9.6750	5994
9.6800	6244
9.6850	5738
9.6900	6060
9.6950	6448
9.7000	6340
9.7050	5584
9.7100	6310
9.7150	6101
9.7200	5761
9.7250	6014
9.7300	6527
9.7350	6520
9.7400	5829
9.7450	6067
9.7500	5728
9.7550	5715
9.7600	5866
9.7650	6734
9.7700	6156
9.7750	6172
9.7800	5876
9.7850	6204
9.7900	5731
9.7950	5592
9.8000	6759
9.8050	6192
9.8100	5518
9.8150	5930
9.8200	6473
9.8250	5989
9.8300	5781
9.8350	5700
9.8400	5747
9.8450	5812
9.8500	6318
9.8550	6330
9.8600	5723
9.8650	5861
9.8700	5924
9.8750	6309
9.8800	5788
9.8850	5803
9.8900	5976
9.8950	5480
9.9000	5628
9.9050	6309
9.9100	6442
9.9150	5854
9.9200	5658
9.9250	5722
9.9300	5702
9.9350	5912
9.9400	6543
9.9450	6447
9.9500	6356
9.9550	5854
9.9600	5589
9.9650	5745
9.9700	5728
9.9750	6243
9.9800	6286
9.9850	6319
9.9900	6401
9.9950	6127
10.0000	6020
10.0050	5958
10.0100	5799
10.0150	6192
10.0200	5813
10.0250	6475
10.0300	6594
10.0350	6116
10.0400	5707
10.0450	6139
10.0500	6292
10.0550	5757
10.0600	6554
10.0650	6089
10.0700	5926
10.0750	5717
10.0800	5404
10.0850	5851
10.0900	6083
10.0950	6622
10.1000	6435
10.1050	5745
10.1100	5933
10.1150	6363
10.1200	5707
10.1250	5672
10.1300	6299
10.1350	6279
10.1400	5861
10.1450	5952
10.1500	5961
10.1550	5939
10.1600	6109
10.1650	6218
10.1700	6100
10.1750	5858
10.1800	5836
10.1850	5841
10.1900	6047
10.1950	5615
10.2000	5772
10.2050	6676
10.2100	6163
10.2150	5679
10.2200	5767
10.2250	6183
10.2300	6184
10.2350	6508
10.2400	6439
10.2450	5909
10.2500	5857
10.2550	5902
10.2600	5707
10.2650	5867
10.2700	6012
10.2750	6803
10.2800	6367
10.2850	5706
10.2900	5616
10.2950	5951
10.3000	5847
10.3050	5851
10.3100	6188
10.3150	6178
10.3200	5802
10.3250	5821
10.3300	6097
10.3350	5601
10.3400	6216
10.3450	6522
10.3500	5690
10.3550	5600
10.3600	5759
10.3650	6726
10.3700	5711
10.3750	6312
10.3800	5600
10.3850	5983
10.3900	6013
10.3950	5712
10.4000	6015
10.4050	6150
10.4100	6585
10.4150	6318
10.4200	6439
10.4250	6097
10.4300	5962
10.4350	6371
10.4400	6318
10.4450	5898
10.4500	5818
10.4550	6024
10.4600	5641
10.4650	5735
10.4700	5718
10.4750	6478
10.4800	6040
10.4850	6471
10.4900	5657
10.4950	5832
10.5000	6537
10.5050	5838
10.5100	6547
10.5150	5815
10.5200	6558
10.5250	6500
10.5300	5782
10.5350	6297
10.5400	5616
10.5450	6276
10.5500	5607
10.5550	6108
10.5600	6279
10.5650	6363
10.5700	5929
10.5750	5866
10.5800	5468
10.5850	5781
10.5900	5791
10.5950	6383
10.6000	6552
10.6050	5657
10.6100	6049
10.6150	5635
10.6200	6087
10.6250	5926
10.6300	6352
10.6350	6234
10.6400	5713
10.6450	5680
10.6500	6078
10.6550	6587
10.6600	6089
10.6650	6037
10.6700	5618
10.6750	5937
10.6800	5836
10.6850	6193
10.6900	6108
10.6950	5645
10.7000	5911
10.7050	6006
10.7100	5748
10.7150	6000
10.7200	6048
10.7250	6369
10.7300	5892
10.7350	5774
10.7400	6084
10.7450	5788
10.7500	6435
10.7550	6021
10.7600	5619
10.7650	5662
10.7700	6007
10.7750	6237
10.7800	5691
10.7850	5577
10.7900	5995
10.7950	5683
10.8000	5936
10.8050	5841
10.8100	5569
10.8150	6126
10.8200	5538
10.8250	6024
10.8300	5978
10.8350	6226
10.8400	6375
10.8450	5727
10.8500	5605
10.8550	6161
10.8600	6032
10.8650	6076
10.8700	5860
10.8750	5829
10.8800	5985
10.8850	5763
10.8900	6396
10.8950	6405
10.9000	5616
10.9050	6092
10.9100	5622
10.9150	5674
10.9200	5520
10.9250	6131
10.9300	6524
10.9350	6061
10.9400	5731
10.9450	5675
10.9500	5873
10.9550	6032
10.9600	6095
10.9650	6347
10.9700	6021
10.9750	5598
10.9800	5702
10.9850	5700
10.9900	6388
10.9950	5847
11.0000	6224
11.0050	6050
11.0100	5735
11.0150	6112
11.0200	6334
11.0250	6610
11.0300	6234
11.0350	6034
11.0400	6540
11.0450	5741
11.0500	6326
11.0550	5867
11.0600	6071
11.0650	6374
11.0700	5770
11.0750	5974
11.0800	5674
11.0850	6614
11.0900	6186
11.0950	5550
11.1000	6182
11.1050	6107
11.1100	6068
11.1150	6081
11.1200	6094
11.1250	6454
11.1300	6181
11.1350	6297
11.1400	6143
11.1450	5620
11.1500	5847
11.1550	5924
11.1600	6387
11.1650	6380
11.1700	6364
11.1750	6029
11.1800	5649
11.1850	5411
11.1900	5604
11.1950	6369
11.2000	6210
11.2050	5704
11.2100	5646
11.2150	5530
11.2200	6212
11.2250	5856
11.2300	6658
11.2350	5449
11.2400	5784
11.2450	5904
11.2500	5850
11.2550	6287
11.2600	5591
11.2650	6544
11.2700	6299
11.2750	5554
11.2800	5858
11.2850	6300
11.2900	5993
11.2950	5550
11.3000	5862
11.3050	5888
11.3100	5820
11.3150	5835
11.3200	5739
11.3250	5460
11.3300	5683
11.3350	6194
11.3400	5831
11.3450	5724
11.3500	5648
11.3550	5959
11.3600	5599
11.3650	5669
11.3700	6123
11.3750	5736
11.3800	6260
11.3850	5676
11.3900	5668
11.3950	5668
11.4000	6261
11.4050	5873
11.4100	6007
11.4150	5610
11.4200	5801
11.4250	5832
11.4300	6215
11.4350	5782
11.4400	5524
11.4450	6056
11.4500	5582
11.4550	5807
11.4600	5684
11.4650	5862
11.4700	5700
11.4750	5540
11.4800	5512
11.4850	6049
11.4900	6097
11.4950	5955
11.5000	5859
11.5050	5416
11.5100	5712
11.5150	5894
11.5200	6105
11.5250	6402
11.5300	5883
11.5350	5953
11.5400	5659
11.5450	6297
11.5500	5857
11.5550	5822
11.5600	6113
11.5650	5708
11.5700	5591
11.5750	5891
11.5800	6227
11.5850	6608
11.5900	5951
11.5950	6475
11.6000	5996
11.6050	6310
11.6100	5819
11.6150	6438
11.6200	5643
11.6250	5929
11.6300	6277
11.6350	5562
11.6400	6124
11.6450	6369
11.6500	6064
11.6550	5777
11.6600	6151
11.6650	5790
11.6700	5979
11.6750	6232
11.6800	6477
11.6850	5596
11.6900	6331
11.6950	6330
11.7000	6203
11.7050	6099
11.7100	5596
11.7150	6406
11.7200	5936
11.7250	6262
11.7300	6317
11.7350	5646
11.7400	6328
11.7450	5511
11.7500	6412
11.7550	6389
11.7600	6220
11.7650	6151
11.7700	5976
11.7750	6244
11.7800	5852
11.7850	6559
11.7900	6707
11.7950	5903
11.8000	5494
11.8050	6269
11.8100	6394
11.8150	6557
11.8200	6145
11.8250	6284
11.8300	6197
11.8350	6023
11.8400	5453
11.8450	6305
11.8500	6112
11.8550	6566
11.8600	6160
11.8650	5806
11.8700	5842
11.8750	6029
11.8800	5818
11.8850	6324
11.8900	5622
11.8950	6110
11.9000	5713
11.9050	6158
11.9100	6032
11.9150	5538
11.9200	5749
11.9250	6071
11.9300	5649
11.9350	5670
11.9400	6032
11.9450	5945
11.9500	5792
11.9550	5881
11.9600	5575
11.9650	5941
11.9700	5840
11.9750	6117
11.9800	5675
11.9850	5833
11.9900	5953
11.9950	5891
12.0000	5956
12.0050	5589
12.0100	5927
12.0150	5482
12.0200	5556
12.0250	6369
12.0300	5615
12.0350	5894
12.0400	5900
12.0450	5514
12.0500	5697
12.0550	6072
12.0600	5822
12.0650	6112
12.0700	5630
12.0750	5962
12.0800	5747
12.0850	5831
12.0900	5980
12.0950	5899
12.1000	6180
12.1050	5710
12.1100	5760
12.1150	5600
12.1200	5841
12.1250	5851
12.1300	6079
12.1350	5897
12.1400	5480
12.1450	5831
12.1500	5707
12.1550	5811
12.1600	5586
12.1650	6125
12.1700	5785
12.1750	5839
12.1800	5643
12.1850	5992
12.1900	5831
12.1950	6112
12.2000	6012
12.2050	5812
12.2100	6500
12.2150	6024
12.2200	6219
12.2250	5506
12.2300	5712
12.2350	6500
12.2400	5985
12.2450	6744
12.2500	6013
12.2550	6436
12.2600	5737
12.2650	5915
12.2700	6607
12.2750	5842
12.2800	6608
12.2850	6423
12.2900	5706
12.2950	5736
12.3000	5642
12.3050	6376
12.3100	6407
12.3150	6483
12.3200	6124
12.3250	5800
12.3300	6425
12.3350	5878
12.3400	6028
12.3450	6374
12.3500	5764
12.3550	6393
12.3600	6072
12.3650	6183
12.3700	6014
12.3750	6295
12.3800	6056
12.3850	5680
12.3900	5930
12.3950	5716
12.4000	6188
12.4050	6094
12.4100	5738
12.4150	6112
12.4200	5959
12.4250	5857
12.4300	5785
12.4350	6024
12.4400	6466
12.4450	5861
12.4500	6627
12.4550	5749
12.4600	5787
12.4650	5713
12.4700	5603
12.4750	6007
12.4800	5798
12.4850	6647
12.4900	5804
12.4950	5711
12.5000	5933
12.5050	5955
12.5100	6047
12.5150	5742
12.5200	5662
12.5250	5791
12.5300	5940
12.5350	6140
12.5400	5913
12.5450	5698
12.5500	6098
12.5550	5737
12.5600	6093
12.5650	6341
12.5700	5610
12.5750	5987
12.5800	5601
12.5850	5530
12.5900	5995
12.5950	6210
12.6000	5956
12.6050	5722
12.6100	5660
12.6150	5702
12.6200	5685
12.6250	6312
12.6300	5883
12.6350	5636
12.6400	5760
12.6450	5645
12.6500	5887
12.6550	5861
12.6600	5807
12.6650	6370
12.6700	5897
12.6750	5638
12.6800	5614
12.6850	5896
12.6900	6366
12.6950	6017
12.7000	6304
12.7050	5587
12.7100	6059
12.7150	6072
12.7200	5690
12.7250	5673
12.7300	6197
12.7350	5686
12.7400	5876
12.7450	6162
12.7500	5895
12.7550	5866
12.7600	5560
12.7650	5850
12.7700	5940
12.7750	6107
12.7800	6058
12.7850	6301
12.7900	5745
12.7950	5605
12.8000	5916
12.8050	5923
12.8100	6745
12.8150	5671
12.8200	6467
12.8250	5730
12.8300	5696
12.8350	6415
12.8400	5628
12.8450	6482
12.8500	5761
12.8550	5435
12.8600	5650
12.8650	5970
12.8700	5936
12.8750	6226
12.8800	6180
12.8850	5794
12.8900	5638
12.8950	5825
12.9000	6071
12.9050	6273
12.9100	6038
12.9150	6102
12.9200	5725
12.9250	5791
12.9300	5856
12.9350	6576
12.9400	6141
12.9450	6410
12.9500	5917
12.9550	5770
12.9600	6197
12.9650	6041
12.9700	6408
12.9750	5695
12.9800	6253
12.9850	5820
12.9900	5790
12.9950	6210
13.0000	5880
13.0050	6240
13.0100	5802
13.0150	6470
13.0200	6020
13.0250	5932
13.0300	6401
13.0350	5492
13.0400	6267
13.0450	5996
13.0500	5847
13.0550	5802
13.0600	5521
13.0650	6276
13.0700	6788
13.0750	6324
13.0800	6046
13.0850	5598
13.0900	5895
13.0950	5991
13.1000	6024
13.1050	6107
13.1100	5554
13.1150	5840
13.1200	5517
13.1250	5578
13.1300	6377
13.1350	6377
13.1400	5913
13.1450	5856
13.1500	5606
13.1550	5704
13.1600	5783
13.1650	6139
13.1700	5994
13.1750	5599
13.1800	5964
13.1850	6146
13.1900	6237
13.1950	6202
13.2000	6019
13.2050	5978
13.2100	5812
13.2150	5684
13.2200	5905
13.2250	5710
13.2300	5748
13.2350	5773
13.2400	5436
13.2450	5803
13.2500	5866
13.2550	6590
13.2600	5762
13.2650	5749
13.2700	5718
13.2750	5779
13.2800	5535
13.2850	5779
13.2900	6028
13.2950	6108
13.3000	5541
13.3050	5757
13.3100	5657
13.3150	6330
13.3200	5636
13.3250	6613
13.3300	5643
13.3350	5813
13.3400	5750
13.3450	6466
13.3500	5894
13.3550	5607
13.3600	5713
13.3650	5933
13.3700	5982
13.3750	6099
13.3800	6349
13.3850	6011
13.3900	5622
13.3950	5570
13.4000	5766
13.4050	6000
13.4100	6644
13.4150	6442
13.4200	5585
13.4250	5769
13.4300	5837
13.4350	6654
13.4400	6080
13.4450	6372
13.4500	6560
13.4550	5894
13.4600	6110
13.4650	5922
13.4700	5775
13.4750	6522
13.4800	6155
13.4850	6478
13.4900	5962
13.4950	6106
13.5000	6188
13.5050	5920
13.5100	6445
13.5150	5601
13.5200	6148
13.5250	6795
13.5300	6515
13.5350	5678
13.5400	6164
13.5450	6212
13.5500	6111
13.5550	6135
13.5600	6085
13.5650	6447
13.5700	5722
13.5750	6444
13.5800	6152
13.5850	5761
13.5900	5996
13.5950	5724
13.6000	5923
13.6050	6410
13.6100	6221
13.6150	6161
13.6200	5951
13.6250	5978
13.6300	5887
13.6350	6581
13.6400	6440
13.6450	5768
13.6500	6183
13.6550	5918
13.6600	5703
13.6650	6368
13.6700	6035
13.6750	5830
13.6800	5895
13.6850	6420
13.6900	6306
13.6950	5913
13.7000	6373
13.7050	6699
13.7100	6165
13.7150	5677
13.7200	6131
13.7250	6384
13.7300	6034
13.7350	6558
13.7400	6218
13.7450	5767
13.7500	6042
13.7550	5648
13.7600	5993
13.7650	6253
13.7700	6499
13.7750	5887
13.7800	6381
13.7850	5839
13.7900	6101
13.7950	6361
13.8000	5691
13.8050	6229
13.8100	6259
13.8150	6564
13.8200	6509
13.8250	6125
13.8300	5760
13.8350	5818
13.8400	5633
13.8450	6438
13.8500	6047
13.8550	6508
13.8600	6323
13.8650	5564
13.8700	5538
13.8750	5747
13.8800	6690
13.8850	5879
13.8900	6312
13.8950	6259
13.9000	5945
13.9050	6011
13.9100	6173
13.9150	6683
13.9200	5484
13.9250	6101
13.9300	6324
13.9350	5665
13.9400	5792
13.9450	6199
13.9500	5842
13.9550	6059
13.9600	6214
13.9650	6428
13.9700	5731
13.9750	6173
13.9800	5605
13.9850	6580
13.9900	5729
13.9950	6595
14.0000	5875
14.0050	5892
14.0100	5878
14.0150	6050
14.0200	6355
14.0250	5895
14.0300	6230
14.0350	6222
14.0400	5791
14.0450	6039
14.0500	5774
14.0550	6126
14.0600	5890
14.0650	6064
14.0700	6112
14.0750	6105
14.0800	6039
14.0850	5880
14.0900	6353
14.0950	6253
14.1000	5858
14.1050	6400
14.1100	6142
14.1150	6309
14.1200	5636
14.1250	6210
14.1300	6221
14.1350	5618
14.1400	5518
14.1450	6139
14.1500	6644
14.1550	6298
14.1600	6410
14.1650	6224
14.1700	5530
14.1750	6020
14.1800	6340
14.1850	6450
14.1900	6369
14.1950	5837
14.2000	5623
14.2050	6226
14.2100	5628
14.2150	5649
14.2200	6551
14.2250	6179
14.2300	5641
14.2350	5651
14.2400	5635
14.2450	6562
14.2500	5817
14.2550	6159
14.2600	5960
14.2650	6599
14.2700	5825
14.2750	6001
14.2800	5461
14.2850	6625
14.2900	5801
14.2950	6447
14.3000	6235
14.3050	6169
14.3100	6504
14.3150	6144
14.3200	5712
14.3250	5610
14.3300	5902
14.3350	6466
14.3400	6126
14.3450	6048
14.3500	5677
14.3550	6779
14.3600	5975
14.3650	6249
14.3700	5676
14.3750	6382
14.3800	6180
14.3850	6496
14.3900	6108
14.3950	5997
14.4000	6569
14.4050	6140
14.4100	5763
14.4150	6035
14.4200	6475
14.4250	6537
14.4300	5739
14.4350	5512
14.4400	5843
14.4450	6539
14.4500	6032
14.4550	6411
14.4600	5538
14.4650	5987
14.4700	6399
14.4750	5704
14.4800	5896
14.4850	6336
14.4900	6620
14.4950	5593
14.5000	5588
14.5050	5820
14.5100	6070
14.5150	6317
14.5200	5548
14.5250	5480
14.5300	5766
14.5350	6600
14.5400	6274
14.5450	5739
14.5500	5485
14.5550	5746
14.5600	6463
14.5650	6602
14.5700	5788
14.5750	5762
14.5800	6416
14.5850	5817
14.5900	5728
14.5950	6258
14.6000	5925
14.6050	6003
14.6100	6098
14.6150	5810
14.6200	6339
14.6250	5636
14.6300	6646
14.6350	6729
14.6400	5470
14.6450	6351
14.6500	6473
14.6550	6676
14.6600	6202
14.6650	6085
14.6700	6701
14.6750	6167
14.6800	5865
14.6850	6315
14.6900	5691
14.6950	6659
14.7000	5726
14.7050	6234
14.7100	5553
14.7150	6617
14.7200	6770
14.7250	5783
14.7300	5967
14.7350	5631
14.7400	5740
14.7450	5797
14.7500	6320
14.7550	6149
14.7600	6217
14.7650	5825
14.7700	5571
14.7750	5723
14.7800	5924
14.7850	5911
14.7900	6367
14.7950	6260
14.8000	5614
14.8050	5970
14.8100	5956
14.8150	5722
14.8200	5480
14.8250	6504
14.8300	5964
14.8350	5912
14.8400	5864
14.8450	5588
14.8500	5832
14.8550	5924
14.8600	6219
14.8650	6485
14.8700	5906
14.8750	5866
14.8800	5928
14.8850	5709
14.8900	5587
14.8950	6508
14.9000	6247
14.9050	6328
14.9100	5679
14.9150	5729
14.9200	5666
14.9250	6400
14.9300	6533
14.9350	5787
14.9400	6680
14.9450	6210
14.9500	5605
14.9550	6222
14.9600	5836
14.9650	5934
14.9700	5869
14.9750	6296
14.9800	5823
14.9850	6583
14.9900	6269
14.9950	6488
15.0000	5569
15.0050	5739
15.0100	6374
15.0150	6313
15.0200	6702
15.0250	5735
15.0300	6256
15.0350	5685
15.0400	5504
15.0450	6462
15.0500	6450
15.0550	6678
15.0600	5691
15.0650	5558
15.0700	5787
15.0750	6633
15.0800	6104
15.0850	6419
15.0900	6331
15.0950	6103
15.1000	6278
15.1050	5759
15.1100	6523
15.1150	6070
15.1200	6601
15.1250	5599
15.1300	6212
15.1350	5804
15.1400	5707
15.1450	6377
15.1500	5888
15.1550	5562
15.1600	5685
15.1650	6715
15.1700	6153
15.1750	5761
15.1800	5670
15.1850	6181
15.1900	6207
15.1950	6551
15.2000	6582
15.2050	6291
15.2100	6253
15.2150	5865
15.2200	6355
15.2250	6394
15.2300	6240
15.2350	5896
15.2400	5874
15.2450	6178
15.2500	6309
15.2550	6260
15.2600	6442
15.2650	5739
15.2700	5841
15.2750	5692
15.2800	6594
15.2850	6588
15.2900	5945
15.2950	6407
15.3000	5803
15.3050	5809
15.3100	6523
15.3150	6526
15.3200	6528
15.3250	6227
15.3300	6307
15.3350	6066
15.3400	5776
15.3450	6476
15.3500	5866
15.3550	6569
15.3600	6173
15.3650	5649
15.3700	5844
15.3750	5830
15.3800	6438
15.3850	6052
15.3900	6520
15.3950	6412
15.4000	5692
15.4050	5602
15.4100	5969
15.4150	6428
15.4200	5897
15.4250	6298
15.4300	5843
15.4350	5928
15.4400	6033
15.4450	5820
15.4500	5906
15.4550	5593
15.4600	6128
15.4650	6463
15.4700	5875
15.4750	5722
15.4800	6186
15.4850	5871
15.4900	6308
15.4950	6189
15.5000	6289
15.5050	6027
15.5100	6203
15.5150	6138
15.5200	5561
15.5250	6494
15.5300	5901
15.5350	6226
15.5400	5886
15.5450	6348
15.5500	5960
15.5550	5901
15.5600	6641
15.5650	5604
15.5700	5849
15.5750	6326
15.5800	6305
15.5850	6020
15.5900	6069
15.5950	6640
15.6000	6254
15.6050	6099
15.6100	5538
15.6150	6524
15.6200	6587
15.6250	5769
15.6300	6070
15.6350	6264
15.6400	5877
15.6450	6155
15.6500	6277
15.6550	5945
15.6600	6491
15.6650	5925
15.6700	6503
15.6750	6021
15.6800	5900
15.6850	6696
15.6900	6419
15.6950	6259
15.7000	5675
15.7050	6274
15.7100	6674
15.7150	5838
15.7200	5501
15.7250	6411
15.7300	6604
15.7350	6124
15.7400	5787
15.7450	5692
15.7500	6561
15.7550	5773
15.7600	6400
15.7650	6601
15.7700	6313
15.7750	6353
15.7800	6024
15.7850	5616
15.7900	6476
15.7950	6293
15.8000	6407
15.8050	6052
15.8100	5745
15.8150	5837
15.8200	6442
15.8250	6395
15.8300	5925
15.8350	5584
15.8400	5930
15.8450	5973
15.8500	6447
15.8550	6563
15.8600	5867
15.8650	5889
15.8700	5821
15.8750	5499
15.8800	5903
15.8850	6351
15.8900	6110
15.8950	5787
15.9000	5449
15.9050	5930
15.9100	5720
15.9150	6092
15.9200	6434
15.9250	5858
15.9300	6260
15.9350	6378
15.9400	5841
15.9450	5770
15.9500	5750
15.9550	6095
15.9600	5707
15.9650	5909
15.9700	6007
15.9750	5925
15.9800	5948
15.9850	5664
15.9900	6294
15.9950	5691
16.0000	5919
16.0050	5809
16.0100	5855
16.0150	5611
16.0200	5675
16.0250	6585
16.0300	5801
16.0350	5851
16.0400	5474
16.0450	5865
16.0500	5994
16.0550	5782
16.0600	6428
16.0650	6074
16.0700	5989
16.0750	5514
16.0800	5455
16.0850	5626
16.0900	6126
16.0950	6305
16.1000	6550
16.1050	6071
16.1100	6035
16.1150	6246
16.1200	5891
16.1250	6615
16.1300	5692
16.1350	6487
16.1400	5774
16.1450	5971
16.1500	5897
16.1550	5654
16.1600	6614
16.1650	5546
16.1700	6276
16.1750	6141
16.1800	6403
16.1850	6502
16.1900	5662
16.1950	6338
16.2000	5846
16.2050	6645
16.2100	5927
16.2150	5970
16.2200	6183
16.2250	5998
16.2300	6104
16.2350	6050
16.2400	6006
16.2450	5631
16.2500	5903
16.2550	6320
16.2600	6167
16.2650	5600
16.2700	6670
16.2750	6055
16.2800	5798
16.2850	5736
16.2900	6385
16.2950	6599
16.3000	5837
16.3050	5790
16.3100	5564
16.3150	5859
16.3200	5767
16.3250	6426
16.3300	6286
16.3350	6054
16.3400	5889
16.3450	5551
16.3500	5518
16.3550	6481
16.3600	5964
16.3650	6694
16.3700	5958
16.3750	5837
16.3800	5905
16.3850	6269
16.3900	6497
16.3950	6246
16.4000	5785
16.4050	6194
16.4100	5604
16.4150	5826
16.4200	5771
16.4250	6266
16.4300	6074
16.4350	6330
16.4400	5551
16.4450	5666
16.4500	5961
16.4550	6362
16.4600	5566
16.4650	5523
16.4700	6171
16.4750	5900
16.4800	6393
16.4850	6139
16.4900	5452
16.4950	6501
16.5000	5973
16.5050	6524
16.5100	5958
16.5150	6536
16.5200	5956
16.5250	5917
16.5300	5717
16.5350	5542
16.5400	5764
16.5450	5908
16.5500	6441
16.5550	6225
16.5600	5639
16.5650	6134
16.5700	5907
16.5750	5989
16.5800	5481
16.5850	6608
16.5900	6530
16.5950	6048
16.6000	6035
16.6050	5763
16.6100	5866
16.6150	5591
16.6200	6027
16.6250	6369
16.6300	6339
16.6350	5829
16.6400	5834
16.6450	5386
16.6500	5535
16.6550	6426
16.6600	6401
16.6650	6579
16.6700	5625
16.6750	5749
16.6800	5662
16.6850	5789
16.6900	5908
16.6950	6012
16.7000	6480
16.7050	5686
16.7100	5850
16.7150	5688
16.7200	5832
16.7250	5808
16.7300	5936
16.7350	6363
16.7400	5677
16.7450	6497
16.7500	6026
16.7550	6213
16.7600	5835
16.7650	5750
16.7700	6556
16.7750	6008
16.7800	5815
16.7850	6166
16.7900	5836
16.7950	6416
16.8000	5584
16.8050	6399
16.8100	6103
16.8150	5991
16.8200	6434
16.8250	5750
16.8300	5824
16.8350	5719
16.8400	6286
16.8450	5903
16.8500	5749
16.8550	6567
16.8600	6220
16.8650	5690
16.8700	5760
16.8750	6498
16.8800	5932
16.8850	5640
16.8900	5753
16.8950	6024
16.9000	6143
16.9050	6046
16.9100	5779
16.9150	5771
16.9200	5743
16.9250	6609
16.9300	6495
16.9350	6624
16.9400	5488
16.9450	6460
16.9500	6523
16.9550	5902
16.9600	6345
16.9650	6403
16.9700	6586
16.9750	5815
16.9800	5931
16.9850	6336
16.9900	5685
16.9950	6271
17.0000	6234
17.0050	5599
17.0100	6105
17.0150	6517
17.0200	6271
17.0250	6067
17.0300	6130
17.0350	6354
17.0400	5613
17.0450	5685
17.0500	6291
17.0550	5733
17.0600	5841
17.0650	5596
17.0700	6069
17.0750	5956
17.0800	5859
17.0850	6658
17.0900	6267
17.0950	6102
17.1000	5480
17.1050	6520
17.1100	5949
17.1150	5710
17.1200	5659
17.1250	6181
17.1300	5804
17.1350	5900
17.1400	5827
17.1450	5608
17.1500	6027
17.1550	6353
17.1600	6197
17.1650	5679
17.1700	5722
17.1750	5850
17.1800	5449
17.1850	5999
17.1900	5726
17.1950	6536
17.2000	6076
17.2050	5779
17.2100	5581
17.2150	5657
17.2200	6087
17.2250	6080
17.2300	6594
17.2350	6451
17.2400	5808
17.2450	5729
17.2500	5534
17.2550	5683
17.2600	5862
17.2650	6217
17.2700	6252
17.2750	6279
17.2800	6231
17.2850	5984
17.2900	5845
17.2950	6293
17.3000	5429
17.3050	6420
17.3100	6362
17.3150	6467
17.3200	6133
17.3250	5802
17.3300	5757
17.3350	5928
17.3400	5652
17.3450	6250
17.3500	6533
17.3550	6839
17.3600	5806
17.3650	5705
17.3700	5896
17.3750	5830
17.3800	5927
17.3850	6458
17.3900	6235
17.3950	6173
17.4000	6153
17.4050	5681
17.4100	5789
17.4150	6263
17.4200	6233
17.4250	6432
17.4300	6461
17.4350	6216
17.4400	5848
17.4450	5959
17.4500	5984
17.4550	5653
17.4600	6002
17.4650	6678
17.4700	6363
17.4750	6517
17.4800	5500
17.4850	5853
17.4900	5668
17.4950	6307
17.5000	5950
17.5050	6029
17.5100	6436
17.5150	5851
17.5200	5745
17.5250	5756
17.5300	5791
17.5350	5711
17.5400	5617
17.5450	6302
17.5500	6178
17.5550	6290
17.5600	6257
17.5650	5775
17.5700	5707
17.5750	5453
17.5800	6245
17.5850	6586
17.5900	5857
17.5950	5677
17.6000	5968
17.6050	5743
17.6100	5971
17.6150	6069
17.6200	6018
17.6250	6157
17.6300	6336
17.6350	5568
17.6400	5714
17.6450	5730
17.6500	6553
17.6550	6575
17.6600	5636
17.6650	5689
17.6700	6442
17.6750	6171
17.6800	6285
17.6850	6176
17.6900	6471
17.6950	5758
17.7000	6510
17.7050	6016
17.7100	5696
17.7150	5777
17.7200	6060
17.7250	6085
17.7300	5515
17.7350	6267
17.7400	6360
17.7450	5913
17.7500	5449
17.7550	6492
17.7600	6682
17.7650	6200
17.7700	5973
17.7750	5888
17.7800	5844
17.7850	6086
17.7900	5920
17.7950	6323
17.8000	6277
17.8050	5780
17.8100	6282
17.8150	5706
17.8200	6029
17.8250	6006
17.8300	6255
17.8350	6384
17.8400	5716
17.8450	5834
17.8500	6640
17.8550	5987
17.8600	5742
17.8650	5671
17.8700	6553
17.8750	6255
17.8800	6532
17.8850	6289
17.8900	5567
17.8950	6069
17.9000	5904
17.9050	6085
17.9100	5712
17.9150	6474
17.9200	6504
17.9250	5758
17.9300	5539
17.9350	5821
17.9400	5874
17.9450	5804
17.9500	5879
17.9550	6360
17.9600	6514
17.9650	5847
17.9700	6424
17.9750	6434
17.9800	5915
17.9850	6186
17.9900	6322
17.9950	5695
18.0000	5646
18.0050	6474
18.0100	6446
18.0150	5683
18.0200	5614
18.0250	6154
18.0300	5984
18.0350	6192
18.0400	6515
18.0450	6194
18.0500	6177
18.0550	6024
18.0600	6236
18.0650	6044
18.0700	5724
18.0750	6028
18.0800	6277
18.0850	6118
18.0900	6290
18.0950	6338
18.1000	6017
18.1050	5507
18.1100	6087
18.1150	5799
18.1200	6143
18.1250	6549
18.1300	6706
18.1350	5995
18.1400	5585
18.1450	5963
18.1500	6212
18.1550	5929
18.1600	6312
18.1650	6355
18.1700	5661
18.1750	5751
18.1800	5896
18.1850	5951
18.1900	5840
18.1950	6210
18.2000	6308
18.2050	5612
18.2100	5830
18.2150	5717
18.2200	5720
18.2250	5481
18.2300	6444
18.2350	6675
18.2400	5721
18.2450	6256
18.2500	5536
18.2550	5866
18.2600	5669
18.2650	5916
18.2700	5740
18.2750	5919
18.2800	6229
18.2850	5558
18.2900	5579
18.2950	5736
18.3000	6038
18.3050	6438
18.3100	6344
18.3150	5852
18.3200	5766
18.3250	5617
18.3300	6038
18.3350	5892
18.3400	6371
18.3450	6508
18.3500	6541
18.3550	5687
18.3600	5814
18.3650	6127
18.3700	5922
18.3750	6287
18.3800	6170
18.3850	5995
18.3900	6733
18.3950	6637
18.4000	5838
18.4050	6336
18.4100	6535
18.4150	6584
18.4200	6476
18.4250	6520
18.4300	6380
18.4350	5884
18.4400	6330
18.4450	5998
18.4500	6541
18.4550	6430
18.4600	6151
18.4650	6434
18.4700	5595
18.4750	5787
18.4800	5694
18.4850	6708
18.4900	5821
18.4950	6130
18.5000	5512
18.5050	5888
18.5100	5964
18.5150	6146
18.5200	6230
18.5250	6002
18.5300	5805
18.5350	6031
18.5400	6498
18.5450	5755
18.5500	6245
18.5550	6101
18.5600	5529
18.5650	5701
18.5700	6278
18.5750	6170
18.5800	5714
18.5850	5486
18.5900	5646
18.5950	5896
18.6000	5807
18.6050	6315
18.6100	6271
18.6150	6105
18.6200	5783
18.6250	5954
18.6300	6148
18.6350	6279
18.6400	6406
18.6450	6035
18.6500	6020
18.6550	5658
18.6600	6353
18.6650	6369
18.6700	6337
18.6750	6276
18.6800	6278
18.6850	6542
18.6900	5847
18.6950	6568
18.7000	6060
18.7050	5686
18.7100	6132
18.7150	6405
18.7200	6614
18.7250	6048
18.7300	6399
18.7350	5854
18.7400	5509
18.7450	5910
18.7500	6405
18.7550	6365
18.7600	5667
18.7650	6320
18.7700	6104
18.7750	5972
18.7800	5795
18.7850	6686
18.7900	6039
18.7950	6241
18.8000	6181
18.8050	6186
18.8100	5997
18.8150	6043
18.8200	6452
18.8250	6340
18.8300	6256
18.8350	5716
18.8400	5764
18.8450	5841
18.8500	6349
18.8550	5878
18.8600	6180
18.8650	6590
18.8700	6701
18.8750	6324
18.8800	5732
18.8850	5823
18.8900	5883
18.8950	6415
18.9000	6642
18.9050	6580
18.9100	6658
18.9150	5533
18.9200	5589
18.9250	5437
18.9300	6215
18.9350	6687
18.9400	6392
18.9450	6331
18.9500	6028
18.9550	5714
18.9600	6172
18.9650	5772
18.9700	6035
18.9750	6669
18.9800	5898
18.9850	6422
18.9900	6504
18.9950	5523
19.0000	6463
19.0050	5658
19.0100	6492
19.0150	6012
19.0200	6016
19.0250	6735
19.0300	5770
19.0350	5550
19.0400	6111
19.0450	5718
19.0500	6181
19.0550	6278
19.0600	6348
19.0650	6115
19.0700	5735
19.0750	5787
19.0800	5643
19.0850	5788
19.0900	6644
19.0950	6362
19.1000	5713
19.1050	6362
19.1100	6240
19.1150	5757
19.1200	6261
19.1250	5593
19.1300	6136
19.1350	5966
19.1400	6151
19.1450	6024
19.1500	5432
19.1550	6197
19.1600	5745
19.1650	5914
19.1700	6150
19.1750	5670
19.1800	6091
19.1850	5904
19.1900	5951
19.1950	5731
19.2000	5610
19.2050	6690
19.2100	6520
19.2150	6323
19.2200	6224
19.2250	6558
19.2300	6349
19.2350	6549
19.2400	6007
19.2450	6135
19.2500	5949
19.2550	6416
19.2600	6277
19.2650	6301
19.2700	5769
19.2750	5860
19.2800	6420
19.2850	6253
19.2900	6062
19.2950	6416
19.3000	6614
19.3050	5532
19.3100	6060
19.3150	6715
19.3200	6043
19.3250	6408
19.3300	6200
19.3350	6580
19.3400	5980
19.3450	6301
19.3500	6502
19.3550	5541
19.3600	5960
19.3650	6266
19.3700	6377
19.3750	5936
19.3800	6279
19.3850	6585
19.3900	6432
19.3950	5843
19.4000	5785
19.4050	6434
19.4100	6244
19.4150	6422
19.4200	5891
19.4250	6413
19.4300	5906
19.4350	6051
19.4400	6283
19.4450	6275
19.4500	6523
19.4550	6197
19.4600	6361
19.4650	5989
19.4700	6110
19.4750	6200
19.4800	5809
19.4850	6080
19.4900	6096
19.4950	6563
19.5000	6366
19.5050	5983
19.5100	6403
19.5150	6074
19.5200	6172
19.5250	6546
19.5300	6592
19.5350	6201
19.5400	5945
19.5450	6043
19.5500	6264
19.5550	6525
19.5600	6574
19.5650	6546
19.5700	5933
19.5750	5777
19.5800	6132
19.5850	6437
19.5900	6106
19.5950	6621
19.6000	6103
19.6050	5557
19.6100	5788
19.6150	6616
19.6200	6663
19.6250	6143
19.6300	5816
19.6350	6240
19.6400	6093
19.6450	5703
19.6500	6098
19.6550	6613
19.6600	6261
19.6650	6063
19.6700	5488
19.6750	6573
19.6800	5973
19.6850	5935
19.6900	5652
19.6950	6613
19.7000	6482
19.7050	6334
19.7100	6119
19.7150	6521
19.7200	6454
19.7250	5799
19.7300	5743
19.7350	6287
19.7400	5595
19.7450	6125
19.7500	5670
19.7550	6463
19.7600	5941
19.7650	5926
19.7700	6492
19.7750	6341
19.7800	6276
19.7850	5984
19.7900	5942
19.7950	6672
19.8000	5791
19.8050	6191
19.8100	6615
19.8150	6475
19.8200	6103
19.8250	5693
19.8300	6489
19.8350	6501
19.8400	6129
19.8450	6330
19.8500	6047
19.8550	6501
19.8600	5885
19.8650	6448
19.8700	6320
19.8750	6398
19.8800	6526
19.8850	5970
19.8900	6577
19.8950	6200
19.9000	5932
19.9050	6396
19.9100	6303
19.9150	5681
19.9200	5898
19.9250	6708
19.9300	6175
19.9350	6524
19.9400	6159
19.9450	5985
19.9500	6086
19.9550	6014
19.9600	6277
19.9650	6415
19.9700	6268
19.9750	6024
19.9800	6512
19.9850	5413
19.9900	6566
19.9950	6549
