0.0000	5938
0.0050	5978
0.0100	5464
0.0150	5408
0.0200	5628
0.0250	5465
0.0300	6372
0.0350	6013
0.0400	6079
0.0450	6153
0.0500	6014
0.0550	6154
0.0600	6366
0.0650	5330
0.0700	6247
0.0750	5966
0.0800	5752
0.0850	5690
0.0900	5750
0.0950	5634
0.1000	6033
0.1050	5842
0.1100	6387
0.1150	5576
0.1200	5797
0.1250	6166
0.1300	5672
0.1350	5477
0.1400	5667
0.1450	6463
0.1500	5705
0.1550	5536
0.1600	5735
0.1650	5684
0.1700	6359
0.1750	6260
0.1800	5826
0.1850	6426
0.1900	5650
0.1950	6082
0.2000	5894
0.2050	6067
0.2100	6288
0.2150	5827
0.2200	6186
0.2250	5778
0.2300	6535
0.2350	6181
0.2400	5757
0.2450	5535
0.2500	5352
0.2550	6171
0.2600	6309
0.2650	6061
0.2700	6266
0.2750	6322
0.2800	6249
0.2850	5654
0.2900	5992
0.2950	6258
0.3000	5951
0.3050	5483
0.3100	5717
0.3150	6251
0.3200	5880
0.3250	5826
0.3300	5781
0.3350	6180
0.3400	5693
0.3450	6021
0.3500	6083
0.3550	6576
0.3600	5473
0.3650	5883
0.3700	5483
0.3750	6145
0.3800	5751
0.3850	5801
0.3900	5963
0.3950	6241
0.4000	6118
0.4050	5580
0.4100	6107
0.4150	6506
0.4200	5740
0.4250	6222
0.4300	6403
0.4350	6321
0.4400	6193
0.4450	5879
0.4500	5471
0.4550	5811
0.4600	5734
0.4650	5395
0.4700	5906
0.4750	6066
0.4800	5868
0.4850	5576
0.4900	5356
0.4950	5828
0.5000	5698
0.5050	6620
0.5100	5623
0.5150	6177
0.5200	5707
0.5250	5687
0.5300	6466
0.5350	5951
0.5400	6138
0.5450	5661
0.5500	5566
0.5550	5575
0.5600	5638
0.5650	6046
0.5700	6371
0.5750	5795
0.5800	5595
0.5850	5769
0.5900	6354
0.5950	5633
0.6000	6398
0.6050	6422
0.6100	5733
0.6150	6144
0.6200	5716
0.6250	6081
0.6300	6028
0.6350	5585
0.6400	5966
0.6450	5877
0.6500	5771
0.6550	5843
0.6600	6425
0.6650	5757
0.6700	5740
0.6750	5447
0.6800	6399
0.6850	5874
0.6900	5719
0.6950	6021
0.7000	6280
0.7050	6063
0.7100	6475
0.7150	5793
0.7200	5827
0.7250	5920
0.7300	6464
0.7350	5810
0.7400	5527
0.7450	5984
0.7500	5783
0.7550	5865
0.7600	6399
0.7650	6417
0.7700	6580
0.7750	6408
0.7800	5706
0.7850	6076
0.7900	6162
0.7950	5830
0.8000	5866
0.8050	6533
0.8100	6008
0.8150	5783
0.8200	5776
0.8250	5578
0.8300	6009
0.8350	6028
0.8400	6102
0.8450	5889
0.8500	5395
0.8550	5724
0.8600	6453
0.8650	5575
0.8700	6267
0.8750	5652
0.8800	5628
0.8850	5551
0.8900	5780
0.8950	6099
0.9000	6023
0.9050	5653
0.9100	5623
0.9150	6018
0.9200	6065
0.9250	5909
0.9300	6229
0.9350	5305
0.9400	5896
0.9450	6031
0.9500	5848
0.9550	6660
0.9600	6331
0.9650	5326
0.9700	5442
0.9750	5678
0.9800	6182
0.9850	6579
0.9900	6231
0.9950	5939
1.0000	6340
1.0050	6033
1.0100	6127
1.0150	5635
1.0200	6509
1.0250	5462
1.0300	6143
1.0350	5601
1.0400	6238
1.0450	6609
1.0500	5984
1.0550	5324
1.0600	5540
1.0650	5880
1.0700	6546
1.0750	6450
1.0800	5913
1.0850	6347
1.0900	5899
1.0950	6407
1.1000	5982
1.1050	6067
1.1100	5853
1.1150	6211
1.1200	6288
1.1250	5809
1.1300	6484
1.1350	6386
1.1400	5778
1.1450	5934
1.1500	5427
1.1550	6201
1.1600	6031
1.1650	6237
1.1700	6176
1.1750	5651
1.1800	5421
1.1850	5797
1.1900	5904
1.1950	5844
1.2000	6379
1.2050	5915
1.2100	5449
1.2150	5954
1.2200	5948
1.2250	6294
1.2300	5899
1.2350	5882
1.2400	6077
1.2450	5736
1.2500	6054
1.2550	6552
1.2600	5617
1.2650	6212
1.2700	5669
1.2750	6066
1.2800	5860
1.2850	5475
1.2900	6312
1.2950	5841
1.3000	5633
1.3050	5423
1.3100	5758
1.3150	5798
1.3200	6014
1.3250	6156
1.3300	5984
1.3350	5857
1.3400	6558
1.3450	5906
1.3500	5500
1.3550	5515
1.3600	5905
1.3650	6472
1.3700	5775
1.3750	6073
1.3800	6637
1.3850	5952
1.3900	5435
1.3950	6165
1.4000	6175
1.4050	6382
1.4100	6309
1.4150	6016
1.4200	6146
1.4250	5631
1.4300	6181
1.4350	6127
1.4400	6087
1.4450	6119
1.4500	6120
1.4550	6451
1.4600	6513
1.4650	5379
1.4700	5758
1.4750	5413
1.4800	6146
1.4850	5478
1.4900	6306
1.4950	6101
1.5000	5650
1.5050	5922
1.5100	6163
1.5150	5791
1.5200	6050
1.5250	5548
1.5300	6231
1.5350	6035
1.5400	5685
1.5450	6443
1.5500	6480
1.5550	5363
1.5600	6001
1.5650	5426
1.5700	6347
1.5750	6168
1.5800	6377
1.5850	6057
1.5900	5480
1.5950	5471
1.6000	5645
1.6050	6529
1.6100	6177
1.6150	6220
1.6200	5489
1.6250	5433
1.6300	6366
1.6350	6035
1.6400	5933
1.6450	6412
1.6500	6443
1.6550	5756
1.6600	5903
1.6650	6134
1.6700	6120
1.6750	6714
1.6800	5569
1.6850	5881
1.6900	5947
1.6950	6448
1.7000	5802
1.7050	6250
1.7100	5707
1.7150	5891
1.7200	6733
1.7250	6191
1.7300	6545
1.7350	5383
1.7400	6277
1.7450	5686
1.7500	5990
1.7550	6542
1.7600	5614
1.7650	5712
1.7700	5466
1.7750	5687
1.7800	6157
1.7850	5815
1.7900	6389
1.7950	5727
1.8000	5638
1.8050	6147
1.8100	6104
1.8150	5923
1.8200	5469
1.8250	5954
1.8300	6098
1.8350	5703
1.8400	5535
1.8450	6344
1.8500	6059
1.8550	5822
1.8600	5576
1.8650	5536
1.8700	6006
1.8750	6296
1.8800	6205
1.8850	5568
1.8900	5505
1.8950	5705
1.9000	6452
1.9050	6509
1.9100	6460
1.9150	6116
1.9200	5737
1.9250	5561
1.9300	5769
1.9350	5768
1.9400	6199
1.9450	6039
1.9500	5416
1.9550	5584
1.9600	6305
1.9650	5676
1.9700	6600
1.9750	5898
1.9800	5822
1.9850	5948
1.9900	5857
1.9950	5641
2.0000	5807
2.0050	5973
2.0100	6083
2.0150	6273
2.0200	5608
2.0250	5926
2.0300	6197
2.0350	5825
2.0400	6279
2.0450	5390
2.0500	6145
2.0550	6501
2.0600	6463
2.0650	5578
2.0700	6128
2.0750	6131
2.0800	5766
2.0850	6088
2.0900	5582
2.0950	5527
2.1000	6275
2.1050	6341
2.1100	5786
2.1150	5570
2.1200	6273
2.1250	6236
2.1300	5398
2.1350	5784
2.1400	5636
2.1450	5716
2.1500	6326
2.1550	5689
2.1600	5562
2.1650	6269
2.1700	5945
2.1750	6051
2.1800	5830
2.1850	6045
2.1900	6381
2.1950	6343
2.2000	6187
2.2050	5747
2.2100	5656
2.2150	5700
2.2200	5777
2.2250	5953
2.2300	6241
2.2350	5803
2.2400	6276
2.2450	6125
2.2500	5426
2.2550	5748
2.2600	6483
2.2650	6455
2.2700	6643
2.2750	5935
2.2800	5812
2.2850	6253
2.2900	5727
2.2950	5745
2.3000	6334
2.3050	5959
2.3100	5827
2.3150	5317
2.3200	5706
2.3250	5991
2.3300	5734
2.3350	5835
2.3400	5641
2.3450	5744
2.3500	6203
2.3550	5980
2.3600	5550
2.3650	6086
2.3700	6282
2.3750	6444
2.3800	6125
2.3850	6577
2.3900	5270
2.3950	5951
2.4000	5895
2.4050	5790
2.4100	6438
2.4150	6120
2.4200	5806
2.4250	6041
2.4300	5726
2.4350	6096
2.4400	6173
2.4450	6645
2.4500	6147
2.4550	5884
2.4600	5603
2.4650	6227
2.4700	5984
2.4750	6015
2.4800	6360
2.4850	6388
2.4900	5400
2.4950	6115
2.5000	5669
2.5050	5798
2.5100	6044
2.5150	6462
2.5200	6220
2.5250	6158
2.5300	6253
2.5350	6319
2.5400	6388
2.5450	6281
2.5500	6302
2.5550	6489
2.5600	5908
2.5650	6411
2.5700	5590
2.5750	6617
2.5800	6020
2.5850	6215
2.5900	5516
2.5950	6220
2.6000	6329
2.6050	5796
2.6100	5460
2.6150	5959
2.6200	6047
2.6250	5665
2.6300	6400
2.6350	6310
2.6400	6396
2.6450	5818
2.6500	6419
2.6550	6366
2.6600	5987
2.6650	6057
2.6700	5722
2.6750	6237
2.6800	5723
2.6850	6407
2.6900	5961
2.6950	5290
2.7000	5894
2.7050	5862
2.7100	6439
2.7150	5732
2.7200	6350
2.7250	6211
2.7300	6213
2.7350	5896
2.7400	6166
2.7450	6538
2.7500	5370
2.7550	6712
2.7600	6444
2.7650	5704
2.7700	6397
2.7750	5571
2.7800	6130
2.7850	5612
2.7900	5994
2.7950	6250
2.8000	6490
2.8050	5849
2.8100	5926
2.8150	5443
2.8200	5611
2.8250	6501
2.8300	6458
2.8350	6550
2.8400	5424
2.8450	5641
2.8500	5572
2.8550	6166
2.8600	6302
2.8650	5853
2.8700	6323
2.8750	5782
2.8800	5796
2.8850	6059
2.8900	6127
2.8950	5639
2.9000	5658
2.9050	5418
2.9100	5865
2.9150	5974
2.9200	6478
2.9250	5624
2.9300	5417
2.9350	6359
2.9400	6240
2.9450	5886
2.9500	5863
2.9550	6438
2.9600	5881
2.9650	5469
2.9700	5493
2.9750	6004
2.9800	6280
2.9850	6545
2.9900	6207
2.9950	5692
3.0000	5926
3.0050	6228
3.0100	5900
3.0150	5913
3.0200	6292
3.0250	6483
3.0300	5909
3.0350	5498
3.0400	6182
3.0450	6157
3.0500	5835
3.0550	6038
3.0600	5631
3.0650	6207
3.0700	5950
3.0750	6118
3.0800	6289
3.0850	5842
3.0900	5565
3.0950	5865
3.1000	6085
3.1050	5972
3.1100	6396
3.1150	5601
3.1200	6225
3.1250	6158
3.1300	5822
3.1350	5653
3.1400	5849
3.1450	6066
3.1500	6208
3.1550	6020
3.1600	6138
3.1650	6467
3.1700	5680
3.1750	5494
3.1800	5344
3.1850	6495
3.1900	6268
3.1950	6468
3.2000	6099
3.2050	6145
3.2100	5455
3.2150	5630
3.2200	6231
3.2250	5834
3.2300	6287
3.2350	6262
3.2400	5888
3.2450	5713
3.2500	5885
3.2550	5920
3.2600	6209
3.2650	5566
3.2700	5650
3.2750	6352
3.2800	5707
3.2850	6468
3.2900	6001
3.2950	6003
3.3000	5608
3.3050	5946
3.3100	6262
3.3150	5970
3.3200	6488
3.3250	5730
3.3300	5904
3.3350	6267
3.3400	6357
3.3450	6264
3.3500	6425
3.3550	6214
3.3600	6243
3.3650	6463
3.3700	5877
3.3750	6112
3.3800	6175
3.3850	5946
3.3900	6323
3.3950	5544
3.4000	6543
3.4050	5302
3.4100	6139
3.4150	6195
3.4200	5490
3.4250	6161
3.4300	5910
3.4350	6093
3.4400	5521
3.4450	5477
3.4500	6035
3.4550	5734
3.4600	5723
3.4650	6320
3.4700	5356
3.4750	5744
3.4800	6047
3.4850	6329
3.4900	6134
3.4950	5968
3.5000	6400
3.5050	5797
3.5100	6143
3.5150	6364
3.5200	5953
3.5250	6417
3.5300	5580
3.5350	6185
3.5400	5662
3.5450	6527
3.5500	6518
3.5550	6547
3.5600	5506
3.5650	5502
3.5700	6428
3.5750	6390
3.5800	5931
3.5850	5912
3.5900	6036
3.5950	6272
3.6000	5848
3.6050	5923
3.6100	6396
3.6150	6340
3.6200	6048
3.6250	6321
3.6300	6296
3.6350	6432
3.6400	6155
3.6450	6379
3.6500	6285
3.6550	6398
3.6600	5663
3.6650	6182
3.6700	6447
3.6750	6289
3.6800	6444
3.6850	6334
3.6900	6255
3.6950	6393
3.7000	6024
3.7050	5640
3.7100	6059
3.7150	6235
3.7200	6164
3.7250	6336
3.7300	6541
3.7350	6290
3.7400	5500
3.7450	6352
3.7500	6561
3.7550	6217
3.7600	6252
3.7650	6038
3.7700	6536
3.7750	6188
3.7800	5424
3.7850	5736
3.7900	6348
3.7950	6650
3.8000	6190
3.8050	6290
3.8100	6067
3.8150	6133
3.8200	6448
3.8250	5825
3.8300	5830
3.8350	6297
3.8400	6546
3.8450	5834
3.8500	6127
3.8550	6160
3.8600	6643
3.8650	5638
3.8700	6022
3.8750	6346
3.8800	6036
3.8850	5842
3.8900	6064
3.8950	5637
3.9000	5612
3.9050	5643
3.9100	6027
3.9150	6289
3.9200	5642
3.9250	6402
3.9300	6459
3.9350	6411
3.9400	6440
3.9450	5637
3.9500	5614
3.9550	5624
3.9600	6236
3.9650	6431
3.9700	6055
3.9750	6627
3.9800	5744
3.9850	5509
3.9900	5991
3.9950	6285
4.0000	6001
4.0050	5782
4.0100	6121
4.0150	5515
4.0200	6183
4.0250	6184
4.0300	5846
4.0350	5536
4.0400	6362
4.0450	6315
4.0500	5875
4.0550	6367
4.0600	5653
4.0650	5798
4.0700	6228
4.0750	6176
4.0800	6037
4.0850	6290
4.0900	6491
4.0950	5930
4.1000	5975
4.1050	6079
4.1100	5823
4.1150	6558
4.1200	5837
4.1250	5730
4.1300	5655
4.1350	6310
4.1400	6171
4.1450	6445
4.1500	5761
4.1550	6605
4.1600	5408
4.1650	6174
4.1700	5725
4.1750	6381
4.1800	6308
4.1850	5505
4.1900	5995
4.1950	5842
4.2000	6227
4.2050	5971
4.2100	5992
4.2150	6235
4.2200	6378
4.2250	6273
4.2300	6363
4.2350	6355
4.2400	6242
4.2450	6650
4.2500	5812
4.2550	6010
4.2600	6190
4.2650	5838
4.2700	6383
4.2750	5754
4.2800	6113
4.2850	6081
4.2900	5863
4.2950	5990
4.3000	5732
4.3050	5905
4.3100	6041
4.3150	5686
4.3200	6313
4.3250	5886
4.3300	6082
4.3350	6542
4.3400	5786
4.3450	5753
4.3500	5391
4.3550	5624
4.3600	5642
4.3650	6289
4.3700	6048
4.3750	5551
4.3800	5865
4.3850	5979
4.3900	6106
4.3950	5818
4.4000	5781
4.4050	5869
4.4100	5974
4.4150	6086
4.4200	5591
4.4250	6155
4.4300	5407
4.4350	6091
4.4400	6130
4.4450	5759
4.4500	5881
4.4550	5684
4.4600	5534
4.4650	6038
4.4700	6036
4.4750	5809
4.4800	6376
4.4850	5683
4.4900	5893
4.4950	5934
4.5000	6346
4.5050	5800
4.5100	5550
4.5150	5748
4.5200	6170
4.5250	5549
4.5300	5871
4.5350	6391
4.5400	6463
4.5450	6053
4.5500	5600
4.5550	5652
4.5600	6671
4.5650	6460
4.5700	5995
4.5750	5516
4.5800	6186
4.5850	6388
4.5900	5658
4.5950	6373
4.6000	5465
4.6050	5995
4.6100	6252
4.6150	5685
4.6200	5889
4.6250	5704
4.6300	6269
4.6350	5571
4.6400	6119
4.6450	6164
4.6500	6407
4.6550	6238
4.6600	5846
4.6650	5980
4.6700	5527
4.6750	6345
4.6800	5746
4.6850	5917
4.6900	6081
4.6950	5817
4.7000	5792
4.7050	5437
4.7100	6098
4.7150	5872
4.7200	5754
4.7250	6241
4.7300	6277
4.7350	6197
4.7400	6293
4.7450	5811
4.7500	6258
4.7550	5488
4.7600	5865
4.7650	6235
4.7700	6225
4.7750	6291
4.7800	5343
4.7850	6444
4.7900	5984
4.7950	6136
4.8000	5708
4.8050	6039
4.8100	5941
4.8150	5617
4.8200	5724
4.8250	5887
4.8300	6201
4.8350	6485
4.8400	5893
4.8450	5844
4.8500	6156
4.8550	5666
4.8600	5780
4.8650	6405
4.8700	6302
4.8750	5852
4.8800	5619
4.8850	5366
4.8900	6260
4.8950	6234
4.9000	6360
4.9050	6297
4.9100	5586
4.9150	5657
4.9200	6204
4.9250	5876
4.9300	6286
4.9350	5996
4.9400	6564
4.9450	5900
4.9500	5694
4.9550	5893
4.9600	6166
4.9650	6063
4.9700	5998
4.9750	5669
4.9800	5724
4.9850	5815
4.9900	6365
4.9950	6317
5.0000	5429
5.0050	5377
5.0100	6431
5.0150	6525
5.0200	6403
5.0250	6331
5.0300	6312
5.0350	5773
5.0400	5646
5.0450	6079
5.0500	6192
5.0550	6475
5.0600	6267
5.0650	5904
5.0700	5882
5.0750	6081
5.0800	6195
5.0850	5412
5.0900	6330
5.0950	5504
5.1000	6260
5.1050	6410
5.1100	6391
5.1150	5973
5.1200	5596
5.1250	5787
5.1300	5870
5.1350	5973
5.1400	5508
5.1450	6155
5.1500	6388
5.1550	5597
5.1600	5938
5.1650	6322
5.1700	6142
5.1750	6050
5.1800	6126
5.1850	5634
5.1900	6029
5.1950	6048
5.2000	6130
5.2050	6045
5.2100	6378
5.2150	5684
5.2200	5936
5.2250	6212
5.2300	5952
5.2350	6353
5.2400	6017
5.2450	5914
5.2500	6372
5.2550	6054
5.2600	6179
5.2650	5660
5.2700	5873
5.2750	5961
5.2800	6291
5.2850	5789
5.2900	6161
5.2950	5723
5.3000	6280
5.3050	5667
5.3100	5925
5.3150	6549
5.3200	5672
5.3250	5505
5.3300	6412
5.3350	6334
5.3400	6264
5.3450	6103
5.3500	6324
5.3550	5966
5.3600	5961
5.3650	6189
5.3700	6189
5.3750	6058
5.3800	5440
5.3850	6175
5.3900	6341
5.3950	6667
5.4000	5907
5.4050	5809
5.4100	5552
5.4150	6271
5.4200	5801
5.4250	6178
5.4300	5749
5.4350	5875
5.4400	6580
5.4450	5458
5.4500	5588
5.4550	5744
5.4600	6046
5.4650	6071
5.4700	5499
5.4750	5722
5.4800	6276
5.4850	5828
5.4900	6535
5.4950	5612
5.5000	5899
5.5050	5770
5.5100	5766
5.5150	6472
5.5200	6263
5.5250	6269
5.5300	5966
5.5350	5598
5.5400	5936
5.5450	5368
5.5500	6564
5.5550	6263
5.5600	5512
5.5650	5546
5.5700	6213
5.5750	6229
5.5800	5993
5.5850	6548
5.5900	5365
5.5950	5805
5.6000	5952
5.6050	5710
5.6100	6154
5.6150	6333
5.6200	6177
5.6250	5499
5.6300	5464
5.6350	6336
5.6400	6370
5.6450	6084
5.6500	6055
5.6550	5980
5.6600	5715
5.6650	6159
5.6700	6031
5.6750	6696
5.6800	6283
5.6850	6311
5.6900	5566
5.6950	6195
5.7000	5813
5.7050	5456
5.7100	6316
5.7150	6335
5.7200	6237
5.7250	5514
5.7300	5775
5.7350	6733
5.7400	5574
5.7450	5896
5.7500	6099
5.7550	6599
5.7600	6083
5.7650	5979
5.7700	6015
5.7750	6328
5.7800	6407
5.7850	6374
5.7900	6389
5.7950	5495
5.8000	6052
5.8050	6005
5.8100	5487
5.8150	5953
5.8200	6034
5.8250	6531
5.8300	6296
5.8350	5565
5.8400	6240
5.8450	6503
5.8500	6084
5.8550	5513
5.8600	6082
5.8650	6436
5.8700	6330
5.8750	6382
5.8800	6304
5.8850	5993
5.8900	6025
5.8950	5754
5.9000	5975
5.9050	6097
5.9100	6126
5.9150	6049
5.9200	6096
5.9250	6202
5.9300	5997
5.9350	6143
5.9400	6494
5.9450	5604
5.9500	5493
5.9550	6352
5.9600	6177
5.9650	5701
5.9700	5803
5.9750	5693
5.9800	6484
5.9850	5652
5.9900	5833
5.9950	6229
6.0000	5787
6.0050	5708
6.0100	5911
6.0150	6128
6.0200	6215
6.0250	5779
6.0300	6388
6.0350	5900
6.0400	5821
6.0450	6042
6.0500	6179
6.0550	6341
6.0600	6367
6.0650	5626
6.0700	5629
6.0750	5924
6.0800	6291
6.0850	5940
6.0900	5772
6.0950	5833
6.1000	5925
6.1050	5764
6.1100	5440
6.1150	6603
6.1200	6314
6.1250	5713
6.1300	6249
6.1350	5932
6.1400	5655
6.1450	5689
6.1500	6565
6.1550	6078
6.1600	6440
6.1650	6190
6.1700	5567
6.1750	5453
6.1800	5818
6.1850	6066
6.1900	6312
6.1950	6147
6.2000	6219
6.2050	5905
6.2100	6307
6.2150	5697
6.2200	5449
6.2250	6252
6.2300	5920
6.2350	6303
6.2400	6474
6.2450	6195
6.2500	6352
6.2550	5520
6.2600	5405
6.2650	5714
6.2700	5786
6.2750	6145
6.2800	6241
6.2850	6148
6.2900	6132
6.2950	5617
6.3000	6358
6.3050	6220
6.3100	5580
6.3150	5472
6.3200	6033
6.3250	6307
6.3300	6345
6.3350	6194
6.3400	6167
6.3450	5864
6.3500	5375
6.3550	5566
6.3600	5780
6.3650	5952
6.3700	6121
6.3750	5844
6.3800	6233
6.3850	5864
6.3900	5623
6.3950	5559
6.4000	6300
6.4050	6384
6.4100	6416
6.4150	6225
6.4200	5934
6.4250	5747
6.4300	5905
6.4350	6382
6.4400	5944
6.4450	6478
6.4500	6025
6.4550	6069
6.4600	6154
6.4650	6223
6.4700	6002
6.4750	6014
6.4800	6243
6.4850	6497
6.4900	6317
6.4950	5515
6.5000	6278
6.5050	5572
6.5100	6444
6.5150	5664
6.5200	6388
6.5250	6377
6.5300	5558
6.5350	6388
6.5400	5884
6.5450	5640
6.5500	6178
6.5550	6331
6.5600	6035
6.5650	5758
6.5700	5904
6.5750	6060
6.5800	5842
6.5850	5531
6.5900	5882
6.5950	6687
6.6000	6004
6.6050	5794
6.6100	6107
6.6150	6389
6.6200	6323
6.6250	5666
6.6300	5565
6.6350	5566
6.6400	5600
6.6450	6013
6.6500	6066
6.6550	6169
6.6600	6339
6.6650	5516
6.6700	5812
6.6750	5581
6.6800	6578
6.6850	6174
6.6900	5575
6.6950	6097
6.7000	5621
6.7050	6461
6.7100	5730
6.7150	6337
6.7200	5839
6.7250	5979
6.7300	5926
6.7350	5890
6.7400	6332
6.7450	5819
6.7500	6580
6.7550	6309
6.7600	5340
6.7650	6335
6.7700	5974
6.7750	6593
6.7800	5856
6.7850	6072
6.7900	6424
6.7950	5614
6.8000	5767
6.8050	5883
6.8100	6173
6.8150	6343
6.8200	6256
6.8250	5923
6.8300	6313
6.8350	5921
6.8400	6594
6.8450	6163
6.8500	6121
6.8550	6277
6.8600	6257
6.8650	6164
6.8700	6666
6.8750	6239
6.8800	6160
6.8850	6265
6.8900	6082
6.8950	5780
6.9000	6151
6.9050	6375
6.9100	5737
6.9150	6159
6.9200	6302
6.9250	6354
6.9300	6514
6.9350	5667
6.9400	6350
6.9450	6003
6.9500	6120
6.9550	6618
6.9600	6317
6.9650	5954
6.9700	5801
6.9750	6474
6.9800	6254
6.9850	6426
6.9900	6319
6.9950	6671
7.0000	6230
7.0050	5797
7.0100	6035
7.0150	6365
7.0200	6484
7.0250	5970
7.0300	6209
7.0350	6233
7.0400	6280
7.0450	5938
7.0500	6625
7.0550	6185
7.0600	6119
7.0650	5869
7.0700	6227
7.0750	6213
7.0800	6024
7.0850	6105
7.0900	5792
7.0950	5653
7.1000	5950
7.1050	6128
7.1100	6406
7.1150	6134
7.1200	6179
7.1250	6028
7.1300	5662
7.1350	5737
7.1400	5526
7.1450	5853
7.1500	6198
7.1550	5600
7.1600	5691
7.1650	5632
7.1700	5514
7.1750	5964
7.1800	5412
7.1850	5497
7.1900	5949
7.1950	6283
7.2000	6309
7.2050	5806
7.2100	6277
7.2150	5983
7.2200	5761
7.2250	6411
7.2300	5771
7.2350	6076
7.2400	5996
7.2450	5727
7.2500	6356
7.2550	5726
7.2600	5696
7.2650	5774
7.2700	5818
7.2750	6300
7.2800	6177
7.2850	5563
7.2900	6040
7.2950	5933
7.3000	5389
7.3050	6201
7.3100	6394
7.3150	5807
7.3200	6189
7.3250	5918
7.3300	5912
7.3350	5702
7.3400	5957
7.3450	6117
7.3500	5622
7.3550	6256
7.3600	5695
7.3650	5516
7.3700	6432
7.3750	5462
7.3800	6156
7.3850	6058
7.3900	5456
7.3950	6028
7.4000	5824
7.4050	6445
7.4100	6014
7.4150	6067
7.4200	6372
7.4250	6384
7.4300	6329
7.4350	5508
7.4400	6160
7.4450	6190
7.4500	5995
7.4550	6349
7.4600	5854
7.4650	5509
7.4700	5706
7.4750	5964
7.4800	6237
7.4850	5687
7.4900	5547
7.4950	6439
7.5000	6286
7.5050	5440
7.5100	5657
7.5150	6472
7.5200	5757
7.5250	6331
7.5300	5743
7.5350	5947
7.5400	6398
7.5450	5502
7.5500	5956
7.5550	5882
7.5600	6351
7.5650	5994
7.5700	6113
7.5750	6124
7.5800	6419
7.5850	5825
7.5900	5656
7.5950	6284
7.6000	5838
7.6050	6629
7.6100	5926
7.6150	6140
7.6200	6139
7.6250	6124
7.6300	5510
7.6350	6407
7.6400	5917
7.6450	6330
7.6500	5897
7.6550	6173
7.6600	6263
7.6650	5893
7.6700	6433
7.6750	6652
7.6800	6024
7.6850	6260
7.6900	6285
7.6950	6165
7.7000	6539
7.7050	6679
7.7100	5895
7.7150	6260
7.7200	5690
7.7250	6108
7.7300	5846
7.7350	6125
7.7400	6558
7.7450	6281
7.7500	5406
7.7550	6371
7.7600	6135
7.7650	6428
7.7700	5567
7.7750	6315
7.7800	6169
7.7850	5865
7.7900	6605
7.7950	6406
7.8000	6077
7.8050	5967
7.8100	6372
7.8150	5849
7.8200	5878
7.8250	6301
7.8300	6300
7.8350	6199
7.8400	5643
7.8450	6282
7.8500	6219
7.8550	5945
7.8600	5757
7.8650	6103
7.8700	5823
7.8750	6370
7.8800	6616
7.8850	6565
7.8900	5975
7.8950	5851
7.9000	6468
7.9050	5949
7.9100	6006
7.9150	6248
7.9200	6370
7.9250	5348
7.9300	5604
7.9350	5973
7.9400	5993
7.9450	5818
7.9500	6375
7.9550	5891
7.9600	5868
7.9650	5774
7.9700	6645
7.9750	6402
7.9800	5535
7.9850	6344
7.9900	5977
7.9950	6395
8.0000	5789
8.0050	6186
8.0100	6200
8.0150	6131
8.0200	6018
8.0250	5984
8.0300	6277
8.0350	5995
8.0400	6294
8.0450	5980
8.0500	5951
8.0550	6246
8.0600	6402
8.0650	6364
8.0700	5528
8.0750	6427
8.0800	6402
8.0850	6408
8.0900	6535
8.0950	5577
8.1000	6181
8.1050	5669
8.1100	5906
8.1150	6406
8.1200	6521
8.1250	6212
8.1300	6180
8.1350	6057
8.1400	5648
8.1450	5939
8.1500	6502
8.1550	6441
8.1600	5477
8.1650	5908
8.1700	6181
8.1750	6059
8.1800	5733
8.1850	5985
8.1900	6600
8.1950	5548
8.2000	5908
8.2050	6042
8.2100	5601
8.2150	6078
8.2200	5989
8.2250	5840
8.2300	5469
8.2350	6612
8.2400	5977
8.2450	6369
8.2500	5383
8.2550	6263
8.2600	5980
8.2650	5757
8.2700	6466
8.2750	5728
8.2800	5570
8.2850	5540
8.2900	6129
8.2950	6107
8.3000	5766
8.3050	6341
8.3100	5820
8.3150	5517
8.3200	5999
8.3250	6235
8.3300	6288
8.3350	5866
8.3400	6105
8.3450	6325
8.3500	5623
8.3550	5851
8.3600	6277
8.3650	6135
8.3700	6401
8.3750	6203
8.3800	6362
8.3850	5465
8.3900	5659
8.3950	6630
8.4000	5967
8.4050	6102
8.4100	6087
8.4150	6525
8.4200	6226
8.4250	5887
8.4300	5616
8.4350	5807
8.4400	6343
8.4450	5946
8.4500	6378
8.4550	5814
8.4600	5739
8.4650	6251
8.4700	5670
8.4750	5511
8.4800	6162
8.4850	5787
8.4900	5942
8.4950	5508
8.5000	6115
8.5050	5627
8.5100	5875
8.5150	6558
8.5200	5910
8.5250	5890
8.5300	5791
8.5350	5915
8.5400	6188
8.5450	5727
8.5500	6480
8.5550	6361
8.5600	6153
8.5650	5542
8.5700	5852
8.5750	6475
8.5800	5450
8.5850	6235
8.5900	6401
8.5950	6045
8.6000	5583
8.6050	5858
8.6100	5571
8.6150	5691
8.6200	6590
8.6250	6316
8.6300	6462
8.6350	5630
8.6400	5653
8.6450	5691
8.6500	5489
8.6550	6072
8.6600	5804
8.6650	6215
8.6700	5432
8.6750	5435
8.6800	5624
8.6850	5754
8.6900	5825
8.6950	6258
8.7000	5467
8.7050	5910
8.7100	5710
8.7150	6507
8.7200	5962
8.7250	5529
8.7300	6225
8.7350	5677
8.7400	5864
8.7450	6060
8.7500	6403
8.7550	5800
8.7600	6077
8.7650	5833
8.7700	5815
8.7750	6167
8.7800	6626
8.7850	6249
8.7900	5565
8.7950	5503
8.8000	5647
8.8050	5779
8.8100	6375
8.8150	6084
8.8200	6291
8.8250	6332
8.8300	5848
8.8350	5974
8.8400	5953
8.8450	6539
8.8500	6341
8.8550	5819
8.8600	6116
8.8650	5677
8.8700	5826
8.8750	6273
8.8800	6229
8.8850	5517
8.8900	5684
8.8950	6337
8.9000	5733
8.9050	5520
8.9100	6319
8.9150	6253
8.9200	6488
8.9250	6022
8.9300	5836
8.9350	6127
8.9400	5452
8.9450	6222
8.9500	5444
8.9550	6406
8.9600	6376
8.9650	6191
8.9700	5890
8.9750	6289
8.9800	6041
8.9850	5946
8.9900	6024
8.9950	5975
9.0000	6419
9.0050	5415
9.0100	6368
9.0150	6396
9.0200	5626
9.0250	6066
9.0300	6148
9.0350	5655
9.0400	6044
9.0450	5993
9.0500	6517
9.0550	6224
9.0600	5392
9.0650	6365
9.0700	6600
9.0750	5865
9.0800	6182
9.0850	6124
9.0900	5569
9.0950	6170
9.1000	6125
9.1050	5986
9.1100	6347
9.1150	5828
9.1200	6272
9.1250	5468
9.1300	6303
9.1350	6404
9.1400	6348
9.1450	6181
9.1500	6192
9.1550	6347
9.1600	6372
9.1650	6517
9.1700	6405
9.1750	6094
9.1800	6104
9.1850	6349
9.1900	5948
9.1950	6332
9.2000	5717
9.2050	6551
9.2100	5638
9.2150	5959
9.2200	6149
9.2250	6111
9.2300	6357
9.2350	5893
9.2400	6123
9.2450	6105
9.2500	6251
9.2550	5632
9.2600	5759
9.2650	5943
9.2700	5835
9.2750	6057
9.2800	5974
9.2850	6276
9.2900	5378
9.2950	6381
9.3000	6050
9.3050	6116
9.3100	5612
9.3150	6489
9.3200	5686
9.3250	5676
9.3300	5792
9.3350	6128
9.3400	6448
9.3450	5719
9.3500	6528
9.3550	5660
9.3600	5626
9.3650	5906
9.3700	6301
9.3750	5889
9.3800	5631
9.3850	6471
9.3900	5950
9.3950	5488
9.4000	5625
9.4050	6239
9.4100	6493
9.4150	5606
9.4200	6218
9.4250	6256
9.4300	5616
9.4350	6270
9.4400	6502
9.4450	5926
9.4500	5740
9.4550	6159
9.4600	6392
9.4650	5790
9.4700	6022
9.4750	6565
9.4800	6197
9.4850	5864
9.4900	6388
9.4950	5979
9.5000	5772
9.5050	6241
9.5100	6077
9.5150	6257
9.5200	6088
9.5250	5739
9.5300	6283
9.5350	5473
9.5400	5981
9.5450	5806
9.5500	6339
9.5550	6046
9.5600	6159
9.5650	6339
9.5700	5577
9.5750	5527
9.5800	6275
9.5850	6008
9.5900	6530
9.5950	6299
9.6000	5914
9.6050	5392
9.6100	5653
9.6150	6165
9.6200	6287
9.6250	5840
9.6300	6152
9.6350	6440
9.6400	5982
9.6450	5869
9.6500	5678
9.6550	6198
9.6600	5737
9.6650	5995
9.6700	6449
9.6750	6167
9.6800	5697
9.6850	5788
9.6900	5436
9.6950	5773
9.7000	6485
9.7050	6379
9.7100	6527
9.7150	5494
9.7200	5848
9.7250	5740
9.7300	5770
9.7350	6568
9.7400	6198
9.7450	6149
9.7500	5714
9.7550	5662
9.7600	6288
9.7650	5568
9.7700	6568
9.7750	5992
9.7800	5644
9.7850	6268
9.7900	5835
9.7950	6104
9.8000	5528
9.8050	6270
9.8100	6148
9.8150	6522
9.8200	6103
9.8250	6362
9.8300	5839
9.8350	5772
9.8400	6205
9.8450	6278
9.8500	6368
9.8550	5787
9.8600	6390
9.8650	6007
9.8700	5391
9.8750	5752
9.8800	6394
9.8850	6493
9.8900	6309
9.8950	6166
9.9000	6381
9.9050	6162
9.9100	5795
9.9150	5868
9.9200	6215
9.9250	6002
9.9300	5895
9.9350	6290
9.9400	6046
9.9450	5764
9.9500	6544
9.9550	6062
9.9600	5607
9.9650	6257
9.9700	6383
9.9750	5684
9.9800	5828
9.9850	6261
9.9900	5649
9.9950	6059
10.0000	6552
10.0050	6165
10.0100	5911
10.0150	5896
10.0200	6060
10.0250	5683
10.0300	5975
10.0350	6399
10.0400	6589
10.0450	5375
10.0500	6244
10.0550	6349
10.0600	6115
10.0650	5733
10.0700	6220
10.0750	6242
10.0800	6265
10.0850	6023
10.0900	6036
10.0950	6447
10.1000	5462
10.1050	6211
10.1100	6165
10.1150	6086
10.1200	5745
10.1250	5450
10.1300	6372
10.1350	5699
10.1400	5434
10.1450	6321
10.1500	5827
10.1550	5784
10.1600	5773
10.1650	6067
10.1700	5300
10.1750	6054
10.1800	6194
10.1850	6191
10.1900	5296
10.1950	5792
10.2000	6308
10.2050	6035
10.2100	6003
10.2150	5537
10.2200	6571
10.2250	5376
10.2300	5512
10.2350	6288
10.2400	6491
10.2450	6179
10.2500	6202
10.2550	5776
10.2600	5473
10.2650	6016
10.2700	5844
10.2750	6448
10.2800	6014
10.2850	6384
10.2900	6521
10.2950	5720
10.3000	5622
10.3050	5631
10.3100	6581
10.3150	5730
10.3200	6208
10.3250	6234
10.3300	5807
10.3350	5772
10.3400	5466
10.3450	5906
10.3500	5325
10.3550	6320
10.3600	5920
10.3650	5931
10.3700	5844
10.3750	5898
10.3800	5928
10.3850	5968
10.3900	6372
10.3950	6214
10.4000	6590
10.4050	6251
10.4100	5460
10.4150	5656
10.4200	5984
10.4250	6379
10.4300	6074
10.4350	5954
10.4400	6046
10.4450	5760
10.4500	5770
10.4550	5688
10.4600	5383
10.4650	5969
10.4700	6374
10.4750	6255
10.4800	6445
10.4850	5437
10.4900	6089
10.4950	5805
10.5000	5481
10.5050	6315
10.5100	5925
10.5150	6374
10.5200	5472
10.5250	5448
10.5300	5458
10.5350	6302
10.5400	5935
10.5450	5605
10.5500	6450
10.5550	5886
10.5600	5707
10.5650	5731
10.5700	6078
10.5750	5715
10.5800	6559
10.5850	5805
10.5900	6186
10.5950	5794
10.6000	5537
10.6050	6579
10.6100	6023
10.6150	5813
10.6200	6182
10.6250	5902
10.6300	5909
10.6350	5861
10.6400	6292
10.6450	6269
10.6500	5591
10.6550	6354
10.6600	6484
10.6650	6070
10.6700	5753
10.6750	6177
10.6800	5882
10.6850	5896
10.6900	6412
10.6950	6616
10.7000	5597
10.7050	5982
10.7100	6233
10.7150	5744
10.7200	5965
10.7250	6611
10.7300	5599
10.7350	5686
10.7400	6123
10.7450	5962
10.7500	5795
10.7550	5462
10.7600	6523
10.7650	5714
10.7700	5533
10.7750	5745
10.7800	6101
10.7850	5738
10.7900	5725
10.7950	5675
10.8000	6104
10.8050	6109
10.8100	6168
10.8150	6168
10.8200	5684
10.8250	6399
10.8300	5846
10.8350	6558
10.8400	6508
10.8450	5314
10.8500	6421
10.8550	5688
10.8600	6315
10.8650	6041
10.8700	5873
10.8750	6381
10.8800	5679
10.8850	6281
10.8900	5618
10.8950	5761
10.9000	6091
10.9050	5755
10.9100	6052
10.9150	6201
10.9200	6372
10.9250	6136
10.9300	6365
10.9350	6359
10.9400	6077
10.9450	5620
10.9500	5949
10.9550	6463
10.9600	6371
10.9650	5887
10.9700	5533
10.9750	5460
10.9800	5477
10.9850	6504
10.9900	6109
10.9950	6481
11.0000	6024
11.0050	5463
11.0100	5620
11.0150	6088
11.0200	5999
11.0250	5786
11.0300	6513
11.0350	6019
11.0400	5635
11.0450	6275
11.0500	5985
11.0550	6013
11.0600	5691
11.0650	5750
11.0700	5740
11.0750	5620
11.0800	6517
11.0850	6200
11.0900	5918
11.0950	6044
11.1000	5834
11.1050	6221
11.1100	5770
11.1150	5564
11.1200	6183
11.1250	6332
11.1300	6299
11.1350	6404
11.1400	5665
11.1450	5756
11.1500	5727
11.1550	5466
11.1600	5671
11.1650	6304
11.1700	6430
11.1750	5524
11.1800	5451
11.1850	5403
11.1900	5754
11.1950	5679
11.2000	6395
11.2050	5933
11.2100	6032
11.2150	5625
11.2200	5526
11.2250	5806
11.2300	5930
11.2350	6152
11.2400	6191
11.2450	5946
11.2500	5412
11.2550	6181
11.2600	6091
11.2650	6077
11.2700	5602
11.2750	6298
11.2800	5558
11.2850	5713
11.2900	6580
11.2950	5618
11.3000	5586
11.3050	5484
11.3100	6543
11.3150	5672
11.3200	5606
11.3250	6247
11.3300	6208
11.3350	5389
11.3400	5449
11.3450	6657
11.3500	5757
11.3550	5517
11.3600	5903
11.3650	6165
11.3700	5790
11.3750	6359
11.3800	6486
11.3850	5878
11.3900	5757
11.3950	5532
11.4000	6416
11.4050	5536
11.4100	5545
11.4150	6446
11.4200	6195
11.4250	5586
11.4300	5588
11.4350	5501
11.4400	5739
11.4450	5422
11.4500	6176
11.4550	5888
11.4600	5566
11.4650	5784
11.4700	6384
11.4750	5746
11.4800	5617
11.4850	6212
11.4900	6326
11.4950	6413
11.5000	5666
11.5050	6073
11.5100	5560
11.5150	5662
11.5200	5624
11.5250	6207
11.5300	6283
11.5350	5670
11.5400	6309
11.5450	6107
11.5500	5844
11.5550	5590
11.5600	6529
11.5650	6114
11.5700	5614
11.5750	6036
11.5800	5624
11.5850	5970
11.5900	5480
11.5950	6626
11.6000	5587
11.6050	5714
11.6100	5942
11.6150	5742
11.6200	5775
11.6250	5815
11.6300	5805
11.6350	6241
11.6400	5983
11.6450	6446
11.6500	6325
11.6550	5462
11.6600	5519
11.6650	5542
11.6700	6421
11.6750	5923
11.6800	6000
11.6850	5819
11.6900	5487
11.6950	5492
11.7000	5814
11.7050	6269
11.7100	5957
11.7150	5857
11.7200	5741
11.7250	5442
11.7300	5946
11.7350	6442
11.7400	6454
11.7450	5707
11.7500	5575
11.7550	6188
11.7600	5538
11.7650	5547
11.7700	6206
11.7750	6026
11.7800	5827
11.7850	6134
11.7900	5755
11.7950	5886
11.8000	5871
11.8050	5664
11.8100	5949
11.8150	6050
11.8200	6110
11.8250	6130
11.8300	5842
11.8350	5894
11.8400	6308
11.8450	5730
11.8500	6100
11.8550	6466
11.8600	5921
11.8650	6052
11.8700	5485
11.8750	6238
11.8800	5730
11.8850	5661
11.8900	6468
11.8950	5979
11.9000	5572
11.9050	5513
11.9100	6319
11.9150	5708
11.9200	5735
11.9250	5651
11.9300	5874
11.9350	5929
11.9400	6183
11.9450	6581
11.9500	5992
11.9550	5651
11.9600	6275
11.9650	6441
11.9700	6016
11.9750	5590
11.9800	6012
11.9850	5968
11.9900	6115
11.9950	5875
12.0000	6457
12.0050	5592
12.0100	6120
12.0150	5641
12.0200	6539
12.0250	5495
12.0300	6414
12.0350	6475
12.0400	5535
12.0450	5803
12.0500	5547
12.0550	6014
12.0600	5449
12.0650	6303
12.0700	6220
12.0750	5878
12.0800	5691
12.0850	5620
12.0900	5769
12.0950	5855
12.1000	6261
12.1050	6264
12.1100	6486
12.1150	5644
12.1200	5641
12.1250	5850
12.1300	5580
12.1350	5751
12.1400	5727
12.1450	6145
12.1500	5642
12.1550	5726
12.1600	5931
12.1650	5373
12.1700	5404
12.1750	6300
12.1800	5992
12.1850	5960
12.1900	5635
12.1950	5917
12.2000	5702
12.2050	5693
12.2100	6145
12.2150	6001
12.2200	6046
12.2250	5818
12.2300	6207
12.2350	5529
12.2400	6121
12.2450	5566
12.2500	6044
12.2550	5590
12.2600	5621
12.2650	5713
12.2700	5697
12.2750	6194
12.2800	5599
12.2850	6270
12.2900	6054
12.2950	5646
12.3000	5920
12.3050	5542
12.3100	5787
12.3150	5649
12.3200	6060
12.3250	6214
12.3300	5746
12.3350	5643
12.3400	5730
12.3450	5670
12.3500	5650
12.3550	6227
12.3600	6161
12.3650	6200
12.3700	6381
12.3750	5565
12.3800	5444
12.3850	5686
12.3900	6226
12.3950	6501
12.4000	5441
12.4050	5526
12.4100	5695
12.4150	5884
12.4200	5846
12.4250	6352
12.4300	6127
12.4350	5831
12.4400	5843
12.4450	5555
12.4500	6374
12.4550	5914
12.4600	6159
12.4650	6139
12.4700	5863
12.4750	6369
12.4800	5772
12.4850	6464
12.4900	5394
12.4950	5814
12.5000	6216
12.5050	5962
12.5100	6205
12.5150	5836
12.5200	5863
12.5250	5531
12.5300	5632
12.5350	5816
12.5400	5626
12.5450	6545
12.5500	5845
12.5550	5511
12.5600	5860
12.5650	6038
12.5700	5837
12.5750	5859
12.5800	6166
12.5850	5854
12.5900	5594
12.5950	5473
12.6000	6471
12.6050	5322
12.6100	5892
12.6150	5781
12.6200	5688
12.6250	5679
12.6300	5637
12.6350	6227
12.6400	6155
12.6450	5856
12.6500	5486
12.6550	5778
12.6600	6352
12.6650	5673
12.6700	6149
12.6750	6009
12.6800	5771
12.6850	6060
12.6900	5849
12.6950	5736
12.7000	6058
12.7050	5826
12.7100	6187
12.7150	5758
12.7200	6173
12.7250	6035
12.7300	5886
12.7350	6148
12.7400	5985
12.7450	6084
12.7500	6037
12.7550	6400
12.7600	6175
12.7650	5562
12.7700	6565
12.7750	6020
12.7800	6062
12.7850	5607
12.7900	6706
12.7950	6096
12.8000	5510
12.8050	6449
12.8100	6169
12.8150	5917
12.8200	5471
12.8250	5908
12.8300	5520
12.8350	6418
12.8400	6452
12.8450	5784
12.8500	5786
12.8550	5948
12.8600	5954
12.8650	6075
12.8700	6456
12.8750	5726
12.8800	5697
12.8850	6209
12.8900	5597
12.8950	5725
12.9000	6141
12.9050	6021
12.9100	5494
12.9150	5297
12.9200	5738
12.9250	5661
12.9300	5907
12.9350	6408
12.9400	5857
12.9450	5518
12.9500	5728
12.9550	5758
12.9600	5756
12.9650	5415
12.9700	6549
12.9750	6360
12.9800	5478
12.9850	5411
12.9900	5689
12.9950	5932
13.0000	5775
13.0050	5922
13.0100	5932
13.0150	5768
13.0200	5827
13.0250	5596
13.0300	5359
13.0350	5632
13.0400	5933
13.0450	6398
13.0500	5753
13.0550	5513
13.0600	6045
13.0650	5409
13.0700	5430
13.0750	5756
13.0800	6105
13.0850	5770
13.0900	5947
13.0950	5391
13.1000	5498
13.1050	5731
13.1100	5777
13.1150	6580
13.1200	5947
13.1250	5474
13.1300	5684
13.1350	5662
13.1400	6195
13.1450	5544
13.1500	6063
13.1550	6000
13.1600	6028
13.1650	5451
13.1700	5532
13.1750	5782
13.1800	5354
13.1850	5709
13.1900	5949
13.1950	5578
13.2000	6182
13.2050	5868
13.2100	5434
13.2150	5878
13.2200	5645
13.2250	5754
13.2300	5700
13.2350	5651
13.2400	6106
13.2450	5336
13.2500	5435
13.2550	5873
13.2600	5597
13.2650	5939
13.2700	5861
13.2750	5456
13.2800	5329
13.2850	6422
13.2900	5663
13.2950	5610
13.3000	5452
13.3050	5540
13.3100	5727
13.3150	5637
13.3200	6000
13.3250	5921
13.3300	5685
13.3350	6128
13.3400	5836
13.3450	5656
13.3500	5618
13.3550	5947
13.3600	5943
13.3650	5911
13.3700	6309
13.3750	5736
13.3800	5796
13.3850	5569
13.3900	5529
13.3950	6129
13.4000	5974
13.4050	5533
13.4100	5664
13.4150	5496
13.4200	5602
13.4250	6227
13.4300	5743
13.4350	6356
13.4400	5432
13.4450	6246
13.4500	5526
13.4550	5848
13.4600	6418
13.4650	5833
13.4700	5997
13.4750	5638
13.4800	5759
13.4850	6092
13.4900	5417
13.4950	6406
13.5000	6172
13.5050	5977
13.5100	6155
13.5150	5839
13.5200	6325
13.5250	5950
13.5300	5936
13.5350	5966
13.5400	6052
13.5450	6275
13.5500	5629
13.5550	6233
13.5600	6013
13.5650	5687
13.5700	5640
13.5750	5716
13.5800	6364
13.5850	5744
13.5900	5867
13.5950	5563
13.6000	6059
13.6050	5448
13.6100	6199
13.6150	5840
13.6200	6088
13.6250	5780
13.6300	5456
13.6350	5718
13.6400	5704
13.6450	6398
13.6500	5659
13.6550	5805
13.6600	5735
13.6650	5578
13.6700	6263
13.6750	5827
13.6800	6281
13.6850	5589
13.6900	5871
13.6950	5670
13.7000	5674
13.7050	6486
13.7100	5464
13.7150	5852
13.7200	5855
13.7250	5578
13.7300	6027
13.7350	5952
13.7400	6553
13.7450	5985
13.7500	5543
13.7550	6174
13.7600	5814
13.7650	6615
13.7700	5763
13.7750	5527
13.7800	5921
13.7850	5763
13.7900	5794
13.7950	5702
13.8000	5597
13.8050	5884
13.8100	5936
13.8150	5561
13.8200	5519
13.8250	5640
13.8300	6124
13.8350	5627
13.8400	5946
13.8450	5694
13.8500	5815
13.8550	5884
13.8600	5802
13.8650	5660
13.8700	6288
13.8750	5945
13.8800	6108
13.8850	6462
13.8900	5642
13.8950	5677
13.9000	5510
13.9050	5934
13.9100	5630
13.9150	5705
13.9200	6171
13.9250	6299
13.9300	6162
13.9350	5515
13.9400	6019
13.9450	5798
13.9500	5921
13.9550	5612
13.9600	6138
13.9650	6404
13.9700	5653
13.9750	5681
13.9800	5516
13.9850	5906
13.9900	5857
13.9950	6122
14.0000	6276
14.0050	6269
14.0100	5965
14.0150	5776
14.0200	5451
14.0250	6115
14.0300	6418
14.0350	6084
14.0400	6090
14.0450	5450
14.0500	6254
14.0550	5758
14.0600	6022
14.0650	5809
14.0700	5441
14.0750	6152
14.0800	5805
14.0850	6402
14.0900	5561
14.0950	5596
14.1000	5718
14.1050	5571
14.1100	5967
14.1150	5772
14.1200	6557
14.1250	5910
14.1300	6075
14.1350	6255
14.1400	5442
14.1450	6499
14.1500	6109
14.1550	6053
14.1600	5645
14.1650	5914
14.1700	6165
14.1750	6224
14.1800	6497
14.1850	6512
14.1900	5666
14.1950	5472
14.2000	5536
14.2050	6276
14.2100	6407
14.2150	5839
14.2200	6373
14.2250	5768
14.2300	5560
14.2350	5698
14.2400	5933
14.2450	6360
14.2500	5499
14.2550	6409
14.2600	5995
14.2650	6182
14.2700	5943
14.2750	5418
14.2800	6295
14.2850	5712
14.2900	5350
14.2950	5369
14.3000	5630
14.3050	6558
14.3100	5567
14.3150	6299
14.3200	5400
14.3250	5527
14.3300	5599
14.3350	5708
14.3400	6176
14.3450	5822
14.3500	5908
14.3550	5557
14.3600	5613
14.3650	5500
14.3700	5691
14.3750	6010
14.3800	5531
14.3850	5430
14.3900	5635
14.3950	5930
14.4000	5881
14.4050	5587
14.4100	5571
14.4150	5900
14.4200	5736
14.4250	5456
14.4300	5443
14.4350	6349
14.4400	5615
14.4450	5663
14.4500	5881
14.4550	5999
14.4600	5843
14.4650	5610
14.4700	6174
14.4750	5719
14.4800	5906
14.4850	6249
14.4900	6296
14.4950	5406
14.5000	6039
14.5050	6347
14.5100	5905
14.5150	6081
14.5200	6312
14.5250	5657
14.5300	6141
14.5350	5636
14.5400	5764
14.5450	5529
14.5500	6601
14.5550	6298
14.5600	5580
14.5650	5720
14.5700	5668
14.5750	6161
14.5800	5597
14.5850	5720
14.5900	6160
14.5950	5935
14.6000	5632
14.6050	5705
14.6100	5829
14.6150	5739
14.6200	5473
14.6250	6370
14.6300	5867
14.6350	5634
14.6400	5963
14.6450	5368
14.6500	6081
14.6550	5547
14.6600	6299
14.6650	6362
14.6700	5883
14.6750	6222
14.6800	6151
14.6850	6385
14.6900	6027
14.6950	5848
14.7000	6058
14.7050	5767
14.7100	6010
14.7150	5824
14.7200	6201
14.7250	5655
14.7300	6629
14.7350	5552
14.7400	5537
14.7450	6294
14.7500	5938
14.7550	6158
14.7600	5925
14.7650	6287
14.7700	5714
14.7750	5886
14.7800	6350
14.7850	5926
14.7900	6349
14.7950	5647
14.8000	5899
14.8050	5681
14.8100	5847
14.8150	5690
14.8200	6215
14.8250	5998
14.8300	5932
14.8350	5636
14.8400	6268
14.8450	5953
14.8500	6356
14.8550	5940
14.8600	6084
14.8650	5528
14.8700	5696
14.8750	5936
14.8800	5438
14.8850	6472
14.8900	6309
14.8950	5865
14.9000	6394
14.9050	5497
14.9100	5886
14.9150	5654
14.9200	5959
14.9250	6188
14.9300	5740
14.9350	6503
14.9400	5716
14.9450	5496
14.9500	5511
14.9550	6145
14.9600	6194
14.9650	5915
14.9700	5477
14.9750	5847
14.9800	6569
14.9850	6198
14.9900	5753
14.9950	5962
15.0000	6460
15.0050	5403
15.0100	5866
15.0150	5355
15.0200	6259
15.0250	5999
15.0300	6335
15.0350	6240
15.0400	5747
15.0450	5692
15.0500	5780
15.0550	6432
15.0600	5971
15.0650	5422
15.0700	6372
15.0750	5774
15.0800	5724
15.0850	5749
15.0900	6040
15.0950	5935
15.1000	5757
15.1050	5822
15.1100	5789
15.1150	5702
15.1200	6313
15.1250	5484
15.1300	6151
15.1350	5729
15.1400	5767
15.1450	5621
15.1500	5500
15.1550	6311
15.1600	5761
15.1650	5735
15.1700	5722
15.1750	5494
15.1800	5854
15.1850	5553
15.1900	6147
15.1950	5514
15.2000	5656
15.2050	5628
15.2100	5625
15.2150	5401
15.2200	5332
15.2250	6257
15.2300	5697
15.2350	5484
15.2400	5508
15.2450	5813
15.2500	6002
15.2550	5828
15.2600	6555
15.2650	5351
15.2700	5734
15.2750	5667
15.2800	5597
15.2850	5659
15.2900	5992
15.2950	5760
15.3000	5747
15.3050	5638
15.3100	5468
15.3150	5756
15.3200	5813
15.3250	6041
15.3300	6285
15.3350	5776
15.3400	5453
15.3450	5816
15.3500	5650
15.3550	5530
15.3600	5943
15.3650	6030
15.3700	5543
15.3750	5744
15.3800	5754
15.3850	5703
15.3900	5720
15.3950	5422
15.4000	6123
15.4050	5769
15.4100	5697
15.4150	5668
15.4200	5501
15.4250	5585
15.4300	5601
15.4350	6093
15.4400	5528
15.4450	5300
15.4500	6126
15.4550	6024
15.4600	5773
15.4650	5605
15.4700	6205
15.4750	6050
15.4800	5635
15.4850	5975
15.4900	6305
15.4950	5776
15.5000	5829
15.5050	6263
15.5100	5420
15.5150	5735
15.5200	5901
15.5250	6618
15.5300	5912
15.5350	5504
15.5400	6607
15.5450	5659
15.5500	5893
15.5550	5849
15.5600	6532
15.5650	6139
15.5700	5668
15.5750	6037
15.5800	6077
15.5850	5682
15.5900	6213
15.5950	6121
15.6000	5557
15.6050	5774
15.6100	6428
15.6150	6654
15.6200	5792
15.6250	5349
15.6300	6039
15.6350	6193
15.6400	5875
15.6450	5680
15.6500	6096
15.6550	5847
15.6600	5728
15.6650	5915
15.6700	5874
15.6750	6210
15.6800	5759
15.6850	6027
15.6900	6173
15.6950	5980
15.7000	5954
15.7050	6682
15.7100	6391
15.7150	5457
15.7200	6402
15.7250	5594
15.7300	5663
15.7350	6299
15.7400	6384
15.7450	6189
15.7500	5458
15.7550	5373
15.7600	6195
15.7650	6417
15.7700	6228
15.7750	6555
15.7800	5627
15.7850	5600
15.7900	5745
15.7950	5664
15.8000	5959
15.8050	5465
15.8100	5961
15.8150	5865
15.8200	6080
15.8250	5538
15.8300	5566
15.8350	5738
15.8400	5497
15.8450	6096
15.8500	5503
15.8550	5829
15.8600	5906
15.8650	5617
15.8700	5864
15.8750	5682
15.8800	6478
15.8850	5639
15.8900	5761
15.8950	5544
15.9000	5917
15.9050	6065
15.9100	5594
15.9150	6652
15.9200	5656
15.9250	5569
15.9300	6131
15.9350	5525
15.9400	5542
15.9450	5529
15.9500	5991
15.9550	6038
15.9600	5611
15.9650	6210
15.9700	5714
15.9750	5773
15.9800	5469
15.9850	5812
15.9900	6042
15.9950	5842
16.0000	6387
16.0050	5674
16.0100	5489
16.0150	5666
16.0200	5868
16.0250	5772
16.0300	5950
16.0350	6537
16.0400	5595
16.0450	5725
16.0500	5316
16.0550	5812
16.0600	5944
16.0650	6637
16.0700	6513
16.0750	5448
16.0800	5594
16.0850	5567
16.0900	5605
16.0950	5840
16.1000	6263
16.1050	6341
16.1100	6191
16.1150	5412
16.1200	5632
16.1250	5641
16.1300	5706
16.1350	5695
16.1400	5477
16.1450	6017
16.1500	6283
16.1550	5809
16.1600	5537
16.1650	5892
16.1700	5713
16.1750	6376
16.1800	6341
16.1850	6298
16.1900	5291
16.1950	5690
16.2000	6158
16.2050	5502
16.2100	6097
16.2150	6578
16.2200	6655
16.2250	6087
16.2300	6149
16.2350	5508
16.2400	6486
16.2450	5818
16.2500	6487
16.2550	5947
16.2600	6409
16.2650	6473
16.2700	6003
16.2750	6234
16.2800	5518
16.2850	6150
16.2900	6152
16.2950	6144
16.3000	6290
16.3050	6008
16.3100	6388
16.3150	5561
16.3200	5738
16.3250	5937
16.3300	5848
16.3350	6608
16.3400	6146
16.3450	5734
16.3500	5681
16.3550	6410
16.3600	5608
16.3650	5695
16.3700	6141
16.3750	6033
16.3800	6180
16.3850	5679
16.3900	6102
16.3950	5536
16.4000	5797
16.4050	5528
16.4100	5573
16.4150	6052
16.4200	5703
16.4250	6189
16.4300	5625
16.4350	5494
16.4400	6279
16.4450	5853
16.4500	6197
16.4550	5937
16.4600	6367
16.4650	6045
16.4700	5809
16.4750	5653
16.4800	5971
16.4850	6068
16.4900	5587
16.4950	6216
16.5000	6313
16.5050	5658
16.5100	5783
16.5150	6643
16.5200	6551
16.5250	5308
16.5300	5978
16.5350	6511
16.5400	6022
16.5450	6269
16.5500	6005
16.5550	6615
16.5600	5902
16.5650	5907
16.5700	5600
16.5750	5545
16.5800	5622
16.5850	5994
16.5900	5888
16.5950	5989
16.6000	6454
16.6050	5969
16.6100	5745
16.6150	5477
16.6200	6420
16.6250	6517
16.6300	5860
16.6350	6458
16.6400	6321
16.6450	5647
16.6500	5887
16.6550	6251
16.6600	6389
16.6650	5909
16.6700	5887
16.6750	6367
16.6800	5422
16.6850	5470
16.6900	6172
16.6950	6636
16.7000	6303
16.7050	5964
16.7100	6130
16.7150	6498
16.7200	5969
16.7250	5799
16.7300	5567
16.7350	6465
16.7400	5514
16.7450	6571
16.7500	6225
16.7550	5611
16.7600	5789
16.7650	5572
16.7700	6204
16.7750	6241
16.7800	6116
16.7850	6148
16.7900	5898
16.7950	5613
16.8000	5789
16.8050	6419
16.8100	6237
16.8150	6276
16.8200	6019
16.8250	5893
16.8300	5971
16.8350	5680
16.8400	5707
16.8450	5890
16.8500	6593
16.8550	6378
16.8600	6293
16.8650	5906
16.8700	5629
16.8750	5883
16.8800	5813
16.8850	6223
16.8900	6231
16.8950	6513
16.9000	6206
16.9050	6230
16.9100	5674
16.9150	5636
16.9200	6418
16.9250	6287
16.9300	5640
16.9350	6361
16.9400	6350
16.9450	5588
16.9500	5547
16.9550	6246
16.9600	6159
16.9650	5984
16.9700	6101
16.9750	5880
16.9800	5886
16.9850	5778
16.9900	6512
16.9950	6118
17.0000	5385
17.0050	5544
17.0100	6289
17.0150	5792
17.0200	5636
17.0250	6340
17.0300	6210
17.0350	5534
17.0400	5506
17.0450	6234
17.0500	5743
17.0550	6030
17.0600	6039
17.0650	5999
17.0700	5763
17.0750	5997
17.0800	6609
17.0850	6043
17.0900	5869
17.0950	5658
17.1000	6207
17.1050	5730
17.1100	5686
17.1150	6546
17.1200	5984
17.1250	5807
17.1300	6002
17.1350	6410
17.1400	5790
17.1450	5728
17.1500	6092
17.1550	6171
17.1600	6139
17.1650	6519
17.1700	6439
17.1750	5573
17.1800	5429
17.1850	5995
17.1900	6006
17.1950	6375
17.2000	6260
17.2050	5933
17.2100	5988
17.2150	6148
17.2200	5469
17.2250	6087
17.2300	6087
17.2350	6705
17.2400	5470
17.2450	5635
17.2500	5606
17.2550	5864
17.2600	5723
17.2650	6015
17.2700	5653
17.2750	5646
17.2800	6214
17.2850	5658
17.2900	5721
17.2950	5463
17.3000	5956
17.3050	5527
17.3100	5990
17.3150	5896
17.3200	6461
17.3250	5967
17.3300	5501
17.3350	5695
17.3400	5430
17.3450	6580
17.3500	5663
17.3550	6356
17.3600	5387
17.3650	5454
17.3700	5533
17.3750	5868
17.3800	6325
17.3850	5985
17.3900	6590
17.3950	6257
17.4000	5643
17.4050	5973
17.4100	6342
17.4150	6364
17.4200	6038
17.4250	5901
17.4300	6198
17.4350	6506
17.4400	5822
17.4450	5977
17.4500	6031
17.4550	6253
17.4600	6501
17.4650	6132
17.4700	6496
17.4750	5858
17.4800	5750
17.4850	5536
17.4900	6149
17.4950	6258
17.5000	5768
17.5050	6612
17.5100	5904
17.5150	5694
17.5200	5984
17.5250	6727
17.5300	6009
17.5350	5890
17.5400	6045
17.5450	5618
17.5500	6059
17.5550	6417
17.5600	6582
17.5650	5993
17.5700	5962
17.5750	5952
17.5800	5559
17.5850	5615
17.5900	6072
17.5950	6447
17.6000	6109
17.6050	5836
17.6100	6304
17.6150	5802
17.6200	5914
17.6250	5866
17.6300	5439
17.6350	6233
17.6400	6480
17.6450	6037
17.6500	5694
17.6550	5635
17.6600	5752
17.6650	5412
17.6700	5644
17.6750	6401
17.6800	6277
17.6850	6315
17.6900	5509
17.6950	5419
17.7000	5530
17.7050	5643
17.7100	6198
17.7150	6563
17.7200	6235
17.7250	5817
17.7300	6130
17.7350	5695
17.7400	5965
17.7450	5476
17.7500	6357
17.7550	6225
17.7600	6370
17.7650	6339
17.7700	5688
17.7750	6056
17.7800	5606
17.7850	6092
17.7900	6212
17.7950	6108
17.8000	6277
17.8050	6579
17.8100	5806
17.8150	5709
17.8200	6197
17.8250	6612
17.8300	6355
17.8350	5942
17.8400	6589
17.8450	5462
17.8500	5557
17.8550	5591
17.8600	5877
17.8650	6375
17.8700	5909
17.8750	6133
17.8800	5848
17.8850	5720
17.8900	5808
17.8950	5905
17.9000	5433
17.9050	5927
17.9100	6783
17.9150	6557
17.9200	5819
17.9250	5505
17.9300	6385
17.9350	5823
17.9400	5759
17.9450	6380
17.9500	6225
17.9550	5815
17.9600	5615
17.9650	6062
17.9700	5505
17.9750	6012
17.9800	5892
17.9850	6156
17.9900	5678
17.9950	5661
18.0000	6479
18.0050	6525
18.0100	6237
18.0150	5351
18.0200	6322
18.0250	5566
18.0300	5420
18.0350	6214
18.0400	6031
18.0450	5597
18.0500	5357
18.0550	6275
18.0600	5488
18.0650	6078
18.0700	6470
18.0750	5597
18.0800	5403
18.0850	5564
18.0900	6594
18.0950	6006
18.1000	6224
18.1050	5814
18.1100	5902
18.1150	5585
18.1200	5442
18.1250	5777
18.1300	5635
18.1350	5732
18.1400	5522
18.1450	5422
18.1500	5401
18.1550	5822
18.1600	6515
18.1650	6326
18.1700	5648
18.1750	5522
18.1800	5936
18.1850	5947
18.1900	5655
18.1950	6205
18.2000	6411
18.2050	5881
18.2100	6358
18.2150	5868
18.2200	5751
18.2250	5751
18.2300	5625
18.2350	6301
18.2400	6214
18.2450	6342
18.2500	6184
18.2550	5730
18.2600	5670
18.2650	5841
18.2700	5722
18.2750	6571
18.2800	6096
18.2850	6219
18.2900	5544
18.2950	5816
18.3000	6389
18.3050	5681
18.3100	5393
18.3150	6288
18.3200	6195
18.3250	5419
18.3300	6057
18.3350	5736
18.3400	6163
18.3450	5686
18.3500	5497
18.3550	6312
18.3600	5755
18.3650	6063
18.3700	5792
18.3750	6201
18.3800	5562
18.3850	5887
18.3900	5880
18.3950	6075
18.4000	5821
18.4050	6123
18.4100	5944
18.4150	5621
18.4200	6337
18.4250	6262
18.4300	5675
18.4350	5720
18.4400	6060
18.4450	5996
18.4500	6499
18.4550	6297
18.4600	6362
18.4650	5345
18.4700	5653
18.4750	6165
18.4800	6247
18.4850	6002
18.4900	6022
18.4950	6511
18.5000	5529
18.5050	5392
18.5100	5612
18.5150	6156
18.5200	6248
18.5250	6261
18.5300	5567
18.5350	5491
18.5400	5950
18.5450	5666
18.5500	6537
18.5550	5865
18.5600	6422
18.5650	6062
18.5700	6441
18.5750	6065
18.5800	5944
18.5850	6426
18.5900	5961
18.5950	5942
18.6000	5700
18.6050	6417
18.6100	6006
18.6150	5530
18.6200	6000
18.6250	5902
18.6300	6380
18.6350	6610
18.6400	6562
18.6450	5319
18.6500	5695
18.6550	6471
18.6600	6205
18.6650	5770
18.6700	6020
18.6750	6762
18.6800	5891
18.6850	5534
18.6900	6118
18.6950	6352
18.7000	5866
18.7050	5936
18.7100	6105
18.7150	6293
18.7200	5926
18.7250	6643
18.7300	6313
18.7350	5994
18.7400	6284
18.7450	6387
18.7500	5764
18.7550	6354
18.7600	5442
18.7650	6156
18.7700	5729
18.7750	6412
18.7800	5570
18.7850	5705
18.7900	6036
18.7950	5640
18.8000	5576
18.8050	5559
18.8100	6473
18.8150	6276
18.8200	6356
18.8250	5402
18.8300	5426
18.8350	5651
18.8400	5917
18.8450	6375
18.8500	6256
18.8550	6441
18.8600	5731
18.8650	5924
18.8700	5674
18.8750	5599
18.8800	5967
18.8850	6013
18.8900	6227
18.8950	5497
18.9000	6629
18.9050	5815
18.9100	5689
18.9150	5594
18.9200	6429
18.9250	5999
18.9300	6275
18.9350	6576
18.9400	5633
18.9450	5617
18.9500	5633
18.9550	6199
18.9600	6376
18.9650	5904
18.9700	6117
18.9750	6270
18.9800	5435
18.9850	5473
18.9900	6019
18.9950	6168
19.0000	6254
19.0050	5791
19.0100	5769
19.0150	6103
19.0200	5657
19.0250	6061
19.0300	5691
19.0350	5600
19.0400	6158
19.0450	5661
19.0500	6299
19.0550	5747
19.0600	5981
19.0650	5783
19.0700	5403
19.0750	5621
19.0800	5914
19.0850	6268
19.0900	5499
19.0950	6178
19.1000	6081
19.1050	5718
19.1100	5904
19.1150	6350
19.1200	5541
19.1250	5615
19.1300	6307
19.1350	6176
19.1400	6126
19.1450	5774
19.1500	6364
19.1550	5887
19.1600	5517
19.1650	5442
19.1700	6447
19.1750	5873
19.1800	6162
19.1850	6277
19.1900	5503
19.1950	5627
19.2000	5768
19.2050	6592
19.2100	5361
19.2150	6151
19.2200	6359
19.2250	6395
19.2300	5647
19.2350	5937
19.2400	6571
19.2450	5614
19.2500	5634
19.2550	6408
19.2600	6412
19.2650	5865
19.2700	6333
19.2750	5976
19.2800	5348
19.2850	5963
19.2900	6357
19.2950	6448
19.3000	5574
19.3050	6082
19.3100	6316
19.3150	5717
19.3200	5601
19.3250	6115
19.3300	5863
19.3350	5742
19.3400	6341
19.3450	5871
19.3500	6318
19.3550	5837
19.3600	6123
19.3650	5795
19.3700	5510
19.3750	6442
19.3800	5820
19.3850	6428
19.3900	5410
19.3950	5991
19.4000	5960
19.4050	5461
19.4100	6349
19.4150	5909
19.4200	6560
19.4250	5570
19.4300	5549
19.4350	6363
19.4400	5638
19.4450	6419
19.4500	6329
19.4550	6231
19.4600	5911
19.4650	6366
19.4700	6328
19.4750	5874
19.4800	5417
19.4850	6384
19.4900	6464
19.4950	5948
19.5000	6421
19.5050	6396
19.5100	5937
19.5150	5607
19.5200	6140
19.5250	6227
19.5300	6460
19.5350	5781
19.5400	6374
19.5450	5921
19.5500	5584
19.5550	6326
19.5600	6395
19.5650	6351
19.5700	5550
19.5750	6141
19.5800	5853
19.5850	6379
19.5900	5843
19.5950	6196
19.6000	5932
19.6050	5600
19.6100	6240
19.6150	6309
19.6200	6479
19.6250	5853
19.6300	6321
19.6350	5520
19.6400	5755
19.6450	6581
19.6500	6520
19.6550	6335
19.6600	5445
19.6650	5863
19.6700	6037
19.6750	5766
19.6800	6596
19.6850	5882
19.6900	6411
19.6950	5690
19.7000	6441
19.7050	6280
19.7100	5955
19.7150	6560
19.7200	6109
19.7250	5952
19.7300	5418
19.7350	6298
19.7400	6476
19.7450	5892
19.7500	6239
19.7550	6175
19.7600	6257
19.7650	5544
19.7700	6512
19.7750	5852
19.7800	5935
19.7850	6356
19.7900	6308
19.7950	6297
19.8000	5802
19.8050	6552
19.8100	5649
19.8150	5498
19.8200	6216
19.8250	6536
19.8300	6549
19.8350	6538
19.8400	5940
19.8450	6007
19.8500	5810
19.8550	6336
19.8600	6571
19.8650	5504
19.8700	6582
19.8750	6307
19.8800	5608
19.8850	5340
19.8900	6188
19.8950	6251
19.9000	5620
19.9050	6260
19.9100	6260
19.9150	6153
19.9200	5924
19.9250	6226
19.9300	5588
19.9350	5726
19.9400	6281
19.9450	6532
19.9500	6076
19.9550	5826
19.9600	6186
19.9650	5987
19.9700	5672
19.9750	5699
19.9800	6463
19.9850	5862
19.9900	5813
19.9950	6079
