0.0000	6101
0.0050	6328
0.0100	6447
0.0150	6135
0.0200	6701
0.0250	6100
0.0300	6265
0.0350	6112
0.0400	6275
0.0450	6464
0.0500	6221
0.0550	6124
0.0600	6239
0.0650	6361
0.0700	6238
0.0750	6373
0.0800	5805
0.0850	6138
0.0900	5569
0.0950	6299
0.1000	6259
0.1050	6229
0.1100	6406
0.1150	5617
0.1200	6250
0.1250	6333
0.1300	6325
0.1350	6381
0.1400	6151
0.1450	6096
0.1500	5469
0.1550	6294
0.1600	6508
0.1650	6570
0.1700	6113
0.1750	5952
0.1800	6201
0.1850	5753
0.1900	6374
0.1950	5617
0.2000	6535
0.2050	6475
0.2100	5873
0.2150	5895
0.2200	5461
0.2250	6467
0.2300	5566
0.2350	5710
0.2400	6098
0.2450	5701
0.2500	5549
0.2550	6302
0.2600	5832
0.2650	6487
0.2700	5794
0.2750	6169
0.2800	5883
0.2850	5686
0.2900	6474
0.2950	6058
0.3000	6407
0.3050	6129
0.3100	5842
0.3150	6563
0.3200	5729
0.3250	6085
0.3300	5694
0.3350	6326
0.3400	6252
0.3450	5646
0.3500	6136
0.3550	5789
0.3600	6309
0.3650	5916
0.3700	6593
0.3750	6112
0.3800	5980
0.3850	6339
0.3900	5789
0.3950	6128
0.4000	6286
0.4050	5747
0.4100	6195
0.4150	5425
0.4200	5712
0.4250	6102
0.4300	5552
0.4350	6319
0.4400	5489
0.4450	5859
0.4500	6138
0.4550	5687
0.4600	6210
0.4650	6256
0.4700	6263
0.4750	5452
0.4800	5616
0.4850	6248
0.4900	5587
0.4950	6370
0.5000	5537
0.5050	6207
0.5100	5663
0.5150	6328
0.5200	6311
0.5250	5651
0.5300	6099
0.5350	5895
0.5400	6067
0.5450	6470
0.5500	6478
0.5550	5577
0.5600	5826
0.5650	5782
0.5700	6367
0.5750	5683
0.5800	5946
0.5850	5695
0.5900	5656
0.5950	5979
0.6000	5733
0.6050	5611
0.6100	5780
0.6150	6268
0.6200	5943
0.6250	5661
0.6300	5966
0.6350	5571
0.6400	5736
0.6450	5891
0.6500	5852
0.6550	5874
0.6600	5797
0.6650	6393
0.6700	5611
0.6750	6029
0.6800	5666
0.6850	5677
0.6900	6004
0.6950	5825
0.7000	6110
0.7050	5670
0.7100	5487
0.7150	6148
0.7200	5981
0.7250	5641
0.7300	6384
0.7350	5532
0.7400	5997
0.7450	5686
0.7500	6541
0.7550	6085
0.7600	5457
0.7650	6135
0.7700	6065
0.7750	6243
0.7800	5957
0.7850	6204
0.7900	6354
0.7950	5722
0.8000	5465
0.8050	5888
0.8100	6171
0.8150	6224
0.8200	6119
0.8250	6202
0.8300	5704
0.8350	5571
0.8400	5807
0.8450	5945
0.8500	5513
0.8550	5682
0.8600	6119
0.8650	6203
0.8700	5839
0.8750	5488
0.8800	5979
0.8850	5732
0.8900	5818
0.8950	5548
0.9000	6283
0.9050	6010
0.9100	5776
0.9150	6092
0.9200	5577
0.9250	6514
0.9300	5958
0.9350	6235
0.9400	6224
0.9450	5954
0.9500	6061
0.9550	5746
0.9600	5818
0.9650	6146
0.9700	6697
0.9750	5773
0.9800	5797
0.9850	6058
0.9900	6191
0.9950	6280
1.0000	5780
1.0050	5361
1.0100	6285
1.0150	5753
1.0200	6334
1.0250	6466
1.0300	5377
1.0350	6362
1.0400	5469
1.0450	5555
1.0500	5898
1.0550	5698
1.0600	5833
1.0650	5817
1.0700	6291
1.0750	5847
1.0800	6296
1.0850	6439
1.0900	5794
1.0950	5727
1.1000	5748
1.1050	6346
1.1100	6317
1.1150	6191
1.1200	6179
1.1250	6472
1.1300	6135
1.1350	6006
1.1400	5994
1.1450	6431
1.1500	5666
1.1550	5639
1.1600	6073
1.1650	6310
1.1700	5985
1.1750	6197
1.1800	5896
1.1850	5516
1.1900	6398
1.1950	6514
1.2000	6527
1.2050	5777
1.2100	5592
1.2150	6524
1.2200	5546
1.2250	5729
1.2300	6419
1.2350	6082
1.2400	6252
1.2450	6114
1.2500	5872
1.2550	6061
1.2600	5822
1.2650	6780
1.2700	6396
1.2750	5559
1.2800	6315
1.2850	5879
1.2900	6018
1.2950	6397
1.3000	5551
1.3050	6215
1.3100	5932
1.3150	6293
1.3200	6306
1.3250	6096
1.3300	6395
1.3350	5900
1.3400	5652
1.3450	5755
1.3500	6239
1.3550	6502
1.3600	6334
1.3650	6011
1.3700	6350
1.3750	6116
1.3800	6653
1.3850	6175
1.3900	6153
1.3950	6345
1.4000	6362
1.4050	6453
1.4100	5611
1.4150	5952
1.4200	5929
1.4250	5370
1.4300	6236
1.4350	6385
1.4400	6521
1.4450	6597
1.4500	5765
1.4550	5765
1.4600	5548
1.4650	5924
1.4700	6117
1.4750	6016
1.4800	5647
1.4850	5599
1.4900	6032
1.4950	6215
1.5000	5750
1.5050	5886
1.5100	6404
1.5150	6374
1.5200	5989
1.5250	6065
1.5300	6581
1.5350	6633
1.5400	5821
1.5450	5636
1.5500	6370
1.5550	5967
1.5600	6321
1.5650	6585
1.5700	6277
1.5750	5728
1.5800	6129
1.5850	5786
1.5900	5981
1.5950	5791
1.6000	5794
1.6050	5870
1.6100	6255
1.6150	6156
1.6200	6344
1.6250	6305
1.6300	5578
1.6350	5837
1.6400	6207
1.6450	5872
1.6500	6328
1.6550	6554
1.6600	5758
1.6650	6427
1.6700	6328
1.6750	5538
1.6800	5532
1.6850	6062
1.6900	6445
1.6950	5701
1.7000	5587
1.7050	6105
1.7100	6285
1.7150	6084
1.7200	6024
1.7250	6395
1.7300	6089
1.7350	5910
1.7400	6364
1.7450	6015
1.7500	6020
1.7550	6380
1.7600	5658
1.7650	6050
1.7700	6152
1.7750	5999
1.7800	5992
1.7850	5518
1.7900	6084
1.7950	5668
1.8000	6420
1.8050	6469
1.8100	6055
1.8150	6132
1.8200	5649
1.8250	6070
1.8300	6037
1.8350	6117
1.8400	5479
1.8450	5705
1.8500	6407
1.8550	6355
1.8600	5601
1.8650	6049
1.8700	5953
1.8750	5630
1.8800	6294
1.8850	5700
1.8900	5927
1.8950	6084
1.9000	6389
1.9050	6156
1.9100	5769
1.9150	5961
1.9200	5947
1.9250	6047
1.9300	5828
1.9350	6320
1.9400	5973
1.9450	5821
1.9500	5766
1.9550	5578
1.9600	6026
1.9650	6520
1.9700	6159
1.9750	6336
1.9800	5617
1.9850	5954
1.9900	5810
1.9950	5948
2.0000	6262
2.0050	6167
2.0100	5664
2.0150	6348
2.0200	5897
2.0250	6103
2.0300	5705
2.0350	5637
2.0400	6365
2.0450	5723
2.0500	6247
2.0550	6203
2.0600	6261
2.0650	5699
2.0700	5875
2.0750	6052
2.0800	6413
2.0850	5855
2.0900	5831
2.0950	6034
2.1000	5914
2.1050	6376
2.1100	5973
2.1150	5651
2.1200	5684
2.1250	5948
2.1300	5757
2.1350	6016
2.1400	6673
2.1450	6170
2.1500	5400
2.1550	5971
2.1600	5845
2.1650	6448
2.1700	5788
2.1750	5363
2.1800	6262
2.1850	6087
2.1900	6126
2.1950	5726
2.2000	6146
2.2050	5761
2.2100	5562
2.2150	5702
2.2200	6671
2.2250	5919
2.2300	5784
2.2350	5968
2.2400	5554
2.2450	5953
2.2500	5672
2.2550	6278
2.2600	5894
2.2650	5568
2.2700	5632
2.2750	5659
2.2800	5715
2.2850	6015
2.2900	5688
2.2950	5750
2.3000	6040
2.3050	6322
2.3100	5971
2.3150	5524
2.3200	5757
2.3250	6226
2.3300	5569
2.3350	5818
2.3400	6526
2.3450	6383
2.3500	5906
2.3550	6173
2.3600	6144
2.3650	6358
2.3700	5950
2.3750	6396
2.3800	6366
2.3850	5876
2.3900	5979
2.3950	6224
2.4000	5958
2.4050	5413
2.4100	6434
2.4150	6061
2.4200	5617
2.4250	5901
2.4300	6366
2.4350	5789
2.4400	5602
2.4450	5451
2.4500	6303
2.4550	5751
2.4600	5944
2.4650	6154
2.4700	5320
2.4750	5520
2.4800	5790
2.4850	6409
2.4900	5781
2.4950	5961
2.5000	6044
2.5050	5787
2.5100	6174
2.5150	6218
2.5200	6082
2.5250	5947
2.5300	5651
2.5350	5261
2.5400	5528
2.5450	6291
2.5500	6466
2.5550	6420
2.5600	5599
2.5650	5849
2.5700	5807
2.5750	5709
2.5800	6132
2.5850	6346
2.5900	6217
2.5950	5677
2.6000	5672
2.6050	5883
2.6100	6192
2.6150	5863
2.6200	5564
2.6250	6056
2.6300	6455
2.6350	5787
2.6400	5952
2.6450	6232
2.6500	5610
2.6550	5594
2.6600	6622
2.6650	6556
2.6700	6628
2.6750	5372
2.6800	5897
2.6850	6162
2.6900	6019
2.6950	6092
2.7000	5766
2.7050	6568
2.7100	5972
2.7150	5840
2.7200	6422
2.7250	5836
2.7300	5822
2.7350	5854
2.7400	6216
2.7450	6302
2.7500	6668
2.7550	6390
2.7600	6510
2.7650	5674
2.7700	6232
2.7750	5591
2.7800	6260
2.7850	6321
2.7900	5630
2.7950	6151
2.8000	5390
2.8050	5954
2.8100	5422
2.8150	6103
2.8200	6600
2.8250	5614
2.8300	5349
2.8350	5825
2.8400	5929
2.8450	5781
2.8500	5732
2.8550	6135
2.8600	5868
2.8650	5781
2.8700	6405
2.8750	5625
2.8800	6106
2.8850	5724
2.8900	6338
2.8950	5469
2.9000	5885
2.9050	6516
2.9100	6245
2.9150	5733
2.9200	5762
2.9250	6095
2.9300	5894
2.9350	6418
2.9400	6367
2.9450	6267
2.9500	5733
2.9550	5702
2.9600	5875
2.9650	5809
2.9700	6032
2.9750	5940
2.9800	6030
2.9850	5731
2.9900	5788
2.9950	6530
3.0000	5783
3.0050	6440
3.0100	5767
3.0150	5346
3.0200	5850
3.0250	6008
3.0300	6537
3.0350	5898
3.0400	6341
3.0450	6030
3.0500	6007
3.0550	5712
3.0600	5420
3.0650	6697
3.0700	6400
3.0750	5468
3.0800	5828
3.0850	5760
3.0900	6160
3.0950	5499
3.1000	5799
3.1050	6073
3.1100	6245
3.1150	5903
3.1200	5747
3.1250	6057
3.1300	5566
3.1350	6083
3.1400	5893
3.1450	5895
3.1500	6046
3.1550	5712
3.1600	5899
3.1650	5786
3.1700	6102
3.1750	6316
3.1800	5714
3.1850	5959
3.1900	5396
3.1950	5511
3.2000	5970
3.2050	6091
3.2100	5661
3.2150	5609
3.2200	5860
3.2250	5717
3.2300	5913
3.2350	5707
3.2400	5406
3.2450	6379
3.2500	5834
3.2550	5951
3.2600	5778
3.2650	5691
3.2700	6068
3.2750	6196
3.2800	5567
3.2850	5495
3.2900	5885
3.2950	6493
3.3000	5725
3.3050	5828
3.3100	5770
3.3150	5970
3.3200	5615
3.3250	5790
3.3300	5404
3.3350	5833
3.3400	5738
3.3450	5706
3.3500	5696
3.3550	5545
3.3600	5960
3.3650	6020
3.3700	5446
3.3750	5403
3.3800	5984
3.3850	6149
3.3900	6216
3.3950	6170
3.4000	6408
3.4050	5984
3.4100	5636
3.4150	6532
3.4200	5791
3.4250	6546
3.4300	5612
3.4350	6125
3.4400	6233
3.4450	5957
3.4500	5770
3.4550	5761
3.4600	5511
3.4650	6146
3.4700	5916
3.4750	6426
3.4800	6422
3.4850	5916
3.4900	6146
3.4950	6078
3.5000	6599
3.5050	5761
3.5100	5598
3.5150	6547
3.5200	6078
3.5250	6413
3.5300	5840
3.5350	6460
3.5400	5933
3.5450	5514
3.5500	5367
3.5550	5781
3.5600	5901
3.5650	5898
3.5700	6269
3.5750	5721
3.5800	5986
3.5850	6230
3.5900	6255
3.5950	5740
3.6000	6112
3.6050	6435
3.6100	5961
3.6150	5573
3.6200	5571
3.6250	5555
3.6300	6595
3.6350	6301
3.6400	5424
3.6450	5599
3.6500	5672
3.6550	5953
3.6600	5678
3.6650	6396
3.6700	5975
3.6750	5547
3.6800	5883
3.6850	5991
3.6900	6146
3.6950	5849
3.7000	6453
3.7050	6266
3.7100	5741
3.7150	5491
3.7200	6538
3.7250	6035
3.7300	5647
3.7350	5476
3.7400	6452
3.7450	6064
3.7500	5715
3.7550	5495
3.7600	5616
3.7650	5673
3.7700	5870
3.7750	6406
3.7800	5536
3.7850	5869
3.7900	5511
3.7950	5812
3.8000	5602
3.8050	6292
3.8100	5681
3.8150	5395
3.8200	6110
3.8250	5420
3.8300	5854
3.8350	6130
3.8400	5937
3.8450	5927
3.8500	5469
3.8550	5874
3.8600	6238
3.8650	5826
3.8700	6101
3.8750	5813
3.8800	5669
3.8850	6462
3.8900	5560
3.8950	5680
3.9000	5732
3.9050	5616
3.9100	5649
3.9150	5541
3.9200	5736
3.9250	6785
3.9300	5891
3.9350	5584
3.9400	5534
3.9450	6171
3.9500	5916
3.9550	5866
3.9600	6101
3.9650	6467
3.9700	5661
3.9750	5809
3.9800	5850
3.9850	5631
3.9900	6547
3.9950	5579
4.0000	6126
4.0050	6176
4.0100	5618
4.0150	5691
4.0200	5657
4.0250	5874
4.0300	6114
4.0350	6080
4.0400	5943
4.0450	5840
4.0500	5707
4.0550	5658
4.0600	5771
4.0650	6274
4.0700	5786
4.0750	5477
4.0800	5674
4.0850	5567
4.0900	6331
4.0950	5931
4.1000	6119
4.1050	5942
4.1100	5604
4.1150	5896
4.1200	5848
4.1250	6480
4.1300	5730
4.1350	6573
4.1400	5835
4.1450	6404
4.1500	6166
4.1550	5847
4.1600	6580
4.1650	5596
4.1700	6113
4.1750	5749
4.1800	6053
4.1850	6091
4.1900	5719
4.1950	6112
4.2000	5738
4.2050	5648
4.2100	6004
4.2150	6125
4.2200	6603
4.2250	5695
4.2300	5949
4.2350	5454
4.2400	5651
4.2450	5903
4.2500	6086
4.2550	5626
4.2600	6456
4.2650	6000
4.2700	5919
4.2750	5787
4.2800	5661
4.2850	6682
4.2900	5678
4.2950	6159
4.3000	5541
4.3050	5877
4.3100	5921
4.3150	5805
4.3200	5585
4.3250	5856
4.3300	5552
4.3350	5736
4.3400	5721
4.3450	5708
4.3500	5837
4.3550	5647
4.3600	5533
4.3650	5653
4.3700	5716
4.3750	5854
4.3800	6141
4.3850	5767
4.3900	5440
4.3950	5861
4.4000	6361
4.4050	6203
4.4100	6116
4.4150	5683
4.4200	5851
4.4250	5858
4.4300	5704
4.4350	5751
4.4400	5601
4.4450	6384
4.4500	6428
4.4550	5814
4.4600	5945
4.4650	5868
4.4700	5835
4.4750	5613
4.4800	5520
4.4850	6313
4.4900	6380
4.4950	5891
4.5000	6160
4.5050	5970
4.5100	5929
4.5150	5770
4.5200	5924
4.5250	5477
4.5300	6609
4.5350	5583
4.5400	6289
4.5450	5957
4.5500	5801
4.5550	5741
4.5600	5627
4.5650	5497
4.5700	6265
4.5750	5814
4.5800	6481
4.5850	5857
4.5900	5447
4.5950	5660
4.6000	6081
4.6050	5635
4.6100	5972
4.6150	5450
4.6200	6231
4.6250	5737
4.6300	5560
4.6350	5890
4.6400	5676
4.6450	5705
4.6500	5703
4.6550	5632
4.6600	5894
4.6650	6516
4.6700	6271
4.6750	5803
4.6800	5366
4.6850	5657
4.6900	6400
4.6950	5642
4.7000	6620
4.7050	5515
4.7100	6474
4.7150	5924
4.7200	5798
4.7250	6151
4.7300	5645
4.7350	5842
4.7400	5777
4.7450	5487
4.7500	5786
4.7550	5785
4.7600	6147
4.7650	5631
4.7700	5882
4.7750	5810
4.7800	6112
4.7850	6511
4.7900	5825
4.7950	6046
4.8000	5895
4.8050	6231
4.8100	5608
4.8150	6488
4.8200	5507
4.8250	6429
4.8300	5985
4.8350	5366
4.8400	6175
4.8450	6240
4.8500	6279
4.8550	6017
4.8600	5925
4.8650	5578
4.8700	5979
4.8750	5948
4.8800	6194
4.8850	5690
4.8900	5873
4.8950	5601
4.9000	6197
4.9050	5789
4.9100	5683
4.9150	5756
4.9200	5772
4.9250	5854
4.9300	5699
4.9350	6075
4.9400	6513
4.9450	5993
4.9500	5555
4.9550	5803
4.9600	5777
4.9650	5839
4.9700	5989
4.9750	6319
4.9800	5763
4.9850	6057
4.9900	5788
4.9950	6238
5.0000	5987
5.0050	5809
5.0100	5419
5.0150	5298
5.0200	5561
5.0250	5689
5.0300	5752
5.0350	5526
5.0400	5710
5.0450	6005
5.0500	5779
5.0550	6026
5.0600	6461
5.0650	5932
5.0700	5912
5.0750	5596
5.0800	5698
5.0850	6120
5.0900	6087
5.0950	5674
5.1000	6337
5.1050	5723
5.1100	6037
5.1150	5805
5.1200	5817
5.1250	6488
5.1300	6065
5.1350	5460
5.1400	6600
5.1450	5988
5.1500	5534
5.1550	5315
5.1600	6480
5.1650	6330
5.1700	5639
5.1750	5653
5.1800	6293
5.1850	6618
5.1900	5434
5.1950	6191
5.2000	6196
5.2050	6279
5.2100	6624
5.2150	5825
5.2200	6105
5.2250	6377
5.2300	5917
5.2350	6132
5.2400	5935
5.2450	6318
5.2500	6306
5.2550	6157
5.2600	6440
5.2650	6108
5.2700	5654
5.2750	6035
5.2800	6340
5.2850	6184
5.2900	5842
5.2950	6412
5.3000	5828
5.3050	6288
5.3100	6028
5.3150	6022
5.3200	6545
5.3250	5535
5.3300	5656
5.3350	6023
5.3400	6115
5.3450	6047
5.3500	6556
5.3550	6140
5.3600	5531
5.3650	5757
5.3700	5400
5.3750	6223
5.3800	6417
5.3850	6132
5.3900	6644
5.3950	5536
5.4000	5702
5.4050	5840
5.4100	6219
5.4150	6327
5.4200	5636
5.4250	6249
5.4300	5631
5.4350	5898
5.4400	6392
5.4450	6348
5.4500	5651
5.4550	5685
5.4600	6214
5.4650	5565
5.4700	5571
5.4750	6225
5.4800	5780
5.4850	6205
5.4900	5934
5.4950	6116
5.5000	6135
5.5050	5766
5.5100	5710
5.5150	5863
5.5200	5946
5.5250	6189
5.5300	6287
5.5350	5827
5.5400	5568
5.5450	5859
5.5500	5724
5.5550	5565
5.5600	5636
5.5650	6140
5.5700	6275
5.5750	5581
5.5800	5945
5.5850	5684
5.5900	6208
5.5950	5856
5.6000	6319
5.6050	5612
5.6100	6275
5.6150	6203
5.6200	5695
5.6250	6182
5.6300	5816
5.6350	6048
5.6400	5660
5.6450	5844
5.6500	6029
5.6550	6050
5.6600	6125
5.6650	6111
5.6700	5506
5.6750	5899
5.6800	6025
5.6850	5772
5.6900	6320
5.6950	6171
5.7000	5711
5.7050	6320
5.7100	5899
5.7150	5799
5.7200	6102
5.7250	6305
5.7300	6501
5.7350	5882
5.7400	5911
5.7450	5734
5.7500	6343
5.7550	5977
5.7600	6383
5.7650	6280
5.7700	5655
5.7750	6483
5.7800	5872
5.7850	6289
5.7900	5551
5.7950	6526
5.8000	6516
5.8050	5817
5.8100	5932
5.8150	5966
5.8200	5802
5.8250	6155
5.8300	5824
5.8350	6149
5.8400	6494
5.8450	5570
5.8500	5703
5.8550	5626
5.8600	6305
5.8650	5731
5.8700	5596
5.8750	6104
5.8800	6244
5.8850	6545
5.8900	6252
5.8950	6314
5.9000	5710
5.9050	6132
5.9100	5654
5.9150	5935
5.9200	5816
5.9250	5560
5.9300	5798
5.9350	5852
5.9400	5562
5.9450	6161
5.9500	5926
5.9550	6505
5.9600	5803
5.9650	6245
5.9700	5679
5.9750	6073
5.9800	5801
5.9850	5854
5.9900	6088
5.9950	5793
6.0000	5791
6.0050	6322
6.0100	6076
6.0150	5556
6.0200	6346
6.0250	5698
6.0300	5441
6.0350	5963
6.0400	5788
6.0450	6346
6.0500	5951
6.0550	5456
6.0600	6194
6.0650	6081
6.0700	5651
6.0750	6266
6.0800	5512
6.0850	5664
6.0900	5754
6.0950	5618
6.1000	6391
6.1050	5452
6.1100	5923
6.1150	5763
6.1200	5899
6.1250	6243
6.1300	6318
6.1350	5796
6.1400	5881
6.1450	6139
6.1500	5623
6.1550	5851
6.1600	5851
6.1650	6273
6.1700	6062
6.1750	6082
6.1800	5984
6.1850	6322
6.1900	6411
6.1950	6067
6.2000	6084
6.2050	5653
6.2100	5686
6.2150	6059
6.2200	6431
6.2250	6480
6.2300	6350
6.2350	5452
6.2400	5510
6.2450	5843
6.2500	6114
6.2550	6229
6.2600	6230
6.2650	6120
6.2700	6216
6.2750	5728
6.2800	5986
6.2850	5631
6.2900	6085
6.2950	6312
6.3000	6287
6.3050	6002
6.3100	6025
6.3150	6565
6.3200	5686
6.3250	6564
6.3300	6299
6.3350	6446
6.3400	5941
6.3450	6382
6.3500	6349
6.3550	6115
6.3600	6019
6.3650	6432
6.3700	6485
6.3750	6322
6.3800	6130
6.3850	5662
6.3900	6291
6.3950	5925
6.4000	5999
6.4050	6676
6.4100	6514
6.4150	6402
6.4200	5488
6.4250	6169
6.4300	5909
6.4350	6295
6.4400	5890
6.4450	6567
6.4500	6082
6.4550	5971
6.4600	6290
6.4650	5629
6.4700	6177
6.4750	5677
6.4800	6035
6.4850	5789
6.4900	5940
6.4950	5813
6.5000	5731
6.5050	5568
6.5100	5534
6.5150	5720
6.5200	6630
6.5250	6026
6.5300	6010
6.5350	5765
6.5400	5642
6.5450	5832
6.5500	6258
6.5550	6151
6.5600	5818
6.5650	5730
6.5700	6285
6.5750	5587
6.5800	5889
6.5850	6341
6.5900	6366
6.5950	5365
6.6000	5488
6.6050	6512
6.6100	6089
6.6150	5660
6.6200	6119
6.6250	6438
6.6300	6438
6.6350	5660
6.6400	5857
6.6450	5448
6.6500	6432
6.6550	5713
6.6600	6397
6.6650	6202
6.6700	6483
6.6750	6390
6.6800	5511
6.6850	6200
6.6900	5592
6.6950	6132
6.7000	6427
6.7050	6427
6.7100	6319
6.7150	6142
6.7200	6561
6.7250	5687
6.7300	5824
6.7350	5693
6.7400	6485
6.7450	6182
6.7500	6399
6.7550	5671
6.7600	6010
6.7650	5941
6.7700	6003
6.7750	5522
6.7800	6062
6.7850	6308
6.7900	5921
6.7950	5765
6.8000	5601
6.8050	5919
6.8100	5765
6.8150	6222
6.8200	6421
6.8250	6346
6.8300	5690
6.8350	5524
6.8400	5924
6.8450	5545
6.8500	5803
6.8550	6195
6.8600	6203
6.8650	5700
6.8700	5762
6.8750	5628
6.8800	6205
6.8850	5677
6.8900	6224
6.8950	6259
6.9000	6034
6.9050	6291
6.9100	6168
6.9150	5771
6.9200	6137
6.9250	5748
6.9300	6516
6.9350	6313
6.9400	5885
6.9450	6594
6.9500	5503
6.9550	5753
6.9600	5548
6.9650	6437
6.9700	6164
6.9750	6402
6.9800	5937
6.9850	5818
6.9900	5806
6.9950	5874
7.0000	6002
7.0050	5485
7.0100	6280
7.0150	6272
7.0200	5518
7.0250	5570
7.0300	5994
7.0350	6053
7.0400	5588
7.0450	5516
7.0500	5634
7.0550	6109
7.0600	5722
7.0650	5773
7.0700	5711
7.0750	6231
7.0800	5756
7.0850	6459
7.0900	5580
7.0950	5944
7.1000	5804
7.1050	5721
7.1100	6262
7.1150	6540
7.1200	6131
7.1250	5825
7.1300	5405
7.1350	5697
7.1400	5835
7.1450	5690
7.1500	6505
7.1550	6140
7.1600	5550
7.1650	5849
7.1700	6148
7.1750	5688
7.1800	5847
7.1850	5861
7.1900	6396
7.1950	6477
7.2000	5624
7.2050	5825
7.2100	6241
7.2150	5646
7.2200	5355
7.2250	6020
7.2300	6482
7.2350	6448
7.2400	6302
7.2450	6407
7.2500	5614
7.2550	5451
7.2600	6025
7.2650	6073
7.2700	6656
7.2750	6033
7.2800	5990
7.2850	6528
7.2900	5717
7.2950	6263
7.3000	5729
7.3050	6562
7.3100	6298
7.3150	5838
7.3200	5726
7.3250	5997
7.3300	5903
7.3350	5689
7.3400	5934
7.3450	6381
7.3500	6555
7.3550	6610
7.3600	5807
7.3650	5489
7.3700	5623
7.3750	5669
7.3800	6082
7.3850	6470
7.3900	6097
7.3950	5860
7.4000	6378
7.4050	5600
7.4100	5569
7.4150	5756
7.4200	6492
7.4250	5965
7.4300	5543
7.4350	6154
7.4400	6534
7.4450	5777
7.4500	6392
7.4550	6186
7.4600	6424
7.4650	5750
7.4700	5718
7.4750	6382
7.4800	5594
7.4850	5735
7.4900	5536
7.4950	6018
7.5000	6357
7.5050	5772
7.5100	6590
7.5150	5541
7.5200	5738
7.5250	5838
7.5300	6221
7.5350	6011
7.5400	6147
7.5450	5953
7.5500	5988
7.5550	5841
7.5600	6382
7.5650	6436
7.5700	5892
7.5750	5897
7.5800	5610
7.5850	5727
7.5900	5672
7.5950	6287
7.6000	6621
7.6050	5726
7.6100	5449
7.6150	6085
7.6200	6533
7.6250	5718
7.6300	5721
7.6350	6091
7.6400	6422
7.6450	6233
7.6500	6233
7.6550	5693
7.6600	5504
7.6650	6258
7.6700	5405
7.6750	6041
7.6800	5885
7.6850	6378
7.6900	5829
7.6950	5425
7.7000	5804
7.7050	5983
7.7100	5717
7.7150	6609
7.7200	6079
7.7250	6039
7.7300	5687
7.7350	5561
7.7400	5846
7.7450	5766
7.7500	6029
7.7550	6447
7.7600	6087
7.7650	6104
7.7700	5964
7.7750	5523
7.7800	5860
7.7850	6192
7.7900	5917
7.7950	5820
7.8000	6359
7.8050	6463
7.8100	5593
7.8150	5470
7.8200	5589
7.8250	6442
7.8300	5784
7.8350	5859
7.8400	6337
7.8450	6636
7.8500	5641
7.8550	5630
7.8600	6358
7.8650	5687
7.8700	5906
7.8750	6070
7.8800	6243
7.8850	5668
7.8900	6442
7.8950	6248
7.9000	5792
7.9050	5579
7.9100	6227
7.9150	6453
7.9200	5871
7.9250	6568
7.9300	6269
7.9350	5772
7.9400	5726
7.9450	5684
7.9500	6459
7.9550	5804
7.9600	6230
7.9650	5940
7.9700	6073
7.9750	5379
7.9800	5696
7.9850	6184
7.9900	5845
7.9950	5619
8.0000	6041
8.0050	6040
8.0100	6163
8.0150	5786
8.0200	5921
8.0250	5871
8.0300	5696
8.0350	6217
8.0400	6451
8.0450	6331
8.0500	5699
8.0550	6263
8.0600	5637
8.0650	5607
8.0700	6487
8.0750	6637
8.0800	6434
8.0850	5947
8.0900	6193
8.0950	5677
8.1000	5747
8.1050	6056
8.1100	6003
8.1150	6535
8.1200	5997
8.1250	6424
8.1300	6365
8.1350	5685
8.1400	5746
8.1450	6338
8.1500	6180
8.1550	5821
8.1600	6392
8.1650	6691
8.1700	6003
8.1750	5395
8.1800	5842
8.1850	5688
8.1900	5781
8.1950	6620
8.2000	6191
8.2050	6578
8.2100	6221
8.2150	6140
8.2200	5625
8.2250	6007
8.2300	6370
8.2350	6287
8.2400	6258
8.2450	6223
8.2500	5780
8.2550	6040
8.2600	6150
8.2650	5473
8.2700	6036
8.2750	6462
8.2800	6408
8.2850	5769
8.2900	6145
8.2950	5761
8.3000	5608
8.3050	5616
8.3100	5832
8.3150	6380
8.3200	6356
8.3250	6257
8.3300	6254
8.3350	5780
8.3400	5725
8.3450	6180
8.3500	6411
8.3550	5996
8.3600	6476
8.3650	6041
8.3700	5894
8.3750	6058
8.3800	6263
8.3850	6130
8.3900	6332
8.3950	6397
8.4000	6310
8.4050	6458
8.4100	6339
8.4150	5453
8.4200	5428
8.4250	6208
8.4300	6577
8.4350	6549
8.4400	6343
8.4450	6003
8.4500	5508
8.4550	5974
8.4600	6104
8.4650	6040
8.4700	6220
8.4750	6095
8.4800	6248
8.4850	5750
8.4900	6146
8.4950	6287
8.5000	5911
8.5050	5942
8.5100	5872
8.5150	6425
8.5200	5729
8.5250	5775
8.5300	6160
8.5350	6127
8.5400	5605
8.5450	6603
8.5500	5897
8.5550	6013
8.5600	5539
8.5650	6093
8.5700	6203
8.5750	6178
8.5800	6499
8.5850	6240
8.5900	6617
8.5950	5704
8.6000	5659
8.6050	5794
8.6100	6415
8.6150	6557
8.6200	5883
8.6250	5613
8.6300	5683
8.6350	5770
8.6400	6094
8.6450	5990
8.6500	6039
8.6550	5609
8.6600	6028
8.6650	5794
8.6700	5665
8.6750	5930
8.6800	5780
8.6850	5812
8.6900	5428
8.6950	5752
8.7000	6423
8.7050	6231
8.7100	5723
8.7150	5412
8.7200	5568
8.7250	6214
8.7300	5768
8.7350	6518
8.7400	6216
8.7450	5728
8.7500	6355
8.7550	5941
8.7600	6489
8.7650	5857
8.7700	6646
8.7750	6120
8.7800	6246
8.7850	6069
8.7900	6366
8.7950	6474
8.8000	6237
8.8050	6023
8.8100	6336
8.8150	6261
8.8200	6092
8.8250	6334
8.8300	5350
8.8350	6110
8.8400	6178
8.8450	6405
8.8500	5652
8.8550	5531
8.8600	5824
8.8650	5546
8.8700	5831
8.8750	6282
8.8800	5610
8.8850	5992
8.8900	6185
8.8950	5394
8.9000	5510
8.9050	5877
8.9100	6318
8.9150	5997
8.9200	5496
8.9250	6281
8.9300	5752
8.9350	5985
8.9400	5992
8.9450	5702
8.9500	6464
8.9550	6414
8.9600	6443
8.9650	5682
8.9700	6427
8.9750	5906
8.9800	5623
8.9850	6206
8.9900	6138
8.9950	6608
9.0000	6580
9.0050	6284
9.0100	5675
9.0150	5594
9.0200	6429
9.0250	6072
9.0300	6040
9.0350	5894
9.0400	6508
9.0450	5942
9.0500	6273
9.0550	6152
9.0600	6123
9.0650	6600
9.0700	6060
9.0750	5800
9.0800	6283
9.0850	5852
9.0900	6050
9.0950	6287
9.1000	6250
9.1050	6472
9.1100	6004
9.1150	6211
9.1200	6012
9.1250	5585
9.1300	6597
9.1350	6386
9.1400	6409
9.1450	6410
9.1500	6187
9.1550	6044
9.1600	5640
9.1650	6274
9.1700	6414
9.1750	6582
9.1800	6713
9.1850	6534
9.1900	5440
9.1950	6182
9.2000	6407
9.2050	6437
9.2100	6543
9.2150	5949
9.2200	6017
9.2250	6077
9.2300	5927
9.2350	5680
9.2400	6365
9.2450	6516
9.2500	6356
9.2550	6085
9.2600	6282
9.2650	5711
9.2700	6009
9.2750	5997
9.2800	5682
9.2850	5967
9.2900	6546
9.2950	6051
9.3000	5921
9.3050	5778
9.3100	6608
9.3150	5764
9.3200	6017
9.3250	5796
9.3300	6184
9.3350	5767
9.3400	6208
9.3450	6324
9.3500	6055
9.3550	5776
9.3600	6591
9.3650	6136
9.3700	5844
9.3750	5776
9.3800	6360
9.3850	6647
9.3900	5884
9.3950	6128
9.4000	6489
9.4050	5781
9.4100	6258
9.4150	6347
9.4200	6226
9.4250	5947
9.4300	6221
9.4350	5653
9.4400	5704
9.4450	6555
9.4500	6388
9.4550	5862
9.4600	6050
9.4650	6176
9.4700	6254
9.4750	5746
9.4800	6436
9.4850	6340
9.4900	6402
9.4950	5996
9.5000	6314
9.5050	6375
9.5100	5823
9.5150	6152
9.5200	6403
9.5250	6235
9.5300	6092
9.5350	6400
9.5400	6523
9.5450	6001
9.5500	6240
9.5550	6078
9.5600	5892
9.5650	6511
9.5700	6238
9.5750	5778
9.5800	5824
9.5850	6537
9.5900	6274
9.5950	5801
9.6000	6023
9.6050	6491
9.6100	6164
9.6150	5400
9.6200	6270
9.6250	6304
9.6300	6541
9.6350	6371
9.6400	5862
9.6450	6266
9.6500	5757
9.6550	6423
9.6600	6482
9.6650	6243
9.6700	6526
9.6750	6371
9.6800	6228
9.6850	5788
9.6900	6311
9.6950	6425
9.7000	6191
9.7050	6542
9.7100	5879
9.7150	5832
9.7200	6291
9.7250	5541
9.7300	6225
9.7350	5661
9.7400	6288
9.7450	5880
9.7500	5993
9.7550	5926
9.7600	6246
9.7650	6207
9.7700	6123
9.7750	6084
9.7800	6230
9.7850	5970
9.7900	5938
9.7950	5430
9.8000	5540
9.8050	5898
9.8100	6079
9.8150	6119
9.8200	5504
9.8250	5957
9.8300	6193
9.8350	6336
9.8400	5649
9.8450	6027
9.8500	6217
9.8550	5532
9.8600	6533
9.8650	6503
9.8700	6256
9.8750	5971
9.8800	6171
9.8850	5417
9.8900	5773
9.8950	5827
9.9000	5839
9.9050	6346
9.9100	5742
9.9150	5799
9.9200	6181
9.9250	6376
9.9300	5810
9.9350	6352
9.9400	6353
9.9450	6448
9.9500	6360
9.9550	6405
9.9600	6202
9.9650	6637
9.9700	6556
9.9750	6023
9.9800	6422
9.9850	6030
9.9900	5808
9.9950	6370
10.0000	5544
10.0050	6191
10.0100	6305
10.0150	5660
10.0200	6094
10.0250	6160
10.0300	6425
10.0350	6334
10.0400	5871
10.0450	6031
10.0500	5620
10.0550	6413
10.0600	5390
10.0650	5640
10.0700	6352
10.0750	6428
10.0800	6511
10.0850	6384
10.0900	6187
10.0950	5614
10.1000	6173
10.1050	6049
10.1100	6017
10.1150	5764
10.1200	6238
10.1250	6424
10.1300	5750
10.1350	6446
10.1400	5509
10.1450	5873
10.1500	6418
10.1550	5626
10.1600	6445
10.1650	5765
10.1700	6530
10.1750	5437
10.1800	6032
10.1850	6183
10.1900	5941
10.1950	6298
10.2000	6347
10.2050	5516
10.2100	5903
10.2150	5747
10.2200	6358
10.2250	5865
10.2300	6164
10.2350	5967
10.2400	6255
10.2450	5660
10.2500	6044
10.2550	6488
10.2600	5776
10.2650	6250
10.2700	6046
10.2750	6101
10.2800	6493
10.2850	6390
10.2900	5657
10.2950	5800
10.3000	5611
10.3050	6594
10.3100	6207
10.3150	6427
10.3200	5653
10.3250	6142
10.3300	5916
10.3350	6039
10.3400	6470
10.3450	6139
10.3500	6757
10.3550	6362
10.3600	5644
10.3650	6261
10.3700	6072
10.3750	6457
10.3800	6321
10.3850	6264
10.3900	6343
10.3950	5957
10.4000	6392
10.4050	6625
10.4100	5534
10.4150	6169
10.4200	5600
10.4250	5749
10.4300	5708
10.4350	6365
10.4400	5519
10.4450	5748
10.4500	5562
10.4550	6135
10.4600	6362
10.4650	5939
10.4700	5815
10.4750	5281
10.4800	6364
10.4850	6569
10.4900	6371
10.4950	6647
10.5000	5662
10.5050	6191
10.5100	6273
10.5150	6246
10.5200	6507
10.5250	5849
10.5300	6491
10.5350	5716
10.5400	6147
10.5450	6408
10.5500	6263
10.5550	6283
10.5600	5733
10.5650	6038
10.5700	5798
10.5750	5835
10.5800	6442
10.5850	6534
10.5900	5481
10.5950	5990
10.6000	5863
10.6050	6298
10.6100	5673
10.6150	6310
10.6200	6209
10.6250	5667
10.6300	6235
10.6350	6063
10.6400	6488
10.6450	5988
10.6500	6185
10.6550	5534
10.6600	6019
10.6650	6664
10.6700	6532
10.6750	6351
10.6800	5653
10.6850	6397
10.6900	6165
10.6950	5627
10.7000	6119
10.7050	6151
10.7100	6289
10.7150	5812
10.7200	6382
10.7250	6367
10.7300	5707
10.7350	6267
10.7400	6318
10.7450	6190
10.7500	6379
10.7550	6382
10.7600	6534
10.7650	6529
10.7700	6293
10.7750	5700
10.7800	5816
10.7850	6306
10.7900	6367
10.7950	6079
10.8000	6642
10.8050	6256
10.8100	6257
10.8150	6121
10.8200	6379
10.8250	5693
10.8300	6487
10.8350	6146
10.8400	6047
10.8450	6473
10.8500	5794
10.8550	6313
10.8600	6321
10.8650	6205
10.8700	6308
10.8750	6458
10.8800	6321
10.8850	6385
10.8900	6220
10.8950	6177
10.9000	6120
10.9050	6358
10.9100	5768
10.9150	6537
10.9200	6110
10.9250	6254
10.9300	6304
10.9350	6612
10.9400	5986
10.9450	6018
10.9500	6141
10.9550	5681
10.9600	6120
10.9650	6145
10.9700	6427
10.9750	6354
10.9800	6148
10.9850	5856
10.9900	5842
10.9950	5580
11.0000	6312
11.0050	6118
11.0100	6244
11.0150	6032
11.0200	6275
11.0250	6295
11.0300	5909
11.0350	6134
11.0400	5684
11.0450	6465
11.0500	6254
11.0550	6256
11.0600	6323
11.0650	5622
11.0700	6387
11.0750	5958
11.0800	6087
11.0850	5881
11.0900	5690
11.0950	6035
11.1000	6066
11.1050	5797
11.1100	5597
11.1150	6162
11.1200	6663
11.1250	5697
11.1300	5431
11.1350	5713
11.1400	5663
11.1450	6582
11.1500	6481
11.1550	6084
11.1600	6350
11.1650	5965
11.1700	6178
11.1750	5652
11.1800	6478
11.1850	6628
11.1900	6197
11.1950	6223
11.2000	6244
11.2050	6375
11.2100	6512
11.2150	5929
11.2200	5481
11.2250	6314
11.2300	6231
11.2350	6295
11.2400	6041
11.2450	6318
11.2500	5824
11.2550	5721
11.2600	5710
11.2650	6445
11.2700	5494
11.2750	6312
11.2800	6151
11.2850	6329
11.2900	6142
11.2950	6241
11.3000	6351
11.3050	6074
11.3100	6163
11.3150	6530
11.3200	6449
11.3250	6571
11.3300	6427
11.3350	5851
11.3400	6444
11.3450	5743
11.3500	6331
11.3550	6268
11.3600	5856
11.3650	6355
11.3700	5783
11.3750	6193
11.3800	5935
11.3850	5811
11.3900	6305
11.3950	6025
11.4000	6146
11.4050	6079
11.4100	5748
11.4150	6362
11.4200	5942
11.4250	6191
11.4300	5712
11.4350	6231
11.4400	6250
11.4450	6312
11.4500	5944
11.4550	5853
11.4600	6152
11.4650	5359
11.4700	5862
11.4750	6432
11.4800	6435
11.4850	6306
11.4900	5732
11.4950	5790
11.5000	6115
11.5050	5812
11.5100	6274
11.5150	6278
11.5200	6622
11.5250	6370
11.5300	5857
11.5350	6036
11.5400	5658
11.5450	6328
11.5500	6477
11.5550	6291
11.5600	6267
11.5650	6043
11.5700	6388
11.5750	6126
11.5800	5833
11.5850	6135
11.5900	6398
11.5950	6471
11.6000	6446
11.6050	5632
11.6100	6539
11.6150	6057
11.6200	5922
11.6250	5759
11.6300	6092
11.6350	5806
11.6400	5517
11.6450	6323
11.6500	6151
11.6550	6017
11.6600	6612
11.6650	5674
11.6700	5964
11.6750	5540
11.6800	6299
11.6850	6532
11.6900	6351
11.6950	5841
11.7000	5989
11.7050	5577
11.7100	6200
11.7150	6021
11.7200	6214
11.7250	6375
11.7300	6274
11.7350	6133
11.7400	6256
11.7450	6662
11.7500	6456
11.7550	6484
11.7600	5340
11.7650	6335
11.7700	6170
11.7750	6574
11.7800	6060
11.7850	6122
11.7900	5960
11.7950	5836
11.8000	5538
11.8050	6079
11.8100	6185
11.8150	5827
11.8200	6245
11.8250	5604
11.8300	6170
11.8350	5822
11.8400	6562
11.8450	6391
11.8500	5960
11.8550	6317
11.8600	6578
11.8650	6547
11.8700	6708
11.8750	6136
11.8800	6514
11.8850	6324
11.8900	6433
11.8950	6566
11.9000	5598
11.9050	6237
11.9100	5557
11.9150	6218
11.9200	6055
11.9250	6429
11.9300	6355
11.9350	5659
11.9400	5840
11.9450	6433
11.9500	5971
11.9550	6507
11.9600	6424
11.9650	6269
11.9700	6591
11.9750	6158
11.9800	6066
11.9850	6538
11.9900	6357
11.9950	6469
12.0000	6049
12.0050	6335
12.0100	6385
12.0150	6266
12.0200	6306
12.0250	5575
12.0300	5514
12.0350	6010
12.0400	6109
12.0450	6589
12.0500	6524
12.0550	5910
12.0600	5781
12.0650	6420
12.0700	6103
12.0750	6434
12.0800	5827
12.0850	6685
12.0900	6193
12.0950	5661
12.1000	5970
12.1050	6670
12.1100	6558
12.1150	6172
12.1200	6320
12.1250	6398
12.1300	6011
12.1350	6490
12.1400	6514
12.1450	5682
12.1500	6537
12.1550	5727
12.1600	6536
12.1650	5656
12.1700	6402
12.1750	6499
12.1800	6211
12.1850	6202
12.1900	6427
12.1950	5776
12.2000	6447
12.2050	5620
12.2100	5720
12.2150	6289
12.2200	5915
12.2250	6802
12.2300	6482
12.2350	5988
12.2400	6108
12.2450	6401
12.2500	6432
12.2550	6486
12.2600	5971
12.2650	6281
12.2700	6226
12.2750	5829
12.2800	6326
12.2850	6250
12.2900	6071
12.2950	6270
12.3000	5768
12.3050	5560
12.3100	6387
12.3150	6586
12.3200	5830
12.3250	5406
12.3300	5841
12.3350	5846
12.3400	6256
12.3450	5833
12.3500	6499
12.3550	5963
12.3600	6383
12.3650	6098
12.3700	6397
12.3750	5702
12.3800	5832
12.3850	5763
12.3900	5547
12.3950	5703
12.4000	6624
12.4050	5707
12.4100	6321
12.4150	5970
12.4200	5846
12.4250	5978
12.4300	5810
12.4350	6441
12.4400	5547
12.4450	6109
12.4500	6104
12.4550	6294
12.4600	5931
12.4650	5840
12.4700	5863
12.4750	5736
12.4800	5447
12.4850	6221
12.4900	6516
12.4950	6549
12.5000	5803
12.5050	6086
12.5100	6554
12.5150	5697
12.5200	6089
12.5250	6227
12.5300	6161
12.5350	5736
12.5400	5791
12.5450	5579
12.5500	6481
12.5550	6081
12.5600	5838
12.5650	5906
12.5700	5751
12.5750	5879
12.5800	5971
12.5850	6750
12.5900	6062
12.5950	5704
12.6000	5443
12.6050	6498
12.6100	5769
12.6150	6514
12.6200	6304
12.6250	5604
12.6300	6367
12.6350	5596
12.6400	5703
12.6450	6291
12.6500	5925
12.6550	6271
12.6600	6285
12.6650	6157
12.6700	6557
12.6750	6551
12.6800	5845
12.6850	6048
12.6900	6159
12.6950	5927
12.7000	6456
12.7050	6726
12.7100	5983
12.7150	6584
12.7200	5930
12.7250	6420
12.7300	5591
12.7350	6379
12.7400	6455
12.7450	6319
12.7500	6072
12.7550	6195
12.7600	5613
12.7650	6193
12.7700	5900
12.7750	6065
12.7800	6269
12.7850	6344
12.7900	5965
12.7950	5828
12.8000	6166
12.8050	6244
12.8100	5819
12.8150	6551
12.8200	6134
12.8250	5785
12.8300	6149
12.8350	5978
12.8400	6064
12.8450	6398
12.8500	6067
12.8550	6086
12.8600	5999
12.8650	6213
12.8700	6329
12.8750	5609
12.8800	6310
12.8850	6321
12.8900	5626
12.8950	6017
12.9000	5974
12.9050	6078
12.9100	5756
12.9150	6156
12.9200	6411
12.9250	6000
12.9300	5593
12.9350	6320
12.9400	6461
12.9450	6080
12.9500	5764
12.9550	6151
12.9600	6276
12.9650	5860
12.9700	6203
12.9750	6712
12.9800	5708
12.9850	6034
12.9900	6268
12.9950	5664
13.0000	5866
13.0050	5864
13.0100	5907
13.0150	5534
13.0200	5763
13.0250	6257
13.0300	5742
13.0350	5701
13.0400	6467
13.0450	5308
13.0500	6395
13.0550	6529
13.0600	6242
13.0650	6461
13.0700	5746
13.0750	5824
13.0800	5909
13.0850	5945
13.0900	6333
13.0950	6365
13.1000	5730
13.1050	5535
13.1100	5781
13.1150	5888
13.1200	6575
13.1250	6572
13.1300	6310
13.1350	5649
13.1400	5605
13.1450	5957
13.1500	6535
13.1550	5839
13.1600	6132
13.1650	6704
13.1700	6086
13.1750	5984
13.1800	5637
13.1850	6292
13.1900	6669
13.1950	5461
13.2000	6058
13.2050	6497
13.2100	5505
13.2150	6043
13.2200	5837
13.2250	6215
13.2300	6399
13.2350	5772
13.2400	6020
13.2450	6052
13.2500	6286
13.2550	5770
13.2600	6362
13.2650	6396
13.2700	6583
13.2750	5700
13.2800	5831
13.2850	6240
13.2900	6328
13.2950	6393
13.3000	6414
13.3050	6712
13.3100	6210
13.3150	5370
13.3200	5869
13.3250	6582
13.3300	6513
13.3350	6584
13.3400	6275
13.3450	5842
13.3500	5975
13.3550	5693
13.3600	5935
13.3650	6207
13.3700	6318
13.3750	6418
13.3800	6319
13.3850	5526
13.3900	5558
13.3950	6161
13.4000	5492
13.4050	5887
13.4100	5654
13.4150	6509
13.4200	5717
13.4250	5956
13.4300	5627
13.4350	6172
13.4400	5797
13.4450	6419
13.4500	5842
13.4550	6208
13.4600	6011
13.4650	5436
13.4700	6184
13.4750	5607
13.4800	6050
13.4850	6610
13.4900	6022
13.4950	5786
13.5000	6087
13.5050	6142
13.5100	5974
13.5150	6376
13.5200	6292
13.5250	5905
13.5300	6178
13.5350	6505
13.5400	5625
13.5450	5587
13.5500	5775
13.5550	6255
13.5600	5642
13.5650	5618
13.5700	6392
13.5750	6253
13.5800	5969
13.5850	5856
13.5900	6325
13.5950	6316
13.6000	5882
13.6050	5994
13.6100	5835
13.6150	5521
13.6200	5736
13.6250	6461
13.6300	6393
13.6350	5368
13.6400	5608
13.6450	6303
13.6500	5958
13.6550	6190
13.6600	5868
13.6650	6470
13.6700	5764
13.6750	5691
13.6800	6314
13.6850	5967
13.6900	5834
13.6950	6539
13.7000	5882
13.7050	5956
13.7100	6379
13.7150	6579
13.7200	5913
13.7250	5508
13.7300	5923
13.7350	6189
13.7400	5637
13.7450	5630
13.7500	6514
13.7550	6477
13.7600	5872
13.7650	5856
13.7700	6100
13.7750	6279
13.7800	5862
13.7850	6477
13.7900	5779
13.7950	6372
13.8000	5706
13.8050	5950
13.8100	5999
13.8150	5630
13.8200	6435
13.8250	6108
13.8300	6514
13.8350	5890
13.8400	5734
13.8450	6283
13.8500	5777
13.8550	5930
13.8600	5810
13.8650	6200
13.8700	6105
13.8750	6194
13.8800	5733
13.8850	6442
13.8900	5633
13.8950	6134
13.9000	6255
13.9050	6282
13.9100	6121
13.9150	5715
13.9200	6486
13.9250	5878
13.9300	6067
13.9350	6335
13.9400	6001
13.9450	6261
13.9500	5779
13.9550	6642
13.9600	6039
13.9650	5821
13.9700	5955
13.9750	5785
13.9800	5739
13.9850	5995
13.9900	6685
13.9950	5723
14.0000	5757
14.0050	5525
14.0100	6329
14.0150	5641
14.0200	6226
14.0250	5836
14.0300	6065
14.0350	5536
14.0400	5527
14.0450	6180
14.0500	6206
14.0550	6478
14.0600	5468
14.0650	5749
14.0700	5743
14.0750	6032
14.0800	6456
14.0850	6291
14.0900	6529
14.0950	5502
14.1000	6156
14.1050	5713
14.1100	6189
14.1150	5976
14.1200	5813
14.1250	6386
14.1300	5512
14.1350	5806
14.1400	6053
14.1450	5728
14.1500	5791
14.1550	5951
14.1600	6225
14.1650	5735
14.1700	5960
14.1750	6081
14.1800	5741
14.1850	5820
14.1900	6585
14.1950	6078
14.2000	5852
14.2050	5765
14.2100	5690
14.2150	6258
14.2200	5812
14.2250	6624
14.2300	6460
14.2350	5759
14.2400	5935
14.2450	5692
14.2500	6458
14.2550	5681
14.2600	6335
14.2650	5623
14.2700	5818
14.2750	6178
14.2800	6382
14.2850	6303
14.2900	6268
14.2950	6035
14.3000	5620
14.3050	5960
14.3100	6119
14.3150	5952
14.3200	5654
14.3250	6260
14.3300	5542
14.3350	6266
14.3400	6363
14.3450	6460
14.3500	6491
14.3550	5502
14.3600	5977
14.3650	5776
14.3700	6277
14.3750	6237
14.3800	6328
14.3850	6657
14.3900	5364
14.3950	5440
14.4000	6126
14.4050	6285
14.4100	6549
14.4150	5704
14.4200	6165
14.4250	6345
14.4300	5999
14.4350	6203
14.4400	5923
14.4450	6242
14.4500	6089
14.4550	5512
14.4600	6389
14.4650	6260
14.4700	5840
14.4750	5914
14.4800	6007
14.4850	5559
14.4900	6108
14.4950	6037
14.5000	5940
14.5050	5800
14.5100	5645
14.5150	5495
14.5200	6169
14.5250	6457
14.5300	6288
14.5350	5539
14.5400	6168
14.5450	6507
14.5500	6443
14.5550	5719
14.5600	6552
14.5650	6598
14.5700	5668
14.5750	6447
14.5800	6133
14.5850	6345
14.5900	6399
14.5950	5701
14.6000	6125
14.6050	5770
14.6100	6195
14.6150	5688
14.6200	5720
14.6250	6203
14.6300	6431
14.6350	6499
14.6400	5891
14.6450	5876
14.6500	5475
14.6550	5812
14.6600	5702
14.6650	6063
14.6700	5581
14.6750	5520
14.6800	5801
14.6850	6055
14.6900	5707
14.6950	6180
14.7000	6561
14.7050	6092
14.7100	6580
14.7150	5440
14.7200	6036
14.7250	5734
14.7300	6508
14.7350	5819
14.7400	6340
14.7450	6467
14.7500	6334
14.7550	5802
14.7600	5602
14.7650	6106
14.7700	5999
14.7750	6313
14.7800	5573
14.7850	5966
14.7900	6231
14.7950	6054
14.8000	5971
14.8050	5461
14.8100	5912
14.8150	5859
14.8200	5885
14.8250	6641
14.8300	6282
14.8350	5869
14.8400	5783
14.8450	6458
14.8500	6354
14.8550	5497
14.8600	6373
14.8650	6361
14.8700	5548
14.8750	5360
14.8800	5744
14.8850	6709
14.8900	5895
14.8950	6218
14.9000	6009
14.9050	5758
14.9100	5774
14.9150	6485
14.9200	5869
14.9250	5887
14.9300	6508
14.9350	5830
14.9400	6185
14.9450	5891
14.9500	6419
14.9550	6315
14.9600	5407
14.9650	5698
14.9700	6519
14.9750	6496
14.9800	5855
14.9850	5541
14.9900	6419
14.9950	6574
15.0000	5608
15.0050	6238
15.0100	5936
15.0150	5850
15.0200	5431
15.0250	6394
15.0300	6344
15.0350	6241
15.0400	6383
15.0450	5780
15.0500	5543
15.0550	5611
15.0600	6573
15.0650	5605
15.0700	6434
15.0750	6303
15.0800	5980
15.0850	5624
15.0900	5884
15.0950	6694
15.1000	5647
15.1050	5818
15.1100	5988
15.1150	6015
15.1200	5533
15.1250	5627
15.1300	6544
15.1350	6184
15.1400	5640
15.1450	5496
15.1500	6450
15.1550	6499
15.1600	5626
15.1650	6334
15.1700	6319
15.1750	5657
15.1800	5847
15.1850	6005
15.1900	5803
15.1950	6638
15.2000	6331
15.2050	5927
15.2100	6533
15.2150	5738
15.2200	6025
15.2250	5731
15.2300	5577
15.2350	5448
15.2400	6199
15.2450	6330
15.2500	6441
15.2550	5968
15.2600	6173
15.2650	5826
15.2700	5877
15.2750	6353
15.2800	6165
15.2850	5705
15.2900	6259
15.2950	5829
15.3000	5661
15.3050	6219
15.3100	6337
15.3150	6260
15.3200	6304
15.3250	5444
15.3300	5654
15.3350	5847
15.3400	5814
15.3450	5666
15.3500	6019
15.3550	6182
15.3600	6585
15.3650	5746
15.3700	5515
15.3750	6074
15.3800	5970
15.3850	6482
15.3900	6502
15.3950	6331
15.4000	6195
15.4050	5646
15.4100	5596
15.4150	5607
15.4200	5838
15.4250	6451
15.4300	6398
15.4350	5323
15.4400	5648
15.4450	5818
15.4500	5873
15.4550	5747
15.4600	6046
15.4650	6418
15.4700	5700
15.4750	5594
15.4800	6064
15.4850	6107
15.4900	5733
15.4950	6128
15.5000	6016
15.5050	5753
15.5100	5670
15.5150	6103
15.5200	6256
15.5250	5612
15.5300	5574
15.5350	6375
15.5400	6423
15.5450	6265
15.5500	5862
15.5550	5739
15.5600	5643
15.5650	5677
15.5700	6539
15.5750	6119
15.5800	5714
15.5850	5537
15.5900	5576
15.5950	5661
15.6000	5580
15.6050	6425
15.6100	6319
15.6150	5365
15.6200	5516
15.6250	5981
15.6300	6059
15.6350	5966
15.6400	6298
15.6450	6080
15.6500	5539
15.6550	5716
15.6600	6414
15.6650	5714
15.6700	6729
15.6750	5440
15.6800	5869
15.6850	6357
15.6900	5996
15.6950	5944
15.7000	5828
15.7050	6293
15.7100	6162
15.7150	6774
15.7200	6165
15.7250	6497
15.7300	6115
15.7350	5647
15.7400	5987
15.7450	5999
15.7500	5711
15.7550	5567
15.7600	6486
15.7650	5945
15.7700	5415
15.7750	5926
15.7800	5835
15.7850	5787
15.7900	5831
15.7950	5261
15.8000	6043
15.8050	6639
15.8100	5817
15.8150	5865
15.8200	5903
15.8250	5853
15.8300	5727
15.8350	6628
15.8400	6496
15.8450	5638
15.8500	5705
15.8550	5489
15.8600	5512
15.8650	5928
15.8700	5635
15.8750	5900
15.8800	5468
15.8850	6052
15.8900	5796
15.8950	5955
15.9000	5869
15.9050	6230
15.9100	5428
15.9150	5712
15.9200	5775
15.9250	5640
15.9300	5958
15.9350	5501
15.9400	6633
15.9450	6119
15.9500	6121
15.9550	5633
15.9600	5633
15.9650	5744
15.9700	6211
15.9750	5619
15.9800	5836
15.9850	6383
15.9900	5923
15.9950	5861
16.0000	5378
16.0050	5989
16.0100	6401
16.0150	6068
16.0200	5764
16.0250	5593
16.0300	5863
16.0350	6416
16.0400	5697
16.0450	6206
16.0500	6354
16.0550	5686
16.0600	5498
16.0650	5698
16.0700	5893
16.0750	6244
16.0800	5676
16.0850	5970
16.0900	5871
16.0950	5511
16.1000	5773
16.1050	6182
16.1100	6532
16.1150	5715
16.1200	6338
16.1250	6297
16.1300	6263
16.1350	5503
16.1400	5854
16.1450	6161
16.1500	5598
16.1550	5497
16.1600	5741
16.1650	6241
16.1700	6782
16.1750	5742
16.1800	6158
16.1850	5602
16.1900	5539
16.1950	6088
16.2000	5660
16.2050	6193
16.2100	6088
16.2150	5941
16.2200	6376
16.2250	6488
16.2300	5591
16.2350	5848
16.2400	5550
16.2450	6170
16.2500	5460
16.2550	5915
16.2600	6174
16.2650	6075
16.2700	5573
16.2750	5994
16.2800	6412
16.2850	5849
16.2900	5971
16.2950	6230
16.3000	5648
16.3050	5723
16.3100	5893
16.3150	5638
16.3200	5893
16.3250	5760
16.3300	6324
16.3350	6205
16.3400	5854
16.3450	5945
16.3500	6835
16.3550	6141
16.3600	6100
16.3650	6185
16.3700	6540
16.3750	6262
16.3800	5759
16.3850	5948
16.3900	5914
16.3950	6335
16.4000	5550
16.4050	6312
16.4100	6279
16.4150	5951
16.4200	5765
16.4250	5770
16.4300	5608
16.4350	5631
16.4400	5629
16.4450	5712
16.4500	6176
16.4550	6358
16.4600	5980
16.4650	5646
16.4700	5919
16.4750	5814
16.4800	5912
16.4850	5932
16.4900	6424
16.4950	5766
16.5000	5411
16.5050	6179
16.5100	6294
16.5150	5539
16.5200	5576
16.5250	6196
16.5300	6268
16.5350	5682
16.5400	5408
16.5450	5566
16.5500	5889
16.5550	6083
16.5600	5759
16.5650	5793
16.5700	5432
16.5750	6004
16.5800	5600
16.5850	5625
16.5900	5837
16.5950	6111
16.6000	5448
16.6050	5681
16.6100	5521
16.6150	6499
16.6200	5864
16.6250	5560
16.6300	5847
16.6350	5483
16.6400	6559
16.6450	5749
16.6500	5870
16.6550	5828
16.6600	6315
16.6650	5521
16.6700	5663
16.6750	6004
16.6800	5625
16.6850	5984
16.6900	5354
16.6950	5969
16.7000	6233
16.7050	6274
16.7100	6620
16.7150	5642
16.7200	5658
16.7250	5881
16.7300	5763
16.7350	6592
16.7400	6408
16.7450	6150
16.7500	6059
16.7550	5985
16.7600	5799
16.7650	6441
16.7700	6169
16.7750	6226
16.7800	6091
16.7850	6306
16.7900	5832
16.7950	5702
16.8000	6521
16.8050	5760
16.8100	6217
16.8150	5471
16.8200	5800
16.8250	6636
16.8300	5868
16.8350	5390
16.8400	5627
16.8450	5852
16.8500	5686
16.8550	5758
16.8600	6119
16.8650	5663
16.8700	6004
16.8750	5971
16.8800	6344
16.8850	6158
16.8900	6207
16.8950	6118
16.9000	6144
16.9050	5595
16.9100	5880
16.9150	6646
16.9200	5633
16.9250	6203
16.9300	6112
16.9350	6169
16.9400	5946
16.9450	6707
16.9500	5891
16.9550	6145
16.9600	5830
16.9650	5896
16.9700	5706
16.9750	5810
16.9800	6152
16.9850	6065
16.9900	5804
16.9950	5813
17.0000	5810
17.0050	5934
17.0100	5757
17.0150	5937
17.0200	6150
17.0250	6197
17.0300	5544
17.0350	5777
17.0400	5410
17.0450	5728
17.0500	5687
17.0550	6053
17.0600	5959
17.0650	6153
17.0700	6346
17.0750	5521
17.0800	5496
17.0850	5444
17.0900	6490
17.0950	6548
17.1000	6399
17.1050	5542
17.1100	5676
17.1150	6472
17.1200	5819
17.1250	6532
17.1300	6021
17.1350	6590
17.1400	5814
17.1450	5597
17.1500	6137
17.1550	6154
17.1600	6449
17.1650	6177
17.1700	6005
17.1750	5668
17.1800	5823
17.1850	5840
17.1900	6481
17.1950	5931
17.2000	6267
17.2050	6589
17.2100	5743
17.2150	5779
17.2200	5457
17.2250	5756
17.2300	5836
17.2350	5423
17.2400	6358
17.2450	6205
17.2500	5881
17.2550	6158
17.2600	5518
17.2650	5873
17.2700	5701
17.2750	6422
17.2800	6117
17.2850	5730
17.2900	6370
17.2950	5941
17.3000	5917
17.3050	6660
17.3100	5777
17.3150	6200
17.3200	6390
17.3250	6263
17.3300	6236
17.3350	5925
17.3400	6308
17.3450	6334
17.3500	5657
17.3550	6447
17.3600	5654
17.3650	6587
17.3700	6404
17.3750	5563
17.3800	5873
17.3850	6193
17.3900	6252
17.3950	5896
17.4000	5962
17.4050	6209
17.4100	5467
17.4150	5759
17.4200	5714
17.4250	5468
17.4300	6059
17.4350	5954
17.4400	5428
17.4450	5661
17.4500	6433
17.4550	5845
17.4600	6344
17.4650	6214
17.4700	6164
17.4750	6481
17.4800	5822
17.4850	5844
17.4900	5747
17.4950	6290
17.5000	5997
17.5050	6126
17.5100	5775
17.5150	5733
17.5200	5806
17.5250	5457
17.5300	5838
17.5350	5656
17.5400	6026
17.5450	5782
17.5500	5688
17.5550	5763
17.5600	6067
17.5650	6562
17.5700	6255
17.5750	6056
17.5800	5575
17.5850	5743
17.5900	5705
17.5950	6396
17.6000	5582
17.6050	6509
17.6100	5968
17.6150	5864
17.6200	5581
17.6250	5611
17.6300	5747
17.6350	5802
17.6400	5435
17.6450	5597
17.6500	5620
17.6550	6357
17.6600	5658
17.6650	5597
17.6700	6025
17.6750	6240
17.6800	6349
17.6850	5769
17.6900	5654
17.6950	5813
17.7000	5735
17.7050	5690
17.7100	6360
17.7150	5454
17.7200	6604
17.7250	5945
17.7300	5578
17.7350	6224
17.7400	5778
17.7450	6494
17.7500	6619
17.7550	5836
17.7600	6058
17.7650	5874
17.7700	5639
17.7750	5944
17.7800	5823
17.7850	6395
17.7900	5678
17.7950	6197
17.8000	5949
17.8050	6253
17.8100	5711
17.8150	5777
17.8200	5530
17.8250	5536
17.8300	5637
17.8350	5737
17.8400	6367
17.8450	5908
17.8500	5718
17.8550	5514
17.8600	6193
17.8650	5675
17.8700	6341
17.8750	5646
17.8800	6114
17.8850	5414
17.8900	5696
17.8950	5569
17.9000	5988
17.9050	6125
17.9100	5932
17.9150	5578
17.9200	5583
17.9250	5707
17.9300	5815
17.9350	6117
17.9400	5830
17.9450	6210
17.9500	5665
17.9550	5683
17.9600	5972
17.9650	6277
17.9700	6219
17.9750	5981
17.9800	6231
17.9850	6533
17.9900	6551
17.9950	5604
18.0000	5757
18.0050	5409
18.0100	5981
18.0150	5600
18.0200	6498
18.0250	6148
18.0300	5779
18.0350	6091
18.0400	5530
18.0450	6216
18.0500	5984
18.0550	5738
18.0600	5741
18.0650	5482
18.0700	5741
18.0750	5651
18.0800	6183
18.0850	6160
18.0900	5732
18.0950	5844
18.1000	5796
18.1050	6224
18.1100	6024
18.1150	6332
18.1200	5348
18.1250	5881
18.1300	5545
18.1350	6005
18.1400	6146
18.1450	6282
18.1500	6239
18.1550	5697
18.1600	5766
18.1650	6096
18.1700	6021
18.1750	6187
18.1800	6180
18.1850	5810
18.1900	5519
18.1950	5566
18.2000	5765
18.2050	6450
18.2100	5471
18.2150	6133
18.2200	5796
18.2250	6536
18.2300	6170
18.2350	5660
18.2400	6286
18.2450	6014
18.2500	5652
18.2550	5861
18.2600	5594
18.2650	6756
18.2700	6062
18.2750	6274
18.2800	5570
18.2850	5872
18.2900	5985
18.2950	5751
18.3000	6114
18.3050	6120
18.3100	6421
18.3150	6565
18.3200	6091
18.3250	5633
18.3300	5835
18.3350	6346
18.3400	5614
18.3450	6185
18.3500	5641
18.3550	5857
18.3600	6002
18.3650	5789
18.3700	5631
18.3750	6172
18.3800	6065
18.3850	5684
18.3900	6193
18.3950	6440
18.4000	5962
18.4050	5724
18.4100	5849
18.4150	5395
18.4200	5719
18.4250	5740
18.4300	5889
18.4350	5866
18.4400	5579
18.4450	5837
18.4500	5441
18.4550	5389
18.4600	5611
18.4650	5775
18.4700	5794
18.4750	5829
18.4800	5434
18.4850	5525
18.4900	5561
18.4950	5847
18.5000	5706
18.5050	5650
18.5100	6460
18.5150	5641
18.5200	5779
18.5250	5719
18.5300	5874
18.5350	5901
18.5400	5793
18.5450	5587
18.5500	6207
18.5550	5861
18.5600	6359
18.5650	5978
18.5700	5860
18.5750	5789
18.5800	5719
18.5850	6695
18.5900	5853
18.5950	5492
18.6000	5618
18.6050	5799
18.6100	5905
18.6150	5703
18.6200	5866
18.6250	5755
18.6300	5694
18.6350	5775
18.6400	6132
18.6450	6555
18.6500	5932
18.6550	6171
18.6600	5377
18.6650	5419
18.6700	6463
18.6750	5937
18.6800	6359
18.6850	5419
18.6900	6489
18.6950	5603
18.7000	5568
18.7050	6533
18.7100	5823
18.7150	6110
18.7200	5734
18.7250	5648
18.7300	5489
18.7350	5554
18.7400	5654
18.7450	6198
18.7500	5779
18.7550	5699
18.7600	6249
18.7650	6436
18.7700	5841
18.7750	5536
18.7800	5868
18.7850	5820
18.7900	6001
18.7950	6589
18.8000	5528
18.8050	5854
18.8100	5463
18.8150	5647
18.8200	6111
18.8250	5623
18.8300	6482
18.8350	5868
18.8400	5415
18.8450	5889
18.8500	5729
18.8550	5874
18.8600	6264
18.8650	5879
18.8700	6481
18.8750	5758
18.8800	5412
18.8850	5567
18.8900	5789
18.8950	5730
18.9000	5695
18.9050	5559
18.9100	6356
18.9150	5823
18.9200	5838
18.9250	5497
18.9300	6021
18.9350	5855
18.9400	5764
18.9450	5805
18.9500	5904
18.9550	6364
18.9600	5635
18.9650	6183
18.9700	5589
18.9750	6378
18.9800	5430
18.9850	5877
18.9900	6004
18.9950	5798
19.0000	5528
19.0050	5540
19.0100	5895
19.0150	5613
19.0200	5435
19.0250	5569
19.0300	6430
19.0350	5910
19.0400	5768
19.0450	5427
19.0500	6426
19.0550	5585
19.0600	6248
19.0650	5801
19.0700	5476
19.0750	6062
19.0800	5627
19.0850	5846
19.0900	6081
19.0950	6390
19.1000	6643
19.1050	5977
19.1100	5350
19.1150	5757
19.1200	5706
19.1250	5854
19.1300	5735
19.1350	5438
19.1400	5845
19.1450	5768
19.1500	5934
19.1550	5897
19.1600	6128
19.1650	5939
19.1700	5748
19.1750	5678
19.1800	5966
19.1850	6180
19.1900	6692
19.1950	5482
19.2000	6056
19.2050	5554
19.2100	6044
19.2150	5955
19.2200	6500
19.2250	5414
19.2300	6560
19.2350	5910
19.2400	6344
19.2450	6354
19.2500	5505
19.2550	6380
19.2600	5449
19.2650	5891
19.2700	5642
19.2750	5901
19.2800	5741
19.2850	5619
19.2900	6069
19.2950	5478
19.3000	5855
19.3050	5861
19.3100	6309
19.3150	5737
19.3200	6419
19.3250	6321
19.3300	5717
19.3350	6073
19.3400	5480
19.3450	5828
19.3500	6288
19.3550	5626
19.3600	5554
19.3650	6067
19.3700	6433
19.3750	5512
19.3800	5379
19.3850	6253
19.3900	6161
19.3950	6610
19.4000	6320
19.4050	5347
19.4100	5729
19.4150	5531
19.4200	5587
19.4250	5913
19.4300	5509
19.4350	6558
19.4400	5455
19.4450	6315
19.4500	5522
19.4550	5528
19.4600	6208
19.4650	5792
19.4700	5978
19.4750	5871
19.4800	6517
19.4850	5867
19.4900	5746
19.4950	6256
19.5000	5913
19.5050	6418
19.5100	5684
19.5150	5930
19.5200	5538
19.5250	6378
19.5300	6163
19.5350	5676
19.5400	6426
19.5450	6036
19.5500	6144
19.5550	5412
19.5600	5555
19.5650	5463
19.5700	5738
19.5750	6736
19.5800	6062
19.5850	5450
19.5900	5526
19.5950	5916
19.6000	5707
19.6050	5837
19.6100	6041
19.6150	5744
19.6200	5625
19.6250	5652
19.6300	5698
19.6350	6269
19.6400	5983
19.6450	5764
19.6500	6304
19.6550	5447
19.6600	5548
19.6650	5767
19.6700	6031
19.6750	5815
19.6800	6314
19.6850	6679
19.6900	6568
19.6950	5965
19.7000	5670
19.7050	6037
19.7100	5545
19.7150	5727
19.7200	6454
19.7250	6448
19.7300	6699
19.7350	5534
19.7400	6117
19.7450	5839
19.7500	6466
19.7550	5797
19.7600	5891
19.7650	5895
19.7700	6341
19.7750	6042
19.7800	6497
19.7850	6631
19.7900	5658
19.7950	5967
19.8000	6337
19.8050	6418
19.8100	5962
19.8150	6240
19.8200	5708
19.8250	5500
19.8300	5905
19.8350	5808
19.8400	6550
19.8450	5923
19.8500	6125
19.8550	5495
19.8600	6366
19.8650	5638
19.8700	6640
19.8750	6368
19.8800	5497
19.8850	5759
19.8900	6463
19.8950	5832
19.9000	5933
19.9050	6272
19.9100	6246
19.9150	5473
19.9200	5541
19.9250	6430
19.9300	6121
19.9350	5701
19.9400	5447
19.9450	6109
19.9500	5774
19.9550	6534
19.9600	6655
19.9650	6055
19.9700	6050
19.9750	5992
19.9800	5528
19.9850	5708
19.9900	5848
19.9950	5927
