0.0000	6255
0.0040	6592
0.0080	6178
0.0120	6610
0.0160	6187
0.0200	6582
0.0240	6207
0.0280	6068
0.0320	6483
0.0360	6673
0.0400	6248
0.0440	6404
0.0480	6506
0.0520	5911
0.0560	5900
0.0600	6151
0.0640	6382
0.0680	6208
0.0720	5715
0.0760	5701
0.0800	5770
0.0840	6128
0.0880	5907
0.0920	5905
0.0960	5696
0.1000	6097
0.1040	6123
0.1080	5781
0.1120	5540
0.1160	5738
0.1200	5484
0.1240	5909
0.1280	5669
0.1320	5968
0.1360	5643
0.1400	5825
0.1440	5866
0.1480	5886
0.1520	6216
0.1560	6298
0.1600	5764
0.1640	5786
0.1680	5796
0.1720	5954
0.1760	6189
0.1800	5471
0.1840	6571
0.1880	6283
0.1920	6189
0.1960	5712
0.2000	6149
0.2040	5901
0.2080	5942
0.2120	5750
0.2160	5901
0.2200	6368
0.2240	6073
0.2280	6511
0.2320	5928
0.2360	5728
0.2400	6169
0.2440	5987
0.2480	5638
0.2520	5785
0.2560	6375
0.2600	5742
0.2640	5989
0.2680	6443
0.2720	6295
0.2760	6027
0.2800	6198
0.2840	5829
0.2880	5868
0.2920	6258
0.2960	5761
0.3000	5822
0.3040	5902
0.3080	6108
0.3120	6569
0.3160	6083
0.3200	5767
0.3240	5567
0.3280	6256
0.3320	5751
0.3360	5723
0.3400	6082
0.3440	5846
0.3480	6105
0.3520	6273
0.3560	5810
0.3600	5522
0.3640	6327
0.3680	6226
0.3720	6129
0.3760	6393
0.3800	6284
0.3840	6211
0.3880	6571
0.3920	6087
0.3960	6084
0.4000	6133
0.4040	6261
0.4080	6454
0.4120	6449
0.4160	5973
0.4200	5914
0.4240	6250
0.4280	5932
0.4320	5794
0.4360	5913
0.4400	6360
0.4440	5970
0.4480	5722
0.4520	6244
0.4560	6349
0.4600	5883
0.4640	5954
0.4680	5914
0.4720	5748
0.4760	5981
0.4800	5694
0.4840	6107
0.4880	5663
0.4920	6602
0.4960	5674
0.5000	6340
0.5040	6122
0.5080	6069
0.5120	6370
0.5160	5932
0.5200	5706
0.5240	5584
0.5280	5768
0.5320	5475
0.5360	5927
0.5400	5536
0.5440	6610
0.5480	6151
0.5520	5949
0.5560	5759
0.5600	6042
0.5640	5824
0.5680	5899
0.5720	5678
0.5760	6070
0.5800	6677
0.5840	6767
0.5880	6002
0.5920	6299
0.5960	6318
0.6000	6169
0.6040	5881
0.6080	5741
0.6120	5724
0.6160	6313
0.6200	6341
0.6240	6262
0.6280	5867
0.6320	5576
0.6360	5689
0.6400	5849
0.6440	5522
0.6480	6105
0.6520	6223
0.6560	6603
0.6600	6023
0.6640	5875
0.6680	5749
0.6720	6335
0.6760	6401
0.6800	6531
0.6840	6341
0.6880	6309
0.6920	6322
0.6960	6315
0.7000	5868
0.7040	5685
0.7080	6000
0.7120	6079
0.7160	6355
0.7200	6263
0.7240	6601
0.7280	5951
0.7320	6527
0.7360	6341
0.7400	5967
0.7440	5935
0.7480	5926
0.7520	6070
0.7560	6198
0.7600	6495
0.7640	5899
0.7680	6223
0.7720	6615
0.7760	6464
0.7800	6539
0.7840	5931
0.7880	6124
0.7920	6215
0.7960	5834
0.8000	6180
0.8040	6273
0.8080	6229
0.8120	6137
0.8160	5884
0.8200	6266
0.8240	6203
0.8280	6299
0.8320	5788
0.8360	6164
0.8400	6159
0.8440	6133
0.8480	5705
0.8520	6086
0.8560	5897
0.8600	6411
0.8640	6150
0.8680	5865
0.8720	5714
0.8760	6143
0.8800	6313
0.8840	5821
0.8880	5683
0.8920	5720
0.8960	6040
0.9000	5735
0.9040	6117
0.9080	5673
0.9120	6002
0.9160	6077
0.9200	6038
0.9240	5935
0.9280	6025
0.9320	6369
0.9360	5965
0.9400	5869
0.9440	5942
0.9480	6158
0.9520	6056
0.9560	6204
0.9600	6307
0.9640	6248
0.9680	6009
0.9720	5619
0.9760	5622
0.9800	5559
0.9840	6376
0.9880	6014
0.9920	6410
0.9960	5917
1.0000	6316
1.0040	6234
1.0080	5801
1.0120	5582
1.0160	6453
1.0200	6059
1.0240	6385
1.0280	6164
1.0320	6336
1.0360	6225
1.0400	5679
1.0440	6157
1.0480	5830
1.0520	6385
1.0560	5620
1.0600	6409
1.0640	6249
1.0680	6500
1.0720	5672
1.0760	5865
1.0800	6422
1.0840	6409
1.0880	6363
1.0920	5928
1.0960	6147
1.1000	6429
1.1040	6570
1.1080	6225
1.1120	6527
1.1160	6371
1.1200	5964
1.1240	6413
1.1280	5798
1.1320	6310
1.1360	6339
1.1400	5701
1.1440	5669
1.1480	5831
1.1520	6147
1.1560	5717
1.1600	6309
1.1640	5640
1.1680	6181
1.1720	5944
1.1760	6136
1.1800	5706
1.1840	6477
1.1880	5970
1.1920	5930
1.1960	6624
1.2000	6212
1.2040	6470
1.2080	6152
1.2120	6210
1.2160	6172
1.2200	6249
1.2240	5869
1.2280	5807
1.2320	6085
1.2360	5602
1.2400	6148
1.2440	5566
1.2480	6449
1.2520	6243
1.2560	6176
1.2600	5756
1.2640	5902
1.2680	5827
1.2720	6526
1.2760	6500
1.2800	6330
1.2840	6627
1.2880	6221
1.2920	6186
1.2960	6096
1.3000	6265
1.3040	5698
1.3080	5761
1.3120	5928
1.3160	6234
1.3200	6291
1.3240	6263
1.3280	6302
1.3320	5484
1.3360	5877
1.3400	5518
1.3440	5791
1.3480	6006
1.3520	6277
1.3560	5458
1.3600	5707
1.3640	6245
1.3680	6059
1.3720	5797
1.3760	6241
1.3800	6012
1.3840	6473
1.3880	6175
1.3920	6453
1.3960	5585
1.4000	5673
1.4040	6424
1.4080	6305
1.4120	6235
1.4160	6123
1.4200	6094
1.4240	6116
1.4280	5907
1.4320	5617
1.4360	5757
1.4400	6166
1.4440	6229
1.4480	6092
1.4520	6670
1.4560	6477
1.4600	6560
1.4640	6308
1.4680	5880
1.4720	5903
1.4760	5884
1.4800	5675
1.4840	5944
1.4880	6548
1.4920	5859
1.4960	6379
1.5000	5847
1.5040	5933
1.5080	5792
1.5120	5728
1.5160	5645
1.5200	5436
1.5240	5986
1.5280	6204
1.5320	6350
1.5360	6137
1.5400	6602
1.5440	5789
1.5480	5677
1.5520	5623
1.5560	6328
1.5600	6349
1.5640	6088
1.5680	6290
1.5720	6349
1.5760	6378
1.5800	6317
1.5840	6229
1.5880	5746
1.5920	6710
1.5960	6129
1.6000	6476
1.6040	6385
1.6080	6529
1.6120	5873
1.6160	6071
1.6200	6360
1.6240	6116
1.6280	6396
1.6320	6205
1.6360	6220
1.6400	6551
1.6440	6543
1.6480	6294
1.6520	6266
1.6560	6551
1.6600	6419
1.6640	6377
1.6680	6200
1.6720	6375
1.6760	6227
1.6800	6219
1.6840	5667
1.6880	6052
1.6920	5793
1.6960	6153
1.7000	5766
1.7040	5718
1.7080	6226
1.7120	6069
1.7160	6267
1.7200	5957
1.7240	6085
1.7280	6350
1.7320	6031
1.7360	6201
1.7400	5948
1.7440	6526
1.7480	6080
1.7520	6265
1.7560	6122
1.7600	6112
1.7640	5883
1.7680	5713
1.7720	6532
1.7760	6176
1.7800	6559
1.7840	6384
1.7880	6713
1.7920	6370
1.7960	6486
1.8000	5739
1.8040	6186
1.8080	6389
1.8120	6501
1.8160	6112
1.8200	6403
1.8240	6324
1.8280	6677
1.8320	5698
1.8360	5717
1.8400	5621
1.8440	6343
1.8480	6206
1.8520	5877
1.8560	5982
1.8600	6404
1.8640	6367
1.8680	5933
1.8720	6099
1.8760	6424
1.8800	6195
1.8840	5866
1.8880	5493
1.8920	5830
1.8960	6348
1.9000	6599
1.9040	6042
1.9080	6132
1.9120	6127
1.9160	6337
1.9200	6350
1.9240	5901
1.9280	5959
1.9320	6292
1.9360	6421
1.9400	6214
1.9440	6347
1.9480	6284
1.9520	6685
1.9560	6223
1.9600	6135
1.9640	6128
1.9680	6695
1.9720	6424
1.9760	5982
1.9800	5981
1.9840	6577
1.9880	5822
1.9920	5939
1.9960	6637
2.0000	6403
2.0040	6175
2.0080	6094
2.0120	6043
2.0160	6472
2.0200	5946
2.0240	5707
2.0280	5690
2.0320	6098
2.0360	6212
2.0400	6241
2.0440	5964
2.0480	5610
2.0520	6154
2.0560	5935
2.0600	5626
2.0640	5575
2.0680	6219
2.0720	6325
2.0760	6159
2.0800	6481
2.0840	5773
2.0880	6536
2.0920	5990
2.0960	5890
2.1000	6176
2.1040	6339
2.1080	6119
2.1120	5828
2.1160	6507
2.1200	5760
2.1240	5893
2.1280	6136
2.1320	6464
2.1360	6325
2.1400	6603
2.1440	6238
2.1480	5955
2.1520	6131
2.1560	5737
2.1600	5669
2.1640	6450
2.1680	6579
2.1720	6061
2.1760	6270
2.1800	6659
2.1840	6576
2.1880	6386
2.1920	6106
2.1960	5765
2.2000	6192
2.2040	6064
2.2080	5583
2.2120	5534
2.2160	5897
2.2200	6182
2.2240	5989
2.2280	6090
2.2320	6211
2.2360	6143
2.2400	5961
2.2440	6045
2.2480	5729
2.2520	5910
2.2560	5694
2.2600	6124
2.2640	6177
2.2680	6539
2.2720	6235
2.2760	6137
2.2800	5665
2.2840	5809
2.2880	5853
2.2920	5969
2.2960	5790
2.3000	6154
2.3040	6225
2.3080	6286
2.3120	6045
2.3160	5628
2.3200	6080
2.3240	6182
2.3280	6494
2.3320	6434
2.3360	6549
2.3400	6535
2.3440	6438
2.3480	6227
2.3520	6578
2.3560	6402
2.3600	6433
2.3640	5856
2.3680	5975
2.3720	6436
2.3760	6062
2.3800	6251
2.3840	6116
2.3880	6034
2.3920	6264
2.3960	6241
2.4000	6132
2.4040	6250
2.4080	6059
2.4120	6276
2.4160	6469
2.4200	6054
2.4240	6444
2.4280	6242
2.4320	6361
2.4360	5921
2.4400	6529
2.4440	5522
2.4480	6247
2.4520	6040
2.4560	6099
2.4600	6263
2.4640	6256
2.4680	6278
2.4720	6286
2.4760	6323
2.4800	5960
2.4840	6606
2.4880	5646
2.4920	5789
2.4960	6162
2.5000	6561
2.5040	6099
2.5080	6016
2.5120	6462
2.5160	6213
2.5200	6224
2.5240	6525
2.5280	6032
2.5320	6092
2.5360	5720
2.5400	5786
2.5440	6062
2.5480	6345
2.5520	6237
2.5560	6171
2.5600	6318
2.5640	5659
2.5680	5612
2.5720	5481
2.5760	5606
2.5800	5601
2.5840	6527
2.5880	5868
2.5920	6044
2.5960	6234
2.6000	5655
2.6040	5941
2.6080	5500
2.6120	5989
2.6160	5494
2.6200	6283
2.6240	6070
2.6280	6240
2.6320	5900
2.6360	5835
2.6400	6407
2.6440	6419
2.6480	5845
2.6520	5931
2.6560	6185
2.6600	6309
2.6640	6451
2.6680	5920
2.6720	6214
2.6760	6186
2.6800	6303
2.6840	5957
2.6880	5784
2.6920	6033
2.6960	6547
2.7000	6328
2.7040	5981
2.7080	6131
2.7120	6381
2.7160	6378
2.7200	5686
2.7240	5773
2.7280	6420
2.7320	6323
2.7360	6202
2.7400	5816
2.7440	5751
2.7480	6201
2.7520	6219
2.7560	5529
2.7600	6326
2.7640	5476
2.7680	5696
2.7720	5950
2.7760	5807
2.7800	5767
2.7840	6531
2.7880	5833
2.7920	5924
2.7960	5950
2.8000	6095
2.8040	5774
2.8080	6469
2.8120	6093
2.8160	5827
2.8200	5810
2.8240	5739
2.8280	5740
2.8320	6178
2.8360	5580
2.8400	5769
2.8440	6482
2.8480	6045
2.8520	6590
2.8560	6284
2.8600	5893
2.8640	5846
2.8680	6226
2.8720	6269
2.8760	5897
2.8800	6661
2.8840	6313
2.8880	6338
2.8920	6228
2.8960	5749
2.9000	5784
2.9040	6036
2.9080	6429
2.9120	6177
2.9160	6130
2.9200	5946
2.9240	6164
2.9280	6011
2.9320	5605
2.9360	5407
2.9400	5734
2.9440	5753
2.9480	5901
2.9520	6176
2.9560	6258
2.9600	6346
2.9640	5761
2.9680	6009
2.9720	6235
2.9760	5645
2.9800	6405
2.9840	6219
2.9880	6021
2.9920	6026
2.9960	5923
3.0000	5723
3.0040	5845
3.0080	5682
3.0120	5961
3.0160	6650
3.0200	5749
3.0240	5866
3.0280	5666
3.0320	5804
3.0360	5811
3.0400	6233
3.0440	6228
3.0480	6516
3.0520	6482
3.0560	5888
3.0600	5961
3.0640	5769
3.0680	6189
3.0720	6325
3.0760	6403
3.0800	6302
3.0840	5765
3.0880	5691
3.0920	5806
3.0960	5973
3.1000	5974
3.1040	6016
3.1080	5646
3.1120	5677
3.1160	6091
3.1200	6367
3.1240	6307
3.1280	6006
3.1320	5764
3.1360	6088
3.1400	5937
3.1440	6167
3.1480	5982
3.1520	6452
3.1560	6218
3.1600	6475
3.1640	6506
3.1680	6422
3.1720	6329
3.1760	5823
3.1800	5904
3.1840	5603
3.1880	6427
3.1920	5901
3.1960	6458
3.2000	6154
3.2040	6255
3.2080	6239
3.2120	5960
3.2160	5552
3.2200	5990
3.2240	6564
3.2280	6515
3.2320	6472
3.2360	6342
3.2400	6647
3.2440	6454
3.2480	6073
3.2520	5811
3.2560	5722
3.2600	6264
3.2640	6405
3.2680	6308
3.2720	5689
3.2760	5930
3.2800	6153
3.2840	5637
3.2880	5559
3.2920	5798
3.2960	6149
3.3000	5757
3.3040	5510
3.3080	6110
3.3120	6219
3.3160	6374
3.3200	5552
3.3240	6388
3.3280	5844
3.3320	5888
3.3360	5784
3.3400	5795
3.3440	6251
3.3480	6345
3.3520	5994
3.3560	6083
3.3600	6332
3.3640	5624
3.3680	6373
3.3720	5738
3.3760	5743
3.3800	5780
3.3840	6688
3.3880	6232
3.3920	6097
3.3960	6299
3.4000	5794
3.4040	6255
3.4080	5933
3.4120	5981
3.4160	6048
3.4200	6535
3.4240	6474
3.4280	5624
3.4320	6084
3.4360	5690
3.4400	6043
3.4440	5752
3.4480	5750
3.4520	6359
3.4560	6136
3.4600	6021
3.4640	5719
3.4680	5550
3.4720	6117
3.4760	6032
3.4800	5967
3.4840	5836
3.4880	6492
3.4920	6184
3.4960	6134
3.5000	5595
3.5040	5882
3.5080	5912
3.5120	5812
3.5160	5846
3.5200	5672
3.5240	5968
3.5280	5803
3.5320	6638
3.5360	5582
3.5400	6012
3.5440	5594
3.5480	6209
3.5520	5544
3.5560	6281
3.5600	6225
3.5640	6201
3.5680	6199
3.5720	6227
3.5760	6224
3.5800	6188
3.5840	5862
3.5880	6190
3.5920	5923
3.5960	6353
3.6000	5918
3.6040	6202
3.6080	6134
3.6120	6122
3.6160	5863
3.6200	5732
3.6240	5793
3.6280	5615
3.6320	5587
3.6360	6222
3.6400	5940
3.6440	6313
3.6480	6147
3.6520	6358
3.6560	5567
3.6600	6327
3.6640	6054
3.6680	6138
3.6720	6117
3.6760	6436
3.6800	6367
3.6840	6115
3.6880	5550
3.6920	5743
3.6960	5621
3.7000	5636
3.7040	5702
3.7080	6113
3.7120	5906
3.7160	5835
3.7200	6590
3.7240	6374
3.7280	5949
3.7320	5989
3.7360	5832
3.7400	5641
3.7440	5814
3.7480	5973
3.7520	6455
3.7560	6395
3.7600	6434
3.7640	5996
3.7680	6335
3.7720	5768
3.7760	6382
3.7800	6104
3.7840	5856
3.7880	6587
3.7920	6377
3.7960	5817
3.8000	5634
3.8040	5875
3.8080	5861
3.8120	5494
3.8160	6074
3.8200	5887
3.8240	6068
3.8280	6032
3.8320	5666
3.8360	5878
3.8400	5570
3.8440	5768
3.8480	5846
3.8520	5550
3.8560	6111
3.8600	6162
3.8640	6576
3.8680	5737
3.8720	5975
3.8760	5598
3.8800	6179
3.8840	5903
3.8880	5637
3.8920	6347
3.8960	6395
3.9000	6557
3.9040	5742
3.9080	5846
3.9120	6123
3.9160	6342
3.9200	5754
3.9240	6143
3.9280	5899
3.9320	6643
3.9360	6396
3.9400	6396
3.9440	6286
3.9480	6240
3.9520	5997
3.9560	5882
3.9600	5798
3.9640	6574
3.9680	6335
3.9720	6126
3.9760	5871
3.9800	6039
3.9840	6155
3.9880	6053
3.9920	5621
3.9960	6007
4.0000	5856
4.0040	6208
4.0080	6029
4.0120	5493
4.0160	6109
4.0200	6452
4.0240	5894
4.0280	5806
4.0320	5569
4.0360	5904
4.0400	5842
4.0440	5839
4.0480	5817
4.0520	5842
4.0560	6071
4.0600	6311
4.0640	5851
4.0680	5682
4.0720	5822
4.0760	5588
4.0800	5830
4.0840	5737
4.0880	6354
4.0920	6403
4.0960	6389
4.1000	5741
4.1040	5987
4.1080	5933
4.1120	5956
4.1160	6002
4.1200	6167
4.1240	5886
4.1280	6566
4.1320	6077
4.1360	5832
4.1400	5778
4.1440	6045
4.1480	6050
4.1520	5623
4.1560	5983
4.1600	5736
4.1640	5534
4.1680	5497
4.1720	5471
4.1760	6007
4.1800	6369
4.1840	6406
4.1880	5890
4.1920	6364
4.1960	5599
4.2000	6609
4.2040	6067
4.2080	5788
4.2120	5693
4.2160	6281
4.2200	5930
4.2240	5720
4.2280	5938
4.2320	5553
4.2360	6244
4.2400	6140
4.2440	5655
4.2480	5513
4.2520	6611
4.2560	6238
4.2600	5710
4.2640	5640
4.2680	6683
4.2720	6096
4.2760	6360
4.2800	5804
4.2840	6023
4.2880	6233
4.2920	6156
4.2960	6023
4.3000	6335
4.3040	6580
4.3080	6299
4.3120	6239
4.3160	5561
4.3200	6284
4.3240	6120
4.3280	6056
4.3320	5771
4.3360	5496
4.3400	6027
4.3440	6207
4.3480	6398
4.3520	5990
4.3560	6173
4.3600	6215
4.3640	5699
4.3680	6097
4.3720	5785
4.3760	6439
4.3800	6377
4.3840	5842
4.3880	6215
4.3920	6345
4.3960	6448
4.4000	5736
4.4040	6377
4.4080	6249
4.4120	5663
4.4160	6253
4.4200	6127
4.4240	6383
4.4280	5799
4.4320	5667
4.4360	5920
4.4400	6587
4.4440	5719
4.4480	5816
4.4520	5774
4.4560	5878
4.4600	6098
4.4640	6337
4.4680	5815
4.4720	6338
4.4760	6319
4.4800	5789
4.4840	5888
4.4880	5779
4.4920	5609
4.4960	5893
4.5000	6003
4.5040	5582
4.5080	5630
4.5120	5666
4.5160	5662
4.5200	5854
4.5240	6204
4.5280	5722
4.5320	5845
4.5360	6268
4.5400	5792
4.5440	5764
4.5480	5474
4.5520	5812
4.5560	5689
4.5600	5803
4.5640	6284
4.5680	6448
4.5720	5831
4.5760	5865
4.5800	5712
4.5840	6111
4.5880	6317
4.5920	6091
4.5960	5823
4.6000	5946
4.6040	6497
4.6080	6282
4.6120	6090
4.6160	5714
4.6200	6232
4.6240	6009
4.6280	6146
4.6320	6226
4.6360	6489
4.6400	6448
4.6440	5942
4.6480	5913
4.6520	5821
4.6560	6350
4.6600	6487
4.6640	6262
4.6680	6098
4.6720	6286
4.6760	6440
4.6800	6297
4.6840	5667
4.6880	5672
4.6920	5988
4.6960	5889
4.7000	5968
4.7040	5944
4.7080	6300
4.7120	6321
4.7160	5958
4.7200	5538
4.7240	5858
4.7280	6201
4.7320	6261
4.7360	5525
4.7400	5871
4.7440	5931
4.7480	6592
4.7520	6147
4.7560	5845
4.7600	5719
4.7640	5653
4.7680	5663
4.7720	5853
4.7760	5885
4.7800	5901
4.7840	6578
4.7880	5982
4.7920	6428
4.7960	6183
4.8000	6082
4.8040	5873
4.8080	5748
4.8120	5910
4.8160	5855
4.8200	5943
4.8240	5753
4.8280	6026
4.8320	5817
4.8360	5850
4.8400	5810
4.8440	5887
4.8480	5821
4.8520	5774
4.8560	5869
4.8600	5864
4.8640	6276
4.8680	5531
4.8720	6326
4.8760	5324
4.8800	6320
4.8840	5865
4.8880	5944
4.8920	6237
4.8960	5938
4.9000	5911
4.9040	5790
4.9080	6017
4.9120	5902
4.9160	5582
4.9200	6133
4.9240	5983
4.9280	6130
4.9320	5926
4.9360	6113
4.9400	5858
4.9440	6577
4.9480	5964
4.9520	5673
4.9560	6056
4.9600	6151
4.9640	6222
4.9680	5939
4.9720	5921
4.9760	5647
4.9800	6060
4.9840	5816
4.9880	5845
4.9920	6340
4.9960	6032
5.0000	6444
5.0040	6033
5.0080	5920
5.0120	5857
5.0160	5658
5.0200	5735
5.0240	6304
5.0280	6315
5.0320	6128
5.0360	6328
5.0400	5788
5.0440	5701
5.0480	5617
5.0520	6013
5.0560	6286
5.0600	5822
5.0640	6275
5.0680	6287
5.0720	5952
5.0760	5980
5.0800	5851
5.0840	5844
5.0880	5876
5.0920	6037
5.0960	5748
5.1000	6324
5.1040	6271
5.1080	6342
5.1120	6351
5.1160	6477
5.1200	5746
5.1240	6351
5.1280	6516
5.1320	5483
5.1360	6251
5.1400	5962
5.1440	5976
5.1480	5976
5.1520	6177
5.1560	5846
5.1600	5934
5.1640	6139
5.1680	6172
5.1720	5832
5.1760	5811
5.1800	5990
5.1840	6439
5.1880	6327
5.1920	5798
5.1960	6197
5.2000	5654
5.2040	5776
5.2080	5719
5.2120	5713
5.2160	5561
5.2200	5661
5.2240	6009
5.2280	5567
5.2320	5711
5.2360	5528
5.2400	5657
5.2440	5780
5.2480	6405
5.2520	5911
5.2560	5809
5.2600	5902
5.2640	5839
5.2680	5685
5.2720	5984
5.2760	5616
5.2800	5930
5.2840	5908
5.2880	6089
5.2920	5584
5.2960	5875
5.3000	5934
5.3040	5520
5.3080	5758
5.3120	5570
5.3160	5792
5.3200	5567
5.3240	5894
5.3280	5814
5.3320	5972
5.3360	5601
5.3400	5915
5.3440	5768
5.3480	6566
5.3520	6201
5.3560	5801
5.3600	5868
5.3640	5716
5.3680	5766
5.3720	5834
5.3760	5589
5.3800	6016
5.3840	6443
5.3880	6199
5.3920	6303
5.3960	6077
5.4000	6221
5.4040	6258
5.4080	5936
5.4120	5823
5.4160	6078
5.4200	6289
5.4240	5562
5.4280	6432
5.4320	5902
5.4360	6366
5.4400	6173
5.4440	6269
5.4480	5576
5.4520	5996
5.4560	6014
5.4600	5682
5.4640	6041
5.4680	5796
5.4720	6372
5.4760	6278
5.4800	5770
5.4840	5796
5.4880	6280
5.4920	6130
5.4960	6005
5.5000	6098
5.5040	6160
5.5080	5899
5.5120	6272
5.5160	5697
5.5200	6044
5.5240	6368
5.5280	6500
5.5320	6232
5.5360	6333
5.5400	6088
5.5440	6212
5.5480	5977
5.5520	5845
5.5560	5653
5.5600	6116
5.5640	5890
5.5680	5922
5.5720	6335
5.5760	6328
5.5800	6194
5.5840	5809
5.5880	5534
5.5920	6221
5.5960	6336
5.6000	5995
5.6040	6284
5.6080	6371
5.6120	5854
5.6160	5746
5.6200	5692
5.6240	5757
5.6280	6197
5.6320	6429
5.6360	5858
5.6400	5784
5.6440	6127
5.6480	6193
5.6520	5769
5.6560	5753
5.6600	6093
5.6640	5778
5.6680	6517
5.6720	5556
5.6760	6333
5.6800	5532
5.6840	5916
5.6880	5806
5.6920	6040
5.6960	5676
5.7000	5678
5.7040	6225
5.7080	6574
5.7120	5971
5.7160	5666
5.7200	5813
5.7240	6056
5.7280	6113
5.7320	5658
5.7360	6417
5.7400	6180
5.7440	5884
5.7480	5667
5.7520	5608
5.7560	5535
5.7600	5510
5.7640	5790
5.7680	5621
5.7720	5698
5.7760	5973
5.7800	6267
5.7840	5636
5.7880	5790
5.7920	5583
5.7960	5996
5.8000	5566
5.8040	6250
5.8080	5868
5.8120	6035
5.8160	5983
5.8200	5892
5.8240	5692
5.8280	5563
5.8320	5903
5.8360	5647
5.8400	6080
5.8440	5877
5.8480	5802
5.8520	5860
5.8560	6195
5.8600	6316
5.8640	5969
5.8680	6266
5.8720	6254
5.8760	5843
5.8800	6619
5.8840	6515
5.8880	6295
5.8920	6486
5.8960	5740
5.9000	5838
5.9040	6024
5.9080	6224
5.9120	5735
5.9160	6336
5.9200	5787
5.9240	5589
5.9280	5974
5.9320	5611
5.9360	5540
5.9400	5598
5.9440	6069
5.9480	5500
5.9520	6356
5.9560	5950
5.9600	6272
5.9640	6363
5.9680	6216
5.9720	5958
5.9760	6387
5.9800	5498
5.9840	6221
5.9880	5484
5.9920	5910
5.9960	5839
6.0000	5634
6.0040	5682
6.0080	5721
6.0120	6151
6.0160	5684
6.0200	6489
6.0240	6314
6.0280	6482
6.0320	6387
6.0360	5857
6.0400	5928
6.0440	6264
6.0480	5862
6.0520	5897
6.0560	6291
6.0600	6146
6.0640	6123
6.0680	6554
6.0720	5737
6.0760	6372
6.0800	5945
6.0840	6110
6.0880	6071
6.0920	6230
6.0960	6380
6.1000	5703
6.1040	5942
6.1080	5661
6.1120	5565
6.1160	5697
6.1200	5523
6.1240	5707
6.1280	6156
6.1320	6249
6.1360	5720
6.1400	6033
6.1440	5781
6.1480	6229
6.1520	5810
6.1560	6687
6.1600	5542
6.1640	6239
6.1680	6278
6.1720	6385
6.1760	5779
6.1800	5656
6.1840	5865
6.1880	5783
6.1920	6107
6.1960	5449
6.2000	6266
6.2040	5596
6.2080	5795
6.2120	5985
6.2160	6475
6.2200	5816
6.2240	6209
6.2280	6313
6.2320	6053
6.2360	5868
6.2400	6212
6.2440	5836
6.2480	5806
6.2520	6520
6.2560	6443
6.2600	5940
6.2640	6609
6.2680	6356
6.2720	5807
6.2760	5642
6.2800	5711
6.2840	5646
6.2880	6176
6.2920	5583
6.2960	5916
6.3000	6118
6.3040	6265
6.3080	5681
6.3120	5770
6.3160	5694
6.3200	6077
6.3240	5533
6.3280	6034
6.3320	5696
6.3360	5924
6.3400	5889
6.3440	6288
6.3480	5847
6.3520	5868
6.3560	5750
6.3600	5573
6.3640	5905
6.3680	5979
6.3720	6490
6.3760	5702
6.3800	5967
6.3840	5662
6.3880	6072
6.3920	5734
6.3960	6211
6.4000	5924
6.4040	5951
6.4080	5885
6.4120	5752
6.4160	5775
6.4200	5809
6.4240	6182
6.4280	5846
6.4320	6013
6.4360	5736
6.4400	5935
6.4440	6222
6.4480	5747
6.4520	5571
6.4560	5385
6.4600	5568
6.4640	5623
6.4680	5610
6.4720	5614
6.4760	5729
6.4800	5687
6.4840	5848
6.4880	5581
6.4920	5529
6.4960	5827
6.5000	6591
6.5040	6071
6.5080	6419
6.5120	6210
6.5160	5744
6.5200	5523
6.5240	5728
6.5280	5914
6.5320	6355
6.5360	6565
6.5400	6199
6.5440	6085
6.5480	6335
6.5520	5814
6.5560	5533
6.5600	6219
6.5640	5807
6.5680	6578
6.5720	6490
6.5760	5846
6.5800	5882
6.5840	6206
6.5880	6136
6.5920	6199
6.5960	6398
6.6000	5908
6.6040	6201
6.6080	6112
6.6120	5569
6.6160	5652
6.6200	6387
6.6240	6006
6.6280	6189
6.6320	5615
6.6360	5969
6.6400	5618
6.6440	6297
6.6480	5987
6.6520	5550
6.6560	5902
6.6600	5785
6.6640	6366
6.6680	5657
6.6720	6346
6.6760	5613
6.6800	5937
6.6840	5578
6.6880	6052
6.6920	5924
6.6960	5876
6.7000	6146
6.7040	6278
6.7080	6305
6.7120	5977
6.7160	5899
6.7200	5668
6.7240	5860
6.7280	5649
6.7320	6091
6.7360	5531
6.7400	6069
6.7440	5921
6.7480	6532
6.7520	6197
6.7560	6463
6.7600	5650
6.7640	6587
6.7680	6642
6.7720	5882
6.7760	6446
6.7800	6538
6.7840	6102
6.7880	6256
6.7920	6277
6.7960	5914
6.8000	6466
6.8040	6259
6.8080	5725
6.8120	6239
6.8160	6322
6.8200	5740
6.8240	5651
6.8280	5834
6.8320	5617
6.8360	6077
6.8400	6135
6.8440	5915
6.8480	5652
6.8520	6392
6.8560	5712
6.8600	5860
6.8640	5718
6.8680	5965
6.8720	5656
6.8760	6010
6.8800	5841
6.8840	5720
6.8880	5706
6.8920	5850
6.8960	6076
6.9000	6027
6.9040	5944
6.9080	5925
6.9120	6019
6.9160	5433
6.9200	5805
6.9240	5687
6.9280	6003
6.9320	5844
6.9360	6429
6.9400	5919
6.9440	6239
6.9480	6553
6.9520	5890
6.9560	6071
6.9600	5832
6.9640	5879
6.9680	5943
6.9720	5910
6.9760	5714
6.9800	5785
6.9840	6044
6.9880	5698
6.9920	6299
6.9960	6120
7.0000	5586
7.0040	5642
7.0080	6018
7.0120	5677
7.0160	5709
7.0200	5386
7.0240	5798
7.0280	5595
7.0320	5891
7.0360	5830
7.0400	6445
7.0440	5765
7.0480	5802
7.0520	5760
7.0560	5641
7.0600	5780
7.0640	5933
7.0680	5661
7.0720	5835
7.0760	6437
7.0800	6183
7.0840	5899
7.0880	5690
7.0920	6443
7.0960	5733
7.1000	6240
7.1040	5705
7.1080	6127
7.1120	6480
7.1160	6467
7.1200	6421
7.1240	5896
7.1280	6119
7.1320	5994
7.1360	5733
7.1400	6045
7.1440	5799
7.1480	6196
7.1520	6130
7.1560	6001
7.1600	6417
7.1640	5993
7.1680	5828
7.1720	5695
7.1760	5410
7.1800	5819
7.1840	6062
7.1880	5827
7.1920	5695
7.1960	6256
7.2000	6291
7.2040	5999
7.2080	5654
7.2120	5899
7.2160	5446
7.2200	6109
7.2240	5904
7.2280	6063
7.2320	5745
7.2360	6150
7.2400	5931
7.2440	6224
7.2480	6434
7.2520	5829
7.2560	5801
7.2600	5656
7.2640	5964
7.2680	6294
7.2720	6624
7.2760	5848
7.2800	5869
7.2840	5601
7.2880	5864
7.2920	5706
7.2960	5864
7.3000	5847
7.3040	5917
7.3080	6553
7.3120	6614
7.3160	6020
7.3200	5956
7.3240	5776
7.3280	5765
7.3320	6103
7.3360	5701
7.3400	5587
7.3440	5856
7.3480	6082
7.3520	6086
7.3560	6234
7.3600	6191
7.3640	5542
7.3680	6281
7.3720	5817
7.3760	5793
7.3800	5958
7.3840	6026
7.3880	5612
7.3920	6482
7.3960	5831
7.4000	6398
7.4040	6048
7.4080	6288
7.4120	5600
7.4160	6179
7.4200	6038
7.4240	5602
7.4280	6031
7.4320	6256
7.4360	6594
7.4400	5738
7.4440	6234
7.4480	5801
7.4520	6708
7.4560	6013
7.4600	6351
7.4640	5692
7.4680	6663
7.4720	6548
7.4760	5957
7.4800	5849
7.4840	6046
7.4880	6172
7.4920	5800
7.4960	5806
7.5000	5989
7.5040	6029
7.5080	5851
7.5120	5712
7.5160	6069
7.5200	6326
7.5240	5580
7.5280	6097
7.5320	5627
7.5360	6085
7.5400	6194
7.5440	5707
7.5480	5922
7.5520	5661
7.5560	6059
7.5600	5579
7.5640	6213
7.5680	5565
7.5720	6540
7.5760	6374
7.5800	6186
7.5840	6393
7.5880	5706
7.5920	6138
7.5960	5861
7.6000	5589
7.6040	5725
7.6080	6464
7.6120	6432
7.6160	5832
7.6200	5744
7.6240	5945
7.6280	5636
7.6320	5805
7.6360	5872
7.6400	6158
7.6440	5845
7.6480	5897
7.6520	5923
7.6560	6190
7.6600	6132
7.6640	5663
7.6680	6293
7.6720	6256
7.6760	5668
7.6800	5782
7.6840	5709
7.6880	5744
7.6920	6419
7.6960	6234
7.7000	5656
7.7040	6274
7.7080	6189
7.7120	5572
7.7160	6049
7.7200	6474
7.7240	6258
7.7280	6209
7.7320	6097
7.7360	5911
7.7400	5652
7.7440	6338
7.7480	5665
7.7520	5844
7.7560	5666
7.7600	6344
7.7640	6386
7.7680	6214
7.7720	5691
7.7760	5600
7.7800	5816
7.7840	5660
7.7880	5853
7.7920	5529
7.7960	5806
7.8000	6350
7.8040	6191
7.8080	6451
7.8120	5908
7.8160	5706
7.8200	5939
7.8240	5935
7.8280	5869
7.8320	6092
7.8360	6414
7.8400	6322
7.8440	6627
7.8480	6115
7.8520	5860
7.8560	5916
7.8600	5789
7.8640	5952
7.8680	5799
7.8720	6061
7.8760	6090
7.8800	6402
7.8840	6027
7.8880	5785
7.8920	5681
7.8960	5675
7.9000	5519
7.9040	5598
7.9080	5996
7.9120	6081
7.9160	6384
7.9200	5987
7.9240	6579
7.9280	6221
7.9320	5607
7.9360	6197
7.9400	5726
7.9440	5974
7.9480	6004
7.9520	5780
7.9560	5801
7.9600	6300
7.9640	6317
7.9680	5957
7.9720	6226
7.9760	5845
7.9800	5874
7.9840	6014
7.9880	5931
7.9920	5996
7.9960	6021
8.0000	6369
8.0040	5925
8.0080	6055
8.0120	5979
8.0160	6520
8.0200	6374
8.0240	5878
8.0280	6193
8.0320	5656
8.0360	5813
8.0400	5770
8.0440	5872
8.0480	6196
8.0520	6342
8.0560	5651
8.0600	5891
8.0640	5879
8.0680	5954
8.0720	6083
8.0760	5985
8.0800	6253
8.0840	5752
8.0880	6424
8.0920	5869
8.0960	5836
8.1000	5814
8.1040	6284
8.1080	5675
8.1120	6514
8.1160	5955
8.1200	6389
8.1240	6301
8.1280	6158
8.1320	5673
8.1360	6020
8.1400	6241
8.1440	6094
8.1480	6587
8.1520	6069
8.1560	6288
8.1600	6184
8.1640	6414
8.1680	5956
8.1720	6166
8.1760	6395
8.1800	5970
8.1840	5932
8.1880	6036
8.1920	6162
8.1960	6310
8.2000	6295
8.2040	5975
8.2080	6143
8.2120	6329
8.2160	6388
8.2200	5927
8.2240	5734
8.2280	5638
8.2320	5518
8.2360	5850
8.2400	6075
8.2440	6471
8.2480	6136
8.2520	6016
8.2560	5584
8.2600	6090
8.2640	5854
8.2680	6001
8.2720	5646
8.2760	5997
8.2800	6168
8.2840	6386
8.2880	5618
8.2920	6075
8.2960	5838
8.3000	6363
8.3040	6233
8.3080	5697
8.3120	5824
8.3160	5629
8.3200	6117
8.3240	6141
8.3280	6126
8.3320	6171
8.3360	6430
8.3400	6309
8.3440	5966
8.3480	5772
8.3520	5986
8.3560	6163
8.3600	6594
8.3640	6159
8.3680	5899
8.3720	6025
8.3760	5928
8.3800	6315
8.3840	6451
8.3880	5930
8.3920	5723
8.3960	5659
8.4000	5768
8.4040	5654
8.4080	5843
8.4120	5548
8.4160	5795
8.4200	5901
8.4240	5990
8.4280	5548
8.4320	5642
8.4360	5793
8.4400	6377
8.4440	6387
8.4480	6144
8.4520	5500
8.4560	5854
8.4600	5930
8.4640	6260
8.4680	5715
8.4720	5784
8.4760	6032
8.4800	5987
8.4840	5779
8.4880	5704
8.4920	5707
8.4960	5628
8.5000	6515
8.5040	6383
8.5080	6611
8.5120	5694
8.5160	5900
8.5200	5773
8.5240	6026
8.5280	6339
8.5320	6453
8.5360	6062
8.5400	5893
8.5440	6256
8.5480	6528
8.5520	5957
8.5560	5726
8.5600	6099
8.5640	6663
8.5680	6276
8.5720	5603
8.5760	5582
8.5800	6285
8.5840	6175
8.5880	5775
8.5920	5872
8.5960	5709
8.6000	6028
8.6040	6385
8.6080	5838
8.6120	5936
8.6160	6258
8.6200	6390
8.6240	6144
8.6280	5680
8.6320	5477
8.6360	6041
8.6400	6199
8.6440	6138
8.6480	5724
8.6520	6544
8.6560	6335
8.6600	5752
8.6640	5997
8.6680	6201
8.6720	6155
8.6760	5902
8.6800	5988
8.6840	6245
8.6880	6418
8.6920	6488
8.6960	5941
8.7000	5786
8.7040	5938
8.7080	6451
8.7120	5762
8.7160	5864
8.7200	6293
8.7240	6535
8.7280	6174
8.7320	6081
8.7360	5702
8.7400	6213
8.7440	6185
8.7480	5875
8.7520	5577
8.7560	5676
8.7600	6177
8.7640	6172
8.7680	5733
8.7720	5546
8.7760	5841
8.7800	5814
8.7840	5887
8.7880	5497
8.7920	6596
8.7960	6101
8.8000	5986
8.8040	5606
8.8080	6190
8.8120	5639
8.8160	6005
8.8200	5660
8.8240	5778
8.8280	6053
8.8320	6232
8.8360	6056
8.8400	5827
8.8440	5740
8.8480	6131
8.8520	6280
8.8560	5920
8.8600	6224
8.8640	5979
8.8680	6352
8.8720	6403
8.8760	6310
8.8800	5754
8.8840	5992
8.8880	6185
8.8920	5924
8.8960	6184
8.9000	6402
8.9040	6096
8.9080	6602
8.9120	5930
8.9160	5669
8.9200	5616
8.9240	5758
8.9280	6011
8.9320	5631
8.9360	5700
8.9400	6019
8.9440	6180
8.9480	5771
8.9520	5933
8.9560	6350
8.9600	5872
8.9640	5942
8.9680	5545
8.9720	5987
8.9760	6309
8.9800	6301
8.9840	6089
8.9880	6515
8.9920	6150
8.9960	5895
9.0000	5788
9.0040	5788
9.0080	5973
9.0120	6156
9.0160	5818
9.0200	6027
9.0240	5982
9.0280	5905
9.0320	6260
9.0360	5690
9.0400	5919
9.0440	5793
9.0480	6184
9.0520	6235
9.0560	6455
9.0600	6473
9.0640	6586
9.0680	6359
9.0720	5822
9.0760	5914
9.0800	6220
9.0840	5904
9.0880	5749
9.0920	5824
9.0960	6200
9.1000	6482
9.1040	6268
9.1080	6078
9.1120	5428
9.1160	5552
9.1200	5591
9.1240	5581
9.1280	6179
9.1320	6259
9.1360	5929
9.1400	5475
9.1440	6113
9.1480	5856
9.1520	5947
9.1560	5506
9.1600	6002
9.1640	6335
9.1680	6730
9.1720	6304
9.1760	5994
9.1800	5675
9.1840	6529
9.1880	6054
9.1920	5731
9.1960	5865
9.2000	6048
9.2040	6305
9.2080	5566
9.2120	5869
9.2160	5948
9.2200	6315
9.2240	6256
9.2280	5868
9.2320	5923
9.2360	6628
9.2400	6411
9.2440	6087
9.2480	5947
9.2520	6386
9.2560	6535
9.2600	5978
9.2640	5917
9.2680	6184
9.2720	6274
9.2760	6187
9.2800	5815
9.2840	5994
9.2880	6325
9.2920	6079
9.2960	5965
9.3000	5911
9.3040	5717
9.3080	6457
9.3120	6110
9.3160	6409
9.3200	5884
9.3240	6201
9.3280	5676
9.3320	5742
9.3360	5517
9.3400	6162
9.3440	6120
9.3480	5860
9.3520	6316
9.3560	5837
9.3600	5989
9.3640	6461
9.3680	6041
9.3720	5689
9.3760	6018
9.3800	6353
9.3840	6770
9.3880	6338
9.3920	6499
9.3960	6157
9.4000	6303
9.4040	5687
9.4080	5872
9.4120	6080
9.4160	6495
9.4200	6287
9.4240	5975
9.4280	6333
9.4320	6308
9.4360	6420
9.4400	5700
9.4440	6451
9.4480	5706
9.4520	6383
9.4560	6436
9.4600	6279
9.4640	6156
9.4680	6423
9.4720	5846
9.4760	5854
9.4800	6306
9.4840	5683
9.4880	6342
9.4920	6178
9.4960	5857
9.5000	5579
9.5040	6196
9.5080	6312
9.5120	6549
9.5160	5600
9.5200	6478
9.5240	5585
9.5280	6335
9.5320	6033
9.5360	5915
9.5400	6276
9.5440	6148
9.5480	5841
9.5520	5655
9.5560	6054
9.5600	5937
9.5640	5944
9.5680	5598
9.5720	6117
9.5760	6474
9.5800	6681
9.5840	5921
9.5880	5934
9.5920	6435
9.5960	6454
9.6000	5854
9.6040	6455
9.6080	5841
9.6120	6392
9.6160	6506
9.6200	5715
9.6240	5481
9.6280	6178
9.6320	6447
9.6360	5673
9.6400	5878
9.6440	5644
9.6480	5742
9.6520	5736
9.6560	5651
9.6600	5920
9.6640	6144
9.6680	6561
9.6720	5972
9.6760	5904
9.6800	5680
9.6840	6153
9.6880	6058
9.6920	6542
9.6960	6003
9.7000	6554
9.7040	6378
9.7080	5930
9.7120	5672
9.7160	6259
9.7200	6427
9.7240	5682
9.7280	5818
9.7320	6374
9.7360	6598
9.7400	5873
9.7440	5708
9.7480	5605
9.7520	6244
9.7560	6262
9.7600	6186
9.7640	6032
9.7680	6547
9.7720	6021
9.7760	6375
9.7800	5905
9.7840	5780
9.7880	6259
9.7920	6025
9.7960	6175
9.8000	6362
9.8040	6208
9.8080	6151
9.8120	5958
9.8160	5632
9.8200	5604
9.8240	5949
9.8280	5557
9.8320	5784
9.8360	6031
9.8400	6259
9.8440	6120
9.8480	5896
9.8520	5616
9.8560	5695
9.8600	5743
9.8640	5938
9.8680	6264
9.8720	6748
9.8760	6341
9.8800	6601
9.8840	5881
9.8880	5899
9.8920	6393
9.8960	5740
9.9000	6361
9.9040	5786
9.9080	6518
9.9120	6031
9.9160	6479
9.9200	6201
9.9240	6208
9.9280	5859
9.9320	5741
9.9360	5626
9.9400	5872
9.9440	6222
9.9480	6457
9.9520	6690
9.9560	6490
9.9600	6442
9.9640	6255
9.9680	5945
9.9720	5861
9.9760	5651
9.9800	6041
9.9840	6398
9.9880	6199
9.9920	6372
9.9960	5912
10.0000	5974
10.0040	6272
10.0080	5566
10.0120	5620
10.0160	5845
10.0200	6427
10.0240	5935
10.0280	6150
10.0320	5945
10.0360	6313
10.0400	5861
10.0440	5799
10.0480	6002
10.0520	5771
10.0560	5955
10.0600	6398
10.0640	5926
10.0680	6557
10.0720	5957
10.0760	6273
10.0800	5824
10.0840	5565
10.0880	6173
10.0920	6328
10.0960	6410
10.1000	6135
10.1040	6514
10.1080	6396
10.1120	6278
10.1160	6269
10.1200	5933
10.1240	6477
10.1280	6470
10.1320	6279
10.1360	6002
10.1400	6473
10.1440	6644
10.1480	5874
10.1520	5881
10.1560	5791
10.1600	6360
10.1640	6523
10.1680	5744
10.1720	5772
10.1760	6039
10.1800	6083
10.1840	5928
10.1880	6155
10.1920	5792
10.1960	6097
10.2000	6468
10.2040	5778
10.2080	6026
10.2120	6099
10.2160	6559
10.2200	5613
10.2240	5863
10.2280	5644
10.2320	6438
10.2360	5934
10.2400	6088
10.2440	5803
10.2480	5899
10.2520	6378
10.2560	6070
10.2600	5764
10.2640	5501
10.2680	6016
10.2720	5912
10.2760	6593
10.2800	6284
10.2840	6687
10.2880	6223
10.2920	6011
10.2960	5740
10.3000	6591
10.3040	6536
10.3080	5920
10.3120	5924
10.3160	6459
10.3200	6597
10.3240	5995
10.3280	5814
10.3320	5925
10.3360	6160
10.3400	6386
10.3440	5668
10.3480	5857
10.3520	5512
10.3560	6060
10.3600	6201
10.3640	6138
10.3680	6182
10.3720	6361
10.3760	6352
10.3800	5783
10.3840	5672
10.3880	5761
10.3920	5860
10.3960	6484
10.4000	6051
10.4040	6602
10.4080	6056
10.4120	6268
10.4160	6170
10.4200	5789
10.4240	5638
10.4280	5505
10.4320	5804
10.4360	5999
10.4400	5800
10.4440	6131
10.4480	6556
10.4520	6082
10.4560	5972
10.4600	5841
10.4640	5891
10.4680	5875
10.4720	6193
10.4760	6455
10.4800	6118
10.4840	6573
10.4880	6349
10.4920	6322
10.4960	6123
10.5000	5957
10.5040	5596
10.5080	5808
10.5120	5857
10.5160	6450
10.5200	6082
10.5240	6236
10.5280	5880
10.5320	5561
10.5360	5828
10.5400	5655
10.5440	5578
10.5480	5375
10.5520	6144
10.5560	6261
10.5600	6250
10.5640	6068
10.5680	5925
10.5720	5841
10.5760	5782
10.5800	5805
10.5840	6359
10.5880	6372
10.5920	6380
10.5960	6004
10.6000	6474
10.6040	6484
10.6080	6292
10.6120	5849
10.6160	6023
10.6200	6270
10.6240	5714
10.6280	5950
10.6320	5808
10.6360	6507
10.6400	6195
10.6440	6517
10.6480	5785
10.6520	5768
10.6560	6405
10.6600	6436
10.6640	5989
10.6680	5831
10.6720	6521
10.6760	6768
10.6800	6486
10.6840	6322
10.6880	6217
10.6920	5994
10.6960	5740
10.7000	5839
10.7040	6145
10.7080	6200
10.7120	6252
10.7160	6023
10.7200	5646
10.7240	6363
10.7280	5942
10.7320	6037
10.7360	5468
10.7400	5954
10.7440	6133
10.7480	5844
10.7520	5406
10.7560	6573
10.7600	5954
10.7640	6458
10.7680	6060
10.7720	5705
10.7760	5722
10.7800	6289
10.7840	6178
10.7880	5760
10.7920	5749
10.7960	5874
10.8000	5854
10.8040	6189
10.8080	6065
10.8120	5945
10.8160	6318
10.8200	6168
10.8240	6270
10.8280	5909
10.8320	6168
10.8360	6147
10.8400	6388
10.8440	6595
10.8480	5973
10.8520	5757
10.8560	5981
10.8600	6380
10.8640	5844
10.8680	6399
10.8720	6400
10.8760	6315
10.8800	5879
10.8840	5802
10.8880	6235
10.8920	5597
10.8960	5771
10.9000	5760
10.9040	6191
10.9080	5941
10.9120	5909
10.9160	5551
10.9200	6358
10.9240	6089
10.9280	6394
10.9320	5551
10.9360	6102
10.9400	6369
10.9440	6445
10.9480	5827
10.9520	5634
10.9560	5808
10.9600	6453
10.9640	6382
10.9680	6463
10.9720	6180
10.9760	6206
10.9800	6570
10.9840	6010
10.9880	6292
10.9920	6141
10.9960	6365
11.0000	5875
11.0040	5883
11.0080	6507
11.0120	6351
11.0160	6571
11.0200	6499
11.0240	6447
11.0280	5950
11.0320	5923
11.0360	5637
11.0400	5786
11.0440	6487
11.0480	5823
11.0520	6231
11.0560	6093
11.0600	6327
11.0640	6217
11.0680	5797
11.0720	6016
11.0760	6236
11.0800	5955
11.0840	5682
11.0880	5610
11.0920	6368
11.0960	6114
11.1000	6627
11.1040	5903
11.1080	5740
11.1120	5640
11.1160	6018
11.1200	5928
11.1240	6285
11.1280	6435
11.1320	6328
11.1360	5833
11.1400	6425
11.1440	5872
11.1480	5586
11.1520	5899
11.1560	6173
11.1600	6482
11.1640	6326
11.1680	6350
11.1720	5915
11.1760	6570
11.1800	5835
11.1840	6029
11.1880	6480
11.1920	6520
11.1960	6245
11.2000	6494
11.2040	6109
11.2080	5817
11.2120	6485
11.2160	5777
11.2200	5503
11.2240	6344
11.2280	6242
11.2320	6076
11.2360	6266
11.2400	5679
11.2440	5634
11.2480	6292
11.2520	5645
11.2560	5673
11.2600	5947
11.2640	6462
11.2680	6109
11.2720	6638
11.2760	5990
11.2800	6496
11.2840	6291
11.2880	6434
11.2920	5778
11.2960	5864
11.3000	5767
11.3040	6123
11.3080	6484
11.3120	6207
11.3160	6383
11.3200	6212
11.3240	6551
11.3280	6127
11.3320	6488
11.3360	5592
11.3400	5979
11.3440	6244
11.3480	6643
11.3520	6443
11.3560	6053
11.3600	6509
11.3640	6609
11.3680	6460
11.3720	5989
11.3760	6068
11.3800	6410
11.3840	6565
11.3880	6478
11.3920	6105
11.3960	6326
11.4000	6132
11.4040	6339
11.4080	5782
11.4120	6169
11.4160	6205
11.4200	6298
11.4240	6442
11.4280	6336
11.4320	6261
11.4360	6001
11.4400	5775
11.4440	6060
11.4480	6387
11.4520	6118
11.4560	6021
11.4600	6034
11.4640	5745
11.4680	6637
11.4720	6457
11.4760	5790
11.4800	5564
11.4840	6239
11.4880	6149
11.4920	6296
11.4960	6247
11.5000	5926
11.5040	6496
11.5080	5849
11.5120	6409
11.5160	5887
11.5200	5678
11.5240	6369
11.5280	6538
11.5320	6430
11.5360	6595
11.5400	6531
11.5440	6499
11.5480	6537
11.5520	6251
11.5560	5880
11.5600	6162
11.5640	6582
11.5680	6515
11.5720	6538
11.5760	6429
11.5800	6492
11.5840	5946
11.5880	5716
11.5920	6257
11.5960	5766
11.6000	6186
11.6040	5676
11.6080	5959
11.6120	6249
11.6160	6215
11.6200	6371
11.6240	6046
11.6280	6140
11.6320	5649
11.6360	6031
11.6400	5977
11.6440	5758
11.6480	6401
11.6520	5572
11.6560	6678
11.6600	5866
11.6640	6401
11.6680	6122
11.6720	6311
11.6760	6011
11.6800	5677
11.6840	6574
11.6880	5608
11.6920	5847
11.6960	6263
11.7000	6508
11.7040	6141
11.7080	6155
11.7120	5865
11.7160	5895
11.7200	6564
11.7240	6529
11.7280	6499
11.7320	6246
11.7360	6152
11.7400	6413
11.7440	6038
11.7480	5646
11.7520	5906
11.7560	5978
11.7600	6268
11.7640	5682
11.7680	5924
11.7720	5580
11.7760	5558
11.7800	5723
11.7840	5465
11.7880	6082
11.7920	6106
11.7960	6432
11.8000	5768
11.8040	6248
11.8080	5651
11.8120	6381
11.8160	6073
11.8200	6121
11.8240	5620
11.8280	6524
11.8320	6343
11.8360	6459
11.8400	6025
11.8440	6233
11.8480	6409
11.8520	6191
11.8560	6436
11.8600	5859
11.8640	6308
11.8680	6468
11.8720	6730
11.8760	6311
11.8800	6165
11.8840	6442
11.8880	5990
11.8920	6394
11.8960	6501
11.9000	6730
11.9040	6313
11.9080	6404
11.9120	5995
11.9160	6463
11.9200	6342
11.9240	6199
11.9280	6423
11.9320	6157
11.9360	5570
11.9400	6384
11.9440	5673
11.9480	6245
11.9520	5889
11.9560	6110
11.9600	6156
11.9640	5901
11.9680	5799
11.9720	6148
11.9760	6426
11.9800	6273
11.9840	6533
11.9880	6237
11.9920	6302
11.9960	6289
12.0000	6018
12.0040	6038
12.0080	6188
12.0120	6335
12.0160	6267
12.0200	5548
12.0240	6045
12.0280	6516
12.0320	6325
12.0360	6381
12.0400	5926
12.0440	6226
12.0480	6512
12.0520	6440
12.0560	5857
12.0600	6348
12.0640	6415
12.0680	6332
12.0720	6475
12.0760	6426
12.0800	6219
12.0840	6245
12.0880	6487
12.0920	6387
12.0960	6483
12.1000	6200
12.1040	5995
12.1080	6209
12.1120	6333
12.1160	6360
12.1200	6192
12.1240	6246
12.1280	6275
12.1320	6221
12.1360	6101
12.1400	6334
12.1440	6260
12.1480	6517
12.1520	6086
12.1560	6273
12.1600	6266
12.1640	6089
12.1680	6180
12.1720	6544
12.1760	5983
12.1800	6611
12.1840	5703
12.1880	5870
12.1920	6231
12.1960	6001
12.2000	5917
12.2040	6146
12.2080	6313
12.2120	6079
12.2160	6489
12.2200	6327
12.2240	6082
12.2280	5996
12.2320	5937
12.2360	5635
12.2400	6572
12.2440	6425
12.2480	6535
12.2520	6623
12.2560	6397
12.2600	6078
12.2640	6582
12.2680	6303
12.2720	6199
12.2760	6374
12.2800	6016
12.2840	6544
12.2880	6038
12.2920	6359
12.2960	5615
12.3000	6049
12.3040	5578
12.3080	6191
12.3120	6254
12.3160	6158
12.3200	6086
12.3240	6420
12.3280	6132
12.3320	5828
12.3360	6404
12.3400	5518
12.3440	6224
12.3480	6110
12.3520	6308
12.3560	5699
12.3600	5623
12.3640	5997
12.3680	5717
12.3720	6435
12.3760	6045
12.3800	6673
12.3840	6320
12.3880	6272
12.3920	6233
12.3960	6517
12.4000	5704
12.4040	5925
12.4080	6332
12.4120	5889
12.4160	6187
12.4200	6294
12.4240	6424
12.4280	5625
12.4320	6625
12.4360	5930
12.4400	6522
12.4440	6520
12.4480	6363
12.4520	6563
12.4560	6411
12.4600	6276
12.4640	5930
12.4680	6387
12.4720	5716
12.4760	6075
12.4800	5389
12.4840	5943
12.4880	5552
12.4920	5658
12.4960	6282
12.5000	5973
12.5040	5885
12.5080	6653
12.5120	5703
12.5160	6277
12.5200	6069
12.5240	6512
12.5280	5928
12.5320	6549
12.5360	5858
12.5400	6036
12.5440	6450
12.5480	6134
12.5520	6472
12.5560	6119
12.5600	6259
12.5640	6317
12.5680	6139
12.5720	6190
12.5760	6487
12.5800	6351
12.5840	6529
12.5880	6130
12.5920	6361
12.5960	6413
12.6000	6388
12.6040	6598
12.6080	6564
12.6120	6214
12.6160	6589
12.6200	5848
12.6240	5721
12.6280	6296
12.6320	5609
12.6360	5820
12.6400	6057
12.6440	5532
12.6480	6087
12.6520	5841
12.6560	6338
12.6600	5623
12.6640	5954
12.6680	6393
12.6720	6330
12.6760	6132
12.6800	6002
12.6840	6286
12.6880	5922
12.6920	5848
12.6960	6400
12.7000	5770
12.7040	6386
12.7080	6120
12.7120	6591
12.7160	6412
12.7200	6211
12.7240	6221
12.7280	6475
12.7320	6204
12.7360	6022
12.7400	6575
12.7440	5852
12.7480	5941
12.7520	6206
12.7560	6477
12.7600	6465
12.7640	6294
12.7680	6385
12.7720	6109
12.7760	6191
12.7800	6276
12.7840	6185
12.7880	6769
12.7920	6434
12.7960	6520
12.8000	6503
12.8040	6424
12.8080	6040
12.8120	5762
12.8160	6223
12.8200	6196
12.8240	6359
12.8280	6413
12.8320	6119
12.8360	5840
12.8400	6370
12.8440	6293
12.8480	6302
12.8520	6463
12.8560	6361
12.8600	6468
12.8640	5848
12.8680	6067
12.8720	6411
12.8760	5992
12.8800	5779
12.8840	6227
12.8880	5615
12.8920	6497
12.8960	5838
12.9000	6145
12.9040	6205
12.9080	6027
12.9120	6344
12.9160	5893
12.9200	6310
12.9240	5867
12.9280	6701
12.9320	5679
12.9360	6644
12.9400	6230
12.9440	6138
12.9480	6493
12.9520	6476
12.9560	6523
12.9600	6006
12.9640	6470
12.9680	6680
12.9720	6577
12.9760	6300
12.9800	6436
12.9840	6349
12.9880	6463
12.9920	6446
12.9960	6428
13.0000	6046
13.0040	6379
13.0080	5636
13.0120	5460
13.0160	6034
13.0200	5564
13.0240	6068
13.0280	6213
13.0320	6022
13.0360	6142
13.0400	6525
13.0440	5559
13.0480	5866
13.0520	6165
13.0560	5808
13.0600	5897
13.0640	6414
13.0680	5983
13.0720	6521
13.0760	6386
13.0800	6100
13.0840	5805
13.0880	5702
13.0920	6153
13.0960	5594
13.1000	6618
13.1040	6218
13.1080	6586
13.1120	6368
13.1160	6551
13.1200	6535
13.1240	6420
13.1280	6156
13.1320	6211
13.1360	6381
13.1400	6397
13.1440	6137
13.1480	6376
13.1520	6273
13.1560	5925
13.1600	6289
13.1640	6377
13.1680	6301
13.1720	5880
13.1760	6168
13.1800	5898
13.1840	6010
13.1880	6176
13.1920	5713
13.1960	6176
13.2000	6313
13.2040	6392
13.2080	6038
13.2120	6467
13.2160	5583
13.2200	6036
13.2240	6085
13.2280	5952
13.2320	6190
13.2360	6033
13.2400	5984
13.2440	6348
13.2480	5708
13.2520	6071
13.2560	6393
13.2600	6338
13.2640	6685
13.2680	6413
13.2720	6595
13.2760	6176
13.2800	6005
13.2840	6236
13.2880	6576
13.2920	6318
13.2960	6527
13.3000	6403
13.3040	6192
13.3080	6350
13.3120	5893
13.3160	5777
13.3200	6534
13.3240	6511
13.3280	6617
13.3320	6423
13.3360	6404
13.3400	5937
13.3440	6278
13.3480	6079
13.3520	5567
13.3560	6233
13.3600	6187
13.3640	6104
13.3680	5543
13.3720	6092
13.3760	6082
13.3800	6217
13.3840	6533
13.3880	6192
13.3920	6382
13.3960	6092
13.4000	6039
13.4040	6019
13.4080	6603
13.4120	6155
13.4160	6430
13.4200	6378
13.4240	6468
13.4280	6464
13.4320	6000
13.4360	5471
13.4400	5963
13.4440	6510
13.4480	6210
13.4520	6276
13.4560	6165
13.4600	6757
13.4640	6320
13.4680	6071
13.4720	5953
13.4760	6607
13.4800	6192
13.4840	6634
13.4880	5839
13.4920	5820
13.4960	6678
13.5000	6414
13.5040	6402
13.5080	6535
13.5120	6329
13.5160	6402
13.5200	6294
13.5240	6151
13.5280	6114
13.5320	6283
13.5360	6302
13.5400	6252
13.5440	6186
13.5480	5922
13.5520	6292
13.5560	5505
13.5600	5620
13.5640	6606
13.5680	6273
13.5720	6368
13.5760	6187
13.5800	6586
13.5840	6228
13.5880	6398
13.5920	6243
13.5960	6121
13.6000	6405
13.6040	6600
13.6080	5686
13.6120	5696
13.6160	6285
13.6200	5622
13.6240	5735
13.6280	6165
13.6320	6396
13.6360	6108
13.6400	6199
13.6440	5753
13.6480	5937
13.6520	5999
13.6560	6199
13.6600	5800
13.6640	6143
13.6680	6621
13.6720	6727
13.6760	5883
13.6800	6411
13.6840	5766
13.6880	6452
13.6920	6312
13.6960	6365
13.7000	5863
13.7040	6060
13.7080	6141
13.7120	6280
13.7160	5588
13.7200	6165
13.7240	5484
13.7280	5967
13.7320	6151
13.7360	6300
13.7400	5586
13.7440	5902
13.7480	6182
13.7520	5881
13.7560	6298
13.7600	6057
13.7640	6138
13.7680	6012
13.7720	5993
13.7760	6106
13.7800	5817
13.7840	5700
13.7880	6004
13.7920	5977
13.7960	6140
13.8000	5533
13.8040	6121
13.8080	6300
13.8120	6339
13.8160	5823
13.8200	6078
13.8240	6372
13.8280	6214
13.8320	5615
13.8360	6621
13.8400	6585
13.8440	6417
13.8480	6191
13.8520	5997
13.8560	6125
13.8600	5775
13.8640	6366
13.8680	6414
13.8720	6427
13.8760	6445
13.8800	5956
13.8840	6171
13.8880	5635
13.8920	6027
13.8960	5609
13.9000	5590
13.9040	5894
13.9080	5964
13.9120	5746
13.9160	5814
13.9200	5931
13.9240	6448
13.9280	5864
13.9320	6450
13.9360	5550
13.9400	6041
13.9440	6210
13.9480	6439
13.9520	5673
13.9560	6142
13.9600	5745
13.9640	6432
13.9680	5826
13.9720	5825
13.9760	5820
13.9800	5639
13.9840	6658
13.9880	6012
13.9920	6310
13.9960	6155
14.0000	6261
14.0040	5972
14.0080	6374
14.0120	6421
14.0160	6000
14.0200	5719
14.0240	6293
14.0280	6231
14.0320	5729
14.0360	6056
14.0400	5825
14.0440	5812
14.0480	5892
14.0520	6058
14.0560	6409
14.0600	6365
14.0640	6088
14.0680	5829
14.0720	6316
14.0760	5665
14.0800	6283
14.0840	6000
14.0880	5676
14.0920	5509
14.0960	6376
14.1000	6160
14.1040	6455
14.1080	5960
14.1120	6466
14.1160	6133
14.1200	5963
14.1240	5791
14.1280	6018
14.1320	6152
14.1360	6336
14.1400	6470
14.1440	6345
14.1480	6115
14.1520	6243
14.1560	5909
14.1600	5889
14.1640	5851
14.1680	6252
14.1720	6525
14.1760	6320
14.1800	6428
14.1840	6214
14.1880	6477
14.1920	6423
14.1960	6052
14.2000	5778
14.2040	6111
14.2080	6209
14.2120	6088
14.2160	6403
14.2200	6153
14.2240	6349
14.2280	6154
14.2320	6232
14.2360	6066
14.2400	5612
14.2440	6350
14.2480	6143
14.2520	5811
14.2560	6036
14.2600	5983
14.2640	6126
14.2680	5606
14.2720	6259
14.2760	6441
14.2800	5678
14.2840	5810
14.2880	6106
14.2920	6641
14.2960	6155
14.3000	6294
14.3040	5581
14.3080	6208
14.3120	5935
14.3160	6105
14.3200	5934
14.3240	5577
14.3280	6267
14.3320	6253
14.3360	6470
14.3400	5852
14.3440	6518
14.3480	6432
14.3520	6588
14.3560	6170
14.3600	6489
14.3640	6377
14.3680	6585
14.3720	6116
14.3760	5838
14.3800	5873
14.3840	6532
14.3880	6462
14.3920	6187
14.3960	6331
14.4000	6047
14.4040	6082
14.4080	5673
14.4120	5574
14.4160	6216
14.4200	6316
14.4240	6112
14.4280	5566
14.4320	6202
14.4360	5433
14.4400	5876
14.4440	5370
14.4480	5973
14.4520	5828
14.4560	6576
14.4600	5981
14.4640	5891
14.4680	6276
14.4720	6002
14.4760	5738
14.4800	6241
14.4840	5693
14.4880	6237
14.4920	6257
14.4960	5676
14.5000	5658
14.5040	6125
14.5080	6115
14.5120	5917
14.5160	6369
14.5200	5967
14.5240	6016
14.5280	5674
14.5320	5804
14.5360	5923
14.5400	6468
14.5440	6217
14.5480	6548
14.5520	5975
14.5560	6619
14.5600	6354
14.5640	6563
14.5680	5831
14.5720	5618
14.5760	6452
14.5800	6322
14.5840	6438
14.5880	6082
14.5920	5900
14.5960	6409
14.6000	6255
14.6040	5574
14.6080	5722
14.6120	6410
14.6160	5792
14.6200	6486
14.6240	5998
14.6280	6394
14.6320	5770
14.6360	5750
14.6400	5380
14.6440	6181
14.6480	6146
14.6520	6026
14.6560	6164
14.6600	5953
14.6640	5844
14.6680	6340
14.6720	6147
14.6760	6317
14.6800	6524
14.6840	6358
14.6880	6124
14.6920	5881
14.6960	6639
14.7000	6346
14.7040	6415
14.7080	5784
14.7120	5744
14.7160	5992
14.7200	6438
14.7240	6319
14.7280	6376
14.7320	6230
14.7360	6649
14.7400	6507
14.7440	5900
14.7480	5905
14.7520	6309
14.7560	6235
14.7600	6328
14.7640	5876
14.7680	6449
14.7720	6110
14.7760	6059
14.7800	5517
14.7840	6148
14.7880	5842
14.7920	6117
14.7960	5619
14.8000	6155
14.8040	6266
14.8080	5912
14.8120	5826
14.8160	5836
14.8200	5583
14.8240	5866
14.8280	6077
14.8320	6384
14.8360	6035
14.8400	6266
14.8440	6090
14.8480	6115
14.8520	6048
14.8560	5761
14.8600	5923
14.8640	5872
14.8680	6440
14.8720	5895
14.8760	5899
14.8800	5967
14.8840	6460
14.8880	5833
14.8920	6190
14.8960	5865
14.9000	6410
14.9040	6313
14.9080	6225
14.9120	6233
14.9160	5785
14.9200	6500
14.9240	5853
14.9280	5985
14.9320	5742
14.9360	5719
14.9400	5621
14.9440	6146
14.9480	6347
14.9520	6039
14.9560	5896
14.9600	6223
14.9640	6284
14.9680	6116
14.9720	5833
14.9760	5993
14.9800	6240
14.9840	5921
14.9880	6467
14.9920	6134
14.9960	6262
15.0000	6020
15.0040	6194
15.0080	5659
15.0120	5603
15.0160	5553
15.0200	6310
15.0240	6197
15.0280	5739
15.0320	5649
15.0360	6259
15.0400	6268
15.0440	5778
15.0480	5795
15.0520	5931
15.0560	6371
15.0600	6017
15.0640	6122
15.0680	6149
15.0720	6568
15.0760	6442
15.0800	6596
15.0840	6206
15.0880	6635
15.0920	6597
15.0960	5774
15.1000	5806
15.1040	6451
15.1080	5726
15.1120	6095
15.1160	5478
15.1200	6091
15.1240	6342
15.1280	6344
15.1320	5902
15.1360	5325
15.1400	5510
15.1440	6337
15.1480	6204
15.1520	5804
15.1560	5517
15.1600	6196
15.1640	5606
15.1680	6312
15.1720	5565
15.1760	6189
15.1800	6136
15.1840	6301
15.1880	6002
15.1920	5689
15.1960	5953
15.2000	6289
15.2040	6374
15.2080	5647
15.2120	5880
15.2160	6297
15.2200	6202
15.2240	5422
15.2280	6137
15.2320	5968
15.2360	5861
15.2400	5827
15.2440	6548
15.2480	6297
15.2520	6493
15.2560	6473
15.2600	6037
15.2640	5819
15.2680	6434
15.2720	6527
15.2760	5841
15.2800	5699
15.2840	6023
15.2880	5835
15.2920	6280
15.2960	5733
15.3000	5691
15.3040	5647
15.3080	5856
15.3120	5491
15.3160	5741
15.3200	5935
15.3240	5652
15.3280	5451
15.3320	5755
15.3360	5442
15.3400	6173
15.3440	6092
15.3480	6040
15.3520	5574
15.3560	5977
15.3600	6304
15.3640	5979
15.3680	5758
15.3720	6425
15.3760	6184
15.3800	5784
15.3840	5957
15.3880	5963
15.3920	6008
15.3960	6191
15.4000	6427
15.4040	6065
15.4080	6239
15.4120	6491
15.4160	5828
15.4200	6459
15.4240	5886
15.4280	6010
15.4320	6590
15.4360	6496
15.4400	6599
15.4440	6324
15.4480	5960
15.4520	6479
15.4560	5849
15.4600	5800
15.4640	6254
15.4680	6363
15.4720	5759
15.4760	6080
15.4800	5962
15.4840	5750
15.4880	6070
15.4920	6086
15.4960	5627
15.5000	5703
15.5040	5682
15.5080	5843
15.5120	6282
15.5160	5596
15.5200	6176
15.5240	6005
15.5280	6218
15.5320	5995
15.5360	5792
15.5400	5587
15.5440	5845
15.5480	6372
15.5520	6128
15.5560	6400
15.5600	6290
15.5640	6477
15.5680	6497
15.5720	6308
15.5760	5594
15.5800	5777
15.5840	6488
15.5880	6087
15.5920	6514
15.5960	5860
15.6000	6115
15.6040	6557
15.6080	6351
15.6120	5853
15.6160	5926
15.6200	6298
15.6240	6489
15.6280	6715
15.6320	6008
15.6360	6155
15.6400	6415
15.6440	5888
15.6480	5556
15.6520	6276
15.6560	6283
15.6600	6125
15.6640	5560
15.6680	5710
15.6720	6243
15.6760	6227
15.6800	6346
15.6840	5760
15.6880	6024
15.6920	6411
15.6960	6318
15.7000	5861
15.7040	5780
15.7080	6690
15.7120	6262
15.7160	5691
15.7200	5555
15.7240	5930
15.7280	6461
15.7320	6286
15.7360	6461
15.7400	6014
15.7440	5980
15.7480	5707
15.7520	5900
15.7560	5465
15.7600	6681
15.7640	6211
15.7680	6616
15.7720	6153
15.7760	6526
15.7800	6286
15.7840	5879
15.7880	5682
15.7920	6051
15.7960	6535
15.8000	6628
15.8040	6462
15.8080	5953
15.8120	6165
15.8160	6299
15.8200	6269
15.8240	5604
15.8280	5642
15.8320	6074
15.8360	5989
15.8400	5414
15.8440	5541
15.8480	6309
15.8520	5513
15.8560	5703
15.8600	6116
15.8640	6080
15.8680	5555
15.8720	6225
15.8760	6074
15.8800	6237
15.8840	6151
15.8880	6322
15.8920	5660
15.8960	6504
15.9000	5644
15.9040	5898
15.9080	5883
15.9120	6097
15.9160	5800
15.9200	5818
15.9240	6452
15.9280	6124
15.9320	6071
15.9360	5544
15.9400	6701
15.9440	6274
15.9480	6123
15.9520	6002
15.9560	6004
15.9600	6110
15.9640	6626
15.9680	6702
15.9720	6135
15.9760	6578
15.9800	6392
15.9840	5671
15.9880	6221
15.9920	6147
15.9960	5739
16.0000	6105
16.0040	5635
16.0080	5930
16.0120	5460
16.0160	6045
16.0200	6299
16.0240	5506
16.0280	5590
16.0320	6268
16.0360	6331
16.0400	5715
16.0440	6037
16.0480	6121
16.0520	6445
16.0560	5754
16.0600	6637
16.0640	6097
16.0680	6569
16.0720	6109
16.0760	5897
16.0800	6093
16.0840	6144
16.0880	6534
16.0920	5921
16.0960	5935
16.1000	6164
16.1040	6348
16.1080	5810
16.1120	5941
16.1160	6230
16.1200	6215
16.1240	5633
16.1280	5964
16.1320	5809
16.1360	6404
16.1400	5643
16.1440	6262
16.1480	5931
16.1520	6127
16.1560	5844
16.1600	6020
16.1640	5711
16.1680	6241
16.1720	5852
16.1760	6112
16.1800	6340
16.1840	6537
16.1880	5714
16.1920	6049
16.1960	5520
16.2000	5608
16.2040	5546
16.2080	6427
16.2120	5813
16.2160	6376
16.2200	5886
16.2240	6499
16.2280	5609
16.2320	5911
16.2360	5478
16.2400	6188
16.2440	5592
16.2480	6181
16.2520	6220
16.2560	6190
16.2600	6531
16.2640	5936
16.2680	5828
16.2720	6023
16.2760	5814
16.2800	6382
16.2840	6671
16.2880	6168
16.2920	6757
16.2960	6273
16.3000	6285
16.3040	6154
16.3080	6297
16.3120	5799
16.3160	5764
16.3200	6246
16.3240	6470
16.3280	5938
16.3320	6088
16.3360	6373
16.3400	6017
16.3440	5876
16.3480	6372
16.3520	5746
16.3560	5447
16.3600	6130
16.3640	6072
16.3680	5446
16.3720	5882
16.3760	6274
16.3800	5966
16.3840	5931
16.3880	6238
16.3920	5743
16.3960	5742
16.4000	6253
16.4040	6215
16.4080	5571
16.4120	5822
16.4160	5894
16.4200	6416
16.4240	6070
16.4280	6515
16.4320	5587
16.4360	5715
16.4400	5701
16.4440	5563
16.4480	6092
16.4520	5444
16.4560	6491
16.4600	6035
16.4640	6445
16.4680	5927
16.4720	6774
16.4760	6084
16.4800	5782
16.4840	5729
16.4880	5808
16.4920	6076
16.4960	6681
16.5000	6595
16.5040	6485
16.5080	6554
16.5120	6282
16.5160	5651
16.5200	5813
16.5240	6262
16.5280	6218
16.5320	5511
16.5360	5393
16.5400	6188
16.5440	5782
16.5480	6161
16.5520	5721
16.5560	6269
16.5600	5624
16.5640	6216
16.5680	6206
16.5720	5555
16.5760	6301
16.5800	5848
16.5840	6577
16.5880	5539
16.5920	5976
16.5960	6010
16.6000	6210
16.6040	5891
16.6080	5755
16.6120	6004
16.6160	6313
16.6200	6453
16.6240	5688
16.6280	5855
16.6320	5708
16.6360	6231
16.6400	5767
16.6440	6211
16.6480	6126
16.6520	6428
16.6560	5753
16.6600	5717
16.6640	6096
16.6680	6725
16.6720	6177
16.6760	5816
16.6800	5833
16.6840	6527
16.6880	6548
16.6920	6034
16.6960	6060
16.7000	5880
16.7040	6478
16.7080	6443
16.7120	5741
16.7160	5686
16.7200	6030
16.7240	6283
16.7280	6172
16.7320	5584
16.7360	5658
16.7400	5699
16.7440	5876
16.7480	5593
16.7520	5327
16.7560	6471
16.7600	6398
16.7640	6045
16.7680	5562
16.7720	5910
16.7760	5635
16.7800	6268
16.7840	6480
16.7880	6480
16.7920	6412
16.7960	6286
16.8000	5576
16.8040	5756
16.8080	6196
16.8120	6188
16.8160	6164
16.8200	5521
16.8240	6208
16.8280	6388
16.8320	6438
16.8360	6228
16.8400	5821
16.8440	5682
16.8480	6068
16.8520	6047
16.8560	6049
16.8600	5922
16.8640	6482
16.8680	5969
16.8720	6306
16.8760	5868
16.8800	5669
16.8840	5641
16.8880	5787
16.8920	5649
16.8960	5716
16.9000	6313
16.9040	6038
16.9080	6017
16.9120	5784
16.9160	5768
16.9200	6000
16.9240	5911
16.9280	6162
16.9320	5673
16.9360	5838
16.9400	5703
16.9440	6106
16.9480	6035
16.9520	5942
16.9560	6252
16.9600	5895
16.9640	6122
16.9680	5704
16.9720	6407
16.9760	5999
16.9800	5620
16.9840	5876
16.9880	6537
16.9920	6044
16.9960	6271
17.0000	5659
17.0040	5848
17.0080	6300
17.0120	6272
17.0160	5679
17.0200	5812
17.0240	6399
17.0280	6491
17.0320	6440
17.0360	6051
17.0400	6030
17.0440	5991
17.0480	5951
17.0520	5853
17.0560	5728
17.0600	5723
17.0640	5912
17.0680	6313
17.0720	6312
17.0760	6097
17.0800	5539
17.0840	5935
17.0880	5666
17.0920	6405
17.0960	6077
17.1000	5693
17.1040	5864
17.1080	6182
17.1120	5935
17.1160	6504
17.1200	5585
17.1240	5918
17.1280	5855
17.1320	5979
17.1360	5564
17.1400	5865
17.1440	6256
17.1480	6019
17.1520	6382
17.1560	5494
17.1600	5807
17.1640	5821
17.1680	6198
17.1720	5617
17.1760	5908
17.1800	5690
17.1840	6435
17.1880	6060
17.1920	6400
17.1960	6497
17.2000	6551
17.2040	5951
17.2080	5898
17.2120	5849
17.2160	6066
17.2200	5898
17.2240	5704
17.2280	5934
17.2320	6322
17.2360	5909
17.2400	6270
17.2440	5634
17.2480	5646
17.2520	5856
17.2560	5412
17.2600	5757
17.2640	5791
17.2680	6332
17.2720	6152
17.2760	6281
17.2800	5963
17.2840	5569
17.2880	6150
17.2920	5550
17.2960	6388
17.3000	5675
17.3040	6503
17.3080	5989
17.3120	6572
17.3160	6106
17.3200	6153
17.3240	5829
17.3280	5646
17.3320	5835
17.3360	5573
17.3400	5844
17.3440	5886
17.3480	6294
17.3520	5780
17.3560	6343
17.3600	6542
17.3640	6021
17.3680	6175
17.3720	6043
17.3760	6324
17.3800	6364
17.3840	6131
17.3880	6201
17.3920	6342
17.3960	6534
17.4000	6528
17.4040	5644
17.4080	6487
17.4120	5650
17.4160	6385
17.4200	5792
17.4240	5531
17.4280	6319
17.4320	6232
17.4360	5526
17.4400	5714
17.4440	5752
17.4480	5787
17.4520	6301
17.4560	6201
17.4600	5939
17.4640	5670
17.4680	6354
17.4720	5562
17.4760	5630
17.4800	5757
17.4840	6522
17.4880	5670
17.4920	5735
17.4960	5854
17.5000	6282
17.5040	6543
17.5080	5975
17.5120	5870
17.5160	5524
17.5200	6501
17.5240	6256
17.5280	5914
17.5320	5641
17.5360	6375
17.5400	6476
17.5440	5752
17.5480	6409
17.5520	5777
17.5560	6339
17.5600	6446
17.5640	5852
17.5680	5931
17.5720	6278
17.5760	6511
17.5800	5841
17.5840	6372
17.5880	6128
17.5920	6201
17.5960	6316
17.6000	5898
17.6040	6333
17.6080	6116
17.6120	5464
17.6160	5863
17.6200	5615
17.6240	5728
17.6280	5671
17.6320	6079
17.6360	5893
17.6400	6291
17.6440	6321
17.6480	5826
17.6520	6126
17.6560	6302
17.6600	5659
17.6640	6653
17.6680	5866
17.6720	5819
17.6760	6265
17.6800	6473
17.6840	6242
17.6880	5586
17.6920	5800
17.6960	5664
17.7000	5948
17.7040	5634
17.7080	5898
17.7120	6034
17.7160	6505
17.7200	6217
17.7240	5856
17.7280	5735
17.7320	6056
17.7360	5741
17.7400	6004
17.7440	6304
17.7480	6256
17.7520	5805
17.7560	6060
17.7600	6237
17.7640	6100
17.7680	6023
17.7720	5730
17.7760	5966
17.7800	5645
17.7840	6085
17.7880	5965
17.7920	5517
17.7960	5961
17.8000	6102
17.8040	6087
17.8080	5846
17.8120	5644
17.8160	5379
17.8200	5752
17.8240	5624
17.8280	5679
17.8320	5648
17.8360	6199
17.8400	6305
17.8440	6434
17.8480	5893
17.8520	5921
17.8560	5591
17.8600	5538
17.8640	5789
17.8680	5639
17.8720	5742
17.8760	5725
17.8800	6572
17.8840	6319
17.8880	6208
17.8920	5865
17.8960	6052
17.9000	5783
17.9040	5856
17.9080	6219
17.9120	5699
17.9160	5705
17.9200	6432
17.9240	6623
17.9280	6557
17.9320	5788
17.9360	5661
17.9400	5981
17.9440	5765
17.9480	5812
17.9520	5673
17.9560	5553
17.9600	6228
17.9640	6342
17.9680	5628
17.9720	5856
17.9760	5796
17.9800	6180
17.9840	6040
17.9880	5616
17.9920	5786
17.9960	5531
18.0000	6533
18.0040	6202
18.0080	5762
18.0120	5480
18.0160	6002
18.0200	5838
18.0240	5623
18.0280	5603
18.0320	5863
18.0360	6189
18.0400	5616
18.0440	6099
18.0480	6344
18.0520	6329
18.0560	5558
18.0600	5897
18.0640	5732
18.0680	6020
18.0720	6139
18.0760	5820
18.0800	5662
18.0840	6766
18.0880	6492
18.0920	5723
18.0960	6152
18.1000	6274
18.1040	6471
18.1080	5832
18.1120	6377
18.1160	6035
18.1200	6046
18.1240	5910
18.1280	6162
18.1320	5878
18.1360	5547
18.1400	6238
18.1440	5814
18.1480	6186
18.1520	5916
18.1560	5831
18.1600	6006
18.1640	6368
18.1680	6322
18.1720	6407
18.1760	6028
18.1800	5945
18.1840	6269
18.1880	6544
18.1920	5619
18.1960	6180
18.2000	5683
18.2040	6409
18.2080	5977
18.2120	6435
18.2160	5812
18.2200	6431
18.2240	6387
18.2280	5615
18.2320	5732
18.2360	5550
18.2400	6122
18.2440	5893
18.2480	5869
18.2520	5781
18.2560	5983
18.2600	6623
18.2640	5895
18.2680	5774
18.2720	5870
18.2760	6211
18.2800	6503
18.2840	6317
18.2880	6591
18.2920	5848
18.2960	6530
18.3000	6299
18.3040	5901
18.3080	6081
18.3120	5833
18.3160	5791
18.3200	5973
18.3240	5791
18.3280	5542
18.3320	5552
18.3360	5858
18.3400	5961
18.3440	5706
18.3480	5531
18.3520	6585
18.3560	5997
18.3600	6381
18.3640	5549
18.3680	5829
18.3720	5630
18.3760	6172
18.3800	6423
18.3840	5909
18.3880	6553
18.3920	6281
18.3960	5994
18.4000	5721
18.4040	6016
18.4080	5887
18.4120	6271
18.4160	5448
18.4200	5788
18.4240	5906
18.4280	6497
18.4320	6193
18.4360	5866
18.4400	6000
18.4440	5831
18.4480	5968
18.4520	5832
18.4560	6095
18.4600	6446
18.4640	6099
18.4680	5840
18.4720	5669
18.4760	5885
18.4800	5932
18.4840	5759
18.4880	5550
18.4920	5992
18.4960	6292
18.5000	5961
18.5040	5566
18.5080	5715
18.5120	5783
18.5160	5675
18.5200	6262
18.5240	6453
18.5280	6226
18.5320	6216
18.5360	6010
18.5400	5966
18.5440	5747
18.5480	5839
18.5520	5681
18.5560	5960
18.5600	5777
18.5640	5818
18.5680	6407
18.5720	6463
18.5760	5843
18.5800	5599
18.5840	5997
18.5880	6058
18.5920	6338
18.5960	5809
18.6000	5943
18.6040	5710
18.6080	6158
18.6120	6073
18.6160	5876
18.6200	5923
18.6240	5876
18.6280	6114
18.6320	5710
18.6360	6040
18.6400	5670
18.6440	5626
18.6480	6323
18.6520	6048
18.6560	6218
18.6600	5606
18.6640	6240
18.6680	6114
18.6720	5576
18.6760	5499
18.6800	5576
18.6840	5751
18.6880	6467
18.6920	6155
18.6960	5796
18.7000	5421
18.7040	5971
18.7080	5675
18.7120	5975
18.7160	5698
18.7200	5764
18.7240	6236
18.7280	6361
18.7320	6007
18.7360	5854
18.7400	6004
18.7440	5766
18.7480	6325
18.7520	6265
18.7560	5860
18.7600	6063
18.7640	6379
18.7680	5975
18.7720	6575
18.7760	6417
18.7800	6161
18.7840	6457
18.7880	6452
18.7920	5995
18.7960	6490
18.8000	6296
18.8040	5858
18.8080	6415
18.8120	6473
18.8160	6152
18.8200	5827
18.8240	6130
18.8280	5646
18.8320	5682
18.8360	5593
18.8400	5397
18.8440	5805
18.8480	6279
18.8520	6090
18.8560	5556
18.8600	5719
18.8640	5835
18.8680	5617
18.8720	5997
18.8760	5802
18.8800	5767
18.8840	6500
18.8880	6088
18.8920	5813
18.8960	5509
18.9000	5600
18.9040	5577
18.9080	6402
18.9120	6163
18.9160	6362
18.9200	6238
18.9240	5716
18.9280	6248
18.9320	5665
18.9360	6303
18.9400	6323
18.9440	5934
18.9480	6113
18.9520	5974
18.9560	5894
18.9600	6208
18.9640	5789
18.9680	5772
18.9720	5736
18.9760	6244
18.9800	5746
18.9840	6032
18.9880	6066
18.9920	6324
18.9960	5703
19.0000	5700
19.0040	5716
19.0080	5871
19.0120	6264
19.0160	5773
19.0200	5605
19.0240	5602
19.0280	6029
19.0320	5558
19.0360	5752
19.0400	5709
19.0440	6054
19.0480	5642
19.0520	5602
19.0560	6034
19.0600	6428
19.0640	6611
19.0680	5576
19.0720	6541
19.0760	5754
19.0800	6354
19.0840	6316
19.0880	5998
19.0920	6216
19.0960	6246
19.1000	6448
19.1040	5929
19.1080	5949
19.1120	5510
19.1160	6037
19.1200	5597
19.1240	5992
19.1280	5748
19.1320	6615
19.1360	6299
19.1400	6173
19.1440	6186
19.1480	6079
19.1520	6371
19.1560	6199
19.1600	5899
19.1640	5842
19.1680	6596
19.1720	5848
19.1760	5668
19.1800	5936
19.1840	6153
19.1880	5611
19.1920	5659
19.1960	5685
19.2000	5586
19.2040	6266
19.2080	6030
19.2120	6123
19.2160	5832
19.2200	6455
19.2240	6285
19.2280	5702
19.2320	5579
19.2360	5973
19.2400	5732
19.2440	5843
19.2480	5670
19.2520	5689
19.2560	5738
19.2600	6453
19.2640	5817
19.2680	5678
19.2720	5815
19.2760	6022
19.2800	5972
19.2840	6232
19.2880	6076
19.2920	5880
19.2960	6266
19.3000	6383
19.3040	6384
19.3080	5657
19.3120	5811
19.3160	5823
19.3200	5828
19.3240	5879
19.3280	6046
19.3320	6034
19.3360	5918
19.3400	6334
19.3440	6120
19.3480	6637
19.3520	5751
19.3560	6323
19.3600	6327
19.3640	6241
19.3680	5547
19.3720	5977
19.3760	6197
19.3800	6222
19.3840	6309
19.3880	5503
19.3920	6123
19.3960	5764
19.4000	5688
19.4040	5801
19.4080	5698
19.4120	5649
19.4160	6103
19.4200	6078
19.4240	6435
19.4280	5699
19.4320	5874
19.4360	5904
19.4400	5903
19.4440	5615
19.4480	5961
19.4520	5904
19.4560	5508
19.4600	5897
19.4640	6436
19.4680	6459
19.4720	5691
19.4760	6105
19.4800	6226
19.4840	5889
19.4880	5901
19.4920	6209
19.4960	5837
19.5000	6386
19.5040	6086
19.5080	5871
19.5120	6117
19.5160	6288
19.5200	5761
19.5240	5998
19.5280	5494
19.5320	5629
19.5360	5581
19.5400	6133
19.5440	6383
19.5480	5979
19.5520	5865
19.5560	6345
19.5600	6023
19.5640	5885
19.5680	5539
19.5720	6004
19.5760	5728
19.5800	5675
19.5840	5907
19.5880	6089
19.5920	5638
19.5960	6711
19.6000	6317
19.6040	6150
19.6080	6397
19.6120	6305
19.6160	6191
19.6200	5680
19.6240	5800
19.6280	5730
19.6320	6212
19.6360	6178
19.6400	6280
19.6440	5803
19.6480	6454
19.6520	6240
19.6560	5859
19.6600	5857
19.6640	6473
19.6680	5966
19.6720	6334
19.6760	6123
19.6800	6088
19.6840	6514
19.6880	6527
19.6920	5772
19.6960	5801
19.7000	5841
19.7040	5940
19.7080	6379
19.7120	6099
19.7160	5644
19.7200	5933
19.7240	5805
19.7280	5862
19.7320	6388
19.7360	6353
19.7400	5960
19.7440	5974
19.7480	6057
19.7520	6279
19.7560	5832
19.7600	5551
19.7640	5494
19.7680	6692
19.7720	6156
19.7760	6128
19.7800	6368
19.7840	6280
19.7880	6046
19.7920	6394
19.7960	5576
19.8000	5780
19.8040	6199
19.8080	6143
19.8120	6194
19.8160	6080
19.8200	6234
19.8240	5874
19.8280	6319
19.8320	6011
19.8360	6124
19.8400	5940
19.8440	5816
19.8480	6053
19.8520	6316
19.8560	5804
19.8600	5816
19.8640	5868
19.8680	5930
19.8720	6363
19.8760	6500
19.8800	6394
19.8840	6025
19.8880	6115
19.8920	5840
19.8960	5635
19.9000	5933
19.9040	5799
19.9080	5877
19.9120	6200
19.9160	6322
19.9200	5435
19.9240	6376
19.9280	6346
19.9320	5959
19.9360	5733
19.9400	5928
19.9440	5870
19.9480	6503
19.9520	6133
19.9560	6027
19.9600	6111
19.9640	6774
19.9680	5758
19.9720	5923
19.9760	5636
19.9800	5749
19.9840	5787
19.9880	5931
19.9920	5862
19.9960	5638
