0.0000	6058
0.0050	5598
0.0100	5587
0.0150	5405
0.0200	5556
0.0250	5849
0.0300	6458
0.0350	5508
0.0400	6003
0.0450	5928
0.0500	6307
0.0550	5813
0.0600	5451
0.0650	6535
0.0700	6061
0.0750	6378
0.0800	5962
0.0850	5903
0.0900	6616
0.0950	5623
0.1000	6153
0.1050	6244
0.1100	6358
0.1150	6473
0.1200	5853
0.1250	6184
0.1300	5695
0.1350	6618
0.1400	6605
0.1450	6052
0.1500	5805
0.1550	5708
0.1600	5566
0.1650	6114
0.1700	6189
0.1750	6244
0.1800	6463
0.1850	6257
0.1900	5468
0.1950	5690
0.2000	5853
0.2050	6543
0.2100	6094
0.2150	6253
0.2200	6202
0.2250	5886
0.2300	5939
0.2350	6663
0.2400	5926
0.2450	6248
0.2500	6442
0.2550	6247
0.2600	5810
0.2650	6223
0.2700	6495
0.2750	5640
0.2800	6199
0.2850	5948
0.2900	6148
0.2950	5849
0.3000	6471
0.3050	6091
0.3100	6153
0.3150	5950
0.3200	5861
0.3250	6388
0.3300	5924
0.3350	6100
0.3400	5800
0.3450	5668
0.3500	5767
0.3550	5930
0.3600	6488
0.3650	6171
0.3700	6148
0.3750	5449
0.3800	5605
0.3850	6239
0.3900	5709
0.3950	5538
0.4000	6274
0.4050	5976
0.4100	6212
0.4150	5646
0.4200	6209
0.4250	5936
0.4300	5473
0.4350	6174
0.4400	5653
0.4450	6064
0.4500	5822
0.4550	6257
0.4600	6312
0.4650	5631
0.4700	5959
0.4750	5662
0.4800	6222
0.4850	5674
0.4900	6249
0.4950	6074
0.5000	5859
0.5050	5710
0.5100	6233
0.5150	6438
0.5200	5703
0.5250	6409
0.5300	6300
0.5350	5664
0.5400	5861
0.5450	6369
0.5500	5693
0.5550	6254
0.5600	6348
0.5650	6528
0.5700	5622
0.5750	5480
0.5800	6139
0.5850	6483
0.5900	6377
0.5950	6618
0.6000	6135
0.6050	6053
0.6100	5950
0.6150	6481
0.6200	5950
0.6250	5807
0.6300	6347
0.6350	5773
0.6400	5561
0.6450	6135
0.6500	5689
0.6550	5952
0.6600	6053
0.6650	6081
0.6700	6185
0.6750	6525
0.6800	5736
0.6850	6255
0.6900	5552
0.6950	5780
0.7000	6490
0.7050	6359
0.7100	6370
0.7150	5581
0.7200	5917
0.7250	5960
0.7300	6070
0.7350	6072
0.7400	6171
0.7450	6201
0.7500	5965
0.7550	5826
0.7600	6055
0.7650	5925
0.7700	6300
0.7750	5930
0.7800	5414
0.7850	6377
0.7900	5996
0.7950	6202
0.8000	6292
0.8050	5273
0.8100	6458
0.8150	5522
0.8200	5649
0.8250	6508
0.8300	5621
0.8350	6569
0.8400	6239
0.8450	6373
0.8500	5920
0.8550	5777
0.8600	5793
0.8650	6224
0.8700	5859
0.8750	6295
0.8800	5945
0.8850	5996
0.8900	5923
0.8950	5724
0.9000	6068
0.9050	5548
0.9100	6475
0.9150	5653
0.9200	5796
0.9250	6452
0.9300	5432
0.9350	5795
0.9400	6349
0.9450	6301
0.9500	5761
0.9550	5499
0.9600	5482
0.9650	6193
0.9700	5885
0.9750	6488
0.9800	5687
0.9850	5955
0.9900	5753
0.9950	6092
1.0000	5519
1.0050	5729
1.0100	6338
1.0150	5928
1.0200	6393
1.0250	5901
1.0300	6092
1.0350	5787
1.0400	6554
1.0450	5801
1.0500	5995
1.0550	6304
1.0600	6407
1.0650	5929
1.0700	5732
1.0750	6012
1.0800	5636
1.0850	5748
1.0900	6149
1.0950	5777
1.1000	5908
1.1050	5667
1.1100	6125
1.1150	5375
1.1200	5602
1.1250	6560
1.1300	6131
1.1350	5967
1.1400	5942
1.1450	6295
1.1500	5878
1.1550	5835
1.1600	6431
1.1650	6201
1.1700	6475
1.1750	6071
1.1800	5989
1.1850	6290
1.1900	5747
1.1950	6089
1.2000	6228
1.2050	6107
1.2100	5684
1.2150	6049
1.2200	6496
1.2250	5950
1.2300	6287
1.2350	6410
1.2400	6331
1.2450	6382
1.2500	6165
1.2550	6321
1.2600	6435
1.2650	6401
1.2700	6359
1.2750	6475
1.2800	5773
1.2850	6088
1.2900	6295
1.2950	5574
1.3000	6040
1.3050	6470
1.3100	6622
1.3150	5718
1.3200	5785
1.3250	5960
1.3300	6000
1.3350	6512
1.3400	6480
1.3450	5701
1.3500	5789
1.3550	5642
1.3600	5931
1.3650	6278
1.3700	5706
1.3750	6420
1.3800	5906
1.3850	6027
1.3900	5730
1.3950	5733
1.4000	6387
1.4050	5719
1.4100	6109
1.4150	6161
1.4200	6204
1.4250	6562
1.4300	6125
1.4350	5569
1.4400	5727
1.4450	6290
1.4500	6214
1.4550	6487
1.4600	6207
1.4650	6534
1.4700	6175
1.4750	5474
1.4800	6130
1.4850	6375
1.4900	5997
1.4950	5902
1.5000	5952
1.5050	6490
1.5100	6504
1.5150	6181
1.5200	6324
1.5250	5284
1.5300	6228
1.5350	6316
1.5400	6378
1.5450	6615
1.5500	5774
1.5550	6448
1.5600	5436
1.5650	5947
1.5700	6179
1.5750	6486
1.5800	6475
1.5850	5906
1.5900	6025
1.5950	5668
1.6000	5773
1.6050	6636
1.6100	6494
1.6150	6057
1.6200	6237
1.6250	5628
1.6300	6235
1.6350	6161
1.6400	6126
1.6450	6000
1.6500	6271
1.6550	6317
1.6600	5415
1.6650	6393
1.6700	6112
1.6750	6169
1.6800	5478
1.6850	5531
1.6900	6171
1.6950	5939
1.7000	6162
1.7050	5937
1.7100	6232
1.7150	5812
1.7200	5989
1.7250	6393
1.7300	5655
1.7350	6596
1.7400	5980
1.7450	6274
1.7500	5999
1.7550	5787
1.7600	5797
1.7650	6208
1.7700	6138
1.7750	6341
1.7800	6590
1.7850	6176
1.7900	5763
1.7950	5536
1.8000	6163
1.8050	6143
1.8100	6442
1.8150	6402
1.8200	6008
1.8250	5759
1.8300	5618
1.8350	6336
1.8400	6450
1.8450	6286
1.8500	6571
1.8550	6357
1.8600	5631
1.8650	5375
1.8700	6500
1.8750	6436
1.8800	6417
1.8850	5953
1.8900	6615
1.8950	6088
1.9000	5617
1.9050	6394
1.9100	6072
1.9150	6525
1.9200	5696
1.9250	6279
1.9300	5978
1.9350	5627
1.9400	5921
1.9450	5596
1.9500	6288
1.9550	5923
1.9600	6229
1.9650	6559
1.9700	6074
1.9750	5737
1.9800	6051
1.9850	6558
1.9900	6386
1.9950	6097
2.0000	5739
2.0050	5828
2.0100	5399
2.0150	6155
2.0200	6355
2.0250	6578
2.0300	5991
2.0350	6204
2.0400	6151
2.0450	5851
2.0500	6084
2.0550	6113
2.0600	6279
2.0650	5699
2.0700	6421
2.0750	6467
2.0800	6305
2.0850	6642
2.0900	5767
2.0950	6284
2.1000	6038
2.1050	6385
2.1100	6476
2.1150	6095
2.1200	6582
2.1250	6103
2.1300	5659
2.1350	6262
2.1400	6522
2.1450	6697
2.1500	6373
2.1550	6271
2.1600	5693
2.1650	5851
2.1700	6313
2.1750	6401
2.1800	5719
2.1850	6405
2.1900	6170
2.1950	5855
2.2000	5852
2.2050	6376
2.2100	5938
2.2150	5522
2.2200	5900
2.2250	5621
2.2300	6613
2.2350	6346
2.2400	6197
2.2450	5907
2.2500	6051
2.2550	5944
2.2600	5821
2.2650	6536
2.2700	6209
2.2750	6473
2.2800	6157
2.2850	5583
2.2900	6436
2.2950	6180
2.3000	6616
2.3050	6214
2.3100	5968
2.3150	6208
2.3200	5675
2.3250	6340
2.3300	5868
2.3350	6284
2.3400	6298
2.3450	6426
2.3500	6305
2.3550	6492
2.3600	5365
2.3650	6292
2.3700	6312
2.3750	6380
2.3800	6443
2.3850	6492
2.3900	6483
2.3950	6147
2.4000	6140
2.4050	6073
2.4100	6333
2.4150	6530
2.4200	6241
2.4250	6067
2.4300	5760
2.4350	6264
2.4400	6623
2.4450	6597
2.4500	5756
2.4550	6018
2.4600	6321
2.4650	5508
2.4700	6404
2.4750	5523
2.4800	6441
2.4850	5639
2.4900	6012
2.4950	6157
2.5000	5816
2.5050	6097
2.5100	6212
2.5150	6262
2.5200	6434
2.5250	6233
2.5300	6166
2.5350	6205
2.5400	5713
2.5450	6309
2.5500	5945
2.5550	6295
2.5600	6061
2.5650	5979
2.5700	5891
2.5750	6203
2.5800	6173
2.5850	5542
2.5900	6489
2.5950	6141
2.6000	5487
2.6050	5964
2.6100	5698
2.6150	6390
2.6200	6427
2.6250	6115
2.6300	6059
2.6350	6426
2.6400	6308
2.6450	6403
2.6500	6381
2.6550	6141
2.6600	6142
2.6650	6295
2.6700	5881
2.6750	6194
2.6800	6368
2.6850	6110
2.6900	5704
2.6950	6030
2.7000	6240
2.7050	6471
2.7100	6517
2.7150	5932
2.7200	5549
2.7250	6483
2.7300	5817
2.7350	6096
2.7400	6280
2.7450	6239
2.7500	5967
2.7550	5769
2.7600	6205
2.7650	6159
2.7700	6411
2.7750	6186
2.7800	5563
2.7850	5925
2.7900	5872
2.7950	6300
2.8000	6575
2.8050	6161
2.8100	5588
2.8150	5588
2.8200	5954
2.8250	5976
2.8300	6189
2.8350	6174
2.8400	5879
2.8450	6273
2.8500	5477
2.8550	5825
2.8600	6232
2.8650	6479
2.8700	6095
2.8750	5841
2.8800	6314
2.8850	5997
2.8900	5872
2.8950	6526
2.9000	6052
2.9050	6541
2.9100	5691
2.9150	5988
2.9200	6178
2.9250	5608
2.9300	5917
2.9350	6266
2.9400	5910
2.9450	6173
2.9500	5944
2.9550	6468
2.9600	5449
2.9650	5889
2.9700	6322
2.9750	6113
2.9800	6337
2.9850	6237
2.9900	5769
2.9950	6261
3.0000	5751
3.0050	6459
3.0100	6508
3.0150	6158
3.0200	5971
3.0250	6044
3.0300	6323
3.0350	6193
3.0400	6446
3.0450	6321
3.0500	6109
3.0550	5473
3.0600	5953
3.0650	6585
3.0700	6510
3.0750	6104
3.0800	5601
3.0850	6123
3.0900	5632
3.0950	6030
3.1000	6159
3.1050	5923
3.1100	6528
3.1150	6294
3.1200	6009
3.1250	6635
3.1300	5825
3.1350	6253
3.1400	6148
3.1450	5896
3.1500	5556
3.1550	6139
3.1600	6656
3.1650	5780
3.1700	6342
3.1750	6177
3.1800	6299
3.1850	6011
3.1900	5802
3.1950	6206
3.2000	5969
3.2050	6382
3.2100	6405
3.2150	6042
3.2200	6244
3.2250	6080
3.2300	6201
3.2350	6230
3.2400	6012
3.2450	6357
3.2500	6470
3.2550	6317
3.2600	5310
3.2650	6265
3.2700	6245
3.2750	6385
3.2800	5786
3.2850	5826
3.2900	6469
3.2950	5811
3.3000	5757
3.3050	5808
3.3100	6387
3.3150	6132
3.3200	5572
3.3250	6289
3.3300	5630
3.3350	6151
3.3400	6369
3.3450	6002
3.3500	6263
3.3550	5573
3.3600	5701
3.3650	6002
3.3700	6501
3.3750	5631
3.3800	5690
3.3850	6444
3.3900	5638
3.3950	5876
3.4000	6156
3.4050	6526
3.4100	5975
3.4150	5757
3.4200	5727
3.4250	5869
3.4300	5955
3.4350	6530
3.4400	6198
3.4450	6121
3.4500	6013
3.4550	5941
3.4600	6308
3.4650	5909
3.4700	5939
3.4750	6417
3.4800	6018
3.4850	6486
3.4900	6238
3.4950	6621
3.5000	6018
3.5050	6267
3.5100	6014
3.5150	5936
3.5200	6523
3.5250	6463
3.5300	6208
3.5350	5685
3.5400	6449
3.5450	6570
3.5500	5826
3.5550	6373
3.5600	5659
3.5650	5740
3.5700	6003
3.5750	6456
3.5800	6143
3.5850	6647
3.5900	5923
3.5950	5576
3.6000	6147
3.6050	6073
3.6100	5864
3.6150	5838
3.6200	6048
3.6250	6398
3.6300	6086
3.6350	6307
3.6400	6447
3.6450	5999
3.6500	6172
3.6550	5726
3.6600	6405
3.6650	6236
3.6700	6210
3.6750	6404
3.6800	5894
3.6850	6188
3.6900	5933
3.6950	5945
3.7000	6657
3.7050	5875
3.7100	6268
3.7150	6346
3.7200	6023
3.7250	6495
3.7300	5882
3.7350	6212
3.7400	6367
3.7450	6470
3.7500	6394
3.7550	6252
3.7600	6328
3.7650	5821
3.7700	6373
3.7750	6205
3.7800	5969
3.7850	6462
3.7900	6254
3.7950	6437
3.8000	5941
3.8050	6544
3.8100	6596
3.8150	5784
3.8200	6192
3.8250	5651
3.8300	6378
3.8350	6485
3.8400	6498
3.8450	6455
3.8500	5562
3.8550	6580
3.8600	6216
3.8650	6063
3.8700	6411
3.8750	6465
3.8800	6421
3.8850	5761
3.8900	6240
3.8950	5813
3.9000	6567
3.9050	6509
3.9100	5962
3.9150	6181
3.9200	5836
3.9250	6096
3.9300	6335
3.9350	6200
3.9400	6227
3.9450	5855
3.9500	5750
3.9550	6038
3.9600	5793
3.9650	6475
3.9700	5815
3.9750	6291
3.9800	5646
3.9850	5972
3.9900	6306
3.9950	6550
4.0000	6506
4.0050	5499
4.0100	5979
4.0150	6063
4.0200	5714
4.0250	6358
4.0300	6474
4.0350	6505
4.0400	6135
4.0450	5494
4.0500	6436
4.0550	6234
4.0600	6288
4.0650	6311
4.0700	6294
4.0750	6311
4.0800	5641
4.0850	6610
4.0900	6494
4.0950	6287
4.1000	6006
4.1050	6283
4.1100	6464
4.1150	5740
4.1200	6279
4.1250	6375
4.1300	6294
4.1350	5727
4.1400	6396
4.1450	6535
4.1500	5807
4.1550	6423
4.1600	5741
4.1650	6214
4.1700	6103
4.1750	6632
4.1800	6432
4.1850	5446
4.1900	5744
4.1950	5988
4.2000	5621
4.2050	5948
4.2100	5834
4.2150	6047
4.2200	5472
4.2250	5637
4.2300	6492
4.2350	5740
4.2400	6241
4.2450	6575
4.2500	6156
4.2550	5570
4.2600	5929
4.2650	6465
4.2700	5868
4.2750	6032
4.2800	6560
4.2850	6402
4.2900	5982
4.2950	5763
4.3000	6203
4.3050	6248
4.3100	6278
4.3150	6036
4.3200	5913
4.3250	6063
4.3300	5841
4.3350	6387
4.3400	6105
4.3450	6344
4.3500	6365
4.3550	6076
4.3600	6489
4.3650	5486
4.3700	6174
4.3750	6523
4.3800	6710
4.3850	6673
4.3900	5817
4.3950	6568
4.4000	5766
4.4050	6272
4.4100	6519
4.4150	5914
4.4200	6511
4.4250	5810
4.4300	6224
4.4350	6047
4.4400	6509
4.4450	6532
4.4500	6501
4.4550	6244
4.4600	6450
4.4650	6415
4.4700	6333
4.4750	6584
4.4800	6133
4.4850	6497
4.4900	6235
4.4950	6042
4.5000	5867
4.5050	5747
4.5100	6420
4.5150	6147
4.5200	6206
4.5250	6148
4.5300	6139
4.5350	6033
4.5400	6048
4.5450	6240
4.5500	6281
4.5550	6283
4.5600	6506
4.5650	6291
4.5700	5787
4.5750	6544
4.5800	5825
4.5850	6310
4.5900	6544
4.5950	5926
4.6000	6233
4.6050	6174
4.6100	6034
4.6150	6247
4.6200	6474
4.6250	6043
4.6300	6273
4.6350	6338
4.6400	6225
4.6450	6364
4.6500	6495
4.6550	6506
4.6600	6053
4.6650	5717
4.6700	5977
4.6750	6324
4.6800	5860
4.6850	6420
4.6900	6142
4.6950	6043
4.7000	5585
4.7050	6422
4.7100	6285
4.7150	6514
4.7200	6008
4.7250	5779
4.7300	6326
4.7350	5812
4.7400	6421
4.7450	5822
4.7500	5719
4.7550	6404
4.7600	5874
4.7650	5977
4.7700	5944
4.7750	5886
4.7800	6759
4.7850	5629
4.7900	5518
4.7950	5508
4.8000	6286
4.8050	5817
4.8100	6538
4.8150	6291
4.8200	5957
4.8250	5729
4.8300	6646
4.8350	6508
4.8400	6226
4.8450	5899
4.8500	6450
4.8550	6040
4.8600	5698
4.8650	6276
4.8700	6662
4.8750	6088
4.8800	6478
4.8850	6404
4.8900	6495
4.8950	5954
4.9000	6157
4.9050	5984
4.9100	5565
4.9150	6524
4.9200	6547
4.9250	5828
4.9300	5480
4.9350	6653
4.9400	6295
4.9450	6353
4.9500	5710
4.9550	6170
4.9600	6448
4.9650	5328
4.9700	6230
4.9750	6306
4.9800	5704
4.9850	5945
4.9900	6485
4.9950	5577
5.0000	5813
5.0050	6501
5.0100	6517
5.0150	6255
5.0200	6002
5.0250	5976
5.0300	6055
5.0350	5666
5.0400	6428
5.0450	6300
5.0500	6391
5.0550	6271
5.0600	6059
5.0650	5667
5.0700	5780
5.0750	6074
5.0800	6248
5.0850	6187
5.0900	6398
5.0950	6574
5.1000	5941
5.1050	6206
5.1100	6231
5.1150	6431
5.1200	6463
5.1250	6492
5.1300	6502
5.1350	5701
5.1400	5733
5.1450	6120
5.1500	5672
5.1550	6150
5.1600	6416
5.1650	6518
5.1700	6269
5.1750	5805
5.1800	6048
5.1850	6603
5.1900	5921
5.1950	6599
5.2000	5989
5.2050	6383
5.2100	5565
5.2150	6270
5.2200	6118
5.2250	5726
5.2300	6456
5.2350	6401
5.2400	6251
5.2450	5473
5.2500	6091
5.2550	6061
5.2600	6143
5.2650	5928
5.2700	6338
5.2750	6561
5.2800	5949
5.2850	5759
5.2900	6466
5.2950	6245
5.3000	5906
5.3050	6439
5.3100	6559
5.3150	5506
5.3200	5710
5.3250	6294
5.3300	6286
5.3350	6189
5.3400	6030
5.3450	6735
5.3500	5662
5.3550	5651
5.3600	6210
5.3650	6330
5.3700	5835
5.3750	5779
5.3800	6141
5.3850	5939
5.3900	6068
5.3950	6058
5.4000	6406
5.4050	5583
5.4100	6509
5.4150	5710
5.4200	5806
5.4250	6181
5.4300	5617
5.4350	6652
5.4400	6138
5.4450	6396
5.4500	6234
5.4550	6296
5.4600	5925
5.4650	6070
5.4700	6288
5.4750	5613
5.4800	6433
5.4850	6050
5.4900	6441
5.4950	5509
5.5000	6537
5.5050	6320
5.5100	5494
5.5150	5694
5.5200	6465
5.5250	6543
5.5300	5844
5.5350	5979
5.5400	5862
5.5450	5969
5.5500	5713
5.5550	6029
5.5600	5718
5.5650	6288
5.5700	6337
5.5750	6273
5.5800	6252
5.5850	5783
5.5900	6394
5.5950	5433
5.6000	5532
5.6050	6468
5.6100	6358
5.6150	6546
5.6200	6387
5.6250	5662
5.6300	5492
5.6350	6224
5.6400	5852
5.6450	6346
5.6500	6173
5.6550	6411
5.6600	6364
5.6650	5841
5.6700	6539
5.6750	5491
5.6800	5922
5.6850	6358
5.6900	6470
5.6950	6494
5.7000	5669
5.7050	5916
5.7100	5492
5.7150	5460
5.7200	6079
5.7250	6555
5.7300	6323
5.7350	6126
5.7400	5459
5.7450	5944
5.7500	5747
5.7550	6123
5.7600	6468
5.7650	6196
5.7700	6562
5.7750	5688
5.7800	5583
5.7850	5971
5.7900	5402
5.7950	6704
5.8000	6322
5.8050	6198
5.8100	5419
5.8150	5708
5.8200	6015
5.8250	5519
5.8300	6056
5.8350	6420
5.8400	6226
5.8450	5931
5.8500	5703
5.8550	5641
5.8600	6471
5.8650	5565
5.8700	6458
5.8750	6391
5.8800	5728
5.8850	5872
5.8900	6168
5.8950	6065
5.9000	5668
5.9050	5984
5.9100	6558
5.9150	6304
5.9200	5369
5.9250	6006
5.9300	6357
5.9350	6003
5.9400	6135
5.9450	6282
5.9500	6225
5.9550	5577
5.9600	6184
5.9650	5865
5.9700	5537
5.9750	6414
5.9800	5676
5.9850	5892
5.9900	5844
5.9950	6127
6.0000	6424
6.0050	5949
6.0100	5825
6.0150	5578
6.0200	6546
6.0250	5685
6.0300	5833
6.0350	6268
6.0400	5900
6.0450	5705
6.0500	6348
6.0550	6618
6.0600	5425
6.0650	6184
6.0700	5868
6.0750	5636
6.0800	5649
6.0850	6588
6.0900	6268
6.0950	5572
6.1000	6354
6.1050	6082
6.1100	5757
6.1150	5770
6.1200	6374
6.1250	5611
6.1300	5657
6.1350	6020
6.1400	6255
6.1450	6058
6.1500	5521
6.1550	6480
6.1600	5627
6.1650	5549
6.1700	5492
6.1750	6282
6.1800	5968
6.1850	5826
6.1900	6289
6.1950	5516
6.2000	5813
6.2050	5914
6.2100	5989
6.2150	5568
6.2200	5935
6.2250	6398
6.2300	6488
6.2350	5636
6.2400	5885
6.2450	5828
6.2500	5557
6.2550	5636
6.2600	6366
6.2650	6354
6.2700	6266
6.2750	6480
6.2800	5553
6.2850	5663
6.2900	5799
6.2950	6577
6.3000	6045
6.3050	6313
6.3100	6498
6.3150	5906
6.3200	5621
6.3250	5723
6.3300	6132
6.3350	6445
6.3400	6312
6.3450	6458
6.3500	6340
6.3550	5671
6.3600	6476
6.3650	5647
6.3700	6229
6.3750	6040
6.3800	6366
6.3850	6178
6.3900	5758
6.3950	5706
6.4000	5774
6.4050	6072
6.4100	5792
6.4150	6375
6.4200	6189
6.4250	6512
6.4300	5648
6.4350	5524
6.4400	5816
6.4450	5724
6.4500	5937
6.4550	5998
6.4600	6307
6.4650	5444
6.4700	6003
6.4750	5983
6.4800	5742
6.4850	5906
6.4900	6363
6.4950	5950
6.5000	5581
6.5050	5987
6.5100	6016
6.5150	5721
6.5200	5896
6.5250	5857
6.5300	6290
6.5350	5952
6.5400	5935
6.5450	6475
6.5500	5694
6.5550	5796
6.5600	5922
6.5650	6424
6.5700	5684
6.5750	5779
6.5800	6049
6.5850	6048
6.5900	5811
6.5950	6039
6.6000	5962
6.6050	5737
6.6100	5504
6.6150	6124
6.6200	6410
6.6250	5666
6.6300	5950
6.6350	6374
6.6400	5547
6.6450	5590
6.6500	6290
6.6550	5905
6.6600	5638
6.6650	6195
6.6700	6341
6.6750	5970
6.6800	5712
6.6850	6294
6.6900	5566
6.6950	6094
6.7000	6291
6.7050	6221
6.7100	5979
6.7150	5454
6.7200	6302
6.7250	5782
6.7300	5453
6.7350	5361
6.7400	6461
6.7450	6633
6.7500	5626
6.7550	6230
6.7600	5785
6.7650	5589
6.7700	5609
6.7750	6102
6.7800	5961
6.7850	6582
6.7900	5777
6.7950	5878
6.8000	5866
6.8050	5529
6.8100	5939
6.8150	5495
6.8200	5620
6.8250	6397
6.8300	6386
6.8350	5910
6.8400	5843
6.8450	5590
6.8500	5533
6.8550	5953
6.8600	5962
6.8650	6237
6.8700	5339
6.8750	5750
6.8800	5898
6.8850	5648
6.8900	5603
6.8950	6092
6.9000	6312
6.9050	6313
6.9100	6155
6.9150	5578
6.9200	5751
6.9250	5762
6.9300	5795
6.9350	5829
6.9400	6084
6.9450	6308
6.9500	6316
6.9550	5836
6.9600	5718
6.9650	5732
6.9700	6178
6.9750	5555
6.9800	6356
6.9850	6067
6.9900	6081
6.9950	5637
7.0000	5777
7.0050	6243
7.0100	5610
7.0150	6237
7.0200	6457
7.0250	6250
7.0300	5676
7.0350	5787
7.0400	5757
7.0450	5872
7.0500	5966
7.0550	6545
7.0600	6349
7.0650	5520
7.0700	5871
7.0750	5866
7.0800	6107
7.0850	5642
7.0900	6316
7.0950	6098
7.1000	5783
7.1050	5773
7.1100	5716
7.1150	5372
7.1200	5676
7.1250	6288
7.1300	6277
7.1350	6126
7.1400	5979
7.1450	6499
7.1500	5628
7.1550	5675
7.1600	6402
7.1650	6160
7.1700	6402
7.1750	5550
7.1800	5990
7.1850	5743
7.1900	5679
7.1950	5987
7.2000	5915
7.2050	5620
7.2100	5575
7.2150	6181
7.2200	5805
7.2250	6308
7.2300	5551
7.2350	6205
7.2400	6437
7.2450	5680
7.2500	6092
7.2550	5920
7.2600	6411
7.2650	5542
7.2700	6212
7.2750	6305
7.2800	6478
7.2850	6206
7.2900	5805
7.2950	6023
7.3000	5706
7.3050	6046
7.3100	6264
7.3150	6119
7.3200	5875
7.3250	6469
7.3300	6074
7.3350	5601
7.3400	5999
7.3450	5916
7.3500	6061
7.3550	6314
7.3600	6100
7.3650	5733
7.3700	5817
7.3750	6026
7.3800	5475
7.3850	5940
7.3900	5724
7.3950	6438
7.4000	6395
7.4050	5689
7.4100	5397
7.4150	5726
7.4200	6008
7.4250	5923
7.4300	6568
7.4350	5510
7.4400	6568
7.4450	5658
7.4500	5694
7.4550	5682
7.4600	5709
7.4650	6432
7.4700	5626
7.4750	6055
7.4800	6017
7.4850	6180
7.4900	5850
7.4950	5806
7.5000	5693
7.5050	6325
7.5100	6055
7.5150	5966
7.5200	6395
7.5250	5529
7.5300	5774
7.5350	5820
7.5400	5604
7.5450	5768
7.5500	6446
7.5550	6238
7.5600	5597
7.5650	6174
7.5700	5577
7.5750	5742
7.5800	5892
7.5850	6176
7.5900	6328
7.5950	6301
7.6000	5972
7.6050	6535
7.6100	5783
7.6150	5834
7.6200	5788
7.6250	6328
7.6300	6362
7.6350	5744
7.6400	5847
7.6450	5886
7.6500	5553
7.6550	5418
7.6600	6268
7.6650	5715
7.6700	6661
7.6750	6251
7.6800	5347
7.6850	5905
7.6900	6156
7.6950	6373
7.7000	6179
7.7050	5613
7.7100	6452
7.7150	6415
7.7200	6206
7.7250	5709
7.7300	6474
7.7350	6135
7.7400	5855
7.7450	6216
7.7500	5741
7.7550	5877
7.7600	5741
7.7650	6177
7.7700	6240
7.7750	5637
7.7800	6453
7.7850	6116
7.7900	6224
7.7950	5520
7.8000	6592
7.8050	5567
7.8100	6260
7.8150	6456
7.8200	6181
7.8250	6143
7.8300	6298
7.8350	6183
7.8400	6324
7.8450	5679
7.8500	6560
7.8550	6452
7.8600	5662
7.8650	6194
7.8700	5672
7.8750	6240
7.8800	5881
7.8850	6240
7.8900	6563
7.8950	5931
7.9000	6274
7.9050	5683
7.9100	5557
7.9150	5727
7.9200	6355
7.9250	6288
7.9300	5956
7.9350	5806
7.9400	5774
7.9450	6061
7.9500	5486
7.9550	5904
7.9600	6242
7.9650	6578
7.9700	5670
7.9750	5709
7.9800	6023
7.9850	5804
7.9900	5557
7.9950	6369
8.0000	6226
8.0050	6223
8.0100	5302
8.0150	5685
8.0200	5770
8.0250	5832
8.0300	6415
8.0350	5694
8.0400	6330
8.0450	6498
8.0500	5944
8.0550	5687
8.0600	5845
8.0650	5518
8.0700	6363
8.0750	6120
8.0800	6175
8.0850	6302
8.0900	5651
8.0950	5933
8.1000	5497
8.1050	5804
8.1100	5539
8.1150	6411
8.1200	6279
8.1250	6581
8.1300	5686
8.1350	5824
8.1400	6076
8.1450	5807
8.1500	6450
8.1550	5341
8.1600	6032
8.1650	5598
8.1700	6301
8.1750	5801
8.1800	5764
8.1850	6140
8.1900	5742
8.1950	5806
8.2000	6211
8.2050	6584
8.2100	6267
8.2150	5714
8.2200	5723
8.2250	6395
8.2300	5696
8.2350	6274
8.2400	5746
8.2450	6257
8.2500	5668
8.2550	6315
8.2600	6195
8.2650	6254
8.2700	5952
8.2750	6118
8.2800	5774
8.2850	5681
8.2900	6445
8.2950	6388
8.3000	6550
8.3050	6036
8.3100	5506
8.3150	5582
8.3200	6120
8.3250	5904
8.3300	5970
8.3350	6158
8.3400	5944
8.3450	6299
8.3500	5610
8.3550	6368
8.3600	5779
8.3650	6484
8.3700	5877
8.3750	5753
8.3800	5620
8.3850	5738
8.3900	6286
8.3950	6417
8.4000	6086
8.4050	6376
8.4100	6389
8.4150	6569
8.4200	6234
8.4250	5996
8.4300	6437
8.4350	6084
8.4400	6343
8.4450	6475
8.4500	6232
8.4550	6728
8.4600	5459
8.4650	6303
8.4700	5582
8.4750	6365
8.4800	6358
8.4850	6094
8.4900	6281
8.4950	5752
8.5000	6130
8.5050	6387
8.5100	6175
8.5150	5462
8.5200	6394
8.5250	6469
8.5300	6265
8.5350	5814
8.5400	5645
8.5450	5709
8.5500	5447
8.5550	5539
8.5600	6486
8.5650	6455
8.5700	5742
8.5750	5512
8.5800	5439
8.5850	5581
8.5900	5892
8.5950	6253
8.6000	6269
8.6050	5554
8.6100	5986
8.6150	6194
8.6200	5561
8.6250	5849
8.6300	5698
8.6350	6528
8.6400	6102
8.6450	5465
8.6500	5516
8.6550	5573
8.6600	5961
8.6650	5553
8.6700	5618
8.6750	6001
8.6800	5776
8.6850	6232
8.6900	5861
8.6950	5453
8.7000	5575
8.7050	6389
8.7100	5655
8.7150	5851
8.7200	5858
8.7250	5808
8.7300	5575
8.7350	5574
8.7400	6357
8.7450	5786
8.7500	6331
8.7550	5539
8.7600	5332
8.7650	5587
8.7700	5911
8.7750	6196
8.7800	6650
8.7850	5806
8.7900	5986
8.7950	5891
8.8000	6625
8.8050	6160
8.8100	5800
8.8150	6360
8.8200	5760
8.8250	6280
8.8300	5700
8.8350	5949
8.8400	5963
8.8450	5665
8.8500	5462
8.8550	5741
8.8600	6577
8.8650	6661
8.8700	5634
8.8750	5648
8.8800	5669
8.8850	5793
8.8900	6257
8.8950	6476
8.9000	6092
8.9050	6080
8.9100	5628
8.9150	5548
8.9200	6038
8.9250	5762
8.9300	6533
8.9350	6197
8.9400	5858
8.9450	6075
8.9500	5917
8.9550	5806
8.9600	6314
8.9650	5949
8.9700	6513
8.9750	5871
8.9800	5721
8.9850	6465
8.9900	5562
8.9950	6634
9.0000	5654
9.0050	6004
9.0100	6296
9.0150	5781
9.0200	6513
9.0250	5513
9.0300	6134
9.0350	5604
9.0400	6246
9.0450	5711
9.0500	5822
9.0550	6050
9.0600	5479
9.0650	6017
9.0700	6058
9.0750	6477
9.0800	5442
9.0850	5738
9.0900	6441
9.0950	6414
9.1000	5959
9.1050	5826
9.1100	6627
9.1150	5461
9.1200	5442
9.1250	5862
9.1300	6589
9.1350	5846
9.1400	5813
9.1450	5505
9.1500	6124
9.1550	5825
9.1600	5813
9.1650	6638
9.1700	5486
9.1750	6367
9.1800	5666
9.1850	6161
9.1900	5590
9.1950	5671
9.2000	6570
9.2050	5504
9.2100	5593
9.2150	5779
9.2200	6219
9.2250	6066
9.2300	6514
9.2350	5634
9.2400	5931
9.2450	5978
9.2500	5664
9.2550	6070
9.2600	5512
9.2650	5753
9.2700	6258
9.2750	5904
9.2800	5726
9.2850	6131
9.2900	5850
9.2950	5528
9.3000	5543
9.3050	6319
9.3100	6117
9.3150	5945
9.3200	5619
9.3250	5420
9.3300	6248
9.3350	5850
9.3400	6651
9.3450	6414
9.3500	5727
9.3550	5613
9.3600	5767
9.3650	6146
9.3700	5839
9.3750	5398
9.3800	6607
9.3850	5530
9.3900	5966
9.3950	5798
9.4000	6156
9.4050	5815
9.4100	5573
9.4150	5448
9.4200	5434
9.4250	6357
9.4300	6482
9.4350	5984
9.4400	5585
9.4450	5817
9.4500	5445
9.4550	5466
9.4600	6463
9.4650	6089
9.4700	5994
9.4750	5957
9.4800	5617
9.4850	5634
9.4900	5753
9.4950	6131
9.5000	6272
9.5050	5533
9.5100	5696
9.5150	5843
9.5200	5936
9.5250	5705
9.5300	5926
9.5350	5941
9.5400	5586
9.5450	6162
9.5500	6333
9.5550	5546
9.5600	6223
9.5650	5565
9.5700	5533
9.5750	5339
9.5800	5866
9.5850	6763
9.5900	5920
9.5950	6037
9.6000	5729
9.6050	5813
9.6100	5860
9.6150	5761
9.6200	5882
9.6250	6560
9.6300	5672
9.6350	6211
9.6400	5746
9.6450	6038
9.6500	5940
9.6550	6083
9.6600	6145
9.6650	5947
9.6700	5689
9.6750	5843
9.6800	5840
9.6850	6260
9.6900	5557
9.6950	6535
9.7000	6365
9.7050	6071
9.7100	6091
9.7150	5851
9.7200	6455
9.7250	5647
9.7300	6359
9.7350	6075
9.7400	6063
9.7450	6145
9.7500	5467
9.7550	5672
9.7600	6024
9.7650	6164
9.7700	5863
9.7750	5538
9.7800	6366
9.7850	5945
9.7900	6439
9.7950	6199
9.8000	6034
9.8050	6189
9.8100	5534
9.8150	6128
9.8200	6240
9.8250	6195
9.8300	6029
9.8350	5518
9.8400	6254
9.8450	5598
9.8500	6295
9.8550	6581
9.8600	5751
9.8650	6294
9.8700	5710
9.8750	6536
9.8800	5897
9.8850	6474
9.8900	6327
9.8950	5868
9.9000	6335
9.9050	5719
9.9100	5696
9.9150	5824
9.9200	6606
9.9250	6291
9.9300	5521
9.9350	6493
9.9400	5761
9.9450	5964
9.9500	5517
9.9550	6217
9.9600	5768
9.9650	6001
9.9700	6071
9.9750	6617
9.9800	5739
9.9850	5678
9.9900	6045
9.9950	5931
10.0000	6097
10.0050	5656
10.0100	6021
10.0150	6183
10.0200	6302
10.0250	6152
10.0300	5978
10.0350	6627
10.0400	5797
10.0450	5899
10.0500	5821
10.0550	6514
10.0600	5720
10.0650	6495
10.0700	6220
10.0750	5965
10.0800	6055
10.0850	6076
10.0900	6531
10.0950	5646
10.1000	6084
10.1050	6355
10.1100	6340
10.1150	6044
10.1200	5492
10.1250	6608
10.1300	5919
10.1350	5981
10.1400	5436
10.1450	6624
10.1500	6535
10.1550	5589
10.1600	5934
10.1650	6022
10.1700	5776
10.1750	5670
10.1800	6485
10.1850	6207
10.1900	6298
10.1950	5968
10.2000	5982
10.2050	5691
10.2100	5621
10.2150	5955
10.2200	6193
10.2250	5781
10.2300	5506
10.2350	5672
10.2400	5866
10.2450	5626
10.2500	5594
10.2550	6234
10.2600	5810
10.2650	5668
10.2700	5901
10.2750	5878
10.2800	5774
10.2850	5722
10.2900	5954
10.2950	5786
10.3000	5732
10.3050	6480
10.3100	6296
10.3150	5494
10.3200	5646
10.3250	5824
10.3300	6189
10.3350	5779
10.3400	5896
10.3450	5658
10.3500	5739
10.3550	5666
10.3600	5712
10.3650	6196
10.3700	5764
10.3750	5539
10.3800	5966
10.3850	5781
10.3900	5545
10.3950	5869
10.4000	6282
10.4050	6184
10.4100	5501
10.4150	5639
10.4200	5882
10.4250	6140
10.4300	5734
10.4350	5537
10.4400	6562
10.4450	5795
10.4500	5996
10.4550	5622
10.4600	5666
10.4650	6337
10.4700	5586
10.4750	6245
10.4800	5591
10.4850	6091
10.4900	6211
10.4950	5557
10.5000	6255
10.5050	5750
10.5100	5760
10.5150	5624
10.5200	5395
10.5250	6427
10.5300	5796
10.5350	6523
10.5400	5837
10.5450	5520
10.5500	5474
10.5550	5546
10.5600	6304
10.5650	5766
10.5700	5555
10.5750	6352
10.5800	6012
10.5850	5943
10.5900	5691
10.5950	6387
10.6000	5763
10.6050	6018
10.6100	5334
10.6150	5686
10.6200	6649
10.6250	6273
10.6300	6226
10.6350	5802
10.6400	6046
10.6450	5588
10.6500	5767
10.6550	6320
10.6600	5494
10.6650	6202
10.6700	5600
10.6750	5331
10.6800	6033
10.6850	5680
10.6900	5745
10.6950	5643
10.7000	5500
10.7050	5827
10.7100	5860
10.7150	5848
10.7200	6375
10.7250	5455
10.7300	5867
10.7350	5999
10.7400	6267
10.7450	5855
10.7500	5482
10.7550	5935
10.7600	5555
10.7650	5445
10.7700	5805
10.7750	5701
10.7800	6081
10.7850	5516
10.7900	5731
10.7950	5604
10.8000	6162
10.8050	6190
10.8100	5921
10.8150	5359
10.8200	5636
10.8250	5779
10.8300	5712
10.8350	5564
10.8400	5978
10.8450	6535
10.8500	5401
10.8550	5498
10.8600	5426
10.8650	5774
10.8700	5960
10.8750	5859
10.8800	6051
10.8850	5478
10.8900	6128
10.8950	6190
10.9000	5631
10.9050	6219
10.9100	6005
10.9150	5684
10.9200	5711
10.9250	5918
10.9300	6070
10.9350	5993
10.9400	6091
10.9450	6151
10.9500	5820
10.9550	5623
10.9600	5730
10.9650	6307
10.9700	5614
10.9750	6209
10.9800	5753
10.9850	6293
10.9900	5639
10.9950	5841
11.0000	6136
11.0050	6094
11.0100	6153
11.0150	5893
11.0200	6076
11.0250	5809
11.0300	6080
11.0350	5547
11.0400	6273
11.0450	6041
11.0500	5878
11.0550	6140
11.0600	5285
11.0650	5901
11.0700	5865
11.0750	6739
11.0800	6258
11.0850	5767
11.0900	6278
11.0950	5744
11.1000	5727
11.1050	5917
11.1100	5543
11.1150	6221
11.1200	5669
11.1250	6022
11.1300	5881
11.1350	5967
11.1400	5796
11.1450	5757
11.1500	5578
11.1550	6274
11.1600	5941
11.1650	6486
11.1700	5654
11.1750	5328
11.1800	5917
11.1850	6012
11.1900	6181
11.1950	5662
11.2000	5710
11.2050	5977
11.2100	5393
11.2150	5654
11.2200	5737
11.2250	6288
11.2300	6242
11.2350	5777
11.2400	5639
11.2450	5684
11.2500	5805
11.2550	5735
11.2600	6081
11.2650	5941
11.2700	5667
11.2750	5816
11.2800	5814
11.2850	6420
11.2900	6168
11.2950	6384
11.3000	5892
11.3050	5743
11.3100	5678
11.3150	5701
11.3200	6012
11.3250	5645
11.3300	5707
11.3350	6246
11.3400	6014
11.3450	5745
11.3500	5721
11.3550	6084
11.3600	5541
11.3650	5755
11.3700	5670
11.3750	5631
11.3800	5782
11.3850	5840
11.3900	5606
11.3950	5622
11.4000	5648
11.4050	5750
11.4100	5809
11.4150	5851
11.4200	5440
11.4250	5766
11.4300	5762
11.4350	5940
11.4400	5756
11.4450	5561
11.4500	5632
11.4550	5610
11.4600	5698
11.4650	6185
11.4700	5975
11.4750	5834
11.4800	5660
11.4850	5809
11.4900	5625
11.4950	5891
11.5000	5825
11.5050	5810
11.5100	5568
11.5150	5720
11.5200	5799
11.5250	6503
11.5300	6052
11.5350	6143
11.5400	5928
11.5450	5707
11.5500	5517
11.5550	5470
11.5600	5887
11.5650	5727
11.5700	5890
11.5750	5526
11.5800	6216
11.5850	5964
11.5900	5913
11.5950	6325
11.6000	5835
11.6050	5647
11.6100	5824
11.6150	5814
11.6200	5907
11.6250	5438
11.6300	6234
11.6350	6241
11.6400	6524
11.6450	5851
11.6500	5748
11.6550	6133
11.6600	6216
11.6650	6386
11.6700	5823
11.6750	5587
11.6800	6074
11.6850	5461
11.6900	5557
11.6950	6116
11.7000	6199
11.7050	5856
11.7100	5683
11.7150	6126
11.7200	5947
11.7250	6033
11.7300	6292
11.7350	5753
11.7400	5580
11.7450	5928
11.7500	5749
11.7550	6070
11.7600	5882
11.7650	6453
11.7700	5832
11.7750	5394
11.7800	6113
11.7850	5524
11.7900	6616
11.7950	6235
11.8000	5720
11.8050	5576
11.8100	5551
11.8150	6349
11.8200	5809
11.8250	6042
11.8300	6087
11.8350	5918
11.8400	5656
11.8450	5866
11.8500	6071
11.8550	5677
11.8600	5813
11.8650	5646
11.8700	5872
11.8750	6100
11.8800	6253
11.8850	5742
11.8900	6480
11.8950	5553
11.9000	5913
11.9050	5937
11.9100	5742
11.9150	5795
11.9200	6243
11.9250	6107
11.9300	6114
11.9350	6198
11.9400	5716
11.9450	6100
11.9500	5823
11.9550	5946
11.9600	5580
11.9650	5579
11.9700	5829
11.9750	5926
11.9800	5894
11.9850	5424
11.9900	5696
11.9950	6076
12.0000	5775
12.0050	6544
12.0100	5647
12.0150	6308
12.0200	5548
12.0250	5685
12.0300	5839
12.0350	5532
12.0400	6738
12.0450	5861
12.0500	5631
12.0550	5485
12.0600	5620
12.0650	6497
12.0700	5595
12.0750	5748
12.0800	6358
12.0850	5848
12.0900	6003
12.0950	6416
12.1000	5863
12.1050	5809
12.1100	5679
12.1150	6347
12.1200	5656
12.1250	6410
12.1300	6139
12.1350	6220
12.1400	5986
12.1450	6077
12.1500	6399
12.1550	5775
12.1600	5902
12.1650	5451
12.1700	6028
12.1750	5919
12.1800	6233
12.1850	5747
12.1900	6149
12.1950	5711
12.2000	5824
12.2050	5701
12.2100	5953
12.2150	5519
12.2200	5929
12.2250	5976
12.2300	6288
12.2350	6036
12.2400	6494
12.2450	5893
12.2500	5692
12.2550	5438
12.2600	5495
12.2650	6315
12.2700	6500
12.2750	5969
12.2800	5424
12.2850	5633
12.2900	5911
12.2950	5875
12.3000	5994
12.3050	6153
12.3100	5860
12.3150	5637
12.3200	5502
12.3250	5685
12.3300	5585
12.3350	5697
12.3400	6035
12.3450	5453
12.3500	5570
12.3550	6654
12.3600	5805
12.3650	6031
12.3700	5465
12.3750	6140
12.3800	5621
12.3850	5764
12.3900	6077
12.3950	5929
12.4000	5859
12.4050	5710
12.4100	5806
12.4150	5516
12.4200	5643
12.4250	5641
12.4300	6408
12.4350	5571
12.4400	5700
12.4450	6063
12.4500	5986
12.4550	5577
12.4600	5547
12.4650	5985
12.4700	5635
12.4750	5725
12.4800	6210
12.4850	5586
12.4900	6502
12.4950	5737
12.5000	6238
12.5050	5746
12.5100	5767
12.5150	5794
12.5200	6367
12.5250	6168
12.5300	5619
12.5350	6576
12.5400	6197
12.5450	6152
12.5500	5639
12.5550	6042
12.5600	5995
12.5650	6006
12.5700	6480
12.5750	6206
12.5800	5804
12.5850	5718
12.5900	5607
12.5950	5543
12.6000	6144
12.6050	6503
12.6100	5670
12.6150	5605
12.6200	5680
12.6250	6545
12.6300	6133
12.6350	6373
12.6400	5723
12.6450	5733
12.6500	5972
12.6550	6314
12.6600	6533
12.6650	5686
12.6700	6481
12.6750	5463
12.6800	5509
12.6850	6115
12.6900	6384
12.6950	6208
12.7000	6105
12.7050	5840
12.7100	5905
12.7150	5703
12.7200	5889
12.7250	6699
12.7300	6260
12.7350	5828
12.7400	6154
12.7450	5856
12.7500	5835
12.7550	5869
12.7600	6166
12.7650	6461
12.7700	6447
12.7750	5653
12.7800	5640
12.7850	5723
12.7900	5898
12.7950	5525
12.8000	6250
12.8050	6571
12.8100	6512
12.8150	5698
12.8200	5712
12.8250	5797
12.8300	5692
12.8350	5894
12.8400	6710
12.8450	6206
12.8500	6416
12.8550	5640
12.8600	6475
12.8650	5594
12.8700	5584
12.8750	5697
12.8800	6452
12.8850	6236
12.8900	6076
12.8950	6057
12.9000	6434
12.9050	5635
12.9100	5279
12.9150	5514
12.9200	6445
12.9250	6633
12.9300	5696
12.9350	5867
12.9400	6481
12.9450	5964
12.9500	5619
12.9550	6606
12.9600	5975
12.9650	5845
12.9700	5504
12.9750	5375
12.9800	5732
12.9850	5795
12.9900	6636
12.9950	5786
13.0000	5759
13.0050	5736
13.0100	6032
13.0150	6069
13.0200	5836
13.0250	5530
13.0300	6435
13.0350	5852
13.0400	5740
13.0450	5581
13.0500	5501
13.0550	5757
13.0600	5534
13.0650	6213
13.0700	6301
13.0750	5790
13.0800	5985
13.0850	5588
13.0900	5947
13.0950	5918
13.1000	6581
13.1050	6594
13.1100	5682
13.1150	5536
13.1200	5798
13.1250	6130
13.1300	6018
13.1350	6425
13.1400	5962
13.1450	6571
13.1500	5574
13.1550	6084
13.1600	6078
13.1650	6446
13.1700	6137
13.1750	6218
13.1800	5566
13.1850	5504
13.1900	6017
13.1950	5974
13.2000	6409
13.2050	5430
13.2100	6467
13.2150	5562
13.2200	5775
13.2250	6127
13.2300	5533
13.2350	6392
13.2400	5460
13.2450	6233
13.2500	5669
13.2550	5645
13.2600	6677
13.2650	5631
13.2700	5988
13.2750	5466
13.2800	6004
13.2850	5936
13.2900	5758
13.2950	6246
13.3000	5909
13.3050	5947
13.3100	5926
13.3150	5896
13.3200	5452
13.3250	5839
13.3300	6319
13.3350	6330
13.3400	5987
13.3450	5863
13.3500	5778
13.3550	5827
13.3600	5575
13.3650	6027
13.3700	6636
13.3750	5999
13.3800	5816
13.3850	5643
13.3900	5708
13.3950	5878
13.4000	5922
13.4050	6458
13.4100	5567
13.4150	5754
13.4200	5544
13.4250	5931
13.4300	5787
13.4350	5653
13.4400	6643
13.4450	5770
13.4500	5693
13.4550	5601
13.4600	5778
13.4650	5780
13.4700	5702
13.4750	5868
13.4800	5874
13.4850	5776
13.4900	5685
13.4950	5770
13.5000	5495
13.5050	5792
13.5100	6242
13.5150	5851
13.5200	5697
13.5250	5616
13.5300	5754
13.5350	5534
13.5400	5535
13.5450	6042
13.5500	6291
13.5550	5796
13.5600	5594
13.5650	5346
13.5700	5829
13.5750	5805
13.5800	5672
13.5850	6527
13.5900	6123
13.5950	5825
13.6000	5473
13.6050	5976
13.6100	6348
13.6150	5573
13.6200	6675
13.6250	6049
13.6300	6389
13.6350	5579
13.6400	6374
13.6450	6438
13.6500	5685
13.6550	5752
13.6600	5802
13.6650	6650
13.6700	6522
13.6750	5888
13.6800	6042
13.6850	5989
13.6900	5640
13.6950	5680
13.7000	6429
13.7050	6010
13.7100	5993
13.7150	5969
13.7200	5442
13.7250	6462
13.7300	5662
13.7350	6775
13.7400	5712
13.7450	5719
13.7500	5561
13.7550	5569
13.7600	6499
13.7650	6358
13.7700	6093
13.7750	6366
13.7800	5973
13.7850	5570
13.7900	5686
13.7950	5499
13.8000	6612
13.8050	5425
13.8100	6341
13.8150	6187
13.8200	5798
13.8250	6336
13.8300	5865
13.8350	6017
13.8400	5795
13.8450	6434
13.8500	5996
13.8550	5752
13.8600	6304
13.8650	5863
13.8700	6274
13.8750	5742
13.8800	6308
13.8850	5603
13.8900	5870
13.8950	6203
13.9000	6082
13.9050	5833
13.9100	6142
13.9150	6299
13.9200	5821
13.9250	5444
13.9300	5830
13.9350	6646
13.9400	6086
13.9450	5793
13.9500	5922
13.9550	5467
13.9600	5626
13.9650	5762
13.9700	6436
13.9750	5714
13.9800	5624
13.9850	5702
13.9900	5614
13.9950	5520
14.0000	5723
14.0050	6521
14.0100	5611
14.0150	5568
14.0200	5678
14.0250	6419
14.0300	6111
14.0350	6344
14.0400	6274
14.0450	5997
14.0500	5815
14.0550	5631
14.0600	5916
14.0650	5534
14.0700	5935
14.0750	6225
14.0800	6011
14.0850	6018
14.0900	5873
14.0950	5796
14.1000	5719
14.1050	5400
14.1100	6146
14.1150	6432
14.1200	5690
14.1250	5883
14.1300	6083
14.1350	5603
14.1400	6064
14.1450	6114
14.1500	6017
14.1550	6204
14.1600	6142
14.1650	6085
14.1700	5462
14.1750	5676
14.1800	6066
14.1850	6328
14.1900	6456
14.1950	5778
14.2000	6374
14.2050	5817
14.2100	6039
14.2150	5696
14.2200	5770
14.2250	5716
14.2300	6326
14.2350	6339
14.2400	6035
14.2450	5553
14.2500	5772
14.2550	5702
14.2600	5824
14.2650	6120
14.2700	6472
14.2750	6342
14.2800	5490
14.2850	5473
14.2900	5539
14.2950	5672
14.3000	6042
14.3050	6614
14.3100	6222
14.3150	5555
14.3200	5862
14.3250	5888
14.3300	5780
14.3350	5869
14.3400	6616
14.3450	5714
14.3500	5842
14.3550	6122
14.3600	5798
14.3650	6132
14.3700	5672
14.3750	6246
14.3800	5448
14.3850	5978
14.3900	6247
14.3950	6465
14.4000	5718
14.4050	5606
14.4100	5789
14.4150	5614
14.4200	5590
14.4250	6319
14.4300	6659
14.4350	5748
14.4400	5781
14.4450	5967
14.4500	5605
14.4550	5902
14.4600	6255
14.4650	6194
14.4700	5849
14.4750	5972
14.4800	6414
14.4850	5879
14.4900	5801
14.4950	5628
14.5000	5721
14.5050	6038
14.5100	6135
14.5150	6223
14.5200	6163
14.5250	5799
14.5300	5542
14.5350	6047
14.5400	5710
14.5450	6066
14.5500	6157
14.5550	5835
14.5600	5570
14.5650	5915
14.5700	6211
14.5750	5796
14.5800	5864
14.5850	6294
14.5900	6488
14.5950	5792
14.6000	5756
14.6050	6010
14.6100	5872
14.6150	5639
14.6200	5636
14.6250	6456
14.6300	5726
14.6350	5884
14.6400	5811
14.6450	5925
14.6500	5636
14.6550	5889
14.6600	6411
14.6650	5852
14.6700	5484
14.6750	5904
14.6800	6355
14.6850	5727
14.6900	5869
14.6950	6107
14.7000	6464
14.7050	6319
14.7100	5883
14.7150	6520
14.7200	5674
14.7250	6253
14.7300	6404
14.7350	5734
14.7400	5940
14.7450	5784
14.7500	6328
14.7550	5873
14.7600	5467
14.7650	6378
14.7700	6216
14.7750	6004
14.7800	5681
14.7850	5864
14.7900	5922
14.7950	5750
14.8000	6392
14.8050	6673
14.8100	5675
14.8150	5860
14.8200	5902
14.8250	5871
14.8300	5571
14.8350	5940
14.8400	6619
14.8450	5836
14.8500	5305
14.8550	5545
14.8600	6119
14.8650	5678
14.8700	6732
14.8750	5618
14.8800	6126
14.8850	5491
14.8900	5571
14.8950	6388
14.9000	5726
14.9050	6540
14.9100	6252
14.9150	6330
14.9200	6400
14.9250	6004
14.9300	6202
14.9350	6276
14.9400	6366
14.9450	6156
14.9500	6469
14.9550	6061
14.9600	5988
14.9650	5623
14.9700	6366
14.9750	5631
14.9800	5983
14.9850	6468
14.9900	6504
14.9950	6349
15.0000	5621
15.0050	6135
15.0100	5602
15.0150	5739
15.0200	6335
15.0250	6560
15.0300	6065
15.0350	5728
15.0400	5827
15.0450	5775
15.0500	5797
15.0550	5400
15.0600	6506
15.0650	6555
15.0700	5773
15.0750	5759
15.0800	5570
15.0850	5846
15.0900	5549
15.0950	5959
15.1000	6255
15.1050	6508
15.1100	5761
15.1150	5685
15.1200	5552
15.1250	5693
15.1300	6370
15.1350	6488
15.1400	6153
15.1450	5471
15.1500	5964
15.1550	5577
15.1600	5657
15.1650	5910
15.1700	6201
15.1750	6556
15.1800	5399
15.1850	5727
15.1900	5531
15.1950	5680
15.2000	5716
15.2050	6308
15.2100	6167
15.2150	5550
15.2200	5720
15.2250	5980
15.2300	5776
15.2350	5416
15.2400	6533
15.2450	6356
15.2500	5908
15.2550	6098
15.2600	5709
15.2650	5871
15.2700	5725
15.2750	5526
15.2800	5862
15.2850	6476
15.2900	6157
15.2950	5944
15.3000	5803
15.3050	6296
15.3100	6070
15.3150	6329
15.3200	5863
15.3250	6376
15.3300	6408
15.3350	6173
15.3400	6509
15.3450	5761
15.3500	6266
15.3550	6101
15.3600	6215
15.3650	5781
15.3700	6251
15.3750	6519
15.3800	6105
15.3850	6298
15.3900	5423
15.3950	6048
15.4000	5922
15.4050	6207
15.4100	5910
15.4150	5890
15.4200	6086
15.4250	6470
15.4300	6142
15.4350	5912
15.4400	5517
15.4450	5877
15.4500	5518
15.4550	5605
15.4600	6135
15.4650	5749
15.4700	6407
15.4750	5743
15.4800	6365
15.4850	5848
15.4900	6076
15.4950	6123
15.5000	6422
15.5050	5985
15.5100	6132
15.5150	6414
15.5200	6475
15.5250	6295
15.5300	5390
15.5350	6194
15.5400	5727
15.5450	6252
15.5500	6540
15.5550	6185
15.5600	6567
15.5650	5564
15.5700	5485
15.5750	5563
15.5800	6536
15.5850	6555
15.5900	6146
15.5950	6099
15.6000	6495
15.6050	5584
15.6100	5552
15.6150	6455
15.6200	5709
15.6250	6389
15.6300	6207
15.6350	5989
15.6400	6121
15.6450	5899
15.6500	5945
15.6550	6386
15.6600	6189
15.6650	5974
15.6700	6575
15.6750	5965
15.6800	5941
15.6850	5589
15.6900	6505
15.6950	6294
15.7000	5916
15.7050	6489
15.7100	5864
15.7150	6128
15.7200	5605
15.7250	6307
15.7300	5926
15.7350	6433
15.7400	6437
15.7450	6426
15.7500	6149
15.7550	5513
15.7600	6138
15.7650	6066
15.7700	5929
15.7750	6308
15.7800	6530
15.7850	6463
15.7900	6471
15.7950	5732
15.8000	5500
15.8050	6520
15.8100	6277
15.8150	6306
15.8200	5757
15.8250	6555
15.8300	5897
15.8350	5867
15.8400	5758
15.8450	6250
15.8500	6167
15.8550	5950
15.8600	6704
15.8650	5861
15.8700	5787
15.8750	5676
15.8800	6265
15.8850	6594
15.8900	5774
15.8950	6584
15.9000	6208
15.9050	5744
15.9100	6302
15.9150	5952
15.9200	5825
15.9250	6227
15.9300	5830
15.9350	5812
15.9400	6080
15.9450	6140
15.9500	6412
15.9550	6013
15.9600	5718
15.9650	6059
15.9700	6254
15.9750	5876
15.9800	5557
15.9850	6382
15.9900	6220
15.9950	5743
16.0000	6344
16.0050	6428
16.0100	5887
16.0150	5806
16.0200	6215
16.0250	6137
16.0300	5611
16.0350	6446
16.0400	6556
16.0450	5573
16.0500	5998
16.0550	6625
16.0600	6146
16.0650	6017
16.0700	5543
16.0750	6463
16.0800	5751
16.0850	5708
16.0900	6485
16.0950	6120
16.1000	5829
16.1050	6348
16.1100	6110
16.1150	5624
16.1200	5871
16.1250	6573
16.1300	6559
16.1350	5851
16.1400	6530
16.1450	6332
16.1500	5725
16.1550	5767
16.1600	6222
16.1650	6503
16.1700	6095
16.1750	6263
16.1800	6453
16.1850	5826
16.1900	6276
16.1950	6194
16.2000	6314
16.2050	5838
16.2100	5851
16.2150	6485
16.2200	5835
16.2250	5497
16.2300	5719
16.2350	6415
16.2400	6525
16.2450	6134
16.2500	6188
16.2550	6453
16.2600	5842
16.2650	5517
16.2700	5949
16.2750	5786
16.2800	6512
16.2850	6280
16.2900	5859
16.2950	5851
16.3000	5967
16.3050	6338
16.3100	5685
16.3150	6170
16.3200	6275
16.3250	6395
16.3300	5792
16.3350	5957
16.3400	6402
16.3450	6044
16.3500	6509
16.3550	6347
16.3600	6512
16.3650	5711
16.3700	5875
16.3750	6279
16.3800	6220
16.3850	5797
16.3900	6585
16.3950	6163
16.4000	5939
16.4050	5836
16.4100	5802
16.4150	5942
16.4200	6443
16.4250	6750
16.4300	5905
16.4350	6430
16.4400	5691
16.4450	5958
16.4500	5853
16.4550	5619
16.4600	6407
16.4650	6311
16.4700	5745
16.4750	5743
16.4800	5892
16.4850	5936
16.4900	6007
16.4950	6372
16.5000	6509
16.5050	5988
16.5100	6065
16.5150	5832
16.5200	5522
16.5250	5884
16.5300	5585
16.5350	6234
16.5400	5884
16.5450	6391
16.5500	6021
16.5550	5611
16.5600	5637
16.5650	6346
16.5700	6452
16.5750	6255
16.5800	5972
16.5850	6077
16.5900	5843
16.5950	6579
16.6000	6297
16.6050	6487
16.6100	6299
16.6150	6619
16.6200	6442
16.6250	5731
16.6300	5952
16.6350	5446
16.6400	6502
16.6450	5579
16.6500	5983
16.6550	6301
16.6600	5649
16.6650	5906
16.6700	5877
16.6750	6290
16.6800	6211
16.6850	6157
16.6900	5937
16.6950	6484
16.7000	5931
16.7050	6127
16.7100	6368
16.7150	5940
16.7200	6050
16.7250	6562
16.7300	6719
16.7350	5538
16.7400	5816
16.7450	6055
16.7500	5595
16.7550	6169
16.7600	6412
16.7650	5886
16.7700	5444
16.7750	6199
16.7800	6564
16.7850	5872
16.7900	5692
16.7950	6373
16.8000	6012
16.8050	5519
16.8100	5732
16.8150	6261
16.8200	5760
16.8250	6082
16.8300	5865
16.8350	5819
16.8400	5556
16.8450	5846
16.8500	6100
16.8550	6303
16.8600	5897
16.8650	6322
16.8700	6541
16.8750	6187
16.8800	5573
16.8850	5762
16.8900	6335
16.8950	5951
16.9000	6681
16.9050	6131
16.9100	5894
16.9150	5832
16.9200	5674
16.9250	6151
16.9300	5674
16.9350	6558
16.9400	6434
16.9450	6292
16.9500	5435
16.9550	5902
16.9600	6157
16.9650	5709
16.9700	5615
16.9750	6421
16.9800	6101
16.9850	5882
16.9900	6531
16.9950	6141
17.0000	5914
17.0050	5725
17.0100	5811
17.0150	5743
17.0200	6423
17.0250	6374
17.0300	5973
17.0350	5661
17.0400	5625
17.0450	6002
17.0500	5765
17.0550	5731
17.0600	5946
17.0650	6619
17.0700	5781
17.0750	5758
17.0800	6510
17.0850	5552
17.0900	5712
17.0950	6303
17.1000	6350
17.1050	6485
17.1100	6110
17.1150	5851
17.1200	5704
17.1250	5628
17.1300	6410
17.1350	6186
17.1400	6361
17.1450	6218
17.1500	5605
17.1550	5793
17.1600	5620
17.1650	6672
17.1700	6041
17.1750	5487
17.1800	6325
17.1850	5899
17.1900	5613
17.1950	6028
17.2000	6023
17.2050	6136
17.2100	5577
17.2150	5917
17.2200	6410
17.2250	6343
17.2300	5873
17.2350	6346
17.2400	6254
17.2450	5760
17.2500	5664
17.2550	6299
17.2600	5829
17.2650	5613
17.2700	6131
17.2750	6521
17.2800	5628
17.2850	6164
17.2900	5772
17.2950	6000
17.3000	6060
17.3050	6068
17.3100	5695
17.3150	5790
17.3200	6431
17.3250	6415
17.3300	6135
17.3350	5861
17.3400	6781
17.3450	6617
17.3500	6045
17.3550	6051
17.3600	6395
17.3650	5591
17.3700	6139
17.3750	6122
17.3800	6341
17.3850	6101
17.3900	6142
17.3950	5590
17.4000	5660
17.4050	5931
17.4100	5763
17.4150	6536
17.4200	5833
17.4250	6193
17.4300	5920
17.4350	6681
17.4400	5736
17.4450	5587
17.4500	6195
17.4550	5767
17.4600	6395
17.4650	6314
17.4700	6162
17.4750	6056
17.4800	5727
17.4850	6303
17.4900	6195
17.4950	5727
17.5000	6550
17.5050	6347
17.5100	5747
17.5150	6470
17.5200	5959
17.5250	6422
17.5300	5860
17.5350	5642
17.5400	6609
17.5450	5880
17.5500	5956
17.5550	6246
17.5600	6409
17.5650	5806
17.5700	5627
17.5750	5862
17.5800	6464
17.5850	5745
17.5900	6556
17.5950	6125
17.6000	5720
17.6050	5690
17.6100	6323
17.6150	5869
17.6200	5774
17.6250	6165
17.6300	6613
17.6350	6432
17.6400	6475
17.6450	6079
17.6500	5817
17.6550	5720
17.6600	5521
17.6650	5624
17.6700	6186
17.6750	6247
17.6800	6381
17.6850	5825
17.6900	5506
17.6950	5910
17.7000	6247
17.7050	6312
17.7100	6451
17.7150	6363
17.7200	6535
17.7250	5780
17.7300	6171
17.7350	6270
17.7400	5554
17.7450	6553
17.7500	6337
17.7550	5980
17.7600	6440
17.7650	6447
17.7700	6118
17.7750	5605
17.7800	5541
17.7850	6443
17.7900	6684
17.7950	6247
17.8000	6344
17.8050	6340
17.8100	5865
17.8150	6242
17.8200	5972
17.8250	5976
17.8300	6319
17.8350	6679
17.8400	6353
17.8450	5900
17.8500	6261
17.8550	5843
17.8600	5739
17.8650	6029
17.8700	6180
17.8750	6023
17.8800	5973
17.8850	6402
17.8900	6078
17.8950	5537
17.9000	5846
17.9050	6313
17.9100	5955
17.9150	6416
17.9200	6355
17.9250	6722
17.9300	5390
17.9350	5728
17.9400	6435
17.9450	6542
17.9500	6640
17.9550	6381
17.9600	6268
17.9650	5672
17.9700	5670
17.9750	5986
17.9800	6598
17.9850	6272
17.9900	6382
17.9950	5757
18.0000	5754
18.0050	6083
18.0100	5882
18.0150	6580
18.0200	5620
18.0250	6354
18.0300	5754
18.0350	6625
18.0400	5981
18.0450	5516
18.0500	6340
18.0550	5983
18.0600	6622
18.0650	6713
18.0700	6553
18.0750	5570
18.0800	5759
18.0850	6561
18.0900	6667
18.0950	6444
18.1000	6231
18.1050	6448
18.1100	5646
18.1150	5887
18.1200	6452
18.1250	6377
18.1300	6262
18.1350	6392
18.1400	6107
18.1450	5598
18.1500	5788
18.1550	6486
18.1600	6556
18.1650	6221
18.1700	6132
18.1750	5979
18.1800	5985
18.1850	5897
18.1900	6234
18.1950	6528
18.2000	6403
18.2050	6309
18.2100	5918
18.2150	5588
18.2200	6334
18.2250	5989
18.2300	5981
18.2350	5934
18.2400	6557
18.2450	6646
18.2500	5632
18.2550	5526
18.2600	5647
18.2650	6294
18.2700	6261
18.2750	6328
18.2800	5930
18.2850	6165
18.2900	5628
18.2950	5611
18.3000	6631
18.3050	5646
18.3100	6476
18.3150	6261
18.3200	6325
18.3250	5616
18.3300	6451
18.3350	6786
18.3400	6055
18.3450	5792
18.3500	6236
18.3550	6265
18.3600	5651
18.3650	6133
18.3700	6120
18.3750	6381
18.3800	5619
18.3850	6351
18.3900	6031
18.3950	5545
18.4000	6477
18.4050	6070
18.4100	6252
18.4150	6095
18.4200	6352
18.4250	6084
18.4300	5872
18.4350	5790
18.4400	6274
18.4450	6444
18.4500	6481
18.4550	6515
18.4600	5557
18.4650	6286
18.4700	5643
18.4750	6513
18.4800	6025
18.4850	6165
18.4900	6277
18.4950	5728
18.5000	5589
18.5050	6168
18.5100	6404
18.5150	5752
18.5200	6471
18.5250	6392
18.5300	6337
18.5350	5754
18.5400	6587
18.5450	6270
18.5500	5792
18.5550	5996
18.5600	6228
18.5650	6532
18.5700	6029
18.5750	6381
18.5800	6050
18.5850	6197
18.5900	5378
18.5950	6376
18.6000	6460
18.6050	6220
18.6100	6254
18.6150	6283
18.6200	5660
18.6250	6000
18.6300	6516
18.6350	6035
18.6400	5907
18.6450	6410
18.6500	6185
18.6550	6076
18.6600	6121
18.6650	5616
18.6700	6412
18.6750	5661
18.6800	6118
18.6850	5671
18.6900	6493
18.6950	6535
18.7000	5890
18.7050	5610
18.7100	5552
18.7150	6236
18.7200	5877
18.7250	6636
18.7300	6185
18.7350	6245
18.7400	6174
18.7450	5676
18.7500	5706
18.7550	6253
18.7600	6283
18.7650	6502
18.7700	6067
18.7750	5874
18.7800	5844
18.7850	6545
18.7900	6385
18.7950	6142
18.8000	6296
18.8050	6285
18.8100	5763
18.8150	6382
18.8200	6009
18.8250	5851
18.8300	5955
18.8350	6191
18.8400	6454
18.8450	5404
18.8500	6810
18.8550	5389
18.8600	6020
18.8650	6015
18.8700	5565
18.8750	6330
18.8800	5855
18.8850	5738
18.8900	5762
18.8950	6031
18.9000	6445
18.9050	6121
18.9100	5653
18.9150	5860
18.9200	6130
18.9250	6393
18.9300	6325
18.9350	6238
18.9400	6031
18.9450	5625
18.9500	6250
18.9550	5648
18.9600	6093
18.9650	6386
18.9700	6303
18.9750	5601
18.9800	5763
18.9850	6371
18.9900	6503
18.9950	6032
19.0000	6206
19.0050	6675
19.0100	5806
19.0150	5710
19.0200	6191
19.0250	6411
19.0300	6393
19.0350	6114
19.0400	6382
19.0450	5869
19.0500	5493
19.0550	6503
19.0600	6476
19.0650	6367
19.0700	5529
19.0750	6564
19.0800	5825
19.0850	5926
19.0900	6296
19.0950	6342
19.1000	6663
19.1050	6374
19.1100	6525
19.1150	5417
19.1200	5750
19.1250	6145
19.1300	6252
19.1350	6473
19.1400	5942
19.1450	6397
19.1500	5676
19.1550	5402
19.1600	5747
19.1650	6728
19.1700	6474
19.1750	6383
19.1800	5991
19.1850	6050
19.1900	6015
19.1950	6090
19.2000	5975
19.2050	6157
19.2100	5969
19.2150	6155
19.2200	6352
19.2250	5608
19.2300	5916
19.2350	6021
19.2400	6441
19.2450	6292
19.2500	5612
19.2550	6439
19.2600	6118
19.2650	5880
19.2700	5403
19.2750	6088
19.2800	6424
19.2850	6475
19.2900	5924
19.2950	6083
19.3000	6045
19.3050	6095
19.3100	5561
19.3150	6357
19.3200	6437
19.3250	6696
19.3300	6305
19.3350	6299
19.3400	5760
19.3450	6412
19.3500	6378
19.3550	6517
19.3600	6047
19.3650	5848
19.3700	6241
19.3750	6509
19.3800	6239
19.3850	6017
19.3900	6520
19.3950	6322
19.4000	6004
19.4050	5929
19.4100	6343
19.4150	6006
19.4200	5938
19.4250	6087
19.4300	6120
19.4350	6524
19.4400	5945
19.4450	6347
19.4500	5518
19.4550	5591
19.4600	6486
19.4650	5780
19.4700	6373
19.4750	5834
19.4800	6572
19.4850	5655
19.4900	5700
19.4950	6251
19.5000	5812
19.5050	6584
19.5100	6288
19.5150	6337
19.5200	5724
19.5250	5936
19.5300	6132
19.5350	5800
19.5400	6620
19.5450	6501
19.5500	6537
19.5550	5867
19.5600	6046
19.5650	5575
19.5700	5842
19.5750	6489
19.5800	6492
19.5850	5710
19.5900	6320
19.5950	6792
19.6000	5677
19.6050	6401
19.6100	6435
19.6150	6344
19.6200	5895
19.6250	6416
19.6300	5519
19.6350	6343
19.6400	6413
19.6450	6435
19.6500	6739
19.6550	5534
19.6600	6358
19.6650	5941
19.6700	5512
19.6750	5866
19.6800	5993
19.6850	6577
19.6900	6231
19.6950	5613
19.7000	6405
19.7050	5783
19.7100	6104
19.7150	5693
19.7200	5506
19.7250	5961
19.7300	6166
19.7350	6535
19.7400	6495
19.7450	5672
19.7500	6394
19.7550	5544
19.7600	5870
19.7650	5973
19.7700	6184
19.7750	6793
19.7800	6203
19.7850	6293
19.7900	5660
19.7950	6186
19.8000	6733
19.8050	6117
19.8100	6256
19.8150	6379
19.8200	6485
19.8250	6439
19.8300	6384
19.8350	6170
19.8400	6623
19.8450	5996
19.8500	6437
19.8550	6059
19.8600	6078
19.8650	5835
19.8700	6265
19.8750	6390
19.8800	5788
19.8850	5925
19.8900	5952
19.8950	6499
19.9000	6270
19.9050	6262
19.9100	6039
19.9150	6551
19.9200	5840
19.9250	6477
19.9300	6548
19.9350	6583
19.9400	6249
19.9450	6408
19.9500	5743
19.9550	6359
19.9600	6181
19.9650	6135
19.9700	6268
19.9750	6157
19.9800	6334
19.9850	5668
19.9900	6122
19.9950	6442
