0.0000	5837
0.0050	6331
0.0100	6263
0.0150	6311
0.0200	6454
0.0250	6383
0.0300	6466
0.0350	6311
0.0400	5776
0.0450	6320
0.0500	5788
0.0550	5690
0.0600	5996
0.0650	6486
0.0700	6277
0.0750	5636
0.0800	5927
0.0850	6350
0.0900	6250
0.0950	5889
0.1000	5810
0.1050	6042
0.1100	6373
0.1150	6351
0.1200	5925
0.1250	6298
0.1300	6358
0.1350	6005
0.1400	5531
0.1450	6105
0.1500	5821
0.1550	5886
0.1600	6363
0.1650	6508
0.1700	6282
0.1750	5670
0.1800	5628
0.1850	6326
0.1900	5848
0.1950	5448
0.2000	5930
0.2050	6151
0.2100	6079
0.2150	5906
0.2200	6325
0.2250	6407
0.2300	5366
0.2350	5512
0.2400	6274
0.2450	5849
0.2500	6582
0.2550	6277
0.2600	6247
0.2650	6104
0.2700	5733
0.2750	5888
0.2800	5690
0.2850	5700
0.2900	6296
0.2950	6378
0.3000	6195
0.3050	6424
0.3100	5559
0.3150	6631
0.3200	6008
0.3250	6064
0.3300	5652
0.3350	6199
0.3400	6266
0.3450	5837
0.3500	5615
0.3550	6247
0.3600	6016
0.3650	5690
0.3700	5695
0.3750	5806
0.3800	6225
0.3850	5789
0.3900	5738
0.3950	6527
0.4000	6007
0.4050	5773
0.4100	5794
0.4150	6383
0.4200	5775
0.4250	5770
0.4300	5927
0.4350	6238
0.4400	6066
0.4450	5891
0.4500	6266
0.4550	5742
0.4600	6378
0.4650	5573
0.4700	6497
0.4750	6442
0.4800	5947
0.4850	6059
0.4900	6170
0.4950	5920
0.5000	6394
0.5050	5592
0.5100	6292
0.5150	5873
0.5200	5912
0.5250	5918
0.5300	6213
0.5350	6227
0.5400	5894
0.5450	6099
0.5500	5864
0.5550	6148
0.5600	6071
0.5650	6431
0.5700	6190
0.5750	6511
0.5800	5379
0.5850	5803
0.5900	6391
0.5950	6245
0.6000	6110
0.6050	6191
0.6100	5964
0.6150	5671
0.6200	5825
0.6250	6192
0.6300	6509
0.6350	6009
0.6400	6278
0.6450	6100
0.6500	5745
0.6550	6407
0.6600	5887
0.6650	6567
0.6700	5538
0.6750	6400
0.6800	6234
0.6850	5551
0.6900	5917
0.6950	6338
0.7000	6643
0.7050	6057
0.7100	5420
0.7150	6438
0.7200	5888
0.7250	6436
0.7300	5808
0.7350	6124
0.7400	5831
0.7450	5675
0.7500	6351
0.7550	5917
0.7600	5958
0.7650	6624
0.7700	5773
0.7750	6019
0.7800	5707
0.7850	5986
0.7900	5992
0.7950	6189
0.8000	6125
0.8050	5347
0.8100	6453
0.8150	5812
0.8200	6605
0.8250	5445
0.8300	5921
0.8350	5824
0.8400	5833
0.8450	6353
0.8500	5678
0.8550	6595
0.8600	6283
0.8650	5710
0.8700	5508
0.8750	5622
0.8800	5944
0.8850	5378
0.8900	6184
0.8950	6077
0.9000	6106
0.9050	5864
0.9100	5924
0.9150	5416
0.9200	5653
0.9250	6311
0.9300	6281
0.9350	6068
0.9400	5887
0.9450	5930
0.9500	5632
0.9550	6073
0.9600	6336
0.9650	5644
0.9700	6554
0.9750	5880
0.9800	6061
0.9850	5813
0.9900	6292
0.9950	6475
1.0000	5751
1.0050	5930
1.0100	6394
1.0150	6063
1.0200	5649
1.0250	6365
1.0300	6181
1.0350	5783
1.0400	5745
1.0450	6129
1.0500	6150
1.0550	5569
1.0600	5820
1.0650	6476
1.0700	5834
1.0750	5691
1.0800	6143
1.0850	6072
1.0900	6284
1.0950	5849
1.1000	6370
1.1050	6014
1.1100	5795
1.1150	5764
1.1200	5604
1.1250	5944
1.1300	5858
1.1350	6388
1.1400	5918
1.1450	5815
1.1500	5797
1.1550	5723
1.1600	5565
1.1650	5568
1.1700	6583
1.1750	6486
1.1800	5835
1.1850	5689
1.1900	5636
1.1950	6141
1.2000	5773
1.2050	5928
1.2100	6100
1.2150	5960
1.2200	5590
1.2250	5625
1.2300	5715
1.2350	5774
1.2400	6194
1.2450	6031
1.2500	5816
1.2550	5470
1.2600	5888
1.2650	6078
1.2700	6048
1.2750	6012
1.2800	6290
1.2850	5793
1.2900	5865
1.2950	6203
1.3000	6042
1.3050	5819
1.3100	5884
1.3150	6188
1.3200	6324
1.3250	5626
1.3300	6460
1.3350	6056
1.3400	5538
1.3450	5696
1.3500	6464
1.3550	6574
1.3600	5867
1.3650	5527
1.3700	6001
1.3750	6170
1.3800	5891
1.3850	6338
1.3900	6358
1.3950	6321
1.4000	6151
1.4050	6370
1.4100	5841
1.4150	5698
1.4200	6695
1.4250	6295
1.4300	6208
1.4350	6051
1.4400	6356
1.4450	6094
1.4500	5774
1.4550	6147
1.4600	6217
1.4650	6652
1.4700	6273
1.4750	6433
1.4800	5635
1.4850	5811
1.4900	5776
1.4950	6563
1.5000	5962
1.5050	6228
1.5100	6122
1.5150	5514
1.5200	5489
1.5250	5830
1.5300	6037
1.5350	5991
1.5400	6398
1.5450	6233
1.5500	5729
1.5550	6145
1.5600	5697
1.5650	5941
1.5700	5852
1.5750	6057
1.5800	6242
1.5850	6056
1.5900	5824
1.5950	6102
1.6000	5719
1.6050	5858
1.6100	6029
1.6150	6337
1.6200	5688
1.6250	5747
1.6300	5725
1.6350	5559
1.6400	5470
1.6450	6262
1.6500	6505
1.6550	6046
1.6600	5411
1.6650	5829
1.6700	6294
1.6750	5744
1.6800	6379
1.6850	6188
1.6900	6380
1.6950	5594
1.7000	5977
1.7050	6440
1.7100	6304
1.7150	5866
1.7200	6300
1.7250	6221
1.7300	5774
1.7350	6291
1.7400	6662
1.7450	6393
1.7500	5871
1.7550	6304
1.7600	6282
1.7650	6479
1.7700	5814
1.7750	6187
1.7800	6088
1.7850	5803
1.7900	5732
1.7950	6322
1.8000	6122
1.8050	5747
1.8100	6391
1.8150	5781
1.8200	5891
1.8250	6091
1.8300	5765
1.8350	6436
1.8400	5891
1.8450	6198
1.8500	6079
1.8550	5599
1.8600	6373
1.8650	5703
1.8700	6675
1.8750	5689
1.8800	5645
1.8850	5522
1.8900	6294
1.8950	6156
1.9000	6063
1.9050	6098
1.9100	5511
1.9150	6800
1.9200	6221
1.9250	6633
1.9300	5353
1.9350	6413
1.9400	6346
1.9450	5621
1.9500	6525
1.9550	5966
1.9600	6207
1.9650	5616
1.9700	6029
1.9750	6219
1.9800	5915
1.9850	5926
1.9900	6070
1.9950	5613
2.0000	5680
2.0050	6636
2.0100	6241
2.0150	6198
2.0200	6132
2.0250	6117
2.0300	6131
2.0350	6211
2.0400	6599
2.0450	6143
2.0500	6373
2.0550	5801
2.0600	6250
2.0650	5813
2.0700	5781
2.0750	6279
2.0800	6198
2.0850	6076
2.0900	5909
2.0950	6498
2.1000	5856
2.1050	5854
2.1100	5993
2.1150	5823
2.1200	6392
2.1250	6332
2.1300	6410
2.1350	5658
2.1400	6432
2.1450	6344
2.1500	6339
2.1550	5939
2.1600	6123
2.1650	6489
2.1700	5883
2.1750	5511
2.1800	5862
2.1850	6419
2.1900	6690
2.1950	6618
2.2000	6201
2.2050	5790
2.2100	5763
2.2150	6179
2.2200	5744
2.2250	6121
2.2300	6433
2.2350	6262
2.2400	6105
2.2450	5893
2.2500	5956
2.2550	6091
2.2600	5638
2.2650	6004
2.2700	5896
2.2750	6106
2.2800	6193
2.2850	5725
2.2900	6336
2.2950	5671
2.3000	5778
2.3050	6476
2.3100	6500
2.3150	5548
2.3200	6183
2.3250	6299
2.3300	5934
2.3350	5662
2.3400	5783
2.3450	6088
2.3500	5805
2.3550	5814
2.3600	5804
2.3650	5856
2.3700	5935
2.3750	5720
2.3800	6054
2.3850	5744
2.3900	6242
2.3950	6464
2.4000	6378
2.4050	6175
2.4100	6562
2.4150	6153
2.4200	6203
2.4250	6165
2.4300	5644
2.4350	6221
2.4400	6035
2.4450	6191
2.4500	5985
2.4550	6224
2.4600	6479
2.4650	5930
2.4700	5661
2.4750	6346
2.4800	6717
2.4850	6348
2.4900	6384
2.4950	6285
2.5000	5819
2.5050	5529
2.5100	6308
2.5150	5983
2.5200	5716
2.5250	6215
2.5300	5926
2.5350	6318
2.5400	6290
2.5450	5588
2.5500	6499
2.5550	5758
2.5600	6065
2.5650	5689
2.5700	5829
2.5750	6271
2.5800	5730
2.5850	5274
2.5900	5859
2.5950	6358
2.6000	6482
2.6050	6008
2.6100	5996
2.6150	6254
2.6200	5577
2.6250	5465
2.6300	5647
2.6350	6228
2.6400	6002
2.6450	6242
2.6500	5906
2.6550	5944
2.6600	5654
2.6650	5954
2.6700	5846
2.6750	6078
2.6800	5688
2.6850	5702
2.6900	6088
2.6950	6449
2.7000	6180
2.7050	5765
2.7100	6004
2.7150	5834
2.7200	6032
2.7250	6287
2.7300	6092
2.7350	5661
2.7400	5691
2.7450	5630
2.7500	6453
2.7550	6796
2.7600	6256
2.7650	6231
2.7700	5867
2.7750	6404
2.7800	5774
2.7850	6159
2.7900	6181
2.7950	6463
2.8000	6314
2.8050	6368
2.8100	6223
2.8150	6426
2.8200	6667
2.8250	5886
2.8300	6298
2.8350	6141
2.8400	6155
2.8450	6407
2.8500	6591
2.8550	5765
2.8600	6338
2.8650	5733
2.8700	6130
2.8750	6471
2.8800	5476
2.8850	5705
2.8900	5654
2.8950	6325
2.9000	6372
2.9050	5819
2.9100	6550
2.9150	5545
2.9200	5920
2.9250	5550
2.9300	6148
2.9350	6533
2.9400	6163
2.9450	5599
2.9500	5675
2.9550	6387
2.9600	6139
2.9650	5759
2.9700	6090
2.9750	6420
2.9800	5979
2.9850	6121
2.9900	5801
2.9950	5946
3.0000	6368
3.0050	6215
3.0100	5294
3.0150	5787
3.0200	5721
3.0250	5712
3.0300	6304
3.0350	6006
3.0400	5690
3.0450	6114
3.0500	6106
3.0550	6423
3.0600	5805
3.0650	6518
3.0700	6410
3.0750	6207
3.0800	6190
3.0850	6396
3.0900	6456
3.0950	6625
3.1000	6232
3.1050	6154
3.1100	6099
3.1150	6072
3.1200	6479
3.1250	5612
3.1300	5775
3.1350	6374
3.1400	6289
3.1450	6431
3.1500	6249
3.1550	6206
3.1600	6176
3.1650	6139
3.1700	6222
3.1750	6081
3.1800	6067
3.1850	5939
3.1900	5959
3.1950	5989
3.2000	5812
3.2050	6563
3.2100	6238
3.2150	6358
3.2200	6448
3.2250	5782
3.2300	6192
3.2350	5749
3.2400	6262
3.2450	6568
3.2500	6275
3.2550	6136
3.2600	5485
3.2650	6198
3.2700	5761
3.2750	5538
3.2800	6179
3.2850	6184
3.2900	6316
3.2950	6250
3.3000	6330
3.3050	5933
3.3100	5717
3.3150	5861
3.3200	6652
3.3250	6519
3.3300	5769
3.3350	6249
3.3400	6391
3.3450	5725
3.3500	5601
3.3550	6082
3.3600	6114
3.3650	5936
3.3700	6215
3.3750	6187
3.3800	6476
3.3850	6118
3.3900	5972
3.3950	5578
3.4000	6285
3.4050	6478
3.4100	6443
3.4150	6643
3.4200	5933
3.4250	6159
3.4300	5535
3.4350	5958
3.4400	6528
3.4450	6340
3.4500	5882
3.4550	6386
3.4600	5972
3.4650	6127
3.4700	6503
3.4750	6222
3.4800	6115
3.4850	5636
3.4900	6055
3.4950	6660
3.5000	6639
3.5050	6666
3.5100	6275
3.5150	5836
3.5200	5958
3.5250	6216
3.5300	6079
3.5350	6373
3.5400	6549
3.5450	5490
3.5500	5734
3.5550	5665
3.5600	6362
3.5650	6743
3.5700	5939
3.5750	6096
3.5800	5679
3.5850	6564
3.5900	6418
3.5950	6684
3.6000	5510
3.6050	5733
3.6100	6334
3.6150	5761
3.6200	6239
3.6250	6229
3.6300	5932
3.6350	6210
3.6400	5666
3.6450	6071
3.6500	5911
3.6550	6620
3.6600	6166
3.6650	5755
3.6700	6374
3.6750	5797
3.6800	6249
3.6850	5793
3.6900	5581
3.6950	6571
3.7000	5920
3.7050	6370
3.7100	5663
3.7150	6336
3.7200	6530
3.7250	5459
3.7300	6198
3.7350	6403
3.7400	5900
3.7450	5814
3.7500	5928
3.7550	6251
3.7600	6108
3.7650	5759
3.7700	6514
3.7750	6139
3.7800	5435
3.7850	5738
3.7900	6614
3.7950	6586
3.8000	5810
3.8050	6300
3.8100	6481
3.8150	6026
3.8200	5779
3.8250	6262
3.8300	6303
3.8350	6728
3.8400	6394
3.8450	6354
3.8500	6274
3.8550	5894
3.8600	6326
3.8650	6161
3.8700	6297
3.8750	6515
3.8800	6402
3.8850	6367
3.8900	5961
3.8950	6349
3.9000	6575
3.9050	6273
3.9100	6282
3.9150	6183
3.9200	6359
3.9250	6152
3.9300	6336
3.9350	6287
3.9400	6295
3.9450	6646
3.9500	6593
3.9550	6538
3.9600	6097
3.9650	6051
3.9700	6565
3.9750	6283
3.9800	5977
3.9850	5486
3.9900	6667
3.9950	6311
4.0000	6274
4.0050	5693
4.0100	6263
4.0150	6460
4.0200	6447
4.0250	5490
4.0300	6211
4.0350	6678
4.0400	6667
4.0450	6211
4.0500	5909
4.0550	6499
4.0600	6389
4.0650	6531
4.0700	6168
4.0750	6213
4.0800	5996
4.0850	6027
4.0900	6014
4.0950	6095
4.1000	6508
4.1050	6244
4.1100	5711
4.1150	5521
4.1200	6064
4.1250	6211
4.1300	6104
4.1350	6362
4.1400	6226
4.1450	6111
4.1500	6439
4.1550	5943
4.1600	6321
4.1650	6308
4.1700	6240
4.1750	6088
4.1800	5999
4.1850	6162
4.1900	6446
4.1950	6063
4.2000	6110
4.2050	5682
4.2100	6321
4.2150	6597
4.2200	6691
4.2250	6052
4.2300	6128
4.2350	6094
4.2400	5777
4.2450	6526
4.2500	5766
4.2550	6355
4.2600	6586
4.2650	6314
4.2700	6193
4.2750	5684
4.2800	6154
4.2850	5657
4.2900	6375
4.2950	6152
4.3000	5898
4.3050	6632
4.3100	5955
4.3150	6356
4.3200	6143
4.3250	5884
4.3300	6357
4.3350	6423
4.3400	6042
4.3450	5616
4.3500	5836
4.3550	5877
4.3600	6062
4.3650	6316
4.3700	6349
4.3750	6078
4.3800	5631
4.3850	5792
4.3900	6306
4.3950	6365
4.4000	6624
4.4050	6136
4.4100	6234
4.4150	6073
4.4200	5764
4.4250	6279
4.4300	6631
4.4350	6281
4.4400	6507
4.4450	6322
4.4500	5846
4.4550	5833
4.4600	6144
4.4650	6507
4.4700	6195
4.4750	6354
4.4800	5904
4.4850	5983
4.4900	5842
4.4950	6386
4.5000	6124
4.5050	6373
4.5100	6507
4.5150	6222
4.5200	6676
4.5250	5673
4.5300	5849
4.5350	6245
4.5400	5884
4.5450	6426
4.5500	6312
4.5550	6262
4.5600	6133
4.5650	6147
4.5700	5831
4.5750	5803
4.5800	6542
4.5850	6451
4.5900	6253
4.5950	6466
4.6000	6385
4.6050	6285
4.6100	5902
4.6150	5773
4.6200	6511
4.6250	6421
4.6300	6443
4.6350	6477
4.6400	6274
4.6450	6465
4.6500	5597
4.6550	6382
4.6600	6058
4.6650	6515
4.6700	5931
4.6750	6313
4.6800	6224
4.6850	6260
4.6900	6436
4.6950	6089
4.7000	6498
4.7050	6157
4.7100	5683
4.7150	6525
4.7200	6187
4.7250	6156
4.7300	6298
4.7350	6391
4.7400	6248
4.7450	5932
4.7500	6316
4.7550	6513
4.7600	6542
4.7650	6297
4.7700	5689
4.7750	6350
4.7800	6401
4.7850	6527
4.7900	6546
4.7950	5627
4.8000	6378
4.8050	6264
4.8100	6332
4.8150	6472
4.8200	6408
4.8250	6280
4.8300	5551
4.8350	6140
4.8400	5664
4.8450	6545
4.8500	5933
4.8550	5965
4.8600	5860
4.8650	6191
4.8700	6717
4.8750	6434
4.8800	6209
4.8850	5643
4.8900	5866
4.8950	5783
4.9000	6126
4.9050	6521
4.9100	5786
4.9150	6842
4.9200	6003
4.9250	6253
4.9300	5750
4.9350	6294
4.9400	5959
4.9450	5652
4.9500	6047
4.9550	5582
4.9600	6513
4.9650	5763
4.9700	6267
4.9750	6049
4.9800	6055
4.9850	6428
4.9900	6443
4.9950	5991
5.0000	6283
5.0050	6384
5.0100	6216
5.0150	5760
5.0200	6073
5.0250	5693
5.0300	6487
5.0350	6349
5.0400	6070
5.0450	6072
5.0500	6611
5.0550	5891
5.0600	5793
5.0650	6165
5.0700	6192
5.0750	6422
5.0800	5644
5.0850	6095
5.0900	5786
5.0950	6349
5.1000	6279
5.1050	5847
5.1100	6212
5.1150	6386
5.1200	5836
5.1250	5834
5.1300	6203
5.1350	6223
5.1400	6305
5.1450	6387
5.1500	6420
5.1550	6400
5.1600	6415
5.1650	6429
5.1700	6578
5.1750	6437
5.1800	6035
5.1850	6606
5.1900	6239
5.1950	5769
5.2000	5410
5.2050	6454
5.2100	6597
5.2150	6227
5.2200	6163
5.2250	6134
5.2300	5849
5.2350	6492
5.2400	6174
5.2450	6227
5.2500	6171
5.2550	5877
5.2600	5832
5.2650	5898
5.2700	6393
5.2750	6610
5.2800	5968
5.2850	6107
5.2900	6192
5.2950	6244
5.3000	6401
5.3050	5658
5.3100	6085
5.3150	5582
5.3200	6472
5.3250	5763
5.3300	6523
5.3350	6203
5.3400	5936
5.3450	6503
5.3500	5976
5.3550	6516
5.3600	6108
5.3650	6630
5.3700	6348
5.3750	6371
5.3800	5926
5.3850	5727
5.3900	6270
5.3950	5692
5.4000	6014
5.4050	6122
5.4100	6443
5.4150	6262
5.4200	6120
5.4250	6132
5.4300	6045
5.4350	6562
5.4400	6456
5.4450	6578
5.4500	5718
5.4550	6219
5.4600	5624
5.4650	5742
5.4700	6650
5.4750	6475
5.4800	6554
5.4850	5457
5.4900	6139
5.4950	5898
5.5000	6690
5.5050	6273
5.5100	6109
5.5150	6209
5.5200	5566
5.5250	6683
5.5300	5969
5.5350	6423
5.5400	5896
5.5450	5774
5.5500	6327
5.5550	6014
5.5600	6477
5.5650	5958
5.5700	6363
5.5750	5740
5.5800	5754
5.5850	5784
5.5900	6130
5.5950	6680
5.6000	6164
5.6050	6121
5.6100	6569
5.6150	6565
5.6200	6595
5.6250	6599
5.6300	6147
5.6350	6060
5.6400	6181
5.6450	6166
5.6500	6332
5.6550	6224
5.6600	5753
5.6650	5997
5.6700	6091
5.6750	6219
5.6800	6597
5.6850	6504
5.6900	6452
5.6950	5879
5.7000	6070
5.7050	6406
5.7100	5671
5.7150	6490
5.7200	6203
5.7250	6536
5.7300	5950
5.7350	6411
5.7400	5737
5.7450	6457
5.7500	6195
5.7550	6172
5.7600	6290
5.7650	5896
5.7700	5797
5.7750	6654
5.7800	5888
5.7850	6366
5.7900	5952
5.7950	6554
5.8000	5923
5.8050	6459
5.8100	5490
5.8150	6498
5.8200	6355
5.8250	6385
5.8300	5962
5.8350	6218
5.8400	5982
5.8450	5661
5.8500	6294
5.8550	6290
5.8600	6150
5.8650	6551
5.8700	6329
5.8750	5567
5.8800	5999
5.8850	6175
5.8900	6246
5.8950	6263
5.9000	5998
5.9050	6268
5.9100	5557
5.9150	6378
5.9200	5692
5.9250	6002
5.9300	6682
5.9350	5836
5.9400	6245
5.9450	5519
5.9500	6398
5.9550	6308
5.9600	5735
5.9650	6117
5.9700	5958
5.9750	6493
5.9800	6348
5.9850	6480
5.9900	6183
5.9950	6208
6.0000	6380
6.0050	6452
6.0100	6403
6.0150	5743
6.0200	6741
6.0250	5831
6.0300	5912
6.0350	6247
6.0400	6204
6.0450	6255
6.0500	5606
6.0550	6164
6.0600	5685
6.0650	6267
6.0700	6730
6.0750	6057
6.0800	6246
6.0850	5889
6.0900	6613
6.0950	6344
6.1000	5808
6.1050	6478
6.1100	5979
6.1150	6250
6.1200	5738
6.1250	6117
6.1300	5771
6.1350	6081
6.1400	5503
6.1450	5763
6.1500	6252
6.1550	5839
6.1600	6632
6.1650	5656
6.1700	5749
6.1750	5944
6.1800	6388
6.1850	6053
6.1900	6225
6.1950	5571
6.2000	5759
6.2050	6303
6.2100	5764
6.2150	6009
6.2200	6022
6.2250	5746
6.2300	6276
6.2350	6247
6.2400	6229
6.2450	6541
6.2500	6099
6.2550	6245
6.2600	5615
6.2650	5667
6.2700	6023
6.2750	6326
6.2800	6579
6.2850	5757
6.2900	5923
6.2950	5631
6.3000	5576
6.3050	6107
6.3100	5776
6.3150	6706
6.3200	6424
6.3250	6421
6.3300	6283
6.3350	5911
6.3400	6600
6.3450	6346
6.3500	5967
6.3550	6524
6.3600	6403
6.3650	6343
6.3700	5795
6.3750	5877
6.3800	6692
6.3850	6119
6.3900	6271
6.3950	5915
6.4000	6182
6.4050	5929
6.4100	5984
6.4150	5563
6.4200	6195
6.4250	6520
6.4300	5924
6.4350	6326
6.4400	5383
6.4450	5675
6.4500	6400
6.4550	6026
6.4600	6079
6.4650	6198
6.4700	6691
6.4750	6136
6.4800	6268
6.4850	5818
6.4900	5634
6.4950	6743
6.5000	6220
6.5050	5540
6.5100	5458
6.5150	6476
6.5200	6338
6.5250	5625
6.5300	5648
6.5350	6366
6.5400	6225
6.5450	5961
6.5500	6247
6.5550	6376
6.5600	5807
6.5650	5728
6.5700	6344
6.5750	6313
6.5800	6356
6.5850	6481
6.5900	6237
6.5950	5377
6.6000	5998
6.6050	6300
6.6100	5869
6.6150	6420
6.6200	6259
6.6250	6266
6.6300	5856
6.6350	5785
6.6400	6499
6.6450	6226
6.6500	5682
6.6550	6116
6.6600	5658
6.6650	5538
6.6700	5837
6.6750	6579
6.6800	6234
6.6850	5656
6.6900	6211
6.6950	5801
6.7000	6628
6.7050	5733
6.7100	5608
6.7150	5835
6.7200	6080
6.7250	6018
6.7300	6046
6.7350	6355
6.7400	5849
6.7450	6111
6.7500	5884
6.7550	5596
6.7600	6331
6.7650	5777
6.7700	6370
6.7750	5725
6.7800	6388
6.7850	6229
6.7900	5986
6.7950	5901
6.8000	5475
6.8050	5734
6.8100	6636
6.8150	6014
6.8200	6547
6.8250	5502
6.8300	5692
6.8350	5955
6.8400	5925
6.8450	6461
6.8500	6166
6.8550	6425
6.8600	5515
6.8650	5735
6.8700	6274
6.8750	6411
6.8800	6453
6.8850	6110
6.8900	6243
6.8950	5507
6.9000	5774
6.9050	6624
6.9100	6512
6.9150	6408
6.9200	6194
6.9250	6465
6.9300	6451
6.9350	5984
6.9400	5921
6.9450	6738
6.9500	6388
6.9550	6163
6.9600	6271
6.9650	5833
6.9700	6075
6.9750	6235
6.9800	5823
6.9850	6242
6.9900	6138
6.9950	6694
7.0000	6509
7.0050	5726
7.0100	5986
7.0150	6173
7.0200	5784
7.0250	6331
7.0300	6284
7.0350	6242
7.0400	6000
7.0450	5864
7.0500	6172
7.0550	6305
7.0600	6367
7.0650	5766
7.0700	6352
7.0750	5920
7.0800	6692
7.0850	6391
7.0900	6029
7.0950	6321
7.1000	5960
7.1050	6172
7.1100	6272
7.1150	6464
7.1200	6429
7.1250	6228
7.1300	6273
7.1350	6049
7.1400	6422
7.1450	5533
7.1500	6509
7.1550	6499
7.1600	5602
7.1650	6108
7.1700	6031
7.1750	6564
7.1800	6638
7.1850	5660
7.1900	6244
7.1950	5860
7.2000	5592
7.2050	5961
7.2100	6421
7.2150	6430
7.2200	6362
7.2250	6251
7.2300	5689
7.2350	5821
7.2400	6584
7.2450	6321
7.2500	5648
7.2550	6290
7.2600	6077
7.2650	5860
7.2700	5708
7.2750	6310
7.2800	6485
7.2850	5564
7.2900	6340
7.2950	6508
7.3000	6178
7.3050	5740
7.3100	6032
7.3150	6260
7.3200	5576
7.3250	6138
7.3300	6373
7.3350	6106
7.3400	5477
7.3450	6176
7.3500	6275
7.3550	5692
7.3600	6127
7.3650	6141
7.3700	5656
7.3750	6229
7.3800	6198
7.3850	5797
7.3900	5589
7.3950	5904
7.4000	6291
7.4050	5487
7.4100	6182
7.4150	6399
7.4200	5781
7.4250	5980
7.4300	5547
7.4350	5921
7.4400	6279
7.4450	5770
7.4500	6464
7.4550	5960
7.4600	6098
7.4650	6388
7.4700	6239
7.4750	6378
7.4800	5503
7.4850	6589
7.4900	6379
7.4950	6212
7.5000	6217
7.5050	6257
7.5100	6599
7.5150	5559
7.5200	6033
7.5250	6411
7.5300	6236
7.5350	6174
7.5400	6537
7.5450	5952
7.5500	5997
7.5550	5666
7.5600	6377
7.5650	6238
7.5700	6189
7.5750	6499
7.5800	5810
7.5850	5714
7.5900	6197
7.5950	5922
7.6000	6460
7.6050	6260
7.6100	6370
7.6150	6288
7.6200	5807
7.6250	5961
7.6300	6459
7.6350	5810
7.6400	5634
7.6450	6355
7.6500	6013
7.6550	6089
7.6600	5941
7.6650	5699
7.6700	6087
7.6750	5523
7.6800	5851
7.6850	6250
7.6900	6536
7.6950	6113
7.7000	6013
7.7050	5847
7.7100	5795
7.7150	6251
7.7200	6140
7.7250	6323
7.7300	5633
7.7350	6538
7.7400	6213
7.7450	5840
7.7500	6310
7.7550	6444
7.7600	5617
7.7650	5770
7.7700	6267
7.7750	5883
7.7800	6562
7.7850	5971
7.7900	6380
7.7950	5829
7.8000	5955
7.8050	6550
7.8100	5749
7.8150	5721
7.8200	6477
7.8250	6492
7.8300	5932
7.8350	6457
7.8400	6114
7.8450	6057
7.8500	5575
7.8550	6346
7.8600	6253
7.8650	6106
7.8700	6323
7.8750	5918
7.8800	5888
7.8850	5571
7.8900	6216
7.8950	6549
7.9000	6423
7.9050	5489
7.9100	6125
7.9150	6528
7.9200	5824
7.9250	6008
7.9300	6339
7.9350	5834
7.9400	5518
7.9450	5696
7.9500	6442
7.9550	6193
7.9600	6317
7.9650	6392
7.9700	5584
7.9750	5552
7.9800	6316
7.9850	6535
7.9900	5651
7.9950	6151
8.0000	6388
8.0050	5596
8.0100	5834
8.0150	6328
8.0200	6166
8.0250	6403
8.0300	5901
8.0350	6356
8.0400	6233
8.0450	5807
8.0500	6362
8.0550	6318
8.0600	5541
8.0650	6342
8.0700	6354
8.0750	6392
8.0800	5708
8.0850	5476
8.0900	6292
8.0950	6622
8.1000	5816
8.1050	6214
8.1100	6205
8.1150	5664
8.1200	6476
8.1250	5807
8.1300	6086
8.1350	5681
8.1400	6652
8.1450	5905
8.1500	6330
8.1550	5494
8.1600	6266
8.1650	5999
8.1700	5696
8.1750	6164
8.1800	6327
8.1850	6644
8.1900	6182
8.1950	6157
8.2000	5651
8.2050	5632
8.2100	5874
8.2150	5873
8.2200	6432
8.2250	6029
8.2300	6690
8.2350	5575
8.2400	5893
8.2450	6077
8.2500	6604
8.2550	6588
8.2600	6451
8.2650	5874
8.2700	6328
8.2750	5782
8.2800	5741
8.2850	6534
8.2900	5676
8.2950	6503
8.3000	6460
8.3050	5999
8.3100	5668
8.3150	6271
8.3200	6532
8.3250	5794
8.3300	5881
8.3350	6316
8.3400	6215
8.3450	5757
8.3500	6368
8.3550	6314
8.3600	5692
8.3650	6200
8.3700	6559
8.3750	5980
8.3800	5428
8.3850	6201
8.3900	6474
8.3950	6440
8.4000	6384
8.4050	5757
8.4100	6020
8.4150	5798
8.4200	6159
8.4250	6284
8.4300	6097
8.4350	6515
8.4400	6493
8.4450	5545
8.4500	6348
8.4550	6032
8.4600	6441
8.4650	6129
8.4700	6169
8.4750	6247
8.4800	5782
8.4850	6372
8.4900	5805
8.4950	6354
8.5000	6470
8.5050	5478
8.5100	6017
8.5150	6476
8.5200	6028
8.5250	5884
8.5300	6413
8.5350	5510
8.5400	6145
8.5450	6372
8.5500	6467
8.5550	6086
8.5600	5755
8.5650	6483
8.5700	5622
8.5750	6331
8.5800	6323
8.5850	6090
8.5900	5856
8.5950	5582
8.6000	6001
8.6050	5519
8.6100	6314
8.6150	6628
8.6200	5777
8.6250	5667
8.6300	5507
8.6350	6499
8.6400	5912
8.6450	5625
8.6500	5929
8.6550	6329
8.6600	5638
8.6650	6247
8.6700	6184
8.6750	5952
8.6800	5876
8.6850	6216
8.6900	6319
8.6950	6314
8.7000	5720
8.7050	6258
8.7100	5855
8.7150	5640
8.7200	5961
8.7250	6679
8.7300	6537
8.7350	5735
8.7400	6338
8.7450	6111
8.7500	5834
8.7550	5836
8.7600	6630
8.7650	6113
8.7700	6222
8.7750	5688
8.7800	5482
8.7850	5909
8.7900	6281
8.7950	6720
8.8000	6336
8.8050	5647
8.8100	5616
8.8150	6052
8.8200	5770
8.8250	5771
8.8300	6227
8.8350	6329
8.8400	6439
8.8450	6235
8.8500	5737
8.8550	5740
8.8600	5746
8.8650	5966
8.8700	6266
8.8750	6375
8.8800	6451
8.8850	6155
8.8900	5658
8.8950	5669
8.9000	5546
8.9050	6399
8.9100	6155
8.9150	6284
8.9200	6211
8.9250	5793
8.9300	5677
8.9350	5886
8.9400	5906
8.9450	5644
8.9500	6476
8.9550	6280
8.9600	6105
8.9650	6210
8.9700	5903
8.9750	5976
8.9800	5833
8.9850	5315
8.9900	6191
8.9950	6357
9.0000	6779
9.0050	6527
9.0100	5378
9.0150	5663
9.0200	5796
9.0250	6367
9.0300	5768
9.0350	6126
9.0400	6129
9.0450	6070
9.0500	6063
9.0550	5893
9.0600	6261
9.0650	5779
9.0700	6374
9.0750	6129
9.0800	6159
9.0850	5643
9.0900	5847
9.0950	6142
9.1000	5689
9.1050	5668
9.1100	5969
9.1150	6649
9.1200	5810
9.1250	5761
9.1300	6131
9.1350	5850
9.1400	5690
9.1450	5998
9.1500	6308
9.1550	5777
9.1600	6199
9.1650	6097
9.1700	5981
9.1750	5836
9.1800	6631
9.1850	6392
9.1900	5562
9.1950	6270
9.2000	6383
9.2050	5838
9.2100	5956
9.2150	5893
9.2200	6493
9.2250	5521
9.2300	6145
9.2350	6374
9.2400	6353
9.2450	5702
9.2500	6206
9.2550	5775
9.2600	5535
9.2650	5969
9.2700	6399
9.2750	6418
9.2800	5424
9.2850	6296
9.2900	6263
9.2950	5622
9.3000	5912
9.3050	5874
9.3100	6463
9.3150	5932
9.3200	6236
9.3250	6441
9.3300	6068
9.3350	5808
9.3400	6195
9.3450	5651
9.3500	5607
9.3550	6329
9.3600	6593
9.3650	6334
9.3700	5381
9.3750	6223
9.3800	5662
9.3850	5915
9.3900	6355
9.3950	6255
9.4000	6436
9.4050	5688
9.4100	6335
9.4150	6375
9.4200	5541
9.4250	5824
9.4300	6397
9.4350	6149
9.4400	5639
9.4450	6453
9.4500	6516
9.4550	5889
9.4600	5640
9.4650	5702
9.4700	6068
9.4750	5869
9.4800	6063
9.4850	5680
9.4900	6006
9.4950	5637
9.5000	5631
9.5050	5815
9.5100	5509
9.5150	6846
9.5200	6307
9.5250	6059
9.5300	5686
9.5350	5818
9.5400	6080
9.5450	5772
9.5500	5821
9.5550	6070
9.5600	5876
9.5650	6637
9.5700	6214
9.5750	6033
9.5800	5811
9.5850	5527
9.5900	6567
9.5950	5589
9.6000	6326
9.6050	6441
9.6100	5644
9.6150	5746
9.6200	5723
9.6250	6496
9.6300	5962
9.6350	6503
9.6400	6083
9.6450	5893
9.6500	5961
9.6550	6307
9.6600	6376
9.6650	5476
9.6700	5603
9.6750	6408
9.6800	6286
9.6850	5840
9.6900	6089
9.6950	6092
9.7000	5672
9.7050	5553
9.7100	6381
9.7150	6340
9.7200	6201
9.7250	5817
9.7300	6329
9.7350	5566
9.7400	5849
9.7450	6683
9.7500	5623
9.7550	6184
9.7600	6311
9.7650	6584
9.7700	5706
9.7750	5901
9.7800	6285
9.7850	6522
9.7900	5466
9.7950	5815
9.8000	6478
9.8050	5878
9.8100	5590
9.8150	6267
9.8200	6331
9.8250	5453
9.8300	5730
9.8350	6297
9.8400	6117
9.8450	5549
9.8500	6417
9.8550	6534
9.8600	5733
9.8650	5659
9.8700	5473
9.8750	5948
9.8800	5628
9.8850	6184
9.8900	6395
9.8950	6470
9.9000	5932
9.9050	5819
9.9100	5440
9.9150	5916
9.9200	6118
9.9250	6502
9.9300	6630
9.9350	5768
9.9400	6414
9.9450	5895
9.9500	6248
9.9550	5809
9.9600	6429
9.9650	6123
9.9700	6306
9.9750	6314
9.9800	5607
9.9850	5846
9.9900	6057
9.9950	6337
10.0000	5819
10.0050	5741
10.0100	6594
10.0150	6631
10.0200	6027
10.0250	5970
10.0300	6275
10.0350	6193
10.0400	5698
10.0450	6213
10.0500	6263
10.0550	6320
10.0600	5648
10.0650	5734
10.0700	6160
10.0750	5832
10.0800	6151
10.0850	6324
10.0900	6003
10.0950	5538
10.1000	5727
10.1050	5702
10.1100	5832
10.1150	6201
10.1200	6216
10.1250	5976
10.1300	5591
10.1350	6583
10.1400	5844
10.1450	5833
10.1500	5921
10.1550	6273
10.1600	5642
10.1650	5854
10.1700	6672
10.1750	5538
10.1800	5585
10.1850	5424
10.1900	6312
10.1950	5781
10.2000	5762
10.2050	6154
10.2100	6006
10.2150	5813
10.2200	5822
10.2250	6460
10.2300	5588
10.2350	6009
10.2400	6303
10.2450	5561
10.2500	5703
10.2550	5832
10.2600	6127
10.2650	5430
10.2700	5665
10.2750	6141
10.2800	6032
10.2850	5765
10.2900	5834
10.2950	5825
10.3000	5627
10.3050	5721
10.3100	6111
10.3150	5861
10.3200	5548
10.3250	5955
10.3300	5983
10.3350	5528
10.3400	5669
10.3450	6367
10.3500	5614
10.3550	6127
10.3600	6268
10.3650	6102
10.3700	6340
10.3750	6003
10.3800	6379
10.3850	6022
10.3900	5895
10.3950	5738
10.4000	6266
10.4050	5666
10.4100	5708
10.4150	6149
10.4200	6117
10.4250	5686
10.4300	6095
10.4350	5746
10.4400	6075
10.4450	6010
10.4500	5670
10.4550	6325
10.4600	6465
10.4650	6720
10.4700	5564
10.4750	5490
10.4800	6380
10.4850	5870
10.4900	6667
10.4950	6303
10.5000	6071
10.5050	6493
10.5100	5642
10.5150	6754
10.5200	6314
10.5250	6123
10.5300	6613
10.5350	5902
10.5400	6234
10.5450	6020
10.5500	6502
10.5550	6130
10.5600	5768
10.5650	6134
10.5700	6192
10.5750	6592
10.5800	6483
10.5850	5853
10.5900	5984
10.5950	5728
10.6000	6072
10.6050	5652
10.6100	6346
10.6150	6206
10.6200	6119
10.6250	5700
10.6300	5493
10.6350	5615
10.6400	5756
10.6450	6449
10.6500	5929
10.6550	5854
10.6600	5631
10.6650	6228
10.6700	5787
10.6750	6198
10.6800	5777
10.6850	6086
10.6900	6333
10.6950	5634
10.7000	5795
10.7050	5744
10.7100	6094
10.7150	5619
10.7200	6010
10.7250	6243
10.7300	6003
10.7350	6510
10.7400	5680
10.7450	5910
10.7500	5822
10.7550	6673
10.7600	6107
10.7650	5972
10.7700	6338
10.7750	5704
10.7800	5736
10.7850	6404
10.7900	6163
10.7950	6238
10.8000	6295
10.8050	5969
10.8100	5829
10.8150	6190
10.8200	5630
10.8250	6247
10.8300	6039
10.8350	5983
10.8400	6302
10.8450	5854
10.8500	6330
10.8550	6298
10.8600	5377
10.8650	6178
10.8700	5965
10.8750	6234
10.8800	6059
10.8850	6310
10.8900	5974
10.8950	5698
10.9000	6053
10.9050	5743
10.9100	6451
10.9150	5799
10.9200	5739
10.9250	6019
10.9300	5562
10.9350	6206
10.9400	6293
10.9450	6271
10.9500	5460
10.9550	5663
10.9600	5731
10.9650	5823
10.9700	6319
10.9750	6261
10.9800	6521
10.9850	6194
10.9900	5572
10.9950	5734
11.0000	5614
11.0050	5969
11.0100	6142
11.0150	6198
11.0200	6195
11.0250	5600
11.0300	6363
11.0350	5761
11.0400	5586
11.0450	6520
11.0500	5917
11.0550	6271
11.0600	5815
11.0650	5889
11.0700	6766
11.0750	5699
11.0800	6378
11.0850	5734
11.0900	5552
11.0950	5923
11.1000	5619
11.1050	6122
11.1100	5979
11.1150	6643
11.1200	6463
11.1250	6545
11.1300	5445
11.1350	5719
11.1400	6629
11.1450	6398
11.1500	6092
11.1550	6476
11.1600	5944
11.1650	5858
11.1700	5528
11.1750	5749
11.1800	6177
11.1850	5839
11.1900	5621
11.1950	5559
11.2000	5938
11.2050	5798
11.2100	5946
11.2150	6445
11.2200	5526
11.2250	5706
11.2300	5785
11.2350	5883
11.2400	6455
11.2450	6139
11.2500	6488
11.2550	5482
11.2600	5437
11.2650	5889
11.2700	5722
11.2750	5925
11.2800	5939
11.2850	6136
11.2900	6057
11.2950	6424
11.3000	6594
11.3050	5690
11.3100	5507
11.3150	5707
11.3200	5941
11.3250	5780
11.3300	5789
11.3350	5594
11.3400	6299
11.3450	5604
11.3500	5696
11.3550	6539
11.3600	5812
11.3650	5643
11.3700	5711
11.3750	5796
11.3800	5788
11.3850	5865
11.3900	6306
11.3950	5950
11.4000	5372
11.4050	5454
11.4100	6062
11.4150	6569
11.4200	6150
11.4250	5782
11.4300	6279
11.4350	6023
11.4400	5629
11.4450	5686
11.4500	6318
11.4550	5944
11.4600	5741
11.4650	6207
11.4700	5641
11.4750	6408
11.4800	5969
11.4850	6354
11.4900	5937
11.4950	5750
11.5000	5912
11.5050	5883
11.5100	6201
11.5150	6230
11.5200	5677
11.5250	6363
11.5300	6193
11.5350	6385
11.5400	6288
11.5450	6473
11.5500	6115
11.5550	5884
11.5600	5586
11.5650	6323
11.5700	6538
11.5750	5780
11.5800	6217
11.5850	6152
11.5900	5607
11.5950	5896
11.6000	5724
11.6050	5816
11.6100	6287
11.6150	5990
11.6200	6623
11.6250	5551
11.6300	5556
11.6350	5834
11.6400	5408
11.6450	5785
11.6500	6013
11.6550	5646
11.6600	6104
11.6650	5586
11.6700	5514
11.6750	5527
11.6800	5993
11.6850	5736
11.6900	6386
11.6950	5482
11.7000	5792
11.7050	5739
11.7100	5600
11.7150	5901
11.7200	5944
11.7250	6628
11.7300	5545
11.7350	5730
11.7400	5686
11.7450	5838
11.7500	5661
11.7550	5738
11.7600	6137
11.7650	5818
11.7700	5878
11.7750	6575
11.7800	5870
11.7850	5415
11.7900	5892
11.7950	6266
11.8000	6137
11.8050	5665
11.8100	5544
11.8150	5854
11.8200	6183
11.8250	5582
11.8300	6422
11.8350	6414
11.8400	5848
11.8450	5612
11.8500	6012
11.8550	6145
11.8600	6492
11.8650	6422
11.8700	6502
11.8750	5387
11.8800	5728
11.8850	6296
11.8900	5868
11.8950	6233
11.9000	5786
11.9050	6432
11.9100	5836
11.9150	5826
11.9200	6008
11.9250	5691
11.9300	6639
11.9350	5863
11.9400	5750
11.9450	5539
11.9500	5995
11.9550	6208
11.9600	5714
11.9650	6217
11.9700	5762
11.9750	6366
11.9800	5744
11.9850	5669
11.9900	6392
11.9950	5676
12.0000	6288
12.0050	5521
12.0100	6344
12.0150	5743
12.0200	6278
12.0250	5645
12.0300	5879
12.0350	6055
12.0400	5748
12.0450	6552
12.0500	6271
12.0550	5951
12.0600	5795
12.0650	5930
12.0700	6405
12.0750	5917
12.0800	5884
12.0850	6078
12.0900	6290
12.0950	5718
12.1000	5995
12.1050	6369
12.1100	5915
12.1150	6225
12.1200	6092
12.1250	6083
12.1300	6497
12.1350	6485
12.1400	6180
12.1450	5853
12.1500	5641
12.1550	5899
12.1600	6401
12.1650	6644
12.1700	5620
12.1750	6488
12.1800	6282
12.1850	5612
12.1900	5578
12.1950	6360
12.2000	6326
12.2050	5552
12.2100	6262
12.2150	5615
12.2200	6191
12.2250	5880
12.2300	6445
12.2350	6077
12.2400	6394
12.2450	6298
12.2500	6266
12.2550	5864
12.2600	5421
12.2650	5987
12.2700	6389
12.2750	5891
12.2800	5716
12.2850	6072
12.2900	6040
12.2950	5691
12.3000	5355
12.3050	6243
12.3100	6497
12.3150	5886
12.3200	6014
12.3250	5871
12.3300	6259
12.3350	5893
12.3400	6422
12.3450	6494
12.3500	5662
12.3550	6328
12.3600	5840
12.3650	5535
12.3700	6412
12.3750	5575
12.3800	6265
12.3850	5647
12.3900	5846
12.3950	5616
12.4000	6490
12.4050	5835
12.4100	5637
12.4150	6321
12.4200	5884
12.4250	5845
12.4300	5934
12.4350	6409
12.4400	5573
12.4450	6044
12.4500	6277
12.4550	6086
12.4600	5971
12.4650	5613
12.4700	5710
12.4750	6478
12.4800	5623
12.4850	6292
12.4900	6492
12.4950	6184
12.5000	5914
12.5050	5707
12.5100	6391
12.5150	6328
12.5200	6239
12.5250	6594
12.5300	5671
12.5350	6127
12.5400	5652
12.5450	6354
12.5500	6373
12.5550	5753
12.5600	6265
12.5650	5681
12.5700	6239
12.5750	6161
12.5800	6135
12.5850	6573
12.5900	5891
12.5950	5461
12.6000	5600
12.6050	6105
12.6100	6348
12.6150	5775
12.6200	5882
12.6250	6051
12.6300	5886
12.6350	5592
12.6400	5680
12.6450	6121
12.6500	6296
12.6550	5541
12.6600	5936
12.6650	5434
12.6700	6469
12.6750	5979
12.6800	6098
12.6850	5468
12.6900	5653
12.6950	6184
12.7000	6142
12.7050	6244
12.7100	5651
12.7150	5612
12.7200	6066
12.7250	5809
12.7300	5862
12.7350	5509
12.7400	5939
12.7450	5541
12.7500	5443
12.7550	5436
12.7600	5805
12.7650	5759
12.7700	5826
12.7750	5565
12.7800	5574
12.7850	5793
12.7900	5790
12.7950	6551
12.8000	5903
12.8050	5798
12.8100	5684
12.8150	6536
12.8200	5741
12.8250	5762
12.8300	5929
12.8350	5634
12.8400	5569
12.8450	5594
12.8500	5900
12.8550	6454
12.8600	5867
12.8650	6151
12.8700	5794
12.8750	6176
12.8800	6343
12.8850	5998
12.8900	6078
12.8950	6420
12.9000	5641
12.9050	5652
12.9100	6115
12.9150	6501
12.9200	6571
12.9250	6129
12.9300	6137
12.9350	5434
12.9400	6281
12.9450	6223
12.9500	6325
12.9550	6391
12.9600	5857
12.9650	6443
12.9700	5734
12.9750	5959
12.9800	6268
12.9850	6495
12.9900	6304
12.9950	5654
13.0000	6125
13.0050	5547
13.0100	6251
13.0150	5999
13.0200	5638
13.0250	6029
13.0300	5919
13.0350	6010
13.0400	6405
13.0450	5810
13.0500	6403
13.0550	5729
13.0600	6368
13.0650	5879
13.0700	5831
13.0750	6358
13.0800	5790
13.0850	6322
13.0900	6435
13.0950	6307
13.1000	6155
13.1050	6105
13.1100	6267
13.1150	5638
13.1200	5705
13.1250	5622
13.1300	5409
13.1350	5666
13.1400	6413
13.1450	5923
13.1500	6452
13.1550	5771
13.1600	5827
13.1650	6265
13.1700	6254
13.1750	6542
13.1800	5800
13.1850	5591
13.1900	5776
13.1950	5851
13.2000	6371
13.2050	5518
13.2100	6417
13.2150	5856
13.2200	5694
13.2250	5532
13.2300	5750
13.2350	6441
13.2400	6119
13.2450	5749
13.2500	5759
13.2550	6293
13.2600	5757
13.2650	5736
13.2700	6529
13.2750	5968
13.2800	5986
13.2850	5623
13.2900	5943
13.2950	5837
13.3000	5673
13.3050	6540
13.3100	5933
13.3150	5512
13.3200	5718
13.3250	5955
13.3300	5791
13.3350	5770
13.3400	5446
13.3450	6167
13.3500	5949
13.3550	5731
13.3600	5983
13.3650	5467
13.3700	6047
13.3750	5611
13.3800	5789
13.3850	5694
13.3900	6459
13.3950	6014
13.4000	5693
13.4050	5736
13.4100	5550
13.4150	5843
13.4200	6348
13.4250	6305
13.4300	5689
13.4350	5891
13.4400	5975
13.4450	5817
13.4500	5810
13.4550	5730
13.4600	5750
13.4650	5611
13.4700	5862
13.4750	5722
13.4800	6174
13.4850	6262
13.4900	5491
13.4950	5594
13.5000	5519
13.5050	5961
13.5100	5809
13.5150	6331
13.5200	6273
13.5250	5636
13.5300	5490
13.5350	5804
13.5400	6100
13.5450	5694
13.5500	5651
13.5550	6411
13.5600	5653
13.5650	5413
13.5700	5991
13.5750	5696
13.5800	6379
13.5850	5542
13.5900	6372
13.5950	5939
13.6000	5756
13.6050	6657
13.6100	5577
13.6150	6227
13.6200	6174
13.6250	6483
13.6300	6063
13.6350	5837
13.6400	6416
13.6450	5889
13.6500	5746
13.6550	5668
13.6600	6196
13.6650	5817
13.6700	5760
13.6750	5553
13.6800	6056
13.6850	6002
13.6900	5993
13.6950	6424
13.7000	5631
13.7050	5795
13.7100	5621
13.7150	6012
13.7200	5925
13.7250	5954
13.7300	6153
13.7350	5715
13.7400	5700
13.7450	5801
13.7500	6078
13.7550	6617
13.7600	5615
13.7650	6360
13.7700	6275
13.7750	6164
13.7800	6085
13.7850	5942
13.7900	6362
13.7950	5713
13.8000	6077
13.8050	5995
13.8100	6031
13.8150	5348
13.8200	5754
13.8250	6067
13.8300	6315
13.8350	5970
13.8400	6530
13.8450	6587
13.8500	5731
13.8550	5540
13.8600	5657
13.8650	6563
13.8700	5840
13.8750	6180
13.8800	6066
13.8850	6094
13.8900	6404
13.8950	6088
13.9000	6305
13.9050	5399
13.9100	5678
13.9150	6224
13.9200	6279
13.9250	6090
13.9300	5821
13.9350	5986
13.9400	5909
13.9450	5819
13.9500	5489
13.9550	6146
13.9600	6520
13.9650	5910
13.9700	5630
13.9750	5782
13.9800	5822
13.9850	5661
13.9900	6101
13.9950	5860
14.0000	6395
14.0050	5679
14.0100	5955
14.0150	5814
14.0200	5598
14.0250	5820
14.0300	5842
14.0350	6197
14.0400	5759
14.0450	5816
14.0500	6166
14.0550	5955
14.0600	5583
14.0650	5657
14.0700	5743
14.0750	5973
14.0800	5976
14.0850	5976
14.0900	5721
14.0950	5747
14.1000	5966
14.1050	5773
14.1100	5428
14.1150	5886
14.1200	6043
14.1250	5383
14.1300	5669
14.1350	6551
14.1400	6188
14.1450	5992
14.1500	5587
14.1550	5632
14.1600	5724
14.1650	5845
14.1700	6591
14.1750	5853
14.1800	6375
14.1850	5577
14.1900	5940
14.1950	6220
14.2000	5413
14.2050	6313
14.2100	6224
14.2150	5695
14.2200	5886
14.2250	5559
14.2300	5886
14.2350	6250
14.2400	6122
14.2450	6408
14.2500	5937
14.2550	6330
14.2600	6627
14.2650	5721
14.2700	6514
14.2750	5880
14.2800	6217
14.2850	5756
14.2900	5687
14.2950	6515
14.3000	5604
14.3050	5983
14.3100	5825
14.3150	6583
14.3200	5991
14.3250	5754
14.3300	6070
14.3350	5637
14.3400	5971
14.3450	6057
14.3500	6387
14.3550	5582
14.3600	5601
14.3650	6429
14.3700	6045
14.3750	6370
14.3800	5944
14.3850	6348
14.3900	5454
14.3950	5514
14.4000	6094
14.4050	6361
14.4100	6013
14.4150	5572
14.4200	5984
14.4250	5327
14.4300	6072
14.4350	6321
14.4400	6155
14.4450	6146
14.4500	5623
14.4550	6098
14.4600	5947
14.4650	5764
14.4700	5558
14.4750	6563
14.4800	5611
14.4850	5558
14.4900	6313
14.4950	5872
14.5000	6055
14.5050	5747
14.5100	5692
14.5150	5544
14.5200	6336
14.5250	6170
14.5300	6576
14.5350	6339
14.5400	5742
14.5450	6186
14.5500	5721
14.5550	6218
14.5600	5523
14.5650	6113
14.5700	6514
14.5750	5603
14.5800	6324
14.5850	5822
14.5900	6149
14.5950	5600
14.6000	5542
14.6050	5832
14.6100	6699
14.6150	6621
14.6200	5983
14.6250	5558
14.6300	5819
14.6350	5698
14.6400	5717
14.6450	6040
14.6500	6346
14.6550	6459
14.6600	5635
14.6650	5577
14.6700	5679
14.6750	5672
14.6800	5983
14.6850	6325
14.6900	6214
14.6950	5549
14.7000	5647
14.7050	5787
14.7100	6377
14.7150	5528
14.7200	5935
14.7250	5711
14.7300	5657
14.7350	5898
14.7400	6003
14.7450	5819
14.7500	5452
14.7550	5809
14.7600	5615
14.7650	6179
14.7700	5758
14.7750	6213
14.7800	5566
14.7850	5631
14.7900	5701
14.7950	5772
14.8000	6453
14.8050	5395
14.8100	5560
14.8150	5936
14.8200	6146
14.8250	6057
14.8300	5480
14.8350	6542
14.8400	5578
14.8450	5757
14.8500	5666
14.8550	5703
14.8600	6442
14.8650	5844
14.8700	6113
14.8750	5546
14.8800	5823
14.8850	5875
14.8900	5514
14.8950	5926
14.9000	6197
14.9050	6528
14.9100	6111
14.9150	6013
14.9200	5636
14.9250	5692
14.9300	6322
14.9350	6313
14.9400	5864
14.9450	5961
14.9500	5765
14.9550	6436
14.9600	5554
14.9650	6381
14.9700	6495
14.9750	5806
14.9800	5733
14.9850	5667
14.9900	6293
14.9950	6741
15.0000	6058
15.0050	6513
15.0100	5513
15.0150	6162
15.0200	5656
15.0250	5680
15.0300	6519
15.0350	5610
15.0400	6652
15.0450	6151
15.0500	5500
15.0550	5668
15.0600	6011
15.0650	6557
15.0700	5728
15.0750	5795
15.0800	6075
15.0850	5875
15.0900	6005
15.0950	5920
15.1000	5872
15.1050	5803
15.1100	6213
15.1150	6360
15.1200	6112
15.1250	5889
15.1300	6105
15.1350	5715
15.1400	5697
15.1450	6038
15.1500	6573
15.1550	5822
15.1600	5783
15.1650	5987
15.1700	5974
15.1750	6027
15.1800	6407
15.1850	6534
15.1900	6269
15.1950	5821
15.2000	5676
15.2050	5692
15.2100	5805
15.2150	5752
15.2200	6383
15.2250	6160
15.2300	5663
15.2350	6468
15.2400	6490
15.2450	6262
15.2500	5590
15.2550	6258
15.2600	5672
15.2650	5973
15.2700	6609
15.2750	5946
15.2800	5990
15.2850	5732
15.2900	5987
15.2950	5691
15.3000	5668
15.3050	6155
15.3100	6283
15.3150	5517
15.3200	5593
15.3250	5621
15.3300	5967
15.3350	5895
15.3400	6041
15.3450	5873
15.3500	5602
15.3550	6198
15.3600	5988
15.3650	6220
15.3700	6049
15.3750	6380
15.3800	5723
15.3850	6026
15.3900	6102
15.3950	6139
15.4000	5853
15.4050	5426
15.4100	5954
15.4150	5781
15.4200	5888
15.4250	5809
15.4300	6232
15.4350	5672
15.4400	5803
15.4450	6023
15.4500	5982
15.4550	6067
15.4600	5994
15.4650	6377
15.4700	5993
15.4750	5837
15.4800	6052
15.4850	5533
15.4900	5755
15.4950	6294
15.5000	6047
15.5050	5543
15.5100	5740
15.5150	5854
15.5200	5712
15.5250	5886
15.5300	6040
15.5350	6234
15.5400	5805
15.5450	5770
15.5500	5937
15.5550	5776
15.5600	6167
15.5650	6138
15.5700	6164
15.5750	5631
15.5800	5793
15.5850	6211
15.5900	5834
15.5950	5729
15.6000	6490
15.6050	6577
15.6100	5667
15.6150	6029
15.6200	5636
15.6250	6584
15.6300	5838
15.6350	6203
15.6400	5938
15.6450	5817
15.6500	6429
15.6550	6069
15.6600	6576
15.6650	5627
15.6700	6458
15.6750	6262
15.6800	6123
15.6850	5704
15.6900	6200
15.6950	5851
15.7000	5550
15.7050	6350
15.7100	5986
15.7150	6402
15.7200	5858
15.7250	5761
15.7300	5624
15.7350	5821
15.7400	5634
15.7450	6498
15.7500	6501
15.7550	5482
15.7600	6109
15.7650	6376
15.7700	6141
15.7750	6263
15.7800	6500
15.7850	6618
15.7900	6445
15.7950	5659
15.8000	6230
15.8050	5778
15.8100	6545
15.8150	5742
15.8200	6368
15.8250	6284
15.8300	6438
15.8350	6592
15.8400	5899
15.8450	5995
15.8500	5826
15.8550	6210
15.8600	5640
15.8650	6259
15.8700	6188
15.8750	6513
15.8800	6119
15.8850	5545
15.8900	6163
15.8950	6078
15.9000	6316
15.9050	6493
15.9100	6170
15.9150	5692
15.9200	5931
15.9250	6183
15.9300	5852
15.9350	5730
15.9400	6542
15.9450	6246
15.9500	5709
15.9550	6236
15.9600	5751
15.9650	5741
15.9700	5745
15.9750	6306
15.9800	5617
15.9850	5838
15.9900	6390
15.9950	6541
16.0000	5449
16.0050	5602
16.0100	6277
16.0150	5988
16.0200	5972
16.0250	5707
16.0300	6354
16.0350	6323
16.0400	5641
16.0450	6143
16.0500	5662
16.0550	5949
16.0600	5553
16.0650	5987
16.0700	5924
16.0750	6608
16.0800	6631
16.0850	5965
16.0900	5599
16.0950	5776
16.1000	5917
16.1050	5942
16.1100	6481
16.1150	6388
16.1200	6038
16.1250	5662
16.1300	5601
16.1350	5690
16.1400	5966
16.1450	5822
16.1500	6269
16.1550	6179
16.1600	6029
16.1650	5603
16.1700	5815
16.1750	5764
16.1800	5754
16.1850	6341
16.1900	5817
16.1950	6661
16.2000	5968
16.2050	6153
16.2100	6109
16.2150	5682
16.2200	6266
16.2250	5993
16.2300	6041
16.2350	6324
16.2400	6340
16.2450	5441
16.2500	5582
16.2550	5676
16.2600	6543
16.2650	5669
16.2700	5506
16.2750	6074
16.2800	6161
16.2850	5891
16.2900	5760
16.2950	5700
16.3000	5963
16.3050	5839
16.3100	5944
16.3150	6562
16.3200	5753
16.3250	5776
16.3300	5705
16.3350	6083
16.3400	6081
16.3450	6225
16.3500	6471
16.3550	5576
16.3600	5979
16.3650	5729
16.3700	6312
16.3750	6566
16.3800	6112
16.3850	6162
16.3900	5887
16.3950	5786
16.4000	6392
16.4050	6073
16.4100	5573
16.4150	5894
16.4200	5791
16.4250	5756
16.4300	5722
16.4350	6491
16.4400	6599
16.4450	5682
16.4500	5635
16.4550	6410
16.4600	6319
16.4650	5806
16.4700	6556
16.4750	6067
16.4800	5742
16.4850	5640
16.4900	6427
16.4950	5871
16.5000	5727
16.5050	6290
16.5100	6260
16.5150	5675
16.5200	5847
16.5250	6511
16.5300	5755
16.5350	5681
16.5400	5629
16.5450	5992
16.5500	6290
16.5550	6372
16.5600	6195
16.5650	5523
16.5700	6152
16.5750	6473
16.5800	5841
16.5850	5909
16.5900	6297
16.5950	6223
16.6000	5467
16.6050	5353
16.6100	6172
16.6150	5731
16.6200	5946
16.6250	5603
16.6300	6148
16.6350	5910
16.6400	5721
16.6450	6490
16.6500	5778
16.6550	5573
16.6600	5873
16.6650	6210
16.6700	5826
16.6750	6144
16.6800	5635
16.6850	6127
16.6900	5553
16.6950	5803
16.7000	5998
16.7050	5546
16.7100	5794
16.7150	6419
16.7200	5568
16.7250	5568
16.7300	6425
16.7350	5904
16.7400	5868
16.7450	5503
16.7500	6196
16.7550	6519
16.7600	5686
16.7650	5749
16.7700	5947
16.7750	6035
16.7800	5595
16.7850	6423
16.7900	6074
16.7950	5698
16.8000	5797
16.8050	5917
16.8100	5430
16.8150	5534
16.8200	6705
16.8250	6554
16.8300	5727
16.8350	5918
16.8400	6330
16.8450	6002
16.8500	5759
16.8550	6154
16.8600	6398
16.8650	5750
16.8700	6045
16.8750	6100
16.8800	6299
16.8850	6141
16.8900	6156
16.8950	6292
16.9000	5780
16.9050	5271
16.9100	5875
16.9150	6154
16.9200	5975
16.9250	5875
16.9300	6433
16.9350	6438
16.9400	6522
16.9450	6076
16.9500	5784
16.9550	6690
16.9600	5468
16.9650	6267
16.9700	6343
16.9750	5650
16.9800	6149
16.9850	5871
16.9900	5870
16.9950	6515
17.0000	6715
17.0050	6699
17.0100	5818
17.0150	6074
17.0200	6221
17.0250	5930
17.0300	6379
17.0350	5817
17.0400	6040
17.0450	6551
17.0500	5769
17.0550	6350
17.0600	5975
17.0650	6348
17.0700	6405
17.0750	6125
17.0800	5520
17.0850	6291
17.0900	6643
17.0950	6234
17.1000	6146
17.1050	5600
17.1100	6412
17.1150	5955
17.1200	5894
17.1250	6519
17.1300	5489
17.1350	6579
17.1400	5690
17.1450	6138
17.1500	5740
17.1550	6106
17.1600	6392
17.1650	5446
17.1700	6260
17.1750	5519
17.1800	6387
17.1850	5813
17.1900	6405
17.1950	5868
17.2000	5688
17.2050	6259
17.2100	6327
17.2150	5815
17.2200	6033
17.2250	6410
17.2300	5809
17.2350	5483
17.2400	6358
17.2450	5579
17.2500	6354
17.2550	5962
17.2600	6285
17.2650	6329
17.2700	6091
17.2750	5782
17.2800	6010
17.2850	5538
17.2900	5753
17.2950	6391
17.3000	6062
17.3050	5767
17.3100	5982
17.3150	6115
17.3200	5673
17.3250	5686
17.3300	6341
17.3350	6484
17.3400	6542
17.3450	5622
17.3500	6190
17.3550	5566
17.3600	5847
17.3650	6464
17.3700	6207
17.3750	6242
17.3800	5456
17.3850	5745
17.3900	6265
17.3950	5987
17.4000	5858
17.4050	6432
17.4100	6449
17.4150	6233
17.4200	5702
17.4250	5568
17.4300	6523
17.4350	5831
17.4400	6163
17.4450	6681
17.4500	5895
17.4550	6143
17.4600	5923
17.4650	6025
17.4700	6384
17.4750	6606
17.4800	6033
17.4850	5749
17.4900	5627
17.4950	6646
17.5000	6106
17.5050	6240
17.5100	6215
17.5150	6499
17.5200	5916
17.5250	5800
17.5300	6348
17.5350	5731
17.5400	6368
17.5450	5868
17.5500	6188
17.5550	5667
17.5600	5775
17.5650	6425
17.5700	6464
17.5750	6617
17.5800	5487
17.5850	6258
17.5900	5821
17.5950	5885
17.6000	6363
17.6050	6204
17.6100	6185
17.6150	5519
17.6200	5949
17.6250	5596
17.6300	5637
17.6350	6829
17.6400	6230
17.6450	5548
17.6500	5501
17.6550	6353
17.6600	5921
17.6650	6151
17.6700	6306
17.6750	6349
17.6800	5609
17.6850	5766
17.6900	6625
17.6950	5453
17.7000	5717
17.7050	5646
17.7100	6358
17.7150	5913
17.7200	6021
17.7250	6325
17.7300	5915
17.7350	5633
17.7400	5994
17.7450	6462
17.7500	5893
17.7550	6134
17.7600	5734
17.7650	5764
17.7700	5610
17.7750	5722
17.7800	6440
17.7850	5721
17.7900	6133
17.7950	5762
17.8000	5509
17.8050	5756
17.8100	6280
17.8150	6261
17.8200	5987
17.8250	6355
17.8300	5752
17.8350	6092
17.8400	6298
17.8450	6241
17.8500	6334
17.8550	5936
17.8600	6216
17.8650	6107
17.8700	5823
17.8750	5534
17.8800	6048
17.8850	5529
17.8900	5753
17.8950	6468
17.9000	6218
17.9050	5950
17.9100	5585
17.9150	5869
17.9200	5523
17.9250	5795
17.9300	6649
17.9350	6529
17.9400	6105
17.9450	5843
17.9500	5596
17.9550	5665
17.9600	5794
17.9650	5533
17.9700	6725
17.9750	6482
17.9800	5639
17.9850	6541
17.9900	5853
17.9950	6124
18.0000	5595
18.0050	6011
18.0100	6273
18.0150	6625
18.0200	6262
18.0250	6254
18.0300	5568
18.0350	5917
18.0400	6527
18.0450	6402
18.0500	6065
18.0550	5885
18.0600	6410
18.0650	5561
18.0700	5624
18.0750	6016
18.0800	6503
18.0850	5791
18.0900	6004
18.0950	6233
18.1000	5579
18.1050	6225
18.1100	5810
18.1150	6534
18.1200	5566
18.1250	5719
18.1300	5962
18.1350	6122
18.1400	5816
18.1450	5956
18.1500	6453
18.1550	5646
18.1600	5529
18.1650	6250
18.1700	6319
18.1750	6108
18.1800	6370
18.1850	6187
18.1900	5951
18.1950	5887
18.2000	6055
18.2050	5885
18.2100	5704
18.2150	6459
18.2200	6442
18.2250	6376
18.2300	5761
18.2350	5661
18.2400	5997
18.2450	5622
18.2500	5977
18.2550	5879
18.2600	6022
18.2650	5834
18.2700	5825
18.2750	5664
18.2800	5705
18.2850	6156
18.2900	6087
18.2950	6498
18.3000	5397
18.3050	5722
18.3100	6219
18.3150	6105
18.3200	5820
18.3250	6181
18.3300	6291
18.3350	5708
18.3400	5586
18.3450	6460
18.3500	6055
18.3550	5866
18.3600	6314
18.3650	6232
18.3700	5990
18.3750	5872
18.3800	6244
18.3850	5996
18.3900	5802
18.3950	6555
18.4000	6627
18.4050	6280
18.4100	5667
18.4150	5806
18.4200	5754
18.4250	5537
18.4300	6489
18.4350	6558
18.4400	6244
18.4450	5827
18.4500	5743
18.4550	5610
18.4600	5622
18.4650	6585
18.4700	6463
18.4750	6471
18.4800	5799
18.4850	5469
18.4900	5964
18.4950	5958
18.5000	6568
18.5050	6239
18.5100	6134
18.5150	6201
18.5200	5944
18.5250	5599
18.5300	5747
18.5350	6400
18.5400	6170
18.5450	6085
18.5500	6054
18.5550	5720
18.5600	6562
18.5650	5941
18.5700	6138
18.5750	5593
18.5800	6057
18.5850	6376
18.5900	6005
18.5950	5920
18.6000	5918
18.6050	5838
18.6100	5627
18.6150	6232
18.6200	5907
18.6250	6507
18.6300	5595
18.6350	5696
18.6400	6487
18.6450	6091
18.6500	5781
18.6550	5687
18.6600	6347
18.6650	5743
18.6700	6107
18.6750	6558
18.6800	6624
18.6850	5576
18.6900	5896
18.6950	5928
18.7000	5831
18.7050	5837
18.7100	6157
18.7150	6695
18.7200	5827
18.7250	5429
18.7300	5555
18.7350	6013
18.7400	6095
18.7450	6365
18.7500	6193
18.7550	5811
18.7600	5775
18.7650	6460
18.7700	5907
18.7750	5868
18.7800	6349
18.7850	6452
18.7900	6541
18.7950	5771
18.8000	6136
18.8050	5741
18.8100	5953
18.8150	5631
18.8200	6175
18.8250	6461
18.8300	5663
18.8350	6248
18.8400	5666
18.8450	5851
18.8500	5815
18.8550	6262
18.8600	5782
18.8650	5705
18.8700	6498
18.8750	6150
18.8800	5959
18.8850	5699
18.8900	6470
18.8950	5793
18.9000	5782
18.9050	5601
18.9100	6291
18.9150	5889
18.9200	6094
18.9250	6281
18.9300	5872
18.9350	5618
18.9400	6125
18.9450	6752
18.9500	5867
18.9550	5576
18.9600	5756
18.9650	6366
18.9700	5892
18.9750	5735
18.9800	6260
18.9850	5744
18.9900	5689
18.9950	6263
19.0000	5549
19.0050	5846
19.0100	6360
19.0150	6281
19.0200	5760
19.0250	5761
19.0300	6422
19.0350	6335
19.0400	6117
19.0450	5514
19.0500	6123
19.0550	5903
19.0600	5927
19.0650	6274
19.0700	5580
19.0750	6761
19.0800	5609
19.0850	6061
19.0900	6456
19.0950	6134
19.1000	5998
19.1050	5934
19.1100	5357
19.1150	5836
19.1200	6405
19.1250	6074
19.1300	6246
19.1350	5746
19.1400	5656
19.1450	6177
19.1500	5749
19.1550	6571
19.1600	6438
19.1650	5896
19.1700	5739
19.1750	5870
19.1800	5764
19.1850	5981
19.1900	6626
19.1950	6518
19.2000	5823
19.2050	5650
19.2100	6043
19.2150	6363
19.2200	5817
19.2250	6199
19.2300	6256
19.2350	6070
19.2400	6712
19.2450	6681
19.2500	5543
19.2550	5908
19.2600	6359
19.2650	5693
19.2700	6124
19.2750	6328
19.2800	6626
19.2850	5866
19.2900	5702
19.2950	5994
19.3000	5851
19.3050	5870
19.3100	6555
19.3150	6322
19.3200	5961
19.3250	5850
19.3300	6381
19.3350	5786
19.3400	6076
19.3450	6524
19.3500	6534
19.3550	5796
19.3600	6100
19.3650	6519
19.3700	5763
19.3750	5969
19.3800	5747
19.3850	6068
19.3900	6628
19.3950	5765
19.4000	6524
19.4050	5551
19.4100	5718
19.4150	5864
19.4200	6328
19.4250	5935
19.4300	5450
19.4350	6551
19.4400	6003
19.4450	5512
19.4500	6069
19.4550	6048
19.4600	5899
19.4650	5922
19.4700	6343
19.4750	6041
19.4800	5938
19.4850	6182
19.4900	6334
19.4950	5920
19.5000	5783
19.5050	6295
19.5100	6541
19.5150	6162
19.5200	5544
19.5250	6199
19.5300	6156
19.5350	5663
19.5400	6438
19.5450	6135
19.5500	5932
19.5550	5384
19.5600	6373
19.5650	6343
19.5700	6143
19.5750	6189
19.5800	6006
19.5850	5539
19.5900	5549
19.5950	6544
19.6000	6555
19.6050	6113
19.6100	6066
19.6150	6664
19.6200	5717
19.6250	5794
19.6300	6544
19.6350	6025
19.6400	6484
19.6450	6122
19.6500	6288
19.6550	5818
19.6600	5703
19.6650	6024
19.6700	5832
19.6750	5789
19.6800	6094
19.6850	6692
19.6900	6360
19.6950	5809
19.7000	5605
19.7050	6173
19.7100	5757
19.7150	6523
19.7200	6546
19.7250	6482
19.7300	5883
19.7350	6188
19.7400	5655
19.7450	5895
19.7500	6338
19.7550	6741
19.7600	6606
19.7650	5799
19.7700	5725
19.7750	5947
19.7800	5901
19.7850	5705
19.7900	6119
19.7950	6645
19.8000	6627
19.8050	6124
19.8100	6076
19.8150	5657
19.8200	5980
19.8250	5995
19.8300	5624
19.8350	6391
19.8400	6662
19.8450	6611
19.8500	5731
19.8550	5581
19.8600	6135
19.8650	6153
19.8700	6119
19.8750	6560
19.8800	5948
19.8850	5830
19.8900	5858
19.8950	5954
19.9000	6456
19.9050	5591
19.9100	6192
19.9150	6321
19.9200	5692
19.9250	5646
19.9300	6498
19.9350	6203
19.9400	5873
19.9450	6285
19.9500	5772
19.9550	5801
19.9600	6517
19.9650	6568
19.9700	5769
19.9750	5624
19.9800	6532
19.9850	6527
19.9900	5936
19.9950	5593
