0.0000	6002
0.0040	6343
0.0080	6058
0.0120	6278
0.0160	5445
0.0200	5915
0.0240	6291
0.0280	6465
0.0320	5987
0.0360	6554
0.0400	6307
0.0440	6585
0.0480	6034
0.0520	6190
0.0560	5948
0.0600	6493
0.0640	6446
0.0680	6323
0.0720	6144
0.0760	5871
0.0800	5637
0.0840	5777
0.0880	6370
0.0920	6284
0.0960	6652
0.1000	6430
0.1040	6536
0.1080	6356
0.1120	6001
0.1160	6103
0.1200	6041
0.1240	5927
0.1280	5775
0.1320	5692
0.1360	6250
0.1400	6659
0.1440	5987
0.1480	6368
0.1520	6284
0.1560	6476
0.1600	6136
0.1640	5856
0.1680	5888
0.1720	5330
0.1760	5501
0.1800	5607
0.1840	6355
0.1880	5606
0.1920	6169
0.1960	5704
0.2000	6243
0.2040	6202
0.2080	5944
0.2120	5678
0.2160	5951
0.2200	6250
0.2240	5745
0.2280	5706
0.2320	5996
0.2360	5644
0.2400	6245
0.2440	6024
0.2480	5438
0.2520	6297
0.2560	5506
0.2600	6565
0.2640	6024
0.2680	6359
0.2720	6008
0.2760	5914
0.2800	5676
0.2840	6372
0.2880	5662
0.2920	6393
0.2960	6419
0.3000	5758
0.3040	6058
0.3080	6085
0.3120	6026
0.3160	6266
0.3200	6030
0.3240	6370
0.3280	5693
0.3320	6063
0.3360	5766
0.3400	5781
0.3440	5878
0.3480	5891
0.3520	5959
0.3560	5575
0.3600	6231
0.3640	5614
0.3680	5667
0.3720	5814
0.3760	6063
0.3800	6447
0.3840	6030
0.3880	5668
0.3920	5673
0.3960	6711
0.4000	6189
0.4040	6569
0.4080	6385
0.4120	6371
0.4160	5628
0.4200	6328
0.4240	5801
0.4280	5839
0.4320	6277
0.4360	5984
0.4400	6399
0.4440	6291
0.4480	6263
0.4520	5889
0.4560	6257
0.4600	6472
0.4640	6174
0.4680	6259
0.4720	5804
0.4760	5843
0.4800	6244
0.4840	6543
0.4880	5979
0.4920	6155
0.4960	6418
0.5000	6185
0.5040	5950
0.5080	5784
0.5120	6182
0.5160	6418
0.5200	6369
0.5240	6188
0.5280	5486
0.5320	5744
0.5360	5661
0.5400	6105
0.5440	6154
0.5480	6104
0.5520	5709
0.5560	5368
0.5600	6577
0.5640	5583
0.5680	5723
0.5720	5624
0.5760	6630
0.5800	6130
0.5840	6372
0.5880	6235
0.5920	6123
0.5960	6244
0.6000	6406
0.6040	6547
0.6080	6212
0.6120	6336
0.6160	5657
0.6200	6649
0.6240	6313
0.6280	6748
0.6320	6409
0.6360	6578
0.6400	6052
0.6440	6170
0.6480	5976
0.6520	5700
0.6560	5828
0.6600	6430
0.6640	6585
0.6680	5693
0.6720	5906
0.6760	6379
0.6800	5688
0.6840	5817
0.6880	5617
0.6920	5875
0.6960	5690
0.7000	6164
0.7040	5650
0.7080	6441
0.7120	6347
0.7160	5661
0.7200	5805
0.7240	6209
0.7280	5618
0.7320	5797
0.7360	6092
0.7400	6751
0.7440	6128
0.7480	6362
0.7520	6144
0.7560	5819
0.7600	6247
0.7640	6241
0.7680	5678
0.7720	5826
0.7760	5947
0.7800	5867
0.7840	6352
0.7880	5630
0.7920	6283
0.7960	5799
0.8000	5750
0.8040	5887
0.8080	6327
0.8120	6029
0.8160	6008
0.8200	6414
0.8240	6185
0.8280	5924
0.8320	6087
0.8360	6230
0.8400	6348
0.8440	5963
0.8480	6346
0.8520	6394
0.8560	6279
0.8600	6135
0.8640	6051
0.8680	5616
0.8720	5979
0.8760	6195
0.8800	5976
0.8840	6009
0.8880	5635
0.8920	5973
0.8960	5794
0.9000	5916
0.9040	5735
0.9080	5891
0.9120	5946
0.9160	6284
0.9200	5917
0.9240	5533
0.9280	6060
0.9320	5729
0.9360	5842
0.9400	6032
0.9440	6072
0.9480	5674
0.9520	5984
0.9560	5927
0.9600	6151
0.9640	6239
0.9680	6219
0.9720	6564
0.9760	6411
0.9800	6602
0.9840	6268
0.9880	6264
0.9920	5772
0.9960	6410
1.0000	6383
1.0040	6664
1.0080	5956
1.0120	6387
1.0160	6240
1.0200	6373
1.0240	5770
1.0280	5802
1.0320	6289
1.0360	6449
1.0400	6069
1.0440	5740
1.0480	5757
1.0520	6279
1.0560	6320
1.0600	5635
1.0640	5795
1.0680	5772
1.0720	5734
1.0760	6044
1.0800	5716
1.0840	6308
1.0880	6008
1.0920	5938
1.0960	6137
1.1000	6670
1.1040	6184
1.1080	6060
1.1120	5578
1.1160	5841
1.1200	5826
1.1240	5651
1.1280	5759
1.1320	6073
1.1360	6469
1.1400	6052
1.1440	6655
1.1480	6393
1.1520	6060
1.1560	5721
1.1600	5861
1.1640	5513
1.1680	6260
1.1720	6321
1.1760	6536
1.1800	6508
1.1840	6596
1.1880	6309
1.1920	5738
1.1960	5856
1.2000	5754
1.2040	5804
1.2080	6245
1.2120	6275
1.2160	6360
1.2200	6152
1.2240	5446
1.2280	5527
1.2320	5532
1.2360	5479
1.2400	5536
1.2440	5617
1.2480	6046
1.2520	5900
1.2560	6008
1.2600	5685
1.2640	5981
1.2680	5872
1.2720	6156
1.2760	6312
1.2800	6654
1.2840	5745
1.2880	6237
1.2920	6199
1.2960	5711
1.3000	6404
1.3040	6279
1.3080	6486
1.3120	6326
1.3160	6668
1.3200	6203
1.3240	5836
1.3280	5582
1.3320	5965
1.3360	6093
1.3400	6564
1.3440	6586
1.3480	6190
1.3520	6064
1.3560	6536
1.3600	6476
1.3640	6007
1.3680	6048
1.3720	5821
1.3760	6018
1.3800	6374
1.3840	5797
1.3880	5962
1.3920	5997
1.3960	6441
1.4000	6385
1.4040	6241
1.4080	5541
1.4120	5570
1.4160	5979
1.4200	5841
1.4240	5588
1.4280	6527
1.4320	5520
1.4360	6024
1.4400	6256
1.4440	6136
1.4480	5415
1.4520	5794
1.4560	6243
1.4600	6712
1.4640	5791
1.4680	5604
1.4720	5771
1.4760	6290
1.4800	5622
1.4840	6278
1.4880	5854
1.4920	6381
1.4960	6557
1.5000	5698
1.5040	5977
1.5080	5776
1.5120	5822
1.5160	5891
1.5200	6629
1.5240	6267
1.5280	6178
1.5320	6133
1.5360	6485
1.5400	6443
1.5440	5922
1.5480	5861
1.5520	6414
1.5560	6415
1.5600	5808
1.5640	5682
1.5680	5681
1.5720	5623
1.5760	5875
1.5800	5591
1.5840	5702
1.5880	6157
1.5920	6075
1.5960	5616
1.6000	6036
1.6040	5884
1.6080	6010
1.6120	5991
1.6160	6535
1.6200	5894
1.6240	6649
1.6280	6193
1.6320	5920
1.6360	6077
1.6400	6305
1.6440	5807
1.6480	6031
1.6520	6248
1.6560	5813
1.6600	6373
1.6640	5739
1.6680	6315
1.6720	5776
1.6760	5894
1.6800	6343
1.6840	6242
1.6880	6191
1.6920	6597
1.6960	5833
1.7000	6110
1.7040	5759
1.7080	6607
1.7120	6557
1.7160	6891
1.7200	6167
1.7240	5900
1.7280	6402
1.7320	5927
1.7360	5985
1.7400	5772
1.7440	5954
1.7480	6386
1.7520	5960
1.7560	5810
1.7600	5549
1.7640	6011
1.7680	5725
1.7720	5567
1.7760	5793
1.7800	5924
1.7840	5904
1.7880	6438
1.7920	6132
1.7960	6382
1.8000	5795
1.8040	6560
1.8080	5548
1.8120	5997
1.8160	5553
1.8200	5876
1.8240	5991
1.8280	6251
1.8320	5834
1.8360	6428
1.8400	5748
1.8440	5805
1.8480	5969
1.8520	5711
1.8560	6031
1.8600	5688
1.8640	6369
1.8680	6488
1.8720	6265
1.8760	5548
1.8800	6009
1.8840	6134
1.8880	6365
1.8920	6568
1.8960	6065
1.9000	6402
1.9040	6520
1.9080	5741
1.9120	6016
1.9160	6135
1.9200	6444
1.9240	6064
1.9280	6160
1.9320	5823
1.9360	5977
1.9400	5886
1.9440	5564
1.9480	5402
1.9520	5615
1.9560	6287
1.9600	6411
1.9640	6119
1.9680	5708
1.9720	5588
1.9760	6101
1.9800	5608
1.9840	5961
1.9880	5480
1.9920	6231
1.9960	6209
2.0000	6019
2.0040	5929
2.0080	6056
2.0120	5600
2.0160	5691
2.0200	6025
2.0240	5523
2.0280	5981
2.0320	5877
2.0360	5897
2.0400	6274
2.0440	6470
2.0480	5939
2.0520	6219
2.0560	6452
2.0600	6267
2.0640	6122
2.0680	6178
2.0720	6140
2.0760	6550
2.0800	6143
2.0840	5817
2.0880	6400
2.0920	5969
2.0960	6384
2.1000	5728
2.1040	5925
2.1080	5824
2.1120	6189
2.1160	6009
2.1200	5937
2.1240	6395
2.1280	5550
2.1320	6421
2.1360	5648
2.1400	5775
2.1440	6173
2.1480	6436
2.1520	6045
2.1560	6634
2.1600	6279
2.1640	5872
2.1680	6067
2.1720	5879
2.1760	5661
2.1800	6124
2.1840	6322
2.1880	5940
2.1920	6282
2.1960	5908
2.2000	6316
2.2040	5528
2.2080	6034
2.2120	5705
2.2160	6640
2.2200	6142
2.2240	5889
2.2280	5573
2.2320	6367
2.2360	6326
2.2400	6130
2.2440	6431
2.2480	5730
2.2520	6522
2.2560	5994
2.2600	5921
2.2640	5709
2.2680	5905
2.2720	5792
2.2760	5568
2.2800	5592
2.2840	5602
2.2880	5792
2.2920	6120
2.2960	5509
2.3000	5871
2.3040	5689
2.3080	5680
2.3120	5870
2.3160	5976
2.3200	5663
2.3240	5599
2.3280	5801
2.3320	5538
2.3360	5813
2.3400	5884
2.3440	5994
2.3480	5733
2.3520	6300
2.3560	5863
2.3600	5867
2.3640	5965
2.3680	5576
2.3720	5804
2.3760	6314
2.3800	6354
2.3840	5658
2.3880	6427
2.3920	6140
2.3960	5961
2.4000	6231
2.4040	6417
2.4080	6453
2.4120	6581
2.4160	6484
2.4200	5846
2.4240	5859
2.4280	6080
2.4320	6210
2.4360	5865
2.4400	5934
2.4440	6470
2.4480	6136
2.4520	6342
2.4560	6217
2.4600	5927
2.4640	5623
2.4680	5942
2.4720	5771
2.4760	5961
2.4800	5996
2.4840	5532
2.4880	6031
2.4920	5991
2.4960	5874
2.5000	6531
2.5040	6330
2.5080	6421
2.5120	5829
2.5160	6574
2.5200	6208
2.5240	5815
2.5280	5949
2.5320	6572
2.5360	6301
2.5400	6403
2.5440	5776
2.5480	5767
2.5520	6491
2.5560	6321
2.5600	6606
2.5640	6228
2.5680	6116
2.5720	6403
2.5760	5900
2.5800	5697
2.5840	5879
2.5880	6006
2.5920	6627
2.5960	6493
2.6000	6811
2.6040	6517
2.6080	6596
2.6120	5761
2.6160	5758
2.6200	5917
2.6240	6242
2.6280	5793
2.6320	5789
2.6360	6289
2.6400	6383
2.6440	6376
2.6480	6343
2.6520	5583
2.6560	5770
2.6600	5788
2.6640	5670
2.6680	5470
2.6720	6252
2.6760	6433
2.6800	5851
2.6840	5884
2.6880	5730
2.6920	5823
2.6960	5847
2.7000	6275
2.7040	6113
2.7080	6213
2.7120	6374
2.7160	5934
2.7200	5569
2.7240	5721
2.7280	5560
2.7320	5693
2.7360	5721
2.7400	5944
2.7440	5928
2.7480	6548
2.7520	5780
2.7560	5962
2.7600	6220
2.7640	6130
2.7680	5725
2.7720	5797
2.7760	5920
2.7800	6233
2.7840	6449
2.7880	6027
2.7920	6195
2.7960	6465
2.8000	6304
2.8040	6128
2.8080	6294
2.8120	6237
2.8160	5825
2.8200	6286
2.8240	5764
2.8280	5794
2.8320	6133
2.8360	6262
2.8400	5627
2.8440	5678
2.8480	6119
2.8520	6184
2.8560	5952
2.8600	6418
2.8640	5825
2.8680	6498
2.8720	6178
2.8760	6003
2.8800	5886
2.8840	6535
2.8880	5824
2.8920	6505
2.8960	6289
2.9000	6416
2.9040	6404
2.9080	6282
2.9120	5905
2.9160	5670
2.9200	6294
2.9240	6406
2.9280	6650
2.9320	6226
2.9360	6393
2.9400	5911
2.9440	6596
2.9480	5733
2.9520	5891
2.9560	6463
2.9600	6645
2.9640	6252
2.9680	5821
2.9720	6114
2.9760	6184
2.9800	6113
2.9840	6008
2.9880	5727
2.9920	5667
2.9960	5727
3.0000	5627
3.0040	5470
3.0080	6087
3.0120	6187
3.0160	6416
3.0200	5533
3.0240	5584
3.0280	5473
3.0320	5734
3.0360	5555
3.0400	5780
3.0440	5578
3.0480	6337
3.0520	6154
3.0560	5857
3.0600	5590
3.0640	6372
3.0680	5833
3.0720	5938
3.0760	5878
3.0800	5483
3.0840	6007
3.0880	5912
3.0920	5927
3.0960	5686
3.1000	6555
3.1040	6354
3.1080	6308
3.1120	6376
3.1160	5773
3.1200	6516
3.1240	6596
3.1280	6015
3.1320	6122
3.1360	6007
3.1400	6057
3.1440	5713
3.1480	5724
3.1520	6049
3.1560	6450
3.1600	6279
3.1640	5672
3.1680	5799
3.1720	6156
3.1760	6022
3.1800	5708
3.1840	6152
3.1880	6351
3.1920	6248
3.1960	6356
3.2000	5754
3.2040	5737
3.2080	6158
3.2120	6544
3.2160	6112
3.2200	6674
3.2240	6133
3.2280	6501
3.2320	5686
3.2360	5969
3.2400	6207
3.2440	5926
3.2480	6413
3.2520	6179
3.2560	6318
3.2600	6159
3.2640	6367
3.2680	5781
3.2720	6079
3.2760	6200
3.2800	6395
3.2840	5576
3.2880	5793
3.2920	6487
3.2960	6035
3.3000	6361
3.3040	6626
3.3080	6010
3.3120	6518
3.3160	6063
3.3200	5800
3.3240	5942
3.3280	6627
3.3320	6219
3.3360	6259
3.3400	6527
3.3440	6263
3.3480	6209
3.3520	6334
3.3560	5927
3.3600	5708
3.3640	6346
3.3680	6321
3.3720	6017
3.3760	6234
3.3800	6288
3.3840	6399
3.3880	6255
3.3920	6348
3.3960	6057
3.4000	5917
3.4040	5868
3.4080	5980
3.4120	6260
3.4160	6364
3.4200	6221
3.4240	5904
3.4280	5957
3.4320	6435
3.4360	6447
3.4400	5500
3.4440	5954
3.4480	6318
3.4520	6731
3.4560	6294
3.4600	5847
3.4640	5997
3.4680	6539
3.4720	6423
3.4760	6266
3.4800	5698
3.4840	6166
3.4880	6417
3.4920	6541
3.4960	5742
3.5000	5966
3.5040	6481
3.5080	6584
3.5120	6012
3.5160	5746
3.5200	6133
3.5240	6499
3.5280	5824
3.5320	5648
3.5360	6155
3.5400	6322
3.5440	6303
3.5480	6298
3.5520	6106
3.5560	6183
3.5600	6221
3.5640	5989
3.5680	5877
3.5720	5946
3.5760	6017
3.5800	6186
3.5840	6413
3.5880	6687
3.5920	6166
3.5960	6140
3.6000	6135
3.6040	5621
3.6080	6259
3.6120	6222
3.6160	6645
3.6200	6403
3.6240	6503
3.6280	5633
3.6320	5932
3.6360	6349
3.6400	5985
3.6440	5653
3.6480	6476
3.6520	6635
3.6560	6498
3.6600	5820
3.6640	6325
3.6680	6011
3.6720	6450
3.6760	5942
3.6800	6031
3.6840	6279
3.6880	6298
3.6920	6163
3.6960	6338
3.7000	5699
3.7040	5513
3.7080	6026
3.7120	5593
3.7160	5804
3.7200	6507
3.7240	6309
3.7280	5857
3.7320	5937
3.7360	6265
3.7400	5705
3.7440	6662
3.7480	5599
3.7520	6397
3.7560	6259
3.7600	6168
3.7640	5447
3.7680	5847
3.7720	6285
3.7760	6150
3.7800	6473
3.7840	6235
3.7880	6084
3.7920	5749
3.7960	5885
3.8000	5855
3.8040	6679
3.8080	6315
3.8120	6060
3.8160	5735
3.8200	6111
3.8240	6500
3.8280	6455
3.8320	5902
3.8360	5992
3.8400	6711
3.8440	6595
3.8480	6330
3.8520	5657
3.8560	6015
3.8600	5958
3.8640	6491
3.8680	6327
3.8720	6428
3.8760	6229
3.8800	6318
3.8840	5995
3.8880	5799
3.8920	5983
3.8960	6216
3.9000	5922
3.9040	5865
3.9080	6576
3.9120	5942
3.9160	6325
3.9200	5920
3.9240	5713
3.9280	5546
3.9320	5841
3.9360	5606
3.9400	6163
3.9440	5890
3.9480	5680
3.9520	6223
3.9560	6444
3.9600	6410
3.9640	6200
3.9680	5789
3.9720	5537
3.9760	5977
3.9800	6338
3.9840	6143
3.9880	5522
3.9920	5975
3.9960	6327
4.0000	6161
4.0040	5808
4.0080	5815
4.0120	6030
4.0160	6293
4.0200	6280
4.0240	6631
4.0280	6134
4.0320	5876
4.0360	6451
4.0400	5593
4.0440	5530
4.0480	6032
4.0520	6329
4.0560	6330
4.0600	6178
4.0640	5779
4.0680	5599
4.0720	6177
4.0760	5626
4.0800	5686
4.0840	6120
4.0880	6410
4.0920	6281
4.0960	6507
4.1000	6243
4.1040	6254
4.1080	6272
4.1120	6147
4.1160	5531
4.1200	5688
4.1240	5906
4.1280	6077
4.1320	6494
4.1360	6386
4.1400	6199
4.1440	6371
4.1480	5901
4.1520	5719
4.1560	6293
4.1600	6220
4.1640	5974
4.1680	5803
4.1720	6618
4.1760	6409
4.1800	6501
4.1840	6005
4.1880	5972
4.1920	6430
4.1960	6456
4.2000	5884
4.2040	5736
4.2080	6296
4.2120	6614
4.2160	5928
4.2200	5673
4.2240	5832
4.2280	6276
4.2320	6278
4.2360	5685
4.2400	5785
4.2440	5639
4.2480	6139
4.2520	5984
4.2560	6065
4.2600	6564
4.2640	6045
4.2680	6343
4.2720	5635
4.2760	5852
4.2800	6148
4.2840	6591
4.2880	5987
4.2920	5777
4.2960	6051
4.3000	6268
4.3040	5820
4.3080	6304
4.3120	5783
4.3160	6340
4.3200	6209
4.3240	6209
4.3280	5708
4.3320	6213
4.3360	6526
4.3400	6487
4.3440	6594
4.3480	6434
4.3520	6423
4.3560	6447
4.3600	6452
4.3640	5869
4.3680	6673
4.3720	5692
4.3760	6442
4.3800	6076
4.3840	6577
4.3880	5646
4.3920	6291
4.3960	6339
4.4000	6155
4.4040	5995
4.4080	6101
4.4120	6289
4.4160	5520
4.4200	5797
4.4240	5691
4.4280	5664
4.4320	6216
4.4360	6145
4.4400	5770
4.4440	5385
4.4480	6582
4.4520	5527
4.4560	5987
4.4600	6067
4.4640	6701
4.4680	6355
4.4720	6415
4.4760	5677
4.4800	5666
4.4840	6308
4.4880	5631
4.4920	6294
4.4960	6076
4.5000	6430
4.5040	5813
4.5080	6687
4.5120	6119
4.5160	6801
4.5200	6346
4.5240	6540
4.5280	6388
4.5320	5952
4.5360	5818
4.5400	6035
4.5440	6566
4.5480	6450
4.5520	6604
4.5560	6291
4.5600	6657
4.5640	6070
4.5680	6177
4.5720	5752
4.5760	5802
4.5800	6169
4.5840	6485
4.5880	6285
4.5920	6323
4.5960	6424
4.6000	6324
4.6040	6008
4.6080	5605
4.6120	6101
4.6160	6205
4.6200	6590
4.6240	5608
4.6280	6138
4.6320	5930
4.6360	6526
4.6400	6310
4.6440	5931
4.6480	6172
4.6520	6259
4.6560	5891
4.6600	5976
4.6640	6354
4.6680	6369
4.6720	6513
4.6760	6411
4.6800	6646
4.6840	6236
4.6880	5989
4.6920	6204
4.6960	5872
4.7000	6133
4.7040	6637
4.7080	6388
4.7120	6746
4.7160	5904
4.7200	6443
4.7240	6811
4.7280	6664
4.7320	6296
4.7360	6480
4.7400	6536
4.7440	6022
4.7480	5992
4.7520	6150
4.7560	5803
4.7600	5731
4.7640	6409
4.7680	5982
4.7720	5850
4.7760	6017
4.7800	5788
4.7840	5854
4.7880	6060
4.7920	5941
4.7960	5830
4.8000	6512
4.8040	6123
4.8080	6462
4.8120	5657
4.8160	5729
4.8200	5698
4.8240	6654
4.8280	5825
4.8320	5792
4.8360	6450
4.8400	6518
4.8440	6528
4.8480	5698
4.8520	6006
4.8560	5628
4.8600	6592
4.8640	6008
4.8680	6665
4.8720	6554
4.8760	6285
4.8800	6419
4.8840	6156
4.8880	5887
4.8920	6282
4.8960	6378
4.9000	6393
4.9040	6298
4.9080	6646
4.9120	6509
4.9160	6023
4.9200	6140
4.9240	6164
4.9280	5740
4.9320	6349
4.9360	6466
4.9400	6235
4.9440	6352
4.9480	5901
4.9520	6118
4.9560	5797
4.9600	6020
4.9640	6077
4.9680	6453
4.9720	6169
4.9760	6222
4.9800	6543
4.9840	6197
4.9880	6571
4.9920	5559
4.9960	5997
5.0000	5608
5.0040	6631
5.0080	5660
5.0120	5978
5.0160	6462
5.0200	6353
5.0240	6491
5.0280	5538
5.0320	6473
5.0360	5732
5.0400	6101
5.0440	5620
5.0480	6258
5.0520	6161
5.0560	6757
5.0600	6185
5.0640	5792
5.0680	6047
5.0720	5863
5.0760	6538
5.0800	5968
5.0840	6517
5.0880	6486
5.0920	5585
5.0960	5860
5.1000	5746
5.1040	6001
5.1080	5723
5.1120	6424
5.1160	6161
5.1200	5547
5.1240	5371
5.1280	5535
5.1320	5484
5.1360	6001
5.1400	6176
5.1440	5767
5.1480	6219
5.1520	6337
5.1560	6338
5.1600	5751
5.1640	5988
5.1680	5801
5.1720	6367
5.1760	5869
5.1800	5736
5.1840	5647
5.1880	6081
5.1920	6521
5.1960	5780
5.2000	5699
5.2040	6069
5.2080	6130
5.2120	6465
5.2160	6208
5.2200	6466
5.2240	5729
5.2280	6035
5.2320	6317
5.2360	5898
5.2400	5995
5.2440	6479
5.2480	6496
5.2520	6598
5.2560	6220
5.2600	5826
5.2640	5818
5.2680	6324
5.2720	6235
5.2760	6419
5.2800	6592
5.2840	5901
5.2880	5943
5.2920	6134
5.2960	5693
5.3000	5637
5.3040	5520
5.3080	5777
5.3120	6235
5.3160	6633
5.3200	6273
5.3240	6422
5.3280	6166
5.3320	5988
5.3360	6308
5.3400	6514
5.3440	5485
5.3480	5911
5.3520	6119
5.3560	6246
5.3600	6443
5.3640	6448
5.3680	6535
5.3720	6599
5.3760	6412
5.3800	5980
5.3840	5789
5.3880	5795
5.3920	6691
5.3960	6291
5.4000	6651
5.4040	6171
5.4080	6013
5.4120	6245
5.4160	6466
5.4200	6329
5.4240	6569
5.4280	6520
5.4320	6695
5.4360	6458
5.4400	6591
5.4440	6457
5.4480	6218
5.4520	6395
5.4560	6330
5.4600	6245
5.4640	5835
5.4680	6394
5.4720	6103
5.4760	6250
5.4800	6200
5.4840	6156
5.4880	6419
5.4920	6271
5.4960	6315
5.5000	5835
5.5040	6357
5.5080	6269
5.5120	6336
5.5160	5651
5.5200	5894
5.5240	6466
5.5280	6553
5.5320	6263
5.5360	6090
5.5400	6301
5.5440	6351
5.5480	6185
5.5520	6090
5.5560	6401
5.5600	5859
5.5640	5916
5.5680	6263
5.5720	5764
5.5760	6187
5.5800	6676
5.5840	5994
5.5880	5938
5.5920	6526
5.5960	5746
5.6000	6003
5.6040	6726
5.6080	6184
5.6120	6680
5.6160	6626
5.6200	6531
5.6240	5681
5.6280	6469
5.6320	5956
5.6360	5709
5.6400	5994
5.6440	5825
5.6480	6492
5.6520	6219
5.6560	5985
5.6600	6021
5.6640	6368
5.6680	5578
5.6720	5622
5.6760	6246
5.6800	6327
5.6840	6019
5.6880	6088
5.6920	5713
5.6960	5805
5.7000	6272
5.7040	5804
5.7080	6317
5.7120	6325
5.7160	6012
5.7200	5831
5.7240	6519
5.7280	5673
5.7320	5719
5.7360	6544
5.7400	5610
5.7440	6349
5.7480	5776
5.7520	6249
5.7560	6134
5.7600	6392
5.7640	5806
5.7680	5850
5.7720	6657
5.7760	6049
5.7800	6178
5.7840	6467
5.7880	6421
5.7920	6173
5.7960	6506
5.8000	6442
5.8040	5946
5.8080	6616
5.8120	6436
5.8160	6007
5.8200	6323
5.8240	6096
5.8280	6179
5.8320	6251
5.8360	6313
5.8400	6427
5.8440	6098
5.8480	6159
5.8520	5765
5.8560	5953
5.8600	6087
5.8640	5727
5.8680	6149
5.8720	6676
5.8760	6045
5.8800	6596
5.8840	5333
5.8880	5692
5.8920	6262
5.8960	6371
5.9000	6065
5.9040	6123
5.9080	6517
5.9120	6207
5.9160	6716
5.9200	6275
5.9240	6389
5.9280	6306
5.9320	6736
5.9360	6125
5.9400	6504
5.9440	6467
5.9480	6676
5.9520	6229
5.9560	6615
5.9600	6758
5.9640	6585
5.9680	6527
5.9720	6589
5.9760	6461
5.9800	6451
5.9840	6373
5.9880	6630
5.9920	6493
5.9960	6599
6.0000	6044
6.0040	6335
6.0080	6271
6.0120	5864
6.0160	6079
6.0200	6158
6.0240	6153
6.0280	6496
6.0320	5935
6.0360	6371
6.0400	5639
6.0440	5966
6.0480	5874
6.0520	5926
6.0560	6392
6.0600	5602
6.0640	5847
6.0680	6426
6.0720	6223
6.0760	6317
6.0800	5730
6.0840	5736
6.0880	6231
6.0920	5924
6.0960	6526
6.1000	5521
6.1040	6174
6.1080	5654
6.1120	6238
6.1160	6310
6.1200	6324
6.1240	5752
6.1280	6560
6.1320	6514
6.1360	6167
6.1400	6048
6.1440	6269
6.1480	6528
6.1520	6416
6.1560	6367
6.1600	5661
6.1640	5867
6.1680	6127
6.1720	5547
6.1760	5848
6.1800	5956
6.1840	5768
6.1880	6392
6.1920	5697
6.1960	5756
6.2000	6408
6.2040	6090
6.2080	6079
6.2120	6238
6.2160	6564
6.2200	5583
6.2240	5942
6.2280	6200
6.2320	6424
6.2360	5616
6.2400	5750
6.2440	5653
6.2480	6009
6.2520	5692
6.2560	5826
6.2600	5921
6.2640	6137
6.2680	5942
6.2720	5951
6.2760	6113
6.2800	5998
6.2840	6188
6.2880	6241
6.2920	5710
6.2960	5655
6.3000	6589
6.3040	6360
6.3080	6356
6.3120	6196
6.3160	6620
6.3200	6446
6.3240	6430
6.3280	5918
6.3320	5614
6.3360	6378
6.3400	6239
6.3440	6137
6.3480	5453
6.3520	6402
6.3560	5839
6.3600	6053
6.3640	5809
6.3680	5705
6.3720	5879
6.3760	5725
6.3800	6398
6.3840	5735
6.3880	5598
6.3920	6126
6.3960	6559
6.4000	5960
6.4040	6580
6.4080	5780
6.4120	5944
6.4160	5586
6.4200	6082
6.4240	6286
6.4280	6249
6.4320	5754
6.4360	5979
6.4400	6593
6.4440	5999
6.4480	5816
6.4520	6258
6.4560	5967
6.4600	6266
6.4640	6699
6.4680	5816
6.4720	5689
6.4760	6478
6.4800	6113
6.4840	6314
6.4880	6557
6.4920	6607
6.4960	6653
6.5000	6571
6.5040	6593
6.5080	5759
6.5120	5762
6.5160	6474
6.5200	6187
6.5240	6383
6.5280	6398
6.5320	6349
6.5360	6336
6.5400	5483
6.5440	5798
6.5480	6146
6.5520	5911
6.5560	6146
6.5600	6615
6.5640	6369
6.5680	6606
6.5720	6434
6.5760	6364
6.5800	5680
6.5840	6706
6.5880	6093
6.5920	6231
6.5960	5713
6.6000	6665
6.6040	6474
6.6080	6172
6.6120	6362
6.6160	6432
6.6200	6519
6.6240	6417
6.6280	6611
6.6320	5505
6.6360	5906
6.6400	6448
6.6440	6572
6.6480	6041
6.6520	6359
6.6560	6545
6.6600	6203
6.6640	6456
6.6680	6485
6.6720	6016
6.6760	5939
6.6800	6348
6.6840	6549
6.6880	6479
6.6920	6058
6.6960	6342
6.7000	6060
6.7040	5786
6.7080	6260
6.7120	6279
6.7160	5882
6.7200	6349
6.7240	6092
6.7280	5963
6.7320	6440
6.7360	6287
6.7400	6433
6.7440	5909
6.7480	5949
6.7520	5513
6.7560	5965
6.7600	6204
6.7640	6011
6.7680	5906
6.7720	6636
6.7760	6267
6.7800	6598
6.7840	5618
6.7880	5660
6.7920	6553
6.7960	6299
6.8000	5872
6.8040	5645
6.8080	6275
6.8120	5923
6.8160	6164
6.8200	6307
6.8240	6059
6.8280	5878
6.8320	6482
6.8360	6352
6.8400	6612
6.8440	6549
6.8480	5953
6.8520	6269
6.8560	6690
6.8600	6037
6.8640	6170
6.8680	6268
6.8720	6519
6.8760	6211
6.8800	6494
6.8840	5615
6.8880	5635
6.8920	6107
6.8960	6072
6.9000	6434
6.9040	6272
6.9080	5555
6.9120	5598
6.9160	6221
6.9200	5748
6.9240	5621
6.9280	6499
6.9320	6389
6.9360	6675
6.9400	6266
6.9440	5834
6.9480	6090
6.9520	6430
6.9560	5791
6.9600	6111
6.9640	5849
6.9680	6108
6.9720	6284
6.9760	6233
6.9800	6505
6.9840	5518
6.9880	5762
6.9920	6204
6.9960	6279
7.0000	6304
7.0040	6565
7.0080	5946
7.0120	6384
7.0160	5978
7.0200	5878
7.0240	6207
7.0280	6700
7.0320	6341
7.0360	6510
7.0400	6378
7.0440	6146
7.0480	6569
7.0520	5824
7.0560	5743
7.0600	6351
7.0640	6340
7.0680	5967
7.0720	6160
7.0760	6112
7.0800	5843
7.0840	6138
7.0880	5526
7.0920	6098
7.0960	6099
7.1000	6200
7.1040	6093
7.1080	6249
7.1120	6287
7.1160	6142
7.1200	6200
7.1240	6021
7.1280	5604
7.1320	6443
7.1360	6258
7.1400	6225
7.1440	6397
7.1480	6466
7.1520	6458
7.1560	6238
7.1600	5921
7.1640	5696
7.1680	6514
7.1720	5601
7.1760	6385
7.1800	6482
7.1840	6364
7.1880	6252
7.1920	6642
7.1960	6103
7.2000	5788
7.2040	6205
7.2080	6505
7.2120	6531
7.2160	6532
7.2200	6252
7.2240	5794
7.2280	6463
7.2320	5732
7.2360	5600
7.2400	6253
7.2440	6075
7.2480	6125
7.2520	6259
7.2560	6302
7.2600	5991
7.2640	6440
7.2680	5559
7.2720	5617
7.2760	5663
7.2800	5960
7.2840	5909
7.2880	6442
7.2920	5745
7.2960	6008
7.3000	6143
7.3040	5689
7.3080	5461
7.3120	6385
7.3160	6430
7.3200	5790
7.3240	6419
7.3280	5944
7.3320	6046
7.3360	5944
7.3400	6033
7.3440	6230
7.3480	6585
7.3520	5688
7.3560	5851
7.3600	5965
7.3640	6580
7.3680	6120
7.3720	6563
7.3760	5679
7.3800	6062
7.3840	6622
7.3880	6028
7.3920	5703
7.3960	6420
7.4000	6345
7.4040	6448
7.4080	6459
7.4120	6410
7.4160	5999
7.4200	5469
7.4240	5744
7.4280	6052
7.4320	6213
7.4360	6081
7.4400	6449
7.4440	5569
7.4480	5469
7.4520	6174
7.4560	5505
7.4600	5814
7.4640	6057
7.4680	5765
7.4720	6138
7.4760	6039
7.4800	5651
7.4840	5813
7.4880	6261
7.4920	6129
7.4960	5745
7.5000	6331
7.5040	5801
7.5080	5677
7.5120	6364
7.5160	5787
7.5200	6790
7.5240	6115
7.5280	5707
7.5320	6149
7.5360	6105
7.5400	5885
7.5440	6602
7.5480	6706
7.5520	6676
7.5560	6538
7.5600	6577
7.5640	5752
7.5680	6057
7.5720	6532
7.5760	5740
7.5800	6394
7.5840	6528
7.5880	6083
7.5920	6230
7.5960	5780
7.6000	5589
7.6040	6383
7.6080	6240
7.6120	6101
7.6160	6060
7.6200	6256
7.6240	6564
7.6280	6096
7.6320	5846
7.6360	6291
7.6400	6271
7.6440	5948
7.6480	6432
7.6520	6323
7.6560	6447
7.6600	6427
7.6640	6361
7.6680	5639
7.6720	5850
7.6760	5977
7.6800	6289
7.6840	6507
7.6880	5665
7.6920	6179
7.6960	5870
7.7000	5906
7.7040	5876
7.7080	5728
7.7120	6119
7.7160	6272
7.7200	6138
7.7240	6614
7.7280	6670
7.7320	6539
7.7360	6542
7.7400	6633
7.7440	5646
7.7480	5989
7.7520	6507
7.7560	6091
7.7600	5745
7.7640	6321
7.7680	6082
7.7720	6413
7.7760	6084
7.7800	6178
7.7840	6290
7.7880	6329
7.7920	6366
7.7960	5903
7.8000	5571
7.8040	6503
7.8080	6223
7.8120	5934
7.8160	6209
7.8200	5909
7.8240	5684
7.8280	6426
7.8320	5811
7.8360	6141
7.8400	6328
7.8440	6549
7.8480	6500
7.8520	6057
7.8560	6392
7.8600	5790
7.8640	6333
7.8680	5818
7.8720	6157
7.8760	6219
7.8800	6434
7.8840	5554
7.8880	6297
7.8920	6153
7.8960	5971
7.9000	6402
7.9040	6748
7.9080	6662
7.9120	6721
7.9160	6590
7.9200	5833
7.9240	5556
7.9280	6310
7.9320	5893
7.9360	6253
7.9400	6347
7.9440	6276
7.9480	6326
7.9520	5696
7.9560	5838
7.9600	5999
7.9640	6171
7.9680	5834
7.9720	6133
7.9760	6175
7.9800	6352
7.9840	6491
7.9880	6088
7.9920	5814
7.9960	5964
8.0000	6731
8.0040	6079
8.0080	6474
8.0120	6371
8.0160	6383
8.0200	6441
8.0240	5982
8.0280	5765
8.0320	6257
8.0360	6237
8.0400	6360
8.0440	6313
8.0480	6194
8.0520	6565
8.0560	6459
8.0600	6186
8.0640	5811
8.0680	6362
8.0720	6350
8.0760	6428
8.0800	6737
8.0840	6479
8.0880	6710
8.0920	6145
8.0960	5782
8.1000	5695
8.1040	6420
8.1080	6528
8.1120	6095
8.1160	6104
8.1200	6155
8.1240	6336
8.1280	5803
8.1320	5982
8.1360	6465
8.1400	6256
8.1440	6115
8.1480	6260
8.1520	5939
8.1560	6252
8.1600	6061
8.1640	6322
8.1680	5458
8.1720	6366
8.1760	6003
8.1800	6080
8.1840	6265
8.1880	6462
8.1920	6273
8.1960	6349
8.2000	6352
8.2040	6236
8.2080	6236
8.2120	6061
8.2160	5884
8.2200	6108
8.2240	6424
8.2280	5952
8.2320	6636
8.2360	6084
8.2400	6588
8.2440	6573
8.2480	6596
8.2520	6003
8.2560	6342
8.2600	6624
8.2640	6162
8.2680	6602
8.2720	6371
8.2760	6402
8.2800	6544
8.2840	6236
8.2880	5667
8.2920	5706
8.2960	6324
8.3000	5884
8.3040	6011
8.3080	6153
8.3120	6283
8.3160	6258
8.3200	6296
8.3240	5790
8.3280	5740
8.3320	5803
8.3360	6440
8.3400	6282
8.3440	6469
8.3480	5788
8.3520	6231
8.3560	6177
8.3600	5829
8.3640	5783
8.3680	5970
8.3720	6006
8.3760	6031
8.3800	6380
8.3840	5989
8.3880	6096
8.3920	6352
8.3960	5957
8.4000	5580
8.4040	6135
8.4080	5573
8.4120	5847
8.4160	5894
8.4200	6486
8.4240	5689
8.4280	6456
8.4320	5763
8.4360	5926
8.4400	6559
8.4440	6594
8.4480	6052
8.4520	5793
8.4560	6314
8.4600	6291
8.4640	6482
8.4680	5824
8.4720	5665
8.4760	6335
8.4800	5892
8.4840	5625
8.4880	5754
8.4920	6189
8.4960	5917
8.5000	6285
8.5040	5784
8.5080	5682
8.5120	6158
8.5160	6233
8.5200	5747
8.5240	5658
8.5280	6333
8.5320	6171
8.5360	6181
8.5400	6347
8.5440	6423
8.5480	6398
8.5520	6235
8.5560	5811
8.5600	5849
8.5640	6500
8.5680	5825
8.5720	6381
8.5760	5952
8.5800	6377
8.5840	6619
8.5880	5631
8.5920	6017
8.5960	6160
8.6000	6573
8.6040	6380
8.6080	6467
8.6120	6598
8.6160	6720
8.6200	6531
8.6240	5871
8.6280	5878
8.6320	6447
8.6360	5941
8.6400	6457
8.6440	5764
8.6480	5612
8.6520	6395
8.6560	6211
8.6600	6187
8.6640	6142
8.6680	6398
8.6720	6309
8.6760	6428
8.6800	6428
8.6840	5987
8.6880	6281
8.6920	6383
8.6960	5820
8.7000	5357
8.7040	6496
8.7080	6160
8.7120	6483
8.7160	6295
8.7200	6710
8.7240	5701
8.7280	5642
8.7320	6233
8.7360	6503
8.7400	6536
8.7440	6442
8.7480	6495
8.7520	6277
8.7560	6291
8.7600	6534
8.7640	5982
8.7680	5685
8.7720	6420
8.7760	6332
8.7800	6762
8.7840	6295
8.7880	6756
8.7920	6629
8.7960	6653
8.8000	6583
8.8040	6289
8.8080	5761
8.8120	5983
8.8160	6150
8.8200	6270
8.8240	6572
8.8280	6003
8.8320	6168
8.8360	6123
8.8400	6202
8.8440	6130
8.8480	5705
8.8520	5909
8.8560	6502
8.8600	6520
8.8640	6217
8.8680	6185
8.8720	6039
8.8760	6450
8.8800	6374
8.8840	6710
8.8880	5570
8.8920	5854
8.8960	6574
8.9000	6564
8.9040	5795
8.9080	5893
8.9120	6500
8.9160	6250
8.9200	6564
8.9240	6412
8.9280	6160
8.9320	5938
8.9360	6687
8.9400	5916
8.9440	6248
8.9480	6210
8.9520	5965
8.9560	6296
8.9600	6503
8.9640	6543
8.9680	6600
8.9720	6660
8.9760	6184
8.9800	6236
8.9840	6483
8.9880	5944
8.9920	5960
8.9960	6503
9.0000	6253
9.0040	6401
9.0080	6286
9.0120	5528
9.0160	5461
9.0200	6217
9.0240	5525
9.0280	5616
9.0320	6376
9.0360	6218
9.0400	6621
9.0440	6328
9.0480	5972
9.0520	5635
9.0560	6215
9.0600	5803
9.0640	5950
9.0680	6367
9.0720	6404
9.0760	6293
9.0800	6007
9.0840	5590
9.0880	5842
9.0920	6554
9.0960	5641
9.1000	6346
9.1040	6179
9.1080	6598
9.1120	6271
9.1160	6198
9.1200	5997
9.1240	5811
9.1280	6201
9.1320	5904
9.1360	6589
9.1400	6244
9.1440	6594
9.1480	6041
9.1520	6472
9.1560	6144
9.1600	5856
9.1640	6420
9.1680	5810
9.1720	6301
9.1760	6132
9.1800	6338
9.1840	6291
9.1880	5982
9.1920	6148
9.1960	5691
9.2000	6296
9.2040	6124
9.2080	6267
9.2120	6187
9.2160	6147
9.2200	6178
9.2240	5615
9.2280	6095
9.2320	5757
9.2360	6628
9.2400	6247
9.2440	6145
9.2480	6134
9.2520	5778
9.2560	6298
9.2600	5743
9.2640	5763
9.2680	5926
9.2720	6241
9.2760	6117
9.2800	6496
9.2840	6027
9.2880	5795
9.2920	6449
9.2960	5789
9.3000	6319
9.3040	5926
9.3080	6586
9.3120	6673
9.3160	6467
9.3200	6781
9.3240	6465
9.3280	6558
9.3320	5948
9.3360	6209
9.3400	6132
9.3440	5811
9.3480	6051
9.3520	6413
9.3560	6100
9.3600	6133
9.3640	6314
9.3680	5740
9.3720	5669
9.3760	6393
9.3800	6013
9.3840	5636
9.3880	5903
9.3920	6388
9.3960	6128
9.4000	6311
9.4040	5971
9.4080	6407
9.4120	5513
9.4160	6031
9.4200	5623
9.4240	5967
9.4280	6279
9.4320	6024
9.4360	6280
9.4400	6411
9.4440	6454
9.4480	6150
9.4520	5715
9.4560	5596
9.4600	6626
9.4640	6226
9.4680	6673
9.4720	6316
9.4760	6487
9.4800	6690
9.4840	6324
9.4880	5662
9.4920	5810
9.4960	6190
9.5000	6782
9.5040	6583
9.5080	6388
9.5120	6616
9.5160	6573
9.5200	6592
9.5240	5764
9.5280	5771
9.5320	6124
9.5360	6064
9.5400	6404
9.5440	6343
9.5480	6237
9.5520	6372
9.5560	6361
9.5600	5763
9.5640	5688
9.5680	6122
9.5720	6528
9.5760	5939
9.5800	6624
9.5840	5704
9.5880	6543
9.5920	5736
9.5960	6050
9.6000	5898
9.6040	6022
9.6080	6352
9.6120	6356
9.6160	6525
9.6200	6349
9.6240	6377
9.6280	5777
9.6320	6340
9.6360	5449
9.6400	6787
9.6440	5916
9.6480	6571
9.6520	5912
9.6560	6682
9.6600	6371
9.6640	6627
9.6680	5788
9.6720	5935
9.6760	6430
9.6800	6816
9.6840	6447
9.6880	6459
9.6920	6227
9.6960	6319
9.7000	6032
9.7040	5561
9.7080	5797
9.7120	5978
9.7160	5816
9.7200	6098
9.7240	6356
9.7280	5679
9.7320	5820
9.7360	6037
9.7400	5574
9.7440	6110
9.7480	6080
9.7520	5788
9.7560	5627
9.7600	6674
9.7640	5689
9.7680	6009
9.7720	6333
9.7760	6092
9.7800	5677
9.7840	6637
9.7880	5912
9.7920	5911
9.7960	6232
9.8000	5818
9.8040	5727
9.8080	6224
9.8120	6605
9.8160	6464
9.8200	6378
9.8240	5898
9.8280	6611
9.8320	5876
9.8360	6455
9.8400	5846
9.8440	6416
9.8480	6406
9.8520	6571
9.8560	6642
9.8600	5993
9.8640	6006
9.8680	6177
9.8720	6548
9.8760	6449
9.8800	6562
9.8840	6102
9.8880	5700
9.8920	6437
9.8960	5797
9.9000	5951
9.9040	5606
9.9080	6304
9.9120	6278
9.9160	5811
9.9200	6100
9.9240	6359
9.9280	6096
9.9320	5831
9.9360	6153
9.9400	6214
9.9440	5586
9.9480	6265
9.9520	6223
9.9560	6650
9.9600	6429
9.9640	6357
9.9680	5616
9.9720	6346
9.9760	6241
9.9800	6426
9.9840	6262
9.9880	5941
9.9920	6611
9.9960	6440
10.0000	6127
10.0040	6065
10.0080	6593
10.0120	6597
10.0160	6344
10.0200	6116
10.0240	5856
10.0280	5854
10.0320	6475
10.0360	6535
10.0400	6224
10.0440	6342
10.0480	6437
10.0520	6163
10.0560	5955
10.0600	6431
10.0640	6521
10.0680	5745
10.0720	6078
10.0760	6332
10.0800	6178
10.0840	5785
10.0880	6330
10.0920	6290
10.0960	6471
10.1000	6261
10.1040	6234
10.1080	5526
10.1120	5892
10.1160	6330
10.1200	6625
10.1240	6259
10.1280	6431
10.1320	6331
10.1360	5723
10.1400	5552
10.1440	5893
10.1480	6312
10.1520	6324
10.1560	6549
10.1600	6166
10.1640	6010
10.1680	6196
10.1720	6665
10.1760	6248
10.1800	6154
10.1840	6364
10.1880	6515
10.1920	5916
10.1960	6443
10.2000	6789
10.2040	6507
10.2080	6387
10.2120	6510
10.2160	6233
10.2200	6290
10.2240	6463
10.2280	6302
10.2320	5888
10.2360	5812
10.2400	6313
10.2440	6362
10.2480	5683
10.2520	5837
10.2560	5897
10.2600	6315
10.2640	6339
10.2680	5758
10.2720	5636
10.2760	6282
10.2800	6197
10.2840	5616
10.2880	5484
10.2920	6309
10.2960	5769
10.3000	6100
10.3040	5363
10.3080	6050
10.3120	6162
10.3160	5880
10.3200	5519
10.3240	5555
10.3280	6427
10.3320	5825
10.3360	6501
10.3400	5451
10.3440	5887
10.3480	6233
10.3520	5899
10.3560	6197
10.3600	5800
10.3640	6131
10.3680	6434
10.3720	6236
10.3760	5997
10.3800	6555
10.3840	6616
10.3880	6010
10.3920	6384
10.3960	6268
10.4000	6516
10.4040	5824
10.4080	6034
10.4120	6079
10.4160	6161
10.4200	6178
10.4240	5571
10.4280	5913
10.4320	5686
10.4360	5642
10.4400	6094
10.4440	5802
10.4480	5876
10.4520	6162
10.4560	5928
10.4600	6022
10.4640	6165
10.4680	5536
10.4720	5915
10.4760	5635
10.4800	6025
10.4840	6130
10.4880	5839
10.4920	6399
10.4960	5804
10.5000	5750
10.5040	5605
10.5080	6048
10.5120	6392
10.5160	6215
10.5200	5895
10.5240	6563
10.5280	6459
10.5320	5847
10.5360	6003
10.5400	6772
10.5440	5808
10.5480	5814
10.5520	6088
10.5560	6695
10.5600	6521
10.5640	6432
10.5680	6148
10.5720	5877
10.5760	6301
10.5800	6608
10.5840	6436
10.5880	5737
10.5920	6466
10.5960	6455
10.6000	5864
10.6040	5901
10.6080	6379
10.6120	6368
10.6160	5935
10.6200	6375
10.6240	6043
10.6280	5719
10.6320	5805
10.6360	6061
10.6400	5550
10.6440	5945
10.6480	6262
10.6520	6427
10.6560	5962
10.6600	6287
10.6640	5986
10.6680	5986
10.6720	5785
10.6760	6174
10.6800	6010
10.6840	5632
10.6880	5873
10.6920	6431
10.6960	6405
10.7000	6265
10.7040	6467
10.7080	5650
10.7120	5989
10.7160	5841
10.7200	6694
10.7240	6463
10.7280	6620
10.7320	6691
10.7360	6590
10.7400	5891
10.7440	5907
10.7480	5827
10.7520	6318
10.7560	6489
10.7600	6303
10.7640	5773
10.7680	6161
10.7720	6564
10.7760	6026
10.7800	5650
10.7840	6645
10.7880	6336
10.7920	6081
10.7960	5885
10.8000	5746
10.8040	5637
10.8080	6465
10.8120	6324
10.8160	6105
10.8200	6243
10.8240	6620
10.8280	6075
10.8320	5607
10.8360	6136
10.8400	6703
10.8440	6424
10.8480	5864
10.8520	5667
10.8560	5647
10.8600	6441
10.8640	6149
10.8680	6203
10.8720	6184
10.8760	6594
10.8800	6275
10.8840	5823
10.8880	5783
10.8920	6487
10.8960	6410
10.9000	6448
10.9040	6204
10.9080	6458
10.9120	5901
10.9160	6636
10.9200	5806
10.9240	6332
10.9280	5866
10.9320	6604
10.9360	6432
10.9400	6130
10.9440	6482
10.9480	6117
10.9520	6447
10.9560	5505
10.9600	5550
10.9640	6313
10.9680	6064
10.9720	5509
10.9760	5570
10.9800	6188
10.9840	5862
10.9880	6191
10.9920	5989
10.9960	6287
11.0000	5794
11.0040	5728
11.0080	5528
11.0120	5869
11.0160	6291
11.0200	5642
11.0240	6349
11.0280	5584
11.0320	6094
11.0360	6484
11.0400	5680
11.0440	6215
11.0480	5680
11.0520	6329
11.0560	6364
11.0600	6381
11.0640	5984
11.0680	6236
11.0720	6469
11.0760	5816
11.0800	6453
11.0840	5741
11.0880	6586
11.0920	6166
11.0960	6379
11.1000	5998
11.1040	6614
11.1080	6638
11.1120	5925
11.1160	5719
11.1200	5587
11.1240	6172
11.1280	6426
11.1320	6283
11.1360	6329
11.1400	6388
11.1440	6225
11.1480	5679
11.1520	5612
11.1560	5564
11.1600	6023
11.1640	5783
11.1680	5745
11.1720	5617
11.1760	6650
11.1800	6285
11.1840	5992
11.1880	5268
11.1920	5843
11.1960	6242
11.2000	6465
11.2040	5979
11.2080	5977
11.2120	6357
11.2160	6151
11.2200	6131
11.2240	5799
11.2280	6118
11.2320	5890
11.2360	6428
11.2400	6056
11.2440	6226
11.2480	5956
11.2520	6218
11.2560	5785
11.2600	5930
11.2640	6166
11.2680	6570
11.2720	6458
11.2760	6618
11.2800	6296
11.2840	5715
11.2880	5775
11.2920	5972
11.2960	5651
11.3000	6237
11.3040	6282
11.3080	6365
11.3120	5997
11.3160	6305
11.3200	6197
11.3240	5811
11.3280	5509
11.3320	5510
11.3360	5506
11.3400	5911
11.3440	6009
11.3480	6578
11.3520	6300
11.3560	6596
11.3600	6265
11.3640	5643
11.3680	5812
11.3720	5991
11.3760	5755
11.3800	5695
11.3840	6257
11.3880	6428
11.3920	6546
11.3960	6322
11.4000	6435
11.4040	5543
11.4080	6355
11.4120	5889
11.4160	6013
11.4200	5938
11.4240	6792
11.4280	6288
11.4320	5882
11.4360	5822
11.4400	6675
11.4440	6246
11.4480	6121
11.4520	6134
11.4560	5788
11.4600	5809
11.4640	5969
11.4680	6407
11.4720	6458
11.4760	6213
11.4800	5979
11.4840	5685
11.4880	6222
11.4920	5703
11.4960	6099
11.5000	5738
11.5040	5640
11.5080	6187
11.5120	6218
11.5160	5871
11.5200	6018
11.5240	5941
11.5280	5766
11.5320	5854
11.5360	6269
11.5400	5534
11.5440	6067
11.5480	6212
11.5520	6621
11.5560	5735
11.5600	5731
11.5640	6155
11.5680	5715
11.5720	6059
11.5760	5821
11.5800	6249
11.5840	6341
11.5880	6566
11.5920	6036
11.5960	6013
11.6000	5790
11.6040	6522
11.6080	5684
11.6120	5789
11.6160	6421
11.6200	6707
11.6240	5872
11.6280	5868
11.6320	6519
11.6360	6543
11.6400	6117
11.6440	5874
11.6480	5970
11.6520	5568
11.6560	6499
11.6600	6191
11.6640	5513
11.6680	6171
11.6720	5825
11.6760	6319
11.6800	5822
11.6840	6039
11.6880	6020
11.6920	6242
11.6960	5557
11.7000	5793
11.7040	5846
11.7080	6529
11.7120	6136
11.7160	6478
11.7200	5547
11.7240	5918
11.7280	6307
11.7320	5789
11.7360	5815
11.7400	6020
11.7440	6415
11.7480	6332
11.7520	6038
11.7560	6482
11.7600	6731
11.7640	5767
11.7680	6432
11.7720	5693
11.7760	5989
11.7800	6258
11.7840	6730
11.7880	5840
11.7920	6210
11.7960	6395
11.8000	6683
11.8040	6389
11.8080	6424
11.8120	6237
11.8160	6399
11.8200	6133
11.8240	6525
11.8280	6569
11.8320	6419
11.8360	6110
11.8400	5754
11.8440	5549
11.8480	5733
11.8520	6445
11.8560	6322
11.8600	5551
11.8640	5623
11.8680	6269
11.8720	6385
11.8760	5933
11.8800	6166
11.8840	5609
11.8880	5650
11.8920	5680
11.8960	6140
11.9000	6023
11.9040	6432
11.9080	6497
11.9120	6138
11.9160	5672
11.9200	6307
11.9240	6315
11.9280	5497
11.9320	6043
11.9360	6358
11.9400	6699
11.9440	5728
11.9480	6019
11.9520	5729
11.9560	5762
11.9600	6435
11.9640	6554
11.9680	6085
11.9720	6679
11.9760	6734
11.9800	5820
11.9840	5932
11.9880	6181
11.9920	6586
11.9960	6279
12.0000	6113
12.0040	6434
12.0080	6131
12.0120	6000
12.0160	6019
12.0200	5583
12.0240	5661
12.0280	6165
12.0320	6051
12.0360	5830
12.0400	6494
12.0440	6034
12.0480	6158
12.0520	5763
12.0560	5732
12.0600	6110
12.0640	5428
12.0680	5909
12.0720	5873
12.0760	6329
12.0800	6309
12.0840	6421
12.0880	6404
12.0920	5690
12.0960	5642
12.1000	5692
12.1040	5956
12.1080	6093
12.1120	5839
12.1160	6239
12.1200	5926
12.1240	5702
12.1280	5872
12.1320	5754
12.1360	5836
12.1400	5819
12.1440	5999
12.1480	6407
12.1520	6292
12.1560	6154
12.1600	5835
12.1640	6565
12.1680	6021
12.1720	6556
12.1760	6572
12.1800	5743
12.1840	6272
12.1880	6017
12.1920	6388
12.1960	5633
12.2000	5750
12.2040	5479
12.2080	5810
12.2120	6260
12.2160	5784
12.2200	6300
12.2240	6267
12.2280	6254
12.2320	6588
12.2360	6353
12.2400	5892
12.2440	6136
12.2480	6392
12.2520	5522
12.2560	6293
12.2600	6469
12.2640	6382
12.2680	6358
12.2720	6565
12.2760	6048
12.2800	6384
12.2840	6449
12.2880	5627
12.2920	6262
12.2960	5567
12.3000	6323
12.3040	6276
12.3080	6510
12.3120	6358
12.3160	6437
12.3200	6366
12.3240	5950
12.3280	6644
12.3320	6643
12.3360	5953
12.3400	6650
12.3440	6206
12.3480	6563
12.3520	5693
12.3560	5976
12.3600	6271
12.3640	5588
12.3680	5963
12.3720	5778
12.3760	6236
12.3800	5985
12.3840	6153
12.3880	5702
12.3920	5920
12.3960	5839
12.4000	5662
12.4040	5621
12.4080	5732
12.4120	6497
12.4160	6378
12.4200	6529
12.4240	5607
12.4280	5981
12.4320	5945
12.4360	6047
12.4400	6081
12.4440	6106
12.4480	6301
12.4520	5807
12.4560	6567
12.4600	5584
12.4640	5799
12.4680	5615
12.4720	5904
12.4760	5964
12.4800	6219
12.4840	5889
12.4880	6317
12.4920	6048
12.4960	6408
12.5000	5801
12.5040	6354
12.5080	5954
12.5120	6457
12.5160	6543
12.5200	6295
12.5240	6114
12.5280	5842
12.5320	6543
12.5360	6502
12.5400	6261
12.5440	5743
12.5480	6390
12.5520	6087
12.5560	5705
12.5600	6254
12.5640	6174
12.5680	6023
12.5720	6492
12.5760	6611
12.5800	5631
12.5840	6357
12.5880	5764
12.5920	5870
12.5960	5606
12.6000	6262
12.6040	5602
12.6080	5906
12.6120	6296
12.6160	6782
12.6200	5828
12.6240	6373
12.6280	6038
12.6320	6044
12.6360	6079
12.6400	6431
12.6440	5824
12.6480	6255
12.6520	5787
12.6560	5747
12.6600	5932
12.6640	5998
12.6680	6139
12.6720	6031
12.6760	5838
12.6800	6309
12.6840	5888
12.6880	6049
12.6920	5918
12.6960	6258
12.7000	5844
12.7040	6598
12.7080	5943
12.7120	6569
12.7160	6338
12.7200	6112
12.7240	6437
12.7280	5864
12.7320	5586
12.7360	5923
12.7400	5798
12.7440	6028
12.7480	5824
12.7520	6088
12.7560	5899
12.7600	6150
12.7640	6229
12.7680	6214
12.7720	5964
12.7760	5975
12.7800	6009
12.7840	5713
12.7880	6266
12.7920	5961
12.7960	5833
12.8000	6234
12.8040	6423
12.8080	5877
12.8120	5942
12.8160	5854
12.8200	6141
12.8240	6247
12.8280	5491
12.8320	6498
12.8360	6366
12.8400	5998
12.8440	5799
12.8480	5877
12.8520	6145
12.8560	6261
12.8600	6135
12.8640	5950
12.8680	5753
12.8720	6558
12.8760	6576
12.8800	5714
12.8840	5864
12.8880	6009
12.8920	5736
12.8960	5819
12.9000	5822
12.9040	6053
12.9080	6233
12.9120	6292
12.9160	5634
12.9200	6424
12.9240	5825
12.9280	6080
12.9320	5917
12.9360	5727
12.9400	5724
12.9440	6445
12.9480	6228
12.9520	6603
12.9560	5757
12.9600	6102
12.9640	5742
12.9680	6413
12.9720	6391
12.9760	5832
12.9800	5962
12.9840	5485
12.9880	6204
12.9920	6037
12.9960	5831
13.0000	6279
13.0040	6260
13.0080	6551
13.0120	6365
13.0160	5687
13.0200	5987
13.0240	6173
13.0280	6068
13.0320	6265
13.0360	5990
13.0400	6824
13.0440	6348
13.0480	6160
13.0520	6592
13.0560	6474
13.0600	6305
13.0640	6434
13.0680	6113
13.0720	6453
13.0760	6320
13.0800	5627
13.0840	6057
13.0880	5588
13.0920	5959
13.0960	5732
13.1000	5916
13.1040	6116
13.1080	5756
13.1120	6344
13.1160	6155
13.1200	6203
13.1240	5913
13.1280	6389
13.1320	6573
13.1360	6068
13.1400	6065
13.1440	6086
13.1480	6405
13.1520	5751
13.1560	6391
13.1600	6025
13.1640	6044
13.1680	6530
13.1720	5642
13.1760	5812
13.1800	6186
13.1840	6665
13.1880	6250
13.1920	6380
13.1960	5721
13.2000	6021
13.2040	5805
13.2080	6529
13.2120	5747
13.2160	6455
13.2200	6162
13.2240	6654
13.2280	6525
13.2320	6286
13.2360	5977
13.2400	6187
13.2440	5741
13.2480	5778
13.2520	6267
13.2560	5659
13.2600	6153
13.2640	6329
13.2680	5853
13.2720	6099
13.2760	5480
13.2800	6459
13.2840	5990
13.2880	6305
13.2920	5696
13.2960	5742
13.3000	5878
13.3040	6624
13.3080	5782
13.3120	6178
13.3160	6325
13.3200	6715
13.3240	5678
13.3280	5969
13.3320	5674
13.3360	5627
13.3400	5988
13.3440	5641
13.3480	5815
13.3520	5996
13.3560	6330
13.3600	5836
13.3640	6003
13.3680	5606
13.3720	5953
13.3760	5791
13.3800	5850
13.3840	6403
13.3880	6640
13.3920	5958
13.3960	5870
13.4000	5805
13.4040	5719
13.4080	5764
13.4120	5802
13.4160	5665
13.4200	6325
13.4240	6267
13.4280	6153
13.4320	5917
13.4360	5572
13.4400	6168
13.4440	6238
13.4480	5928
13.4520	5991
13.4560	6383
13.4600	6463
13.4640	6246
13.4680	6226
13.4720	5502
13.4760	6504
13.4800	6257
13.4840	6471
13.4880	5541
13.4920	6615
13.4960	6394
13.5000	5921
13.5040	6126
13.5080	6155
13.5120	5895
13.5160	6414
13.5200	6488
13.5240	5908
13.5280	6236
13.5320	6620
13.5360	6639
13.5400	5954
13.5440	6229
13.5480	5833
13.5520	6341
13.5560	6669
13.5600	6447
13.5640	5821
13.5680	5766
13.5720	6139
13.5760	6620
13.5800	6613
13.5840	6255
13.5880	5757
13.5920	6409
13.5960	6647
13.6000	5788
13.6040	5622
13.6080	5738
13.6120	6176
13.6160	6351
13.6200	6035
13.6240	5511
13.6280	5891
13.6320	6094
13.6360	6062
13.6400	6269
13.6440	5669
13.6480	6124
13.6520	6371
13.6560	6225
13.6600	5516
13.6640	5929
13.6680	5843
13.6720	6240
13.6760	6065
13.6800	6626
13.6840	5602
13.6880	6103
13.6920	5785
13.6960	5510
13.7000	6513
13.7040	6410
13.7080	6376
13.7120	6474
13.7160	6094
13.7200	6221
13.7240	6600
13.7280	6333
13.7320	5734
13.7360	5989
13.7400	6786
13.7440	5985
13.7480	6700
13.7520	6692
13.7560	6023
13.7600	6157
13.7640	6264
13.7680	5630
13.7720	5735
13.7760	6501
13.7800	6618
13.7840	5610
13.7880	6042
13.7920	5670
13.7960	5690
13.8000	5440
13.8040	6003
13.8080	5660
13.8120	6482
13.8160	6139
13.8200	5897
13.8240	5471
13.8280	5735
13.8320	5512
13.8360	6168
13.8400	5776
13.8440	6080
13.8480	6492
13.8520	5909
13.8560	6126
13.8600	5874
13.8640	6290
13.8680	5671
13.8720	6397
13.8760	5783
13.8800	6362
13.8840	6320
13.8880	6021
13.8920	6021
13.8960	6019
13.9000	6295
13.9040	5967
13.9080	5828
13.9120	5927
13.9160	6595
13.9200	6436
13.9240	6274
13.9280	6650
13.9320	6476
13.9360	5916
13.9400	6618
13.9440	5960
13.9480	5656
13.9520	5832
13.9560	5871
13.9600	5839
13.9640	5785
13.9680	5512
13.9720	5555
13.9760	5580
13.9800	5751
13.9840	6256
13.9880	6104
13.9920	6031
13.9960	5621
14.0000	5832
14.0040	5618
14.0080	5860
14.0120	5563
14.0160	5766
14.0200	5594
14.0240	6354
14.0280	6102
14.0320	6273
14.0360	5730
14.0400	5922
14.0440	6674
14.0480	6448
14.0520	5685
14.0560	6062
14.0600	6307
14.0640	6305
14.0680	6456
14.0720	5598
14.0760	5936
14.0800	6418
14.0840	6633
14.0880	5901
14.0920	6530
14.0960	6525
14.1000	6208
14.1040	6157
14.1080	5895
14.1120	6154
14.1160	6579
14.1200	6421
14.1240	5946
14.1280	5715
14.1320	6511
14.1360	6450
14.1400	5435
14.1440	5607
14.1480	5580
14.1520	5823
14.1560	6310
14.1600	5977
14.1640	5642
14.1680	5376
14.1720	5971
14.1760	6083
14.1800	6000
14.1840	5409
14.1880	6247
14.1920	6116
14.1960	5951
14.2000	5612
14.2040	5898
14.2080	5537
14.2120	5981
14.2160	6452
14.2200	5573
14.2240	6365
14.2280	6299
14.2320	6047
14.2360	5528
14.2400	5879
14.2440	5740
14.2480	6404
14.2520	6435
14.2560	6033
14.2600	6245
14.2640	6227
14.2680	5838
14.2720	6715
14.2760	6150
14.2800	5812
14.2840	5945
14.2880	5832
14.2920	6622
14.2960	6658
14.3000	6387
14.3040	5616
14.3080	6145
14.3120	5650
14.3160	5477
14.3200	6452
14.3240	6283
14.3280	6149
14.3320	5544
14.3360	6110
14.3400	5755
14.3440	5730
14.3480	5373
14.3520	5778
14.3560	6390
14.3600	6567
14.3640	5840
14.3680	6075
14.3720	6231
14.3760	6015
14.3800	5656
14.3840	6149
14.3880	5695
14.3920	5916
14.3960	6091
14.4000	5519
14.4040	6480
14.4080	6309
14.4120	6736
14.4160	6284
14.4200	6203
14.4240	5544
14.4280	6547
14.4320	6083
14.4360	5789
14.4400	6569
14.4440	6503
14.4480	6228
14.4520	6156
14.4560	6469
14.4600	6270
14.4640	6320
14.4680	6214
14.4720	6211
14.4760	6566
14.4800	6071
14.4840	5544
14.4880	6198
14.4920	6115
14.4960	5904
14.5000	6311
14.5040	5995
14.5080	5579
14.5120	5670
14.5160	6072
14.5200	5649
14.5240	6279
14.5280	5842
14.5320	6334
14.5360	6189
14.5400	6672
14.5440	5742
14.5480	5667
14.5520	5597
14.5560	6148
14.5600	6353
14.5640	6673
14.5680	5946
14.5720	5699
14.5760	5733
14.5800	5707
14.5840	6181
14.5880	5968
14.5920	6006
14.5960	6371
14.6000	6530
14.6040	6208
14.6080	6219
14.6120	6073
14.6160	5766
14.6200	5749
14.6240	5884
14.6280	5775
14.6320	6000
14.6360	5903
14.6400	5754
14.6440	6222
14.6480	6427
14.6520	6498
14.6560	5866
14.6600	5766
14.6640	5814
14.6680	5558
14.6720	5567
14.6760	5684
14.6800	5648
14.6840	5859
14.6880	6075
14.6920	5728
14.6960	5764
14.7000	5701
14.7040	5714
14.7080	5457
14.7120	5795
14.7160	5681
14.7200	6101
14.7240	5803
14.7280	5919
14.7320	5783
14.7360	6226
14.7400	6371
14.7440	5627
14.7480	6427
14.7520	6407
14.7560	6003
14.7600	5807
14.7640	6569
14.7680	6345
14.7720	6557
14.7760	6060
14.7800	6112
14.7840	5760
14.7880	6487
14.7920	6030
14.7960	6114
14.8000	6006
14.8040	6555
14.8080	6223
14.8120	6313
14.8160	5886
14.8200	6128
14.8240	6400
14.8280	6225
14.8320	5771
14.8360	5810
14.8400	5938
14.8440	6307
14.8480	6094
14.8520	5793
14.8560	5491
14.8600	6123
14.8640	5645
14.8680	6419
14.8720	6294
14.8760	5775
14.8800	6347
14.8840	6688
14.8880	5962
14.8920	5671
14.8960	5623
14.9000	5784
14.9040	6187
14.9080	6584
14.9120	5606
14.9160	6279
14.9200	5682
14.9240	5683
14.9280	6240
14.9320	6151
14.9360	6182
14.9400	6308
14.9440	6113
14.9480	5930
14.9520	6782
14.9560	5725
14.9600	5909
14.9640	5845
14.9680	6483
14.9720	5919
14.9760	6627
14.9800	5748
14.9840	6701
14.9880	6306
14.9920	6225
14.9960	6015
15.0000	5949
15.0040	6322
15.0080	5764
15.0120	5526
15.0160	5745
15.0200	5874
15.0240	5572
15.0280	5828
15.0320	5453
15.0360	6295
15.0400	6051
15.0440	5647
15.0480	5832
15.0520	5938
15.0560	6324
15.0600	5515
15.0640	6112
15.0680	5628
15.0720	6578
15.0760	6296
15.0800	5863
15.0840	5690
15.0880	5978
15.0920	6366
15.0960	5790
15.1000	5918
15.1040	5750
15.1080	6452
15.1120	6196
15.1160	6301
15.1200	5938
15.1240	6129
15.1280	6454
15.1320	5890
15.1360	5686
15.1400	5725
15.1440	5776
15.1480	5883
15.1520	5778
15.1560	5958
15.1600	6606
15.1640	6390
15.1680	5715
15.1720	5691
15.1760	5982
15.1800	5936
15.1840	5597
15.1880	5714
15.1920	6216
15.1960	6536
15.2000	6035
15.2040	5686
15.2080	5711
15.2120	5648
15.2160	6102
15.2200	5904
15.2240	5587
15.2280	5706
15.2320	5971
15.2360	6407
15.2400	5514
15.2440	5744
15.2480	5643
15.2520	5911
15.2560	5676
15.2600	5797
15.2640	5779
15.2680	6402
15.2720	6343
15.2760	5934
15.2800	5719
15.2840	5640
15.2880	5648
15.2920	5677
15.2960	5863
15.3000	5784
15.3040	6652
15.3080	6134
15.3120	6692
15.3160	6261
15.3200	5929
15.3240	5842
15.3280	6315
15.3320	6151
15.3360	5914
15.3400	6438
15.3440	6608
15.3480	6129
15.3520	6159
15.3560	5980
15.3600	5676
15.3640	5734
15.3680	5726
15.3720	5706
15.3760	5744
15.3800	6137
15.3840	6062
15.3880	5892
15.3920	5747
15.3960	5589
15.4000	5655
15.4040	5669
15.4080	6189
15.4120	5676
15.4160	5953
15.4200	5628
15.4240	6107
15.4280	6004
15.4320	5806
15.4360	5654
15.4400	6400
15.4440	6389
15.4480	5877
15.4520	5639
15.4560	5628
15.4600	5735
15.4640	6055
15.4680	5811
15.4720	5757
15.4760	6383
15.4800	6236
15.4840	6609
15.4880	5850
15.4920	6257
15.4960	5765
15.5000	5895
15.5040	5751
15.5080	5890
15.5120	5917
15.5160	6370
15.5200	6807
15.5240	6664
15.5280	6632
15.5320	5991
15.5360	6306
15.5400	6541
15.5440	5685
15.5480	6209
15.5520	6467
15.5560	6259
15.5600	6226
15.5640	6272
15.5680	5600
15.5720	5944
15.5760	5664
15.5800	5830
15.5840	6269
15.5880	6602
15.5920	5773
15.5960	5949
15.6000	5927
15.6040	6415
15.6080	5629
15.6120	6464
15.6160	5649
15.6200	6559
15.6240	5989
15.6280	6095
15.6320	6309
15.6360	6195
15.6400	6485
15.6440	5654
15.6480	6570
15.6520	5690
15.6560	6273
15.6600	5649
15.6640	6057
15.6680	6383
15.6720	5979
15.6760	6419
15.6800	6036
15.6840	5630
15.6880	6303
15.6920	6321
15.6960	5833
15.7000	5853
15.7040	6288
15.7080	5759
15.7120	6180
15.7160	6197
15.7200	5934
15.7240	6369
15.7280	5942
15.7320	6395
15.7360	6210
15.7400	6165
15.7440	6216
15.7480	6409
15.7520	6414
15.7560	6559
15.7600	6629
15.7640	5724
15.7680	6242
15.7720	6322
15.7760	5863
15.7800	6363
15.7840	6715
15.7880	6310
15.7920	5960
15.7960	5664
15.8000	5855
15.8040	6457
15.8080	6007
15.8120	5940
15.8160	6268
15.8200	6414
15.8240	5768
15.8280	6657
15.8320	5842
15.8360	6584
15.8400	5765
15.8440	6504
15.8480	5751
15.8520	6096
15.8560	5790
15.8600	6001
15.8640	6561
15.8680	6596
15.8720	6760
15.8760	6486
15.8800	5795
15.8840	5782
15.8880	5833
15.8920	5917
15.8960	5876
15.9000	6351
15.9040	6342
15.9080	6332
15.9120	6150
15.9160	5869
15.9200	5890
15.9240	5621
15.9280	5708
15.9320	5708
15.9360	5806
15.9400	6375
15.9440	6195
15.9480	5885
15.9520	5771
15.9560	6679
15.9600	6017
15.9640	6141
15.9680	6131
15.9720	5844
15.9760	6528
15.9800	6455
15.9840	6170
15.9880	5866
15.9920	6055
15.9960	5933
16.0000	5817
16.0040	5857
16.0080	5999
16.0120	6341
16.0160	6513
16.0200	5702
16.0240	5838
16.0280	6017
16.0320	6001
16.0360	5884
16.0400	5912
16.0440	6409
16.0480	6512
16.0520	5926
16.0560	5922
16.0600	6378
16.0640	6467
16.0680	5849
16.0720	5881
16.0760	5696
16.0800	6277
16.0840	5938
16.0880	5940
16.0920	6445
16.0960	6395
16.1000	5934
16.1040	5679
16.1080	5665
16.1120	5681
16.1160	5806
16.1200	6725
16.1240	6309
16.1280	6533
16.1320	6228
16.1360	6012
16.1400	6167
16.1440	5999
16.1480	6351
16.1520	6435
16.1560	5914
16.1600	6480
16.1640	5799
16.1680	6365
16.1720	6149
16.1760	5509
16.1800	6196
16.1840	5600
16.1880	6058
16.1920	5767
16.1960	6431
16.2000	5850
16.2040	6072
16.2080	5842
16.2120	6208
16.2160	5923
16.2200	6108
16.2240	5633
16.2280	6058
16.2320	6554
16.2360	6499
16.2400	6370
16.2440	6512
16.2480	6185
16.2520	5879
16.2560	5608
16.2600	6198
16.2640	5991
16.2680	6218
16.2720	5521
16.2760	6203
16.2800	5834
16.2840	6255
16.2880	6142
16.2920	5865
16.2960	5807
16.3000	6122
16.3040	5855
16.3080	6090
16.3120	6103
16.3160	6121
16.3200	5669
16.3240	6710
16.3280	6481
16.3320	5698
16.3360	5979
16.3400	5901
16.3440	6405
16.3480	6196
16.3520	6185
16.3560	6140
16.3600	6646
16.3640	6312
16.3680	5919
16.3720	5800
16.3760	5871
16.3800	5840
16.3840	6174
16.3880	6202
16.3920	6279
16.3960	5944
16.4000	6358
16.4040	5907
16.4080	5787
16.4120	6332
16.4160	6280
16.4200	5994
16.4240	5955
16.4280	6356
16.4320	6077
16.4360	6418
16.4400	5635
16.4440	5519
16.4480	6156
16.4520	6045
16.4560	5772
16.4600	5575
16.4640	6562
16.4680	5902
16.4720	6248
16.4760	6130
16.4800	5686
16.4840	5782
16.4880	6430
16.4920	5741
16.4960	6023
16.5000	6118
16.5040	5929
16.5080	6165
16.5120	6580
16.5160	6033
16.5200	5905
16.5240	5532
16.5280	5763
16.5320	6249
16.5360	6479
16.5400	6605
16.5440	6169
16.5480	6093
16.5520	5735
16.5560	6539
16.5600	6565
16.5640	5888
16.5680	5770
16.5720	6684
16.5760	6892
16.5800	6724
16.5840	6571
16.5880	6383
16.5920	6447
16.5960	6295
16.6000	5743
16.6040	5816
16.6080	6484
16.6120	6148
16.6160	6040
16.6200	5703
16.6240	6366
16.6280	6535
16.6320	5726
16.6360	5564
16.6400	5960
16.6440	6534
16.6480	5867
16.6520	6633
16.6560	5813
16.6600	6125
16.6640	6076
16.6680	5888
16.6720	5717
16.6760	5948
16.6800	6440
16.6840	6438
16.6880	6241
16.6920	6297
16.6960	6518
16.7000	6256
16.7040	6000
16.7080	5507
16.7120	5906
16.7160	5763
16.7200	6647
16.7240	6440
16.7280	6712
16.7320	6530
16.7360	6420
16.7400	5866
16.7440	6272
16.7480	6001
16.7520	6485
16.7560	6314
16.7600	6542
16.7640	5883
16.7680	6474
16.7720	6336
16.7760	5719
16.7800	6127
16.7840	5698
16.7880	5879
16.7920	5827
16.7960	6474
16.8000	5569
16.8040	5727
16.8080	5615
16.8120	5946
16.8160	5584
16.8200	5892
16.8240	5938
16.8280	5755
16.8320	6292
16.8360	6495
16.8400	6495
16.8440	6371
16.8480	6199
16.8520	5643
16.8560	5835
16.8600	5635
16.8640	6067
16.8680	6103
16.8720	6105
16.8760	6241
16.8800	6373
16.8840	6472
16.8880	6194
16.8920	5866
16.8960	5919
16.9000	6353
16.9040	5898
16.9080	6544
16.9120	6082
16.9160	6648
16.9200	6359
16.9240	6236
16.9280	5743
16.9320	6267
16.9360	5934
16.9400	6611
16.9440	6215
16.9480	6464
16.9520	6148
16.9560	6197
16.9600	6420
16.9640	6213
16.9680	5926
16.9720	5643
16.9760	6187
16.9800	6293
16.9840	5596
16.9880	5685
16.9920	6401
16.9960	6334
17.0000	6098
17.0040	5682
17.0080	5448
17.0120	6164
17.0160	6269
17.0200	6069
17.0240	5714
17.0280	6248
17.0320	5970
17.0360	6523
17.0400	5714
17.0440	5731
17.0480	5481
17.0520	5879
17.0560	5985
17.0600	6019
17.0640	6637
17.0680	6024
17.0720	6711
17.0760	5684
17.0800	6041
17.0840	5966
17.0880	6586
17.0920	6126
17.0960	5935
17.1000	6060
17.1040	6519
17.1080	6761
17.1120	6517
17.1160	6436
17.1200	6346
17.1240	5820
17.1280	5757
17.1320	5656
17.1360	6329
17.1400	6308
17.1440	6394
17.1480	5775
17.1520	5947
17.1560	6361
17.1600	6318
17.1640	5834
17.1680	6032
17.1720	6083
17.1760	6597
17.1800	6382
17.1840	6550
17.1880	5942
17.1920	6508
17.1960	6325
17.2000	5746
17.2040	5792
17.2080	5975
17.2120	6365
17.2160	6553
17.2200	5812
17.2240	6179
17.2280	6191
17.2320	6540
17.2360	5967
17.2400	5799
17.2440	6392
17.2480	6242
17.2520	6889
17.2560	6210
17.2600	6555
17.2640	6457
17.2680	6693
17.2720	5634
17.2760	6033
17.2800	6375
17.2840	6677
17.2880	6249
17.2920	6217
17.2960	6106
17.3000	5788
17.3040	6096
17.3080	6000
17.3120	5803
17.3160	6088
17.3200	6499
17.3240	6208
17.3280	6150
17.3320	6164
17.3360	5540
17.3400	6330
17.3440	5708
17.3480	5754
17.3520	6230
17.3560	5844
17.3600	5761
17.3640	6478
17.3680	5571
17.3720	5923
17.3760	6233
17.3800	5893
17.3840	5611
17.3880	5668
17.3920	5556
17.3960	5747
17.4000	6333
17.4040	5575
17.4080	5755
17.4120	6260
17.4160	6484
17.4200	6071
17.4240	5902
17.4280	5876
17.4320	5922
17.4360	6061
17.4400	6688
17.4440	6162
17.4480	5948
17.4520	6678
17.4560	6388
17.4600	5979
17.4640	5653
17.4680	6039
17.4720	5879
17.4760	6598
17.4800	6621
17.4840	5808
17.4880	6063
17.4920	5765
17.4960	5836
17.5000	5849
17.5040	6077
17.5080	5705
17.5120	6347
17.5160	5804
17.5200	5957
17.5240	5780
17.5280	6147
17.5320	5675
17.5360	5961
17.5400	5652
17.5440	6170
17.5480	5946
17.5520	6470
17.5560	6284
17.5600	6349
17.5640	6117
17.5680	6538
17.5720	6012
17.5760	5658
17.5800	5721
17.5840	5701
17.5880	6443
17.5920	6472
17.5960	6402
17.6000	6074
17.6040	6718
17.6080	6144
17.6120	6228
17.6160	6296
17.6200	6213
17.6240	5840
17.6280	6214
17.6320	6722
17.6360	6285
17.6400	6675
17.6440	6034
17.6480	5802
17.6520	5994
17.6560	5935
17.6600	6166
17.6640	6413
17.6680	6160
17.6720	6491
17.6760	6156
17.6800	5645
17.6840	5707
17.6880	6273
17.6920	6314
17.6960	5595
17.7000	6219
17.7040	5802
17.7080	6671
17.7120	5638
17.7160	5826
17.7200	6052
17.7240	6309
17.7280	5853
17.7320	6453
17.7360	6358
17.7400	6204
17.7440	6155
17.7480	5788
17.7520	5707
17.7560	6568
17.7600	6340
17.7640	5663
17.7680	5852
17.7720	6244
17.7760	5955
17.7800	6217
17.7840	6410
17.7880	5985
17.7920	6556
17.7960	6492
17.8000	5901
17.8040	5997
17.8080	6060
17.8120	6198
17.8160	6677
17.8200	6460
17.8240	6537
17.8280	6321
17.8320	6190
17.8360	6340
17.8400	5968
17.8440	6139
17.8480	6280
17.8520	6251
17.8560	6391
17.8600	6335
17.8640	6385
17.8680	6300
17.8720	5566
17.8760	5664
17.8800	6287
17.8840	6247
17.8880	5839
17.8920	5939
17.8960	6559
17.9000	5990
17.9040	6658
17.9080	6204
17.9120	5985
17.9160	5724
17.9200	6355
17.9240	5748
17.9280	5808
17.9320	6434
17.9360	5906
17.9400	6586
17.9440	5869
17.9480	6297
17.9520	6190
17.9560	6184
17.9600	5676
17.9640	5850
17.9680	6440
17.9720	6199
17.9760	6549
17.9800	5908
17.9840	6150
17.9880	6621
17.9920	6491
17.9960	5910
18.0000	5870
18.0040	6653
18.0080	6513
18.0120	6168
18.0160	5971
18.0200	6197
18.0240	6369
18.0280	6610
18.0320	5674
18.0360	5687
18.0400	6122
18.0440	6488
18.0480	6039
18.0520	6228
18.0560	6201
18.0600	6101
18.0640	5680
18.0680	6180
18.0720	6403
18.0760	6514
18.0800	6029
18.0840	6638
18.0880	6404
18.0920	6654
18.0960	6249
18.1000	6028
18.1040	5633
18.1080	6346
18.1120	6545
18.1160	6254
18.1200	6105
18.1240	6309
18.1280	6714
18.1320	6018
18.1360	6305
18.1400	6043
18.1440	6565
18.1480	6478
18.1520	6505
18.1560	6185
18.1600	6586
18.1640	6365
18.1680	6134
18.1720	6048
18.1760	6033
18.1800	6343
18.1840	6347
18.1880	6374
18.1920	6392
18.1960	6183
18.2000	5719
18.2040	5855
18.2080	6280
18.2120	6053
18.2160	6047
18.2200	6327
18.2240	6105
18.2280	5980
18.2320	6442
18.2360	6179
18.2400	6450
18.2440	5563
18.2480	5576
18.2520	5895
18.2560	6542
18.2600	6341
18.2640	6453
18.2680	6204
18.2720	6757
18.2760	6248
18.2800	5692
18.2840	5668
18.2880	6204
18.2920	6390
18.2960	6242
18.3000	6386
18.3040	5569
18.3080	6376
18.3120	5977
18.3160	5957
18.3200	6147
18.3240	6568
18.3280	6309
18.3320	6423
18.3360	6670
18.3400	6349
18.3440	6653
18.3480	6453
18.3520	6321
18.3560	6486
18.3600	6467
18.3640	5687
18.3680	6190
18.3720	6015
18.3760	5664
18.3800	5907
18.3840	6302
18.3880	5783
18.3920	6335
18.3960	6442
18.4000	6187
18.4040	5597
18.4080	6298
18.4120	6021
18.4160	6007
18.4200	6575
18.4240	6115
18.4280	6214
18.4320	6363
18.4360	6035
18.4400	5711
18.4440	6506
18.4480	5703
18.4520	6401
18.4560	6597
18.4600	6626
18.4640	6156
18.4680	6393
18.4720	5804
18.4760	5979
18.4800	6132
18.4840	6442
18.4880	6608
18.4920	6534
18.4960	6072
18.5000	5764
18.5040	6167
18.5080	5913
18.5120	6666
18.5160	6220
18.5200	6242
18.5240	6479
18.5280	6752
18.5320	6170
18.5360	6184
18.5400	6482
18.5440	5735
18.5480	5716
18.5520	5930
18.5560	6500
18.5600	6287
18.5640	5938
18.5680	6109
18.5720	5585
18.5760	6369
18.5800	5670
18.5840	6049
18.5880	6377
18.5920	6529
18.5960	6049
18.6000	6543
18.6040	6478
18.6080	6417
18.6120	6350
18.6160	5852
18.6200	5466
18.6240	6673
18.6280	6283
18.6320	6572
18.6360	6428
18.6400	6280
18.6440	5760
18.6480	6422
18.6520	5915
18.6560	5764
18.6600	5949
18.6640	6291
18.6680	6458
18.6720	6208
18.6760	6683
18.6800	6379
18.6840	6574
18.6880	5697
18.6920	5777
18.6960	6183
18.7000	6334
18.7040	6588
18.7080	5999
18.7120	5723
18.7160	6541
18.7200	6556
18.7240	6207
18.7280	6166
18.7320	6428
18.7360	5899
18.7400	5647
18.7440	6450
18.7480	5573
18.7520	6061
18.7560	6476
18.7600	6237
18.7640	6064
18.7680	5736
18.7720	5862
18.7760	5603
18.7800	5861
18.7840	6423
18.7880	6320
18.7920	6048
18.7960	6664
18.8000	6545
18.8040	6540
18.8080	6269
18.8120	6227
18.8160	5475
18.8200	5757
18.8240	6172
18.8280	5939
18.8320	5805
18.8360	5522
18.8400	6498
18.8440	5565
18.8480	6081
18.8520	5652
18.8560	5841
18.8600	5982
18.8640	6880
18.8680	5747
18.8720	6154
18.8760	6169
18.8800	5842
18.8840	5952
18.8880	5824
18.8920	5947
18.8960	5911
18.9000	6026
18.9040	6003
18.9080	6226
18.9120	5585
18.9160	5983
18.9200	5546
18.9240	5758
18.9280	5982
18.9320	5690
18.9360	5789
18.9400	6453
18.9440	6043
18.9480	6067
18.9520	6567
18.9560	6359
18.9600	6705
18.9640	5720
18.9680	6139
18.9720	5738
18.9760	6752
18.9800	6398
18.9840	5798
18.9880	5818
18.9920	6650
18.9960	5912
19.0000	6442
19.0040	5855
19.0080	5809
19.0120	6676
19.0160	6344
19.0200	5799
19.0240	5778
19.0280	6776
19.0320	6625
19.0360	6011
19.0400	5952
19.0440	6155
19.0480	5861
19.0520	6515
19.0560	5875
19.0600	6157
19.0640	6137
19.0680	6533
19.0720	5820
19.0760	6290
19.0800	5748
19.0840	5621
19.0880	6206
19.0920	5585
19.0960	5584
19.1000	5939
19.1040	6105
19.1080	5724
19.1120	5670
19.1160	5991
19.1200	5519
19.1240	5910
19.1280	6155
19.1320	5924
19.1360	5721
19.1400	6023
19.1440	5646
19.1480	6194
19.1520	6207
19.1560	6138
19.1600	6239
19.1640	6463
19.1680	6488
19.1720	6352
19.1760	5893
19.1800	6113
19.1840	6266
19.1880	5763
19.1920	5888
19.1960	6395
19.2000	6587
19.2040	6406
19.2080	6486
19.2120	5703
19.2160	6569
19.2200	5827
19.2240	6143
19.2280	6130
19.2320	6239
19.2360	6602
19.2400	6131
19.2440	6460
19.2480	6227
19.2520	6541
19.2560	5913
19.2600	6047
19.2640	6420
19.2680	5876
19.2720	6043
19.2760	5661
19.2800	6306
19.2840	6120
19.2880	5672
19.2920	5647
19.2960	6449
19.3000	6056
19.3040	6166
19.3080	6139
19.3120	6695
19.3160	6502
19.3200	6601
19.3240	5748
19.3280	5841
19.3320	6295
19.3360	6302
19.3400	6402
19.3440	6452
19.3480	5876
19.3520	6211
19.3560	6088
19.3600	5610
19.3640	5844
19.3680	6495
19.3720	6621
19.3760	6506
19.3800	6718
19.3840	6046
19.3880	6444
19.3920	6002
19.3960	6705
19.4000	6210
19.4040	6442
19.4080	5906
19.4120	5919
19.4160	6339
19.4200	6572
19.4240	6418
19.4280	5590
19.4320	5645
19.4360	5807
19.4400	6391
19.4440	5791
19.4480	5855
19.4520	6123
19.4560	6172
19.4600	6185
19.4640	5606
19.4680	5838
19.4720	6385
19.4760	6462
19.4800	6439
19.4840	6140
19.4880	5976
19.4920	6702
19.4960	6007
19.5000	5892
19.5040	5685
19.5080	6666
19.5120	6048
19.5160	6625
19.5200	6530
19.5240	6310
19.5280	6599
19.5320	6022
19.5360	6138
19.5400	6216
19.5440	6667
19.5480	6293
19.5520	6608
19.5560	6221
19.5600	6399
19.5640	6670
19.5680	5870
19.5720	5657
19.5760	6088
19.5800	6425
19.5840	6567
19.5880	6593
19.5920	5976
19.5960	5848
19.6000	6338
19.6040	6120
19.6080	5689
19.6120	5756
19.6160	5882
19.6200	6441
19.6240	6247
19.6280	5693
19.6320	5729
19.6360	6521
19.6400	5883
19.6440	6129
19.6480	6503
19.6520	5844
19.6560	5729
19.6600	6345
19.6640	6248
19.6680	6212
19.6720	6642
19.6760	6313
19.6800	6721
19.6840	6386
19.6880	5842
19.6920	5734
19.6960	5966
19.7000	6282
19.7040	6343
19.7080	6535
19.7120	6373
19.7160	6516
19.7200	6198
19.7240	6482
19.7280	5603
19.7320	6092
19.7360	6498
19.7400	5952
19.7440	6495
19.7480	6318
19.7520	6466
19.7560	6844
19.7600	6419
19.7640	6144
19.7680	6160
19.7720	6588
19.7760	6167
19.7800	6711
19.7840	6367
19.7880	6250
19.7920	6468
19.7960	6025
19.8000	5875
19.8040	6066
19.8080	6160
19.8120	6426
19.8160	6396
19.8200	6222
19.8240	6440
19.8280	6310
19.8320	6250
19.8360	6078
19.8400	6311
19.8440	6482
19.8480	6490
19.8520	6201
19.8560	5946
19.8600	6746
19.8640	6259
19.8680	6604
19.8720	5899
19.8760	6356
19.8800	6494
19.8840	6495
19.8880	6435
19.8920	6172
19.8960	6634
19.9000	6384
19.9040	6186
19.9080	5585
19.9120	6640
19.9160	5823
19.9200	6472
19.9240	5914
19.9280	6581
19.9320	6256
19.9360	6720
19.9400	5933
19.9440	5922
19.9480	6267
19.9520	5846
19.9560	5849
19.9600	6484
19.9640	6453
19.9680	6193
19.9720	6388
19.9760	5691
19.9800	5724
19.9840	5654
19.9880	6394
19.9920	6466
19.9960	6053
