0.0000	5972
0.0040	6006
0.0080	6284
0.0120	6041
0.0160	5613
0.0200	5761
0.0240	5909
0.0280	5954
0.0320	5518
0.0360	6519
0.0400	6179
0.0440	6298
0.0480	5999
0.0520	6611
0.0560	5520
0.0600	6603
0.0640	5885
0.0680	6163
0.0720	6270
0.0760	6887
0.0800	6065
0.0840	5772
0.0880	5934
0.0920	5748
0.0960	6590
0.1000	5685
0.1040	6571
0.1080	5796
0.1120	6502
0.1160	6341
0.1200	6212
0.1240	6236
0.1280	6182
0.1320	6571
0.1360	6103
0.1400	6460
0.1440	6520
0.1480	6180
0.1520	6444
0.1560	6502
0.1600	5899
0.1640	5830
0.1680	6237
0.1720	6388
0.1760	6161
0.1800	6346
0.1840	6452
0.1880	6251
0.1920	5977
0.1960	6485
0.2000	6661
0.2040	5427
0.2080	5757
0.2120	5539
0.2160	5828
0.2200	6209
0.2240	6169
0.2280	6341
0.2320	6384
0.2360	6572
0.2400	6531
0.2440	5919
0.2480	5736
0.2520	6509
0.2560	6132
0.2600	5929
0.2640	6172
0.2680	6017
0.2720	6268
0.2760	6698
0.2800	6405
0.2840	6064
0.2880	5877
0.2920	6477
0.2960	5840
0.3000	5842
0.3040	5936
0.3080	6452
0.3120	5893
0.3160	6623
0.3200	6510
0.3240	6048
0.3280	5810
0.3320	6476
0.3360	6523
0.3400	6192
0.3440	5750
0.3480	5791
0.3520	6305
0.3560	6304
0.3600	6397
0.3640	6035
0.3680	5667
0.3720	6489
0.3760	6213
0.3800	6445
0.3840	6138
0.3880	5998
0.3920	6110
0.3960	6621
0.4000	6215
0.4040	6515
0.4080	5948
0.4120	6772
0.4160	6576
0.4200	6361
0.4240	6370
0.4280	5948
0.4320	6179
0.4360	5825
0.4400	6238
0.4440	6447
0.4480	6434
0.4520	6324
0.4560	6576
0.4600	5909
0.4640	6091
0.4680	6427
0.4720	6126
0.4760	5786
0.4800	6609
0.4840	6417
0.4880	6286
0.4920	5982
0.4960	5944
0.5000	6080
0.5040	6130
0.5080	5938
0.5120	5881
0.5160	6121
0.5200	6549
0.5240	6143
0.5280	5855
0.5320	5843
0.5360	6554
0.5400	5526
0.5440	5737
0.5480	5588
0.5520	5507
0.5560	5413
0.5600	6423
0.5640	5872
0.5680	6715
0.5720	6432
0.5760	6711
0.5800	5483
0.5840	6527
0.5880	6035
0.5920	6567
0.5960	6279
0.6000	6769
0.6040	6830
0.6080	5835
0.6120	6304
0.6160	6120
0.6200	6232
0.6240	5627
0.6280	6480
0.6320	5767
0.6360	6119
0.6400	6563
0.6440	6929
0.6480	6448
0.6520	5794
0.6560	6069
0.6600	6451
0.6640	5636
0.6680	6687
0.6720	6235
0.6760	7101
0.6800	6905
0.6840	6055
0.6880	5595
0.6920	5611
0.6960	5612
0.7000	5895
0.7040	5841
0.7080	5847
0.7120	6250
0.7160	5892
0.7200	6281
0.7240	6189
0.7280	5635
0.7320	5535
0.7360	5664
0.7400	6631
0.7440	5677
0.7480	6536
0.7520	5830
0.7560	6736
0.7600	5788
0.7640	6390
0.7680	5586
0.7720	5762
0.7760	5820
0.7800	6558
0.7840	5925
0.7880	6715
0.7920	6042
0.7960	5758
0.8000	5865
0.8040	5550
0.8080	6324
0.8120	6258
0.8160	6379
0.8200	6371
0.8240	6688
0.8280	6438
0.8320	6362
0.8360	5926
0.8400	6107
0.8440	5816
0.8480	6254
0.8520	6822
0.8560	6047
0.8600	6242
0.8640	5892
0.8680	6505
0.8720	6330
0.8760	6306
0.8800	5557
0.8840	6214
0.8880	5680
0.8920	5759
0.8960	5779
0.9000	6624
0.9040	6310
0.9080	6130
0.9120	5573
0.9160	5634
0.9200	6398
0.9240	5864
0.9280	6367
0.9320	6691
0.9360	6789
0.9400	6348
0.9440	6537
0.9480	6134
0.9520	6310
0.9560	6049
0.9600	6406
0.9640	6443
0.9680	5905
0.9720	6925
0.9760	6256
0.9800	6252
0.9840	5857
0.9880	5593
0.9920	5462
0.9960	5957
1.0000	6411
1.0040	6868
1.0080	5958
1.0120	6686
1.0160	6834
1.0200	5909
1.0240	5960
1.0280	6243
1.0320	6033
1.0360	5771
1.0400	6536
1.0440	6142
1.0480	6164
1.0520	6497
1.0560	6289
1.0600	6199
1.0640	5765
1.0680	6121
1.0720	5706
1.0760	6317
1.0800	6225
1.0840	6515
1.0880	5562
1.0920	6034
1.0960	5701
1.1000	6328
1.1040	5654
1.1080	6293
1.1120	6035
1.1160	6714
1.1200	6142
1.1240	6058
1.1280	5829
1.1320	5957
1.1360	5882
1.1400	6229
1.1440	6130
1.1480	6127
1.1520	6374
1.1560	6441
1.1600	6113
1.1640	5841
1.1680	6197
1.1720	5803
1.1760	6455
1.1800	5901
1.1840	6677
1.1880	6369
1.1920	6277
1.1960	6233
1.2000	6570
1.2040	6137
1.2080	6124
1.2120	6289
1.2160	6123
1.2200	5857
1.2240	5909
1.2280	6542
1.2320	6343
1.2360	6366
1.2400	6486
1.2440	6172
1.2480	5926
1.2520	5738
1.2560	6191
1.2600	5977
1.2640	6088
1.2680	6050
1.2720	6303
1.2760	6249
1.2800	6383
1.2840	5586
1.2880	6554
1.2920	6351
1.2960	6245
1.3000	6436
1.3040	6137
1.3080	5800
1.3120	6291
1.3160	5734
1.3200	6414
1.3240	6025
1.3280	6347
1.3320	5959
1.3360	6718
1.3400	6868
1.3440	5880
1.3480	5991
1.3520	5641
1.3560	6367
1.3600	5682
1.3640	6722
1.3680	5948
1.3720	6550
1.3760	6643
1.3800	6237
1.3840	6691
1.3880	5724
1.3920	6342
1.3960	5648
1.4000	5878
1.4040	5945
1.4080	6415
1.4120	6498
1.4160	6148
1.4200	5632
1.4240	5728
1.4280	5579
1.4320	6031
1.4360	5817
1.4400	6014
1.4440	6175
1.4480	6453
1.4520	6047
1.4560	6013
1.4600	6445
1.4640	6161
1.4680	6256
1.4720	6204
1.4760	6852
1.4800	6076
1.4840	6115
1.4880	6115
1.4920	5875
1.4960	5778
1.5000	6155
1.5040	5890
1.5080	5797
1.5120	6036
1.5160	6120
1.5200	6676
1.5240	6144
1.5280	5986
1.5320	5731
1.5360	6728
1.5400	6174
1.5440	6486
1.5480	6218
1.5520	6053
1.5560	6064
1.5600	5986
1.5640	6772
1.5680	6069
1.5720	6381
1.5760	5709
1.5800	6394
1.5840	6474
1.5880	6184
1.5920	5634
1.5960	5721
1.6000	5650
1.6040	6234
1.6080	5875
1.6120	5387
1.6160	5656
1.6200	6060
1.6240	6174
1.6280	5817
1.6320	5948
1.6360	5811
1.6400	6039
1.6440	5914
1.6480	5996
1.6520	5627
1.6560	6371
1.6600	5923
1.6640	5889
1.6680	6315
1.6720	6249
1.6760	6101
1.6800	6460
1.6840	6488
1.6880	5378
1.6920	6178
1.6960	6135
1.7000	6192
1.7040	6557
1.7080	6308
1.7120	5949
1.7160	6666
1.7200	6481
1.7240	5812
1.7280	5863
1.7320	6272
1.7360	6318
1.7400	6577
1.7440	6824
1.7480	6049
1.7520	6337
1.7560	6434
1.7600	5693
1.7640	5576
1.7680	5627
1.7720	6334
1.7760	6412
1.7800	6362
1.7840	5885
1.7880	6188
1.7920	5840
1.7960	5771
1.8000	5581
1.8040	5967
1.8080	5666
1.8120	6456
1.8160	6363
1.8200	6007
1.8240	5789
1.8280	6193
1.8320	5705
1.8360	5851
1.8400	5776
1.8440	5888
1.8480	6310
1.8520	6645
1.8560	6566
1.8600	5911
1.8640	6231
1.8680	6320
1.8720	6225
1.8760	5913
1.8800	6467
1.8840	6532
1.8880	5938
1.8920	5859
1.8960	6044
1.9000	5901
1.9040	5826
1.9080	6014
1.9120	6582
1.9160	6553
1.9200	6275
1.9240	5901
1.9280	6428
1.9320	5989
1.9360	6429
1.9400	6139
1.9440	5708
1.9480	6178
1.9520	6363
1.9560	6021
1.9600	5740
1.9640	5902
1.9680	6248
1.9720	5696
1.9760	6026
1.9800	6195
1.9840	6665
1.9880	6257
1.9920	6185
1.9960	5523
2.0000	5852
2.0040	5750
2.0080	6510
2.0120	6274
2.0160	5754
2.0200	6499
2.0240	6342
2.0280	6280
2.0320	6029
2.0360	6034
2.0400	5834
2.0440	6728
2.0480	6569
2.0520	6272
2.0560	6158
2.0600	6456
2.0640	6348
2.0680	5947
2.0720	5811
2.0760	6262
2.0800	6041
2.0840	6356
2.0880	5915
2.0920	6479
2.0960	6575
2.1000	6122
2.1040	5748
2.1080	6474
2.1120	6066
2.1160	6014
2.1200	5733
2.1240	6255
2.1280	6420
2.1320	6320
2.1360	5501
2.1400	6365
2.1440	6394
2.1480	6110
2.1520	5761
2.1560	6190
2.1600	5680
2.1640	6371
2.1680	5735
2.1720	5985
2.1760	6116
2.1800	6358
2.1840	6352
2.1880	6002
2.1920	5922
2.1960	5808
2.2000	6634
2.2040	5764
2.2080	6365
2.2120	5606
2.2160	6373
2.2200	6019
2.2240	6604
2.2280	6314
2.2320	6418
2.2360	6607
2.2400	6444
2.2440	6383
2.2480	6113
2.2520	5727
2.2560	6330
2.2600	6770
2.2640	6372
2.2680	6537
2.2720	6697
2.2760	6015
2.2800	6364
2.2840	5799
2.2880	6012
2.2920	5849
2.2960	6280
2.3000	5938
2.3040	6011
2.3080	6408
2.3120	6113
2.3160	6223
2.3200	5755
2.3240	5616
2.3280	6282
2.3320	5573
2.3360	6487
2.3400	5851
2.3440	6650
2.3480	6002
2.3520	6054
2.3560	5649
2.3600	5909
2.3640	6006
2.3680	5875
2.3720	5645
2.3760	5720
2.3800	6359
2.3840	5753
2.3880	5872
2.3920	6126
2.3960	6647
2.4000	5786
2.4040	5943
2.4080	6130
2.4120	5884
2.4160	6531
2.4200	6554
2.4240	5794
2.4280	5918
2.4320	6095
2.4360	5928
2.4400	6517
2.4440	6428
2.4480	6226
2.4520	6485
2.4560	6350
2.4600	5939
2.4640	5766
2.4680	5776
2.4720	5762
2.4760	6063
2.4800	6138
2.4840	5641
2.4880	6414
2.4920	6518
2.4960	5759
2.5000	6010
2.5040	5718
2.5080	6281
2.5120	6162
2.5160	5839
2.5200	5652
2.5240	5851
2.5280	6107
2.5320	6597
2.5360	5956
2.5400	5865
2.5440	5973
2.5480	6193
2.5520	6441
2.5560	5839
2.5600	6188
2.5640	5964
2.5680	6229
2.5720	6360
2.5760	6250
2.5800	5448
2.5840	6228
2.5880	6305
2.5920	6609
2.5960	5725
2.6000	6438
2.6040	6607
2.6080	6601
2.6120	6776
2.6160	5925
2.6200	6488
2.6240	6457
2.6280	6168
2.6320	6042
2.6360	5741
2.6400	6204
2.6440	6361
2.6480	5939
2.6520	5686
2.6560	5831
2.6600	6095
2.6640	5852
2.6680	5582
2.6720	5606
2.6760	5815
2.6800	6587
2.6840	6238
2.6880	5867
2.6920	6262
2.6960	5900
2.7000	5716
2.7040	6070
2.7080	5684
2.7120	5750
2.7160	5667
2.7200	6028
2.7240	5800
2.7280	6168
2.7320	5850
2.7360	5677
2.7400	5626
2.7440	5477
2.7480	6115
2.7520	6088
2.7560	5782
2.7600	5804
2.7640	6124
2.7680	6015
2.7720	6425
2.7760	5987
2.7800	6217
2.7840	6633
2.7880	6553
2.7920	6011
2.7960	6019
2.8000	6200
2.8040	5852
2.8080	5976
2.8120	6566
2.8160	5627
2.8200	6401
2.8240	6234
2.8280	5994
2.8320	5658
2.8360	5845
2.8400	5792
2.8440	6396
2.8480	6371
2.8520	6126
2.8560	6081
2.8600	6248
2.8640	6280
2.8680	5823
2.8720	5561
2.8760	6016
2.8800	6343
2.8840	6740
2.8880	5865
2.8920	5947
2.8960	6135
2.9000	6356
2.9040	5988
2.9080	6380
2.9120	6127
2.9160	6290
2.9200	6651
2.9240	6317
2.9280	5879
2.9320	5569
2.9360	5664
2.9400	6276
2.9440	6526
2.9480	6329
2.9520	6199
2.9560	6640
2.9600	6701
2.9640	6262
2.9680	5926
2.9720	5978
2.9760	5814
2.9800	6650
2.9840	6551
2.9880	5665
2.9920	6108
2.9960	5803
3.0000	6052
3.0040	6451
3.0080	6106
3.0120	5745
3.0160	5822
3.0200	6232
3.0240	5810
3.0280	5478
3.0320	5913
3.0360	5723
3.0400	6109
3.0440	6072
3.0480	6157
3.0520	6303
3.0560	6534
3.0600	5781
3.0640	5857
3.0680	5771
3.0720	5731
3.0760	5705
3.0800	6519
3.0840	6563
3.0880	5860
3.0920	6508
3.0960	5841
3.1000	5982
3.1040	5941
3.1080	6775
3.1120	5758
3.1160	6200
3.1200	5781
3.1240	5973
3.1280	5929
3.1320	5943
3.1360	5747
3.1400	6153
3.1440	6023
3.1480	6169
3.1520	6084
3.1560	6186
3.1600	6360
3.1640	5840
3.1680	6180
3.1720	5894
3.1760	6596
3.1800	6161
3.1840	5868
3.1880	6083
3.1920	5847
3.1960	5967
3.2000	6308
3.2040	5910
3.2080	5997
3.2120	5844
3.2160	5763
3.2200	6364
3.2240	6080
3.2280	6348
3.2320	6278
3.2360	6309
3.2400	5594
3.2440	6014
3.2480	5732
3.2520	5787
3.2560	6310
3.2600	6651
3.2640	5777
3.2680	6510
3.2720	6396
3.2760	5876
3.2800	6008
3.2840	5962
3.2880	6131
3.2920	6047
3.2960	6636
3.3000	5866
3.3040	6312
3.3080	6134
3.3120	6385
3.3160	6152
3.3200	6315
3.3240	5910
3.3280	6514
3.3320	6189
3.3360	6220
3.3400	5954
3.3440	5878
3.3480	5902
3.3520	6484
3.3560	6540
3.3600	5546
3.3640	6029
3.3680	6360
3.3720	6138
3.3760	6398
3.3800	5782
3.3840	5766
3.3880	6314
3.3920	6388
3.3960	6063
3.4000	6047
3.4040	6075
3.4080	6595
3.4120	6293
3.4160	6885
3.4200	5707
3.4240	6460
3.4280	6392
3.4320	5918
3.4360	5875
3.4400	5930
3.4440	6062
3.4480	6332
3.4520	6599
3.4560	6415
3.4600	6201
3.4640	6344
3.4680	6372
3.4720	5812
3.4760	6311
3.4800	5749
3.4840	6702
3.4880	6577
3.4920	6538
3.4960	5949
3.5000	6159
3.5040	6572
3.5080	6169
3.5120	5767
3.5160	6053
3.5200	5880
3.5240	6019
3.5280	5641
3.5320	5863
3.5360	5690
3.5400	5680
3.5440	6194
3.5480	5936
3.5520	5503
3.5560	5648
3.5600	5578
3.5640	5724
3.5680	5942
3.5720	6333
3.5760	5545
3.5800	6280
3.5840	6254
3.5880	6247
3.5920	5866
3.5960	6088
3.6000	5653
3.6040	5895
3.6080	5766
3.6120	6350
3.6160	6306
3.6200	5801
3.6240	6198
3.6280	6203
3.6320	5851
3.6360	6356
3.6400	6832
3.6440	5906
3.6480	5948
3.6520	5633
3.6560	6075
3.6600	6321
3.6640	6396
3.6680	6115
3.6720	6591
3.6760	6095
3.6800	6139
3.6840	6594
3.6880	6011
3.6920	5987
3.6960	5932
3.7000	6606
3.7040	5695
3.7080	6263
3.7120	5648
3.7160	5870
3.7200	5709
3.7240	6332
3.7280	6208
3.7320	6006
3.7360	6493
3.7400	6311
3.7440	5750
3.7480	5596
3.7520	5793
3.7560	5828
3.7600	6588
3.7640	5814
3.7680	6717
3.7720	5738
3.7760	6452
3.7800	5703
3.7840	5913
3.7880	6106
3.7920	5728
3.7960	6498
3.8000	5640
3.8040	6522
3.8080	6252
3.8120	6528
3.8160	5728
3.8200	5998
3.8240	6348
3.8280	6002
3.8320	6586
3.8360	6242
3.8400	5863
3.8440	5852
3.8480	5881
3.8520	5875
3.8560	6493
3.8600	6735
3.8640	6548
3.8680	5813
3.8720	6170
3.8760	5793
3.8800	5674
3.8840	6267
3.8880	5684
3.8920	6239
3.8960	6221
3.9000	5846
3.9040	5663
3.9080	5705
3.9120	5499
3.9160	5918
3.9200	6222
3.9240	6544
3.9280	5542
3.9320	6459
3.9360	5946
3.9400	6159
3.9440	5562
3.9480	5945
3.9520	5686
3.9560	6619
3.9600	6098
3.9640	5819
3.9680	5665
3.9720	5877
3.9760	5788
3.9800	5891
3.9840	6137
3.9880	5715
3.9920	5825
3.9960	6097
4.0000	5956
4.0040	5846
4.0080	6374
4.0120	5900
4.0160	6717
4.0200	6151
4.0240	6120
4.0280	5749
4.0320	5831
4.0360	6015
4.0400	5854
4.0440	5894
4.0480	5874
4.0520	6432
4.0560	6396
4.0600	5692
4.0640	5953
4.0680	5824
4.0720	6273
4.0760	6072
4.0800	5681
4.0840	5704
4.0880	5863
4.0920	5952
4.0960	5810
4.1000	5659
4.1040	6023
4.1080	6057
4.1120	6226
4.1160	5940
4.1200	6062
4.1240	5747
4.1280	5752
4.1320	5594
4.1360	5851
4.1400	6035
4.1440	6034
4.1480	5735
4.1520	5718
4.1560	5900
4.1600	5762
4.1640	5908
4.1680	5751
4.1720	6145
4.1760	5862
4.1800	5917
4.1840	5844
4.1880	5934
4.1920	5941
4.1960	6236
4.2000	6008
4.2040	5858
4.2080	5817
4.2120	5979
4.2160	5964
4.2200	5821
4.2240	5763
4.2280	6289
4.2320	6264
4.2360	5802
4.2400	5828
4.2440	5698
4.2480	5632
4.2520	5824
4.2560	5797
4.2600	5596
4.2640	5600
4.2680	5595
4.2720	5699
4.2760	5917
4.2800	5736
4.2840	6156
4.2880	5624
4.2920	6097
4.2960	5792
4.3000	5891
4.3040	5700
4.3080	5885
4.3120	5590
4.3160	6077
4.3200	5852
4.3240	6216
4.3280	6184
4.3320	5707
4.3360	5848
4.3400	5871
4.3440	5919
4.3480	5800
4.3520	6112
4.3560	6284
4.3600	6086
4.3640	6340
4.3680	5795
4.3720	6348
4.3760	6097
4.3800	6563
4.3840	6186
4.3880	6633
4.3920	6546
4.3960	5789
4.4000	5946
4.4040	5846
4.4080	6113
4.4120	5826
4.4160	5840
4.4200	5920
4.4240	6391
4.4280	6250
4.4320	5719
4.4360	5915
4.4400	6018
4.4440	5746
4.4480	6249
4.4520	6020
4.4560	6240
4.4600	6464
4.4640	6549
4.4680	5534
4.4720	5894
4.4760	5994
4.4800	6642
4.4840	5613
4.4880	6408
4.4920	5803
4.4960	6227
4.5000	6200
4.5040	5586
4.5080	6362
4.5120	6318
4.5160	5955
4.5200	5768
4.5240	6150
4.5280	5495
4.5320	6504
4.5360	5982
4.5400	6122
4.5440	5868
4.5480	6560
4.5520	6342
4.5560	6518
4.5600	6553
4.5640	5916
4.5680	6044
4.5720	6109
4.5760	5858
4.5800	6098
4.5840	6068
4.5880	6020
4.5920	5796
4.5960	5940
4.6000	5938
4.6040	5964
4.6080	5828
4.6120	6298
4.6160	5563
4.6200	6240
4.6240	5869
4.6280	5702
4.6320	5632
4.6360	5787
4.6400	5723
4.6440	6201
4.6480	6176
4.6520	5786
4.6560	6449
4.6600	6380
4.6640	5885
4.6680	5726
4.6720	6090
4.6760	5711
4.6800	5832
4.6840	5813
4.6880	5918
4.6920	5807
4.6960	6085
4.7000	5713
4.7040	6025
4.7080	6231
4.7120	6640
4.7160	5878
4.7200	5818
4.7240	5773
4.7280	5926
4.7320	5979
4.7360	5853
4.7400	6048
4.7440	6421
4.7480	6161
4.7520	5948
4.7560	6267
4.7600	5698
4.7640	6300
4.7680	5814
4.7720	6098
4.7760	5551
4.7800	6166
4.7840	6290
4.7880	5549
4.7920	5486
4.7960	6124
4.8000	6109
4.8040	5645
4.8080	5817
4.8120	5747
4.8160	6350
4.8200	5865
4.8240	5853
4.8280	5589
4.8320	6255
4.8360	6380
4.8400	5894
4.8440	5700
4.8480	5838
4.8520	5956
4.8560	6039
4.8600	5987
4.8640	5809
4.8680	6060
4.8720	5683
4.8760	5947
4.8800	6193
4.8840	6565
4.8880	5978
4.8920	5984
4.8960	6007
4.9000	6104
4.9040	6113
4.9080	6293
4.9120	5926
4.9160	6900
4.9200	6617
4.9240	6202
4.9280	6123
4.9320	5902
4.9360	5715
4.9400	6001
4.9440	6011
4.9480	5851
4.9520	6435
4.9560	6542
4.9600	6319
4.9640	5722
4.9680	5938
4.9720	5844
4.9760	5899
4.9800	6532
4.9840	5533
4.9880	6491
4.9920	6202
4.9960	6115
5.0000	5571
5.0040	5869
5.0080	5683
5.0120	5956
5.0160	5591
5.0200	5982
5.0240	5735
5.0280	6256
5.0320	5944
5.0360	5980
5.0400	6461
5.0440	5873
5.0480	6447
5.0520	6331
5.0560	6006
5.0600	5695
5.0640	6025
5.0680	5838
5.0720	6099
5.0760	5962
5.0800	5983
5.0840	5859
5.0880	6428
5.0920	5898
5.0960	5995
5.1000	5859
5.1040	5843
5.1080	6279
5.1120	6567
5.1160	5824
5.1200	6142
5.1240	5774
5.1280	5842
5.1320	6040
5.1360	6027
5.1400	5541
5.1440	5834
5.1480	5817
5.1520	6124
5.1560	5980
5.1600	6140
5.1640	6292
5.1680	6290
5.1720	5580
5.1760	5666
5.1800	5557
5.1840	6174
5.1880	5816
5.1920	6339
5.1960	5845
5.2000	6445
5.2040	6560
5.2080	6046
5.2120	6337
5.2160	5646
5.2200	6406
5.2240	5801
5.2280	5891
5.2320	6104
5.2360	6675
5.2400	6023
5.2440	6188
5.2480	5735
5.2520	5789
5.2560	5815
5.2600	6358
5.2640	5902
5.2680	6342
5.2720	6555
5.2760	6554
5.2800	6082
5.2840	5780
5.2880	5936
5.2920	6015
5.2960	5691
5.3000	5767
5.3040	5641
5.3080	6425
5.3120	6204
5.3160	6269
5.3200	5733
5.3240	5643
5.3280	5754
5.3320	5700
5.3360	6124
5.3400	6026
5.3440	6036
5.3480	6669
5.3520	5718
5.3560	6104
5.3600	5852
5.3640	5927
5.3680	5637
5.3720	5813
5.3760	5789
5.3800	6507
5.3840	6367
5.3880	5807
5.3920	6330
5.3960	5609
5.4000	5944
5.4040	5818
5.4080	6231
5.4120	5597
5.4160	6699
5.4200	6567
5.4240	6002
5.4280	6069
5.4320	5985
5.4360	5814
5.4400	5979
5.4440	5928
5.4480	6269
5.4520	6829
5.4560	6567
5.4600	5842
5.4640	5985
5.4680	5672
5.4720	5676
5.4760	6230
5.4800	5824
5.4840	6166
5.4880	6327
5.4920	6243
5.4960	5782
5.5000	5648
5.5040	5811
5.5080	5468
5.5120	6263
5.5160	6238
5.5200	6479
5.5240	6238
5.5280	6359
5.5320	6330
5.5360	6389
5.5400	5794
5.5440	5890
5.5480	6065
5.5520	5798
5.5560	6452
5.5600	6201
5.5640	6596
5.5680	6347
5.5720	6358
5.5760	6044
5.5800	5981
5.5840	5691
5.5880	5838
5.5920	6083
5.5960	6610
5.6000	6303
5.6040	6793
5.6080	6337
5.6120	6617
5.6160	6067
5.6200	5830
5.6240	6024
5.6280	5905
5.6320	6253
5.6360	6642
5.6400	6540
5.6440	6699
5.6480	6404
5.6520	6050
5.6560	6030
5.6600	5561
5.6640	5752
5.6680	5606
5.6720	5752
5.6760	6127
5.6800	6486
5.6840	6647
5.6880	6087
5.6920	5881
5.6960	5594
5.7000	5960
5.7040	6044
5.7080	5790
5.7120	6412
5.7160	6549
5.7200	6308
5.7240	6082
5.7280	5780
5.7320	6088
5.7360	5791
5.7400	5826
5.7440	6021
5.7480	5808
5.7520	6168
5.7560	6177
5.7600	5969
5.7640	5773
5.7680	5946
5.7720	5838
5.7760	5943
5.7800	5969
5.7840	5763
5.7880	5862
5.7920	6250
5.7960	6335
5.8000	5803
5.8040	5922
5.8080	6335
5.8120	5925
5.8160	5710
5.8200	5766
5.8240	6168
5.8280	5832
5.8320	5695
5.8360	5935
5.8400	5919
5.8440	5668
5.8480	5635
5.8520	5880
5.8560	6324
5.8600	6186
5.8640	5914
5.8680	5745
5.8720	5728
5.8760	6018
5.8800	6098
5.8840	5815
5.8880	5937
5.8920	6267
5.8960	6566
5.9000	5663
5.9040	6141
5.9080	5480
5.9120	6183
5.9160	6370
5.9200	5936
5.9240	5952
5.9280	6398
5.9320	6304
5.9360	6466
5.9400	5859
5.9440	6018
5.9480	6708
5.9520	5737
5.9560	6763
5.9600	5932
5.9640	6235
5.9680	6414
5.9720	6607
5.9760	6132
5.9800	6155
5.9840	6225
5.9880	5942
5.9920	6554
5.9960	5950
6.0000	6277
6.0040	6350
6.0080	5931
6.0120	5835
6.0160	6436
6.0200	6435
6.0240	5757
6.0280	5587
6.0320	5689
6.0360	6513
6.0400	6133
6.0440	5806
6.0480	5844
6.0520	6387
6.0560	6289
6.0600	6065
6.0640	6151
6.0680	5663
6.0720	6187
6.0760	5874
6.0800	5722
6.0840	6356
6.0880	6361
6.0920	5939
6.0960	6130
6.1000	5699
6.1040	5871
6.1080	6262
6.1120	6273
6.1160	5876
6.1200	6194
6.1240	6272
6.1280	6553
6.1320	6011
6.1360	5748
6.1400	6145
6.1440	6063
6.1480	5774
6.1520	6026
6.1560	6231
6.1600	6296
6.1640	6147
6.1680	5759
6.1720	6261
6.1760	6015
6.1800	6693
6.1840	6193
6.1880	5943
6.1920	5441
6.1960	5881
6.2000	6005
6.2040	5715
6.2080	5877
6.2120	6015
6.2160	5849
6.2200	5969
6.2240	6004
6.2280	5916
6.2320	6091
6.2360	5836
6.2400	5925
6.2440	5643
6.2480	6737
6.2520	6259
6.2560	6092
6.2600	5743
6.2640	6324
6.2680	6401
6.2720	6186
6.2760	6092
6.2800	5761
6.2840	6092
6.2880	6220
6.2920	6747
6.2960	5816
6.3000	6306
6.3040	6481
6.3080	6574
6.3120	5982
6.3160	6030
6.3200	6569
6.3240	6730
6.3280	6655
6.3320	6665
6.3360	6616
6.3400	6844
6.3440	6556
6.3480	6369
6.3520	6336
6.3560	6496
6.3600	6518
6.3640	6144
6.3680	6472
6.3720	5990
6.3760	6312
6.3800	5835
6.3840	5636
6.3880	6245
6.3920	6383
6.3960	6400
6.4000	6084
6.4040	6245
6.4080	6393
6.4120	6648
6.4160	5668
6.4200	5923
6.4240	6210
6.4280	6664
6.4320	6104
6.4360	5899
6.4400	6055
6.4440	5758
6.4480	5824
6.4520	6006
6.4560	6365
6.4600	6418
6.4640	6602
6.4680	5798
6.4720	5960
6.4760	5605
6.4800	6018
6.4840	5806
6.4880	5876
6.4920	6376
6.4960	6817
6.5000	6127
6.5040	5994
6.5080	5974
6.5120	5950
6.5160	5958
6.5200	5969
6.5240	5961
6.5280	5966
6.5320	6534
6.5360	6554
6.5400	5977
6.5440	6528
6.5480	6248
6.5520	5660
6.5560	6125
6.5600	5821
6.5640	5838
6.5680	6231
6.5720	5891
6.5760	6500
6.5800	5822
6.5840	6063
6.5880	5586
6.5920	6574
6.5960	6251
6.6000	5835
6.6040	5930
6.6080	6174
6.6120	6566
6.6160	6001
6.6200	5733
6.6240	5819
6.6280	6629
6.6320	5840
6.6360	6264
6.6400	6190
6.6440	6413
6.6480	6149
6.6520	6372
6.6560	5958
6.6600	6562
6.6640	5840
6.6680	5778
6.6720	6000
6.6760	5906
6.6800	6006
6.6840	6633
6.6880	6245
6.6920	6370
6.6960	6799
6.7000	6526
6.7040	6474
6.7080	6247
6.7120	5831
6.7160	5794
6.7200	6309
6.7240	6149
6.7280	5618
6.7320	6486
6.7360	6177
6.7400	6236
6.7440	6280
6.7480	5979
6.7520	5682
6.7560	6629
6.7600	5589
6.7640	6074
6.7680	6241
6.7720	6347
6.7760	6006
6.7800	6501
6.7840	5993
6.7880	6061
6.7920	5751
6.7960	6490
6.8000	6351
6.8040	6535
6.8080	5905
6.8120	5895
6.8160	5884
6.8200	5825
6.8240	6264
6.8280	6213
6.8320	6491
6.8360	6536
6.8400	5985
6.8440	5804
6.8480	5987
6.8520	6583
6.8560	6521
6.8600	6147
6.8640	6493
6.8680	6589
6.8720	6589
6.8760	6183
6.8800	5934
6.8840	5917
6.8880	6064
6.8920	5714
6.8960	5725
6.9000	5784
6.9040	6415
6.9080	5735
6.9120	6318
6.9160	5554
6.9200	5653
6.9240	5667
6.9280	5928
6.9320	5590
6.9360	6632
6.9400	6251
6.9440	6202
6.9480	6319
6.9520	6115
6.9560	5572
6.9600	5636
6.9640	6243
6.9680	5687
6.9720	6431
6.9760	5978
6.9800	6728
6.9840	6262
6.9880	6497
6.9920	6280
6.9960	6411
7.0000	5559
7.0040	6265
7.0080	5843
7.0120	6592
7.0160	6620
7.0200	6611
7.0240	6450
7.0280	6608
7.0320	6037
7.0360	6133
7.0400	5922
7.0440	6141
7.0480	6651
7.0520	6214
7.0560	6497
7.0600	6527
7.0640	6301
7.0680	6393
7.0720	5734
7.0760	6220
7.0800	6531
7.0840	6435
7.0880	6253
7.0920	6306
7.0960	5720
7.1000	6655
7.1040	5697
7.1080	5680
7.1120	6214
7.1160	6711
7.1200	6282
7.1240	6344
7.1280	6353
7.1320	6445
7.1360	6080
7.1400	6606
7.1440	5922
7.1480	6311
7.1520	6234
7.1560	6260
7.1600	6595
7.1640	6388
7.1680	6650
7.1720	6426
7.1760	6696
7.1800	6489
7.1840	6331
7.1880	5874
7.1920	6029
7.1960	6318
7.2000	6676
7.2040	6630
7.2080	5874
7.2120	6086
7.2160	6622
7.2200	6909
7.2240	5932
7.2280	6072
7.2320	5679
7.2360	6376
7.2400	5970
7.2440	5693
7.2480	6020
7.2520	6095
7.2560	5858
7.2600	6541
7.2640	6168
7.2680	6124
7.2720	5981
7.2760	5973
7.2800	6151
7.2840	6363
7.2880	6841
7.2920	6591
7.2960	6516
7.3000	5894
7.3040	5739
7.3080	5528
7.3120	6034
7.3160	5693
7.3200	6936
7.3240	6510
7.3280	6544
7.3320	6636
7.3360	6529
7.3400	6214
7.3440	5828
7.3480	5707
7.3520	5402
7.3560	6240
7.3600	6848
7.3640	7190
7.3680	6887
7.3720	6708
7.3760	5762
7.3800	5943
7.3840	6126
7.3880	6468
7.3920	6501
7.3960	6754
7.4000	6417
7.4040	6800
7.4080	6438
7.4120	6079
7.4160	5994
7.4200	6052
7.4240	5933
7.4280	6044
7.4320	6338
7.4360	6220
7.4400	5936
7.4440	6354
7.4480	5916
7.4520	5578
7.4560	5507
7.4600	6278
7.4640	6233
7.4680	6513
7.4720	6181
7.4760	6274
7.4800	5765
7.4840	5808
7.4880	5824
7.4920	5514
7.4960	6338
7.5000	5929
7.5040	6306
7.5080	6495
7.5120	6519
7.5160	6066
7.5200	6432
7.5240	5401
7.5280	6348
7.5320	5620
7.5360	6145
7.5400	5902
7.5440	6143
7.5480	6205
7.5520	6660
7.5560	6234
7.5600	5844
7.5640	6473
7.5680	6455
7.5720	6553
7.5760	6558
7.5800	6365
7.5840	6062
7.5880	5927
7.5920	5822
7.5960	6381
7.6000	5737
7.6040	6009
7.6080	6030
7.6120	6291
7.6160	5653
7.6200	6022
7.6240	5614
7.6280	5601
7.6320	6504
7.6360	6401
7.6400	6595
7.6440	5622
7.6480	5810
7.6520	6120
7.6560	5742
7.6600	5693
7.6640	6738
7.6680	6298
7.6720	6620
7.6760	6426
7.6800	6548
7.6840	6410
7.6880	6439
7.6920	5777
7.6960	5589
7.7000	5965
7.7040	6390
7.7080	6622
7.7120	5967
7.7160	5982
7.7200	5931
7.7240	5873
7.7280	6151
7.7320	6260
7.7360	5852
7.7400	6350
7.7440	6526
7.7480	5887
7.7520	6192
7.7560	5877
7.7600	6117
7.7640	6034
7.7680	5685
7.7720	6220
7.7760	6624
7.7800	6308
7.7840	5778
7.7880	5834
7.7920	5495
7.7960	5841
7.8000	5953
7.8040	6386
7.8080	6279
7.8120	6047
7.8160	6428
7.8200	5811
7.8240	6131
7.8280	6218
7.8320	5427
7.8360	5834
7.8400	6195
7.8440	6381
7.8480	5656
7.8520	6553
7.8560	6013
7.8600	5768
7.8640	6514
7.8680	6125
7.8720	6579
7.8760	5531
7.8800	5840
7.8840	5631
7.8880	5728
7.8920	6512
7.8960	6081
7.9000	6024
7.9040	6069
7.9080	5875
7.9120	6651
7.9160	5957
7.9200	6027
7.9240	6013
7.9280	6298
7.9320	5910
7.9360	6705
7.9400	6409
7.9440	5736
7.9480	6028
7.9520	6546
7.9560	5704
7.9600	6038
7.9640	6084
7.9680	5717
7.9720	6253
7.9760	6120
7.9800	5617
7.9840	6223
7.9880	5749
7.9920	6345
7.9960	5668
8.0000	6181
8.0040	6566
8.0080	5950
8.0120	6321
8.0160	6413
8.0200	5828
8.0240	5848
8.0280	5770
8.0320	6481
8.0360	5804
8.0400	6425
8.0440	6104
8.0480	5585
8.0520	5618
8.0560	5928
8.0600	6311
8.0640	5598
8.0680	6154
8.0720	6499
8.0760	6195
8.0800	6641
8.0840	6778
8.0880	6378
8.0920	5946
8.0960	6542
8.1000	6139
8.1040	6544
8.1080	6691
8.1120	6857
8.1160	6708
8.1200	6484
8.1240	6446
8.1280	6317
8.1320	5888
8.1360	5897
8.1400	6388
8.1440	6085
8.1480	6018
8.1520	5756
8.1560	6284
8.1600	5684
8.1640	6488
8.1680	5655
8.1720	5745
8.1760	6028
8.1800	6280
8.1840	6162
8.1880	6602
8.1920	5920
8.1960	5920
8.2000	5845
8.2040	5875
8.2080	5634
8.2120	6395
8.2160	6474
8.2200	6052
8.2240	6497
8.2280	5600
8.2320	6237
8.2360	6347
8.2400	6255
8.2440	5683
8.2480	5853
8.2520	5966
8.2560	6147
8.2600	6540
8.2640	5908
8.2680	5943
8.2720	6649
8.2760	6003
8.2800	6340
8.2840	6011
8.2880	5814
8.2920	5910
8.2960	6459
8.3000	6035
8.3040	6574
8.3080	6378
8.3120	5952
8.3160	5876
8.3200	6047
8.3240	5629
8.3280	5635
8.3320	6280
8.3360	5912
8.3400	6029
8.3440	6136
8.3480	5821
8.3520	5894
8.3560	5972
8.3600	5888
8.3640	6313
8.3680	6837
8.3720	6533
8.3760	6484
8.3800	6356
8.3840	5794
8.3880	5669
8.3920	5693
8.3960	6299
8.4000	6057
8.4040	6336
8.4080	6046
8.4120	6621
8.4160	6338
8.4200	6311
8.4240	6116
8.4280	6515
8.4320	6022
8.4360	6029
8.4400	6694
8.4440	6166
8.4480	6544
8.4520	6550
8.4560	6647
8.4600	5995
8.4640	6416
8.4680	6634
8.4720	5963
8.4760	6636
8.4800	6488
8.4840	6213
8.4880	6368
8.4920	6081
8.4960	5851
8.5000	5716
8.5040	5628
8.5080	6061
8.5120	6205
8.5160	6277
8.5200	6274
8.5240	6457
8.5280	6320
8.5320	6099
8.5360	5951
8.5400	6514
8.5440	6076
8.5480	6273
8.5520	6407
8.5560	6551
8.5600	6513
8.5640	6460
8.5680	6459
8.5720	5726
8.5760	6159
8.5800	6175
8.5840	6310
8.5880	5852
8.5920	6478
8.5960	6071
8.6000	6345
8.6040	6472
8.6080	6034
8.6120	5814
8.6160	6514
8.6200	5707
8.6240	5981
8.6280	6369
8.6320	6560
8.6360	6533
8.6400	6316
8.6440	5870
8.6480	5882
8.6520	6717
8.6560	6498
8.6600	6368
8.6640	5932
8.6680	6310
8.6720	6358
8.6760	6326
8.6800	5787
8.6840	5625
8.6880	6375
8.6920	6296
8.6960	6208
8.7000	6086
8.7040	6157
8.7080	6218
8.7120	5934
8.7160	5870
8.7200	5894
8.7240	6285
8.7280	6338
8.7320	6061
8.7360	5911
8.7400	6441
8.7440	5899
8.7480	5983
8.7520	6535
8.7560	6272
8.7600	6335
8.7640	6584
8.7680	6484
8.7720	6129
8.7760	6284
8.7800	6687
8.7840	5959
8.7880	6308
8.7920	5761
8.7960	6433
8.8000	6393
8.8040	6486
8.8080	6684
8.8120	6292
8.8160	6472
8.8200	6149
8.8240	5791
8.8280	5596
8.8320	5992
8.8360	5892
8.8400	6102
8.8440	6135
8.8480	5649
8.8520	6246
8.8560	5769
8.8600	6237
8.8640	5588
8.8680	6527
8.8720	6023
8.8760	5873
8.8800	6437
8.8840	5787
8.8880	5688
8.8920	6709
8.8960	5478
8.9000	5834
8.9040	6202
8.9080	6531
8.9120	6138
8.9160	6344
8.9200	6171
8.9240	5856
8.9280	6286
8.9320	6298
8.9360	6534
8.9400	6104
8.9440	5847
8.9480	5792
8.9520	6587
8.9560	6357
8.9600	6011
8.9640	6158
8.9680	6599
8.9720	6007
8.9760	6243
8.9800	6544
8.9840	6556
8.9880	6523
8.9920	6593
8.9960	6612
9.0000	6581
9.0040	6593
9.0080	6231
9.0120	6517
9.0160	6146
9.0200	6199
9.0240	6089
9.0280	6310
9.0320	6297
9.0360	6107
9.0400	6121
9.0440	6009
9.0480	6033
9.0520	5908
9.0560	5591
9.0600	5657
9.0640	6189
9.0680	6443
9.0720	6781
9.0760	6408
9.0800	6526
9.0840	6222
9.0880	5892
9.0920	5629
9.0960	6015
9.1000	6502
9.1040	6430
9.1080	6537
9.1120	5966
9.1160	6173
9.1200	6072
9.1240	6562
9.1280	6261
9.1320	6377
9.1360	5914
9.1400	5925
9.1440	5884
9.1480	6630
9.1520	6558
9.1560	6599
9.1600	6410
9.1640	6724
9.1680	6032
9.1720	6090
9.1760	5808
9.1800	6194
9.1840	6183
9.1880	6098
9.1920	6405
9.1960	5769
9.2000	5914
9.2040	6391
9.2080	5893
9.2120	5673
9.2160	6033
9.2200	6166
9.2240	6055
9.2280	6077
9.2320	5451
9.2360	6232
9.2400	6019
9.2440	6537
9.2480	6090
9.2520	5940
9.2560	5702
9.2600	6291
9.2640	5893
9.2680	6487
9.2720	6201
9.2760	6544
9.2800	6272
9.2840	6136
9.2880	6218
9.2920	6309
9.2960	6379
9.3000	6405
9.3040	6346
9.3080	6086
9.3120	6560
9.3160	5817
9.3200	5941
9.3240	5832
9.3280	5715
9.3320	6649
9.3360	6035
9.3400	6568
9.3440	6566
9.3480	6652
9.3520	6230
9.3560	6312
9.3600	6340
9.3640	5995
9.3680	6303
9.3720	5834
9.3760	6049
9.3800	6267
9.3840	6252
9.3880	6481
9.3920	5879
9.3960	5737
9.4000	6120
9.4040	5851
9.4080	6325
9.4120	5950
9.4160	5725
9.4200	6069
9.4240	6526
9.4280	5659
9.4320	5839
9.4360	5582
9.4400	6067
9.4440	6311
9.4480	6151
9.4520	5975
9.4560	6453
9.4600	5987
9.4640	6242
9.4680	6609
9.4720	5728
9.4760	6209
9.4800	5924
9.4840	6444
9.4880	6192
9.4920	6431
9.4960	6291
9.5000	6672
9.5040	6393
9.5080	6349
9.5120	6311
9.5160	6702
9.5200	5919
9.5240	6581
9.5280	6084
9.5320	6129
9.5360	6132
9.5400	6731
9.5440	5736
9.5480	6124
9.5520	6310
9.5560	5671
9.5600	6451
9.5640	6281
9.5680	6338
9.5720	6379
9.5760	6091
9.5800	5709
9.5840	5548
9.5880	5804
9.5920	6244
9.5960	6472
9.6000	5925
9.6040	6424
9.6080	6274
9.6120	6626
9.6160	6516
9.6200	6095
9.6240	5689
9.6280	6407
9.6320	6466
9.6360	5909
9.6400	6240
9.6440	6249
9.6480	5968
9.6520	5843
9.6560	6373
9.6600	6022
9.6640	5799
9.6680	6219
9.6720	6484
9.6760	6655
9.6800	6242
9.6840	6177
9.6880	6786
9.6920	5915
9.6960	5939
9.7000	6117
9.7040	6469
9.7080	6634
9.7120	6109
9.7160	5679
9.7200	6476
9.7240	6440
9.7280	6306
9.7320	6443
9.7360	6344
9.7400	5852
9.7440	5778
9.7480	6254
9.7520	5708
9.7560	5826
9.7600	6436
9.7640	6033
9.7680	6308
9.7720	6433
9.7760	5959
9.7800	5563
9.7840	6338
9.7880	6388
9.7920	5892
9.7960	6018
9.8000	6409
9.8040	6264
9.8080	5838
9.8120	5993
9.8160	5704
9.8200	6688
9.8240	6065
9.8280	6690
9.8320	6235
9.8360	6790
9.8400	5853
9.8440	6093
9.8480	5588
9.8520	6281
9.8560	6558
9.8600	6763
9.8640	5993
9.8680	6465
9.8720	6347
9.8760	6746
9.8800	5971
9.8840	6443
9.8880	5920
9.8920	6614
9.8960	6566
9.9000	6357
9.9040	6416
9.9080	6490
9.9120	6301
9.9160	5895
9.9200	5703
9.9240	5701
9.9280	6081
9.9320	6475
9.9360	6223
9.9400	6673
9.9440	5621
9.9480	6517
9.9520	5732
9.9560	5855
9.9600	5838
9.9640	6442
9.9680	6434
9.9720	6509
9.9760	6364
9.9800	6418
9.9840	6597
9.9880	5966
9.9920	6166
9.9960	6348
10.0000	6417
10.0040	5575
10.0080	6001
10.0120	6152
10.0160	6119
10.0200	5749
10.0240	6838
10.0280	5988
10.0320	6089
10.0360	6255
10.0400	6383
10.0440	6486
10.0480	6281
10.0520	5899
10.0560	6247
10.0600	6586
10.0640	5910
10.0680	6521
10.0720	6435
10.0760	6494
10.0800	6490
10.0840	6311
10.0880	6299
10.0920	6396
10.0960	6454
10.1000	6069
10.1040	6352
10.1080	6185
10.1120	6168
10.1160	5877
10.1200	6391
10.1240	6307
10.1280	6544
10.1320	6306
10.1360	6459
10.1400	6214
10.1440	6405
10.1480	5848
10.1520	5850
10.1560	6517
10.1600	5808
10.1640	6458
10.1680	6403
10.1720	6566
10.1760	6404
10.1800	6192
10.1840	5531
10.1880	5811
10.1920	6506
10.1960	6082
10.2000	6117
10.2040	6422
10.2080	5818
10.2120	6325
10.2160	6518
10.2200	6058
10.2240	6261
10.2280	6665
10.2320	6207
10.2360	6683
10.2400	5963
10.2440	6144
10.2480	6251
10.2520	6122
10.2560	6361
10.2600	5742
10.2640	5947
10.2680	6120
10.2720	5979
10.2760	6517
10.2800	6052
10.2840	5878
10.2880	6201
10.2920	5871
10.2960	5830
10.3000	6423
10.3040	6429
10.3080	6821
10.3120	6297
10.3160	6468
10.3200	6414
10.3240	6481
10.3280	5543
10.3320	5959
10.3360	6339
10.3400	6452
10.3440	6149
10.3480	6346
10.3520	6118
10.3560	5606
10.3600	6698
10.3640	5820
10.3680	6281
10.3720	6313
10.3760	6649
10.3800	5879
10.3840	6257
10.3880	6457
10.3920	5878
10.3960	6344
10.4000	6697
10.4040	6099
10.4080	5870
10.4120	5672
10.4160	6363
10.4200	6531
10.4240	5856
10.4280	5892
10.4320	6098
10.4360	6144
10.4400	6362
10.4440	6005
10.4480	5529
10.4520	5949
10.4560	6397
10.4600	6024
10.4640	6445
10.4680	5851
10.4720	5733
10.4760	6128
10.4800	6377
10.4840	5628
10.4880	6129
10.4920	6057
10.4960	5899
10.5000	6387
10.5040	6568
10.5080	6108
10.5120	5878
10.5160	6501
10.5200	6061
10.5240	6040
10.5280	6196
10.5320	6705
10.5360	6402
10.5400	6283
10.5440	5751
10.5480	6054
10.5520	6280
10.5560	6706
10.5600	6275
10.5640	6396
10.5680	6364
10.5720	6580
10.5760	6475
10.5800	6161
10.5840	6728
10.5880	6456
10.5920	6468
10.5960	6687
10.6000	6644
10.6040	6173
10.6080	6155
10.6120	6518
10.6160	5756
10.6200	6347
10.6240	5746
10.6280	5643
10.6320	6395
10.6360	6235
10.6400	6360
10.6440	5754
10.6480	5901
10.6520	6539
10.6560	5867
10.6600	6702
10.6640	5680
10.6680	6672
10.6720	6121
10.6760	6785
10.6800	5885
10.6840	6144
10.6880	6306
10.6920	6273
10.6960	6451
10.7000	6120
10.7040	6333
10.7080	6515
10.7120	6540
10.7160	6345
10.7200	6657
10.7240	6280
10.7280	6547
10.7320	6475
10.7360	6579
10.7400	6332
10.7440	6666
10.7480	6331
10.7520	6370
10.7560	6297
10.7600	5830
10.7640	6243
10.7680	6189
10.7720	6119
10.7760	6224
10.7800	5806
10.7840	6485
10.7880	5755
10.7920	6387
10.7960	5824
10.8000	5666
10.8040	5876
10.8080	5862
10.8120	6384
10.8160	6078
10.8200	6431
10.8240	6297
10.8280	6441
10.8320	5849
10.8360	5655
10.8400	6677
10.8440	6313
10.8480	5945
10.8520	5555
10.8560	6457
10.8600	6586
10.8640	6579
10.8680	5984
10.8720	6276
10.8760	6511
10.8800	5821
10.8840	5781
10.8880	6524
10.8920	6038
10.8960	5902
10.9000	6465
10.9040	5540
10.9080	6478
10.9120	6445
10.9160	6558
10.9200	5850
10.9240	6597
10.9280	6044
10.9320	6136
10.9360	6513
10.9400	6558
10.9440	6655
10.9480	6468
10.9520	6477
10.9560	5895
10.9600	5942
10.9640	6280
10.9680	5934
10.9720	6428
10.9760	6188
10.9800	6312
10.9840	6062
10.9880	6610
10.9920	6270
10.9960	6361
11.0000	6354
11.0040	6554
11.0080	6201
11.0120	5857
11.0160	5645
11.0200	6262
11.0240	6289
11.0280	6672
11.0320	6141
11.0360	6515
11.0400	6388
11.0440	6658
11.0480	5783
11.0520	5684
11.0560	6331
11.0600	6448
11.0640	6549
11.0680	6519
11.0720	6740
11.0760	6639
11.0800	6747
11.0840	6280
11.0880	6386
11.0920	6622
11.0960	6427
11.1000	6716
11.1040	6217
11.1080	6542
11.1120	6637
11.1160	6724
11.1200	6655
11.1240	6450
11.1280	6657
11.1320	6663
11.1360	6471
11.1400	6298
11.1440	6380
11.1480	6386
11.1520	6404
11.1560	6492
11.1600	6207
11.1640	5432
11.1680	6156
11.1720	6258
11.1760	6313
11.1800	6284
11.1840	6376
11.1880	6320
11.1920	6580
11.1960	6469
11.2000	6569
11.2040	5697
11.2080	6285
11.2120	6248
11.2160	6432
11.2200	6437
11.2240	6138
11.2280	5884
11.2320	6454
11.2360	6061
11.2400	5600
11.2440	6042
11.2480	6284
11.2520	6515
11.2560	6157
11.2600	6867
11.2640	6524
11.2680	6582
11.2720	5917
11.2760	6127
11.2800	6468
11.2840	6575
11.2880	6148
11.2920	6493
11.2960	5831
11.3000	5882
11.3040	6497
11.3080	6336
11.3120	6229
11.3160	6486
11.3200	6395
11.3240	6377
11.3280	6222
11.3320	5670
11.3360	5672
11.3400	6499
11.3440	6031
11.3480	6514
11.3520	6182
11.3560	6531
11.3600	5867
11.3640	6292
11.3680	5713
11.3720	5807
11.3760	5715
11.3800	6724
11.3840	6415
11.3880	6569
11.3920	6431
11.3960	5812
11.4000	5764
11.4040	5829
11.4080	6131
11.4120	5941
11.4160	6750
11.4200	6189
11.4240	6696
11.4280	6096
11.4320	6209
11.4360	6457
11.4400	6119
11.4440	5799
11.4480	6781
11.4520	5723
11.4560	6315
11.4600	6503
11.4640	6363
11.4680	5932
11.4720	6765
11.4760	6058
11.4800	6524
11.4840	6248
11.4880	6296
11.4920	6543
11.4960	6104
11.5000	6454
11.5040	5473
11.5080	6214
11.5120	5629
11.5160	5922
11.5200	6102
11.5240	5560
11.5280	6537
11.5320	5960
11.5360	6361
11.5400	5661
11.5440	6653
11.5480	5622
11.5520	6362
11.5560	6272
11.5600	6606
11.5640	5994
11.5680	6263
11.5720	5709
11.5760	5918
11.5800	6487
11.5840	5911
11.5880	6552
11.5920	6121
11.5960	6715
11.6000	6361
11.6040	6553
11.6080	6192
11.6120	6454
11.6160	6580
11.6200	6470
11.6240	6384
11.6280	6721
11.6320	6645
11.6360	6524
11.6400	6226
11.6440	5894
11.6480	6170
11.6520	6376
11.6560	6468
11.6600	6336
11.6640	6442
11.6680	6440
11.6720	6572
11.6760	6582
11.6800	6001
11.6840	6152
11.6880	6174
11.6920	6502
11.6960	6338
11.7000	6480
11.7040	6210
11.7080	6617
11.7120	6229
11.7160	6531
11.7200	6458
11.7240	6534
11.7280	6057
11.7320	6787
11.7360	6052
11.7400	6363
11.7440	6385
11.7480	6580
11.7520	6448
11.7560	6623
11.7600	6626
11.7640	5968
11.7680	6058
11.7720	6455
11.7760	6327
11.7800	6225
11.7840	6524
11.7880	6289
11.7920	6527
11.7960	6602
11.8000	6552
11.8040	6342
11.8080	6208
11.8120	6680
11.8160	6686
11.8200	6616
11.8240	6196
11.8280	5946
11.8320	6303
11.8360	6557
11.8400	6341
11.8440	5710
11.8480	6069
11.8520	6283
11.8560	5862
11.8600	5780
11.8640	6039
11.8680	6381
11.8720	6070
11.8760	6500
11.8800	6595
11.8840	5847
11.8880	5787
11.8920	6092
11.8960	6170
11.9000	5578
11.9040	6055
11.9080	6069
11.9120	6194
11.9160	6662
11.9200	6452
11.9240	5864
11.9280	5580
11.9320	6412
11.9360	5790
11.9400	5809
11.9440	6301
11.9480	6748
11.9520	6331
11.9560	6713
11.9600	5876
11.9640	5780
11.9680	6087
11.9720	6471
11.9760	5960
11.9800	6745
11.9840	6606
11.9880	6608
11.9920	6479
11.9960	5761
12.0000	6221
12.0040	6647
12.0080	6597
12.0120	6517
12.0160	6599
12.0200	6229
12.0240	6482
12.0280	6179
12.0320	5660
12.0360	6181
12.0400	5865
12.0440	5662
12.0480	5737
12.0520	5635
12.0560	6404
12.0600	6092
12.0640	6226
12.0680	5919
12.0720	6301
12.0760	6288
12.0800	5919
12.0840	6399
12.0880	5549
12.0920	6666
12.0960	5846
12.1000	6354
12.1040	5620
12.1080	6077
12.1120	6242
12.1160	6388
12.1200	6528
12.1240	6455
12.1280	6207
12.1320	6403
12.1360	6611
12.1400	6348
12.1440	6793
12.1480	6067
12.1520	6331
12.1560	6732
12.1600	6731
12.1640	6495
12.1680	6649
12.1720	5868
12.1760	5775
12.1800	6489
12.1840	5994
12.1880	6367
12.1920	6441
12.1960	6432
12.2000	6577
12.2040	6397
12.2080	6520
12.2120	6021
12.2160	6259
12.2200	5852
12.2240	6408
12.2280	5660
12.2320	6584
12.2360	5933
12.2400	6468
12.2440	6158
12.2480	6390
12.2520	6328
12.2560	6545
12.2600	6008
12.2640	6873
12.2680	6064
12.2720	6760
12.2760	6493
12.2800	6474
12.2840	6469
12.2880	6440
12.2920	6377
12.2960	6042
12.3000	6868
12.3040	6209
12.3080	6742
12.3120	6175
12.3160	6386
12.3200	6012
12.3240	6507
12.3280	6541
12.3320	6723
12.3360	6155
12.3400	6880
12.3440	6523
12.3480	6558
12.3520	6160
12.3560	6828
12.3600	6525
12.3640	6606
12.3680	6198
12.3720	6096
12.3760	6150
12.3800	6457
12.3840	6074
12.3880	6198
12.3920	6206
12.3960	6271
12.4000	6210
12.4040	6309
12.4080	5663
12.4120	5803
12.4160	6072
12.4200	6708
12.4240	6387
12.4280	6557
12.4320	6229
12.4360	6403
12.4400	6437
12.4440	6339
12.4480	6000
12.4520	6230
12.4560	6454
12.4600	6568
12.4640	6106
12.4680	5865
12.4720	6488
12.4760	6461
12.4800	6581
12.4840	6152
12.4880	5932
12.4920	5760
12.4960	6385
12.5000	6451
12.5040	5971
12.5080	6252
12.5120	6300
12.5160	6484
12.5200	6566
12.5240	6625
12.5280	5847
12.5320	6423
12.5360	6536
12.5400	6493
12.5440	6468
12.5480	6421
12.5520	6462
12.5560	6363
12.5600	6404
12.5640	5883
12.5680	6141
12.5720	6141
12.5760	6164
12.5800	6180
12.5840	6391
12.5880	6094
12.5920	6508
12.5960	5986
12.6000	6335
12.6040	6332
12.6080	6389
12.6120	6398
12.6160	6394
12.6200	6269
12.6240	6389
12.6280	6370
12.6320	6105
12.6360	6033
12.6400	6249
12.6440	5738
12.6480	6341
12.6520	5757
12.6560	5878
12.6600	6676
12.6640	6242
12.6680	6665
12.6720	6465
12.6760	6794
12.6800	6451
12.6840	6746
12.6880	6237
12.6920	6645
12.6960	6610
12.7000	6807
12.7040	5713
12.7080	6245
12.7120	6370
12.7160	6651
12.7200	6161
12.7240	6380
12.7280	6452
12.7320	6436
12.7360	6382
12.7400	6012
12.7440	6117
12.7480	5894
12.7520	5976
12.7560	5927
12.7600	6120
12.7640	5954
12.7680	6324
12.7720	5694
12.7760	5738
12.7800	6574
12.7840	5843
12.7880	6301
12.7920	6213
12.7960	5927
12.8000	6177
12.8040	6576
12.8080	6420
12.8120	5778
12.8160	6316
12.8200	6481
12.8240	6391
12.8280	5987
12.8320	6498
12.8360	6529
12.8400	6643
12.8440	6225
12.8480	6600
12.8520	6324
12.8560	6829
12.8600	6513
12.8640	6464
12.8680	6483
12.8720	5973
12.8760	6036
12.8800	6579
12.8840	6563
12.8880	6671
12.8920	6733
12.8960	5954
12.9000	5853
12.9040	6467
12.9080	5959
12.9120	6036
12.9160	6175
12.9200	5735
12.9240	6201
12.9280	5991
12.9320	6259
12.9360	5767
12.9400	5881
12.9440	6443
12.9480	5890
12.9520	6508
12.9560	5765
12.9600	6498
12.9640	6104
12.9680	6580
12.9720	6002
12.9760	6254
12.9800	6573
12.9840	6549
12.9880	6329
12.9920	6348
12.9960	6442
13.0000	6388
13.0040	6360
13.0080	5554
13.0120	6016
13.0160	6190
13.0200	6408
13.0240	6013
13.0280	6726
13.0320	6407
13.0360	6749
13.0400	5962
13.0440	5856
13.0480	6516
13.0520	6469
13.0560	6703
13.0600	5798
13.0640	6153
13.0680	6235
13.0720	6148
13.0760	6336
13.0800	5972
13.0840	5662
13.0880	6517
13.0920	6185
13.0960	5894
13.1000	5790
13.1040	6455
13.1080	6343
13.1120	5855
13.1160	6009
13.1200	6299
13.1240	6576
13.1280	6223
13.1320	6138
13.1360	5773
13.1400	6427
13.1440	6338
13.1480	6480
13.1520	6280
13.1560	6595
13.1600	6201
13.1640	5983
13.1680	6496
13.1720	5790
13.1760	5782
13.1800	6385
13.1840	6137
13.1880	6309
13.1920	6824
13.1960	6112
13.2000	6035
13.2040	6350
13.2080	6198
13.2120	5918
13.2160	6683
13.2200	5753
13.2240	5833
13.2280	6600
13.2320	6540
13.2360	6153
13.2400	6757
13.2440	6457
13.2480	6454
13.2520	6629
13.2560	6218
13.2600	6266
13.2640	6567
13.2680	6288
13.2720	6119
13.2760	6358
13.2800	6422
13.2840	6004
13.2880	6291
13.2920	6252
13.2960	6458
13.3000	6090
13.3040	5836
13.3080	5862
13.3120	6452
13.3160	6033
13.3200	6249
13.3240	5628
13.3280	6099
13.3320	6419
13.3360	6312
13.3400	5825
13.3440	6248
13.3480	6499
13.3520	6423
13.3560	6402
13.3600	5748
13.3640	6287
13.3680	6195
13.3720	6237
13.3760	5742
13.3800	6297
13.3840	6593
13.3880	6581
13.3920	6525
13.3960	6478
13.4000	6408
13.4040	6289
13.4080	6071
13.4120	6053
13.4160	6532
13.4200	6760
13.4240	6720
13.4280	6502
13.4320	6428
13.4360	6205
13.4400	5810
13.4440	5722
13.4480	5548
13.4520	6370
13.4560	5936
13.4600	5940
13.4640	6085
13.4680	6129
13.4720	6399
13.4760	6486
13.4800	6079
13.4840	6336
13.4880	6118
13.4920	6710
13.4960	6404
13.5000	6681
13.5040	5917
13.5080	6665
13.5120	5916
13.5160	6225
13.5200	5737
13.5240	5728
13.5280	6473
13.5320	5970
13.5360	6622
13.5400	6126
13.5440	6350
13.5480	6294
13.5520	6386
13.5560	5842
13.5600	6029
13.5640	6569
13.5680	6350
13.5720	6678
13.5760	6481
13.5800	6560
13.5840	6595
13.5880	6076
13.5920	6180
13.5960	6778
13.6000	6415
13.6040	6136
13.6080	5881
13.6120	6122
13.6160	6365
13.6200	6088
13.6240	6017
13.6280	5537
13.6320	6278
13.6360	6042
13.6400	6069
13.6440	5580
13.6480	6116
13.6520	5893
13.6560	6268
13.6600	5789
13.6640	5890
13.6680	5970
13.6720	6488
13.6760	6403
13.6800	5832
13.6840	5865
13.6880	6466
13.6920	6440
13.6960	5836
13.7000	5752
13.7040	6403
13.7080	6663
13.7120	6104
13.7160	5931
13.7200	6387
13.7240	6702
13.7280	6165
13.7320	5909
13.7360	5521
13.7400	6429
13.7440	6130
13.7480	5943
13.7520	5793
13.7560	6752
13.7600	6568
13.7640	6198
13.7680	5764
13.7720	6162
13.7760	6514
13.7800	6178
13.7840	5749
13.7880	5856
13.7920	6455
13.7960	6581
13.8000	6301
13.8040	5634
13.8080	5845
13.8120	6369
13.8160	6071
13.8200	5607
13.8240	5534
13.8280	6193
13.8320	6213
13.8360	6386
13.8400	6041
13.8440	6113
13.8480	6041
13.8520	6074
13.8560	5700
13.8600	6335
13.8640	6184
13.8680	5927
13.8720	6015
13.8760	6261
13.8800	6204
13.8840	6241
13.8880	6804
13.8920	6293
13.8960	6534
13.9000	6243
13.9040	6181
13.9080	5891
13.9120	6082
13.9160	6203
13.9200	6708
13.9240	6536
13.9280	6507
13.9320	6556
13.9360	6741
13.9400	6728
13.9440	6133
13.9480	5862
13.9520	5890
13.9560	6247
13.9600	6264
13.9640	6490
13.9680	6365
13.9720	6321
13.9760	6382
13.9800	6464
13.9840	5964
13.9880	5645
13.9920	5662
13.9960	5900
14.0000	6395
14.0040	6416
14.0080	6173
14.0120	6236
14.0160	6691
14.0200	6330
14.0240	6221
14.0280	5664
14.0320	5902
14.0360	5782
14.0400	6243
14.0440	6389
14.0480	6519
14.0520	6349
14.0560	6513
14.0600	6741
14.0640	5688
14.0680	6457
14.0720	5710
14.0760	6752
14.0800	6169
14.0840	6623
14.0880	6321
14.0920	6499
14.0960	6234
14.1000	6503
14.1040	5987
14.1080	6074
14.1120	6003
14.1160	6678
14.1200	6489
14.1240	6495
14.1280	6543
14.1320	6388
14.1360	5851
14.1400	5973
14.1440	5855
14.1480	6127
14.1520	5649
14.1560	5903
14.1600	5807
14.1640	6520
14.1680	6310
14.1720	5630
14.1760	5618
14.1800	6461
14.1840	6249
14.1880	5987
14.1920	5655
14.1960	6230
14.2000	5871
14.2040	6373
14.2080	5654
14.2120	5977
14.2160	5464
14.2200	6141
14.2240	5944
14.2280	5968
14.2320	6555
14.2360	6496
14.2400	6496
14.2440	5730
14.2480	5774
14.2520	5933
14.2560	6519
14.2600	6012
14.2640	6620
14.2680	6227
14.2720	6633
14.2760	5963
14.2800	6211
14.2840	5838
14.2880	6656
14.2920	6520
14.2960	6567
14.3000	6509
14.3040	6669
14.3080	6599
14.3120	6044
14.3160	5737
14.3200	6123
14.3240	6501
14.3280	6274
14.3320	5620
14.3360	5716
14.3400	6058
14.3440	5670
14.3480	6376
14.3520	5711
14.3560	5533
14.3600	5881
14.3640	5967
14.3680	5885
14.3720	6137
14.3760	6402
14.3800	5886
14.3840	6727
14.3880	5764
14.3920	5770
14.3960	5660
14.4000	5893
14.4040	5779
14.4080	6413
14.4120	6270
14.4160	6027
14.4200	6647
14.4240	5624
14.4280	6064
14.4320	6039
14.4360	5863
14.4400	5685
14.4440	6233
14.4480	6532
14.4520	6717
14.4560	5822
14.4600	5925
14.4640	6452
14.4680	6630
14.4720	5933
14.4760	6776
14.4800	5859
14.4840	6612
14.4880	6454
14.4920	6368
14.4960	5784
14.5000	5900
14.5040	6354
14.5080	6194
14.5120	5551
14.5160	5645
14.5200	6052
14.5240	6536
14.5280	6084
14.5320	5929
14.5360	5908
14.5400	6424
14.5440	5715
14.5480	5695
14.5520	5597
14.5560	6747
14.5600	6191
14.5640	6403
14.5680	5944
14.5720	5916
14.5760	5569
14.5800	5564
14.5840	5739
14.5880	6264
14.5920	6375
14.5960	6538
14.6000	5703
14.6040	5786
14.6080	6754
14.6120	6116
14.6160	5798
14.6200	5825
14.6240	6651
14.6280	6528
14.6320	6652
14.6360	5953
14.6400	5883
14.6440	6757
14.6480	6551
14.6520	5971
14.6560	5808
14.6600	6371
14.6640	6431
14.6680	6518
14.6720	6452
14.6760	5899
14.6800	6017
14.6840	6199
14.6880	5925
14.6920	5566
14.6960	5731
14.7000	6399
14.7040	6481
14.7080	5987
14.7120	6130
14.7160	5979
14.7200	5877
14.7240	5639
14.7280	6573
14.7320	6268
14.7360	6625
14.7400	6036
14.7440	6086
14.7480	6207
14.7520	6465
14.7560	5759
14.7600	5961
14.7640	5854
14.7680	6383
14.7720	6519
14.7760	5534
14.7800	6113
14.7840	6224
14.7880	6538
14.7920	5769
14.7960	5842
14.8000	5859
14.8040	6488
14.8080	6356
14.8120	5986
14.8160	5768
14.8200	6508
14.8240	6678
14.8280	6335
14.8320	5969
14.8360	6312
14.8400	6089
14.8440	5780
14.8480	6239
14.8520	6648
14.8560	6003
14.8600	5811
14.8640	5776
14.8680	5721
14.8720	6180
14.8760	6319
14.8800	5574
14.8840	5906
14.8880	5629
14.8920	6385
14.8960	5553
14.9000	5817
14.9040	6160
14.9080	6422
14.9120	6339
14.9160	6039
14.9200	5698
14.9240	6034
14.9280	5804
14.9320	5830
14.9360	5893
14.9400	5995
14.9440	6338
14.9480	6237
14.9520	6010
14.9560	5625
14.9600	6145
14.9640	5716
14.9680	6144
14.9720	5766
14.9760	6157
14.9800	6023
14.9840	6533
14.9880	6257
14.9920	6642
14.9960	6258
15.0000	6240
15.0040	6682
15.0080	6340
15.0120	6678
15.0160	6551
15.0200	6374
15.0240	6179
15.0280	6613
15.0320	6503
15.0360	6214
15.0400	5606
15.0440	5800
15.0480	5602
15.0520	5888
15.0560	5938
15.0600	5693
15.0640	6498
15.0680	5781
15.0720	6359
15.0760	5605
15.0800	6671
15.0840	5958
15.0880	6069
15.0920	6092
15.0960	6440
15.1000	6390
15.1040	6499
15.1080	6323
15.1120	5964
15.1160	5829
15.1200	5781
15.1240	5770
15.1280	5608
15.1320	6029
15.1360	6474
15.1400	6206
15.1440	6057
15.1480	5749
15.1520	5873
15.1560	6670
15.1600	6159
15.1640	5755
15.1680	5818
15.1720	6211
15.1760	6603
15.1800	6521
15.1840	6223
15.1880	5859
15.1920	6413
15.1960	6206
15.2000	5732
15.2040	5928
15.2080	5848
15.2120	6609
15.2160	6217
15.2200	5903
15.2240	5676
15.2280	6185
15.2320	6291
15.2360	5732
15.2400	5626
15.2440	5817
15.2480	5933
15.2520	6011
15.2560	5613
15.2600	5838
15.2640	5919
15.2680	6325
15.2720	5814
15.2760	5897
15.2800	6418
15.2840	6622
15.2880	5702
15.2920	6635
15.2960	5976
15.3000	6525
15.3040	6104
15.3080	5716
15.3120	6189
15.3160	6413
15.3200	6677
15.3240	5708
15.3280	6148
15.3320	5778
15.3360	6359
15.3400	6096
15.3440	6080
15.3480	6296
15.3520	6367
15.3560	6468
15.3600	5976
15.3640	6350
15.3680	5810
15.3720	5925
15.3760	6153
15.3800	6147
15.3840	5860
15.3880	6070
15.3920	6431
15.3960	6366
15.4000	5509
15.4040	5713
15.4080	5988
15.4120	5570
15.4160	5841
15.4200	5904
15.4240	6322
15.4280	5629
15.4320	6079
15.4360	6397
15.4400	6497
15.4440	5842
15.4480	5882
15.4520	5674
15.4560	5887
15.4600	6552
15.4640	6493
15.4680	5986
15.4720	5825
15.4760	6577
15.4800	6137
15.4840	5904
15.4880	5550
15.4920	6175
15.4960	6004
15.5000	6112
15.5040	6262
15.5080	6030
15.5120	5721
15.5160	6719
15.5200	6499
15.5240	5675
15.5280	5773
15.5320	5833
15.5360	5876
15.5400	6137
15.5440	6623
15.5480	6246
15.5520	5590
15.5560	5917
15.5600	6179
15.5640	5827
15.5680	5809
15.5720	5829
15.5760	5537
15.5800	6033
15.5840	6167
15.5880	5816
15.5920	5694
15.5960	5976
15.6000	5961
15.6040	5929
15.6080	5495
15.6120	5881
15.6160	6020
15.6200	6462
15.6240	5585
15.6280	5858
15.6320	5531
15.6360	6184
15.6400	6367
15.6440	6083
15.6480	5606
15.6520	5932
15.6560	6039
15.6600	5705
15.6640	5814
15.6680	5677
15.6720	5884
15.6760	5673
15.6800	6409
15.6840	6440
15.6880	6496
15.6920	5822
15.6960	6084
15.7000	5844
15.7040	6223
15.7080	6008
15.7120	5872
15.7160	5998
15.7200	6610
15.7240	6559
15.7280	5905
15.7320	6178
15.7360	5901
15.7400	6320
15.7440	6344
15.7480	5564
15.7520	5550
15.7560	6454
15.7600	5878
15.7640	5991
15.7680	6197
15.7720	6102
15.7760	6124
15.7800	6295
15.7840	5719
15.7880	5627
15.7920	6240
15.7960	6283
15.8000	6601
15.8040	5764
15.8080	5795
15.8120	5926
15.8160	5922
15.8200	5930
15.8240	5838
15.8280	6492
15.8320	6407
15.8360	6130
15.8400	5527
15.8440	6183
15.8480	6180
15.8520	6067
15.8560	6223
15.8600	5975
15.8640	6190
15.8680	6465
15.8720	5981
15.8760	5870
15.8800	6333
15.8840	6769
15.8880	5769
15.8920	6448
15.8960	5981
15.9000	6811
15.9040	6396
15.9080	5729
15.9120	5719
15.9160	6127
15.9200	6396
15.9240	5809
15.9280	5881
15.9320	5644
15.9360	6248
15.9400	6344
15.9440	5462
15.9480	5822
15.9520	6340
15.9560	6341
15.9600	5611
15.9640	5615
15.9680	5715
15.9720	6399
15.9760	5896
15.9800	5973
15.9840	5623
15.9880	6040
15.9920	6159
15.9960	5830
16.0000	5922
16.0040	6095
16.0080	6501
16.0120	5674
16.0160	6619
16.0200	5982
16.0240	6050
16.0280	6016
16.0320	5872
16.0360	5741
16.0400	6206
16.0440	6459
16.0480	6267
16.0520	5964
16.0560	6320
16.0600	6010
16.0640	6381
16.0680	5753
16.0720	5729
16.0760	5951
16.0800	6213
16.0840	5866
16.0880	5865
16.0920	5811
16.0960	5851
16.1000	5556
16.1040	5427
16.1080	5657
16.1120	5747
16.1160	6369
16.1200	6488
16.1240	5671
16.1280	5885
16.1320	5705
16.1360	5872
16.1400	5629
16.1440	6279
16.1480	6069
16.1520	6296
16.1560	5927
16.1600	6067
16.1640	6012
16.1680	6645
16.1720	6391
16.1760	5772
16.1800	5700
16.1840	6286
16.1880	6650
16.1920	5642
16.1960	5949
16.2000	5804
16.2040	6468
16.2080	6271
16.2120	6116
16.2160	5862
16.2200	5874
16.2240	5914
16.2280	6246
16.2320	5720
16.2360	5877
16.2400	6484
16.2440	6321
16.2480	6016
16.2520	6395
16.2560	6102
16.2600	5820
16.2640	5778
16.2680	5716
16.2720	5669
16.2760	5865
16.2800	6102
16.2840	6293
16.2880	6254
16.2920	6100
16.2960	5715
16.3000	6143
16.3040	5689
16.3080	6258
16.3120	5900
16.3160	5866
16.3200	5451
16.3240	6239
16.3280	5981
16.3320	5881
16.3360	5641
16.3400	5986
16.3440	5731
16.3480	5649
16.3520	6134
16.3560	5865
16.3600	6517
16.3640	6416
16.3680	6177
16.3720	5693
16.3760	6355
16.3800	6128
16.3840	5977
16.3880	6162
16.3920	5901
16.3960	6189
16.4000	6083
16.4040	6303
16.4080	6524
16.4120	6601
16.4160	6169
16.4200	5950
16.4240	6129
16.4280	5939
16.4320	6315
16.4360	5839
16.4400	6028
16.4440	6168
16.4480	6196
16.4520	6441
16.4560	5728
16.4600	5738
16.4640	5517
16.4680	5667
16.4720	5582
16.4760	5526
16.4800	6515
16.4840	5848
16.4880	6487
16.4920	5528
16.4960	5943
16.5000	6127
16.5040	6036
16.5080	5773
16.5120	5611
16.5160	6341
16.5200	6528
16.5240	6345
16.5280	6334
16.5320	6093
16.5360	6004
16.5400	5840
16.5440	5981
16.5480	5796
16.5520	6424
16.5560	6747
16.5600	5560
16.5640	6122
16.5680	6536
16.5720	6826
16.5760	6136
16.5800	5973
16.5840	5997
16.5880	6021
16.5920	6579
16.5960	6579
16.6000	5873
16.6040	6347
16.6080	6478
16.6120	5936
16.6160	6369
16.6200	5973
16.6240	5821
16.6280	6108
16.6320	6079
16.6360	5928
16.6400	5637
16.6440	5858
16.6480	5597
16.6520	5673
16.6560	5481
16.6600	6513
16.6640	6201
16.6680	5787
16.6720	5507
16.6760	6676
16.6800	6116
16.6840	5966
16.6880	5624
16.6920	6142
16.6960	6317
16.7000	6142
16.7040	5581
16.7080	5899
16.7120	5813
16.7160	6488
16.7200	6315
16.7240	6128
16.7280	6099
16.7320	5980
16.7360	6135
16.7400	5800
16.7440	5967
16.7480	5861
16.7520	6448
16.7560	6253
16.7600	5931
16.7640	6434
16.7680	6135
16.7720	6743
16.7760	6075
16.7800	5811
16.7840	6121
16.7880	6537
16.7920	5974
16.7960	5774
16.8000	5804
16.8040	5875
16.8080	5715
16.8120	5870
16.8160	6150
16.8200	6322
16.8240	6141
16.8280	5820
16.8320	6225
16.8360	6049
16.8400	6512
16.8440	5824
16.8480	5871
16.8520	5760
16.8560	6722
16.8600	6412
16.8640	6114
16.8680	6058
16.8720	5797
16.8760	6273
16.8800	6147
16.8840	5942
16.8880	5915
16.8920	6486
16.8960	6166
16.9000	6060
16.9040	5540
16.9080	6176
16.9120	6025
16.9160	6008
16.9200	5685
16.9240	6486
16.9280	6573
16.9320	6505
16.9360	6448
16.9400	6292
16.9440	5830
16.9480	6278
16.9520	6168
16.9560	6074
16.9600	6606
16.9640	6522
16.9680	5585
16.9720	5585
16.9760	6448
16.9800	6414
16.9840	5665
16.9880	5983
16.9920	5574
16.9960	6297
17.0000	6423
17.0040	5832
17.0080	5949
17.0120	6494
17.0160	5906
17.0200	5700
17.0240	5813
17.0280	5876
17.0320	5792
17.0360	6597
17.0400	5803
17.0440	5895
17.0480	5804
17.0520	6075
17.0560	5691
17.0600	5722
17.0640	5783
17.0680	5708
17.0720	5630
17.0760	6083
17.0800	6638
17.0840	6187
17.0880	5771
17.0920	5809
17.0960	5995
17.1000	6508
17.1040	6209
17.1080	5896
17.1120	6005
17.1160	6443
17.1200	6719
17.1240	6214
17.1280	6167
17.1320	6565
17.1360	5999
17.1400	6377
17.1440	5900
17.1480	6157
17.1520	6248
17.1560	5652
17.1600	5999
17.1640	6150
17.1680	5801
17.1720	5893
17.1760	6222
17.1800	6240
17.1840	5937
17.1880	6122
17.1920	6013
17.1960	5959
17.2000	5873
17.2040	5883
17.2080	6078
17.2120	5465
17.2160	6042
17.2200	6183
17.2240	6660
17.2280	6511
17.2320	5842
17.2360	6247
17.2400	5704
17.2440	5826
17.2480	5607
17.2520	5879
17.2560	5908
17.2600	6636
17.2640	6406
17.2680	5824
17.2720	5914
17.2760	6165
17.2800	5972
17.2840	5979
17.2880	6189
17.2920	6064
17.2960	6763
17.3000	6273
17.3040	6705
17.3080	5885
17.3120	5873
17.3160	5885
17.3200	5753
17.3240	6256
17.3280	5738
17.3320	6379
17.3360	6460
17.3400	5946
17.3440	5681
17.3480	5751
17.3520	5527
17.3560	5735
17.3600	5578
17.3640	5673
17.3680	5610
17.3720	6030
17.3760	5770
17.3800	6146
17.3840	6334
17.3880	6601
17.3920	5580
17.3960	6703
17.4000	5715
17.4040	6335
17.4080	5678
17.4120	5847
17.4160	6505
17.4200	6458
17.4240	6340
17.4280	5879
17.4320	6417
17.4360	5750
17.4400	6791
17.4440	6262
17.4480	6472
17.4520	5888
17.4560	6574
17.4600	6546
17.4640	5766
17.4680	5983
17.4720	5790
17.4760	5905
17.4800	6305
17.4840	5987
17.4880	5743
17.4920	6114
17.4960	6088
17.5000	5734
17.5040	5880
17.5080	6680
17.5120	6336
17.5160	6017
17.5200	6085
17.5240	5743
17.5280	6375
17.5320	5693
17.5360	5801
17.5400	5861
17.5440	5858
17.5480	5540
17.5520	5775
17.5560	5721
17.5600	6183
17.5640	5937
17.5680	5947
17.5720	6324
17.5760	6060
17.5800	6562
17.5840	5926
17.5880	5784
17.5920	5968
17.5960	6448
17.6000	5887
17.6040	5796
17.6080	5822
17.6120	5770
17.6160	5632
17.6200	6291
17.6240	5686
17.6280	6448
17.6320	6679
17.6360	6236
17.6400	6151
17.6440	6183
17.6480	5727
17.6520	6080
17.6560	5869
17.6600	6633
17.6640	6565
17.6680	6498
17.6720	6155
17.6760	5917
17.6800	5660
17.6840	5600
17.6880	5575
17.6920	5644
17.6960	5756
17.7000	6365
17.7040	6239
17.7080	5939
17.7120	5457
17.7160	5695
17.7200	5549
17.7240	5717
17.7280	5480
17.7320	5933
17.7360	5845
17.7400	6618
17.7440	6461
17.7480	6696
17.7520	6123
17.7560	5953
17.7600	6454
17.7640	6288
17.7680	5761
17.7720	6236
17.7760	6466
17.7800	6208
17.7840	6261
17.7880	5512
17.7920	5815
17.7960	5590
17.8000	6358
17.8040	5667
17.8080	6715
17.8120	5761
17.8160	5950
17.8200	6376
17.8240	6636
17.8280	6332
17.8320	6045
17.8360	6186
17.8400	6381
17.8440	6082
17.8480	6394
17.8520	5755
17.8560	5620
17.8600	6665
17.8640	6410
17.8680	5460
17.8720	5736
17.8760	5975
17.8800	5762
17.8840	5600
17.8880	5630
17.8920	5861
17.8960	6091
17.9000	5787
17.9040	5671
17.9080	5501
17.9120	6519
17.9160	6093
17.9200	6278
17.9240	6390
17.9280	5781
17.9320	6284
17.9360	6016
17.9400	5839
17.9440	5643
17.9480	6058
17.9520	6218
17.9560	5763
17.9600	6273
17.9640	6152
17.9680	6366
17.9720	6414
17.9760	6230
17.9800	6689
17.9840	6237
17.9880	6649
17.9920	6263
17.9960	5971
18.0000	6283
18.0040	5788
18.0080	5689
18.0120	6093
18.0160	6412
18.0200	6334
18.0240	6273
18.0280	6358
18.0320	5885
18.0360	5871
18.0400	5864
18.0440	5595
18.0480	5757
18.0520	5851
18.0560	5899
18.0600	5702
18.0640	5664
18.0680	5601
18.0720	5649
18.0760	6304
18.0800	5563
18.0840	6546
18.0880	5476
18.0920	6722
18.0960	6044
18.1000	6173
18.1040	5750
18.1080	6529
18.1120	6398
18.1160	5729
18.1200	6092
18.1240	5804
18.1280	6091
18.1320	6362
18.1360	5983
18.1400	6296
18.1440	5988
18.1480	6233
18.1520	6058
18.1560	5740
18.1600	6076
18.1640	5838
18.1680	6150
18.1720	6037
18.1760	6208
18.1800	6008
18.1840	5939
18.1880	5873
18.1920	6004
18.1960	5848
18.2000	6486
18.2040	5863
18.2080	5840
18.2120	5799
18.2160	6235
18.2200	5833
18.2240	6318
18.2280	5737
18.2320	6210
18.2360	5912
18.2400	5555
18.2440	5780
18.2480	5706
18.2520	5632
18.2560	5731
18.2600	5841
18.2640	5822
18.2680	5680
18.2720	6141
18.2760	5620
18.2800	6071
18.2840	5566
18.2880	5752
18.2920	6102
18.2960	5795
18.3000	5979
18.3040	6114
18.3080	6646
18.3120	5769
18.3160	6293
18.3200	6070
18.3240	6277
18.3280	5711
18.3320	6167
18.3360	5844
18.3400	5998
18.3440	6320
18.3480	6316
18.3520	6211
18.3560	6530
18.3600	5787
18.3640	5998
18.3680	5936
18.3720	5944
18.3760	6053
18.3800	6130
18.3840	6467
18.3880	6225
18.3920	5608
18.3960	6214
18.4000	6117
18.4040	5704
18.4080	5749
18.4120	5537
18.4160	6013
18.4200	6251
18.4240	6056
18.4280	5820
18.4320	5609
18.4360	6458
18.4400	6383
18.4440	6458
18.4480	5723
18.4520	6764
18.4560	6428
18.4600	6166
18.4640	5738
18.4680	5783
18.4720	5596
18.4760	6459
18.4800	6486
18.4840	5768
18.4880	6428
18.4920	6350
18.4960	6330
18.5000	5579
18.5040	5683
18.5080	5617
18.5120	6149
18.5160	6434
18.5200	6726
18.5240	5929
18.5280	6781
18.5320	6397
18.5360	5936
18.5400	6284
18.5440	6303
18.5480	6017
18.5520	6438
18.5560	6568
18.5600	5833
18.5640	6329
18.5680	6179
18.5720	6245
18.5760	6297
18.5800	5894
18.5840	5848
18.5880	6302
18.5920	6353
18.5960	5920
18.6000	6398
18.6040	5662
18.6080	5888
18.6120	6243
18.6160	5945
18.6200	6397
18.6240	6363
18.6280	5685
18.6320	6288
18.6360	5637
18.6400	6570
18.6440	6001
18.6480	6422
18.6520	6363
18.6560	6103
18.6600	6444
18.6640	5669
18.6680	6278
18.6720	5643
18.6760	6032
18.6800	6098
18.6840	6764
18.6880	6113
18.6920	6447
18.6960	6660
18.7000	6106
18.7040	6260
18.7080	5956
18.7120	5882
18.7160	6242
18.7200	6503
18.7240	5939
18.7280	6271
18.7320	6163
18.7360	5763
18.7400	5831
18.7440	5838
18.7480	5672
18.7520	5986
18.7560	6382
18.7600	5830
18.7640	5811
18.7680	5804
18.7720	5761
18.7760	5685
18.7800	6562
18.7840	5687
18.7880	6377
18.7920	6308
18.7960	6240
18.8000	5722
18.8040	6448
18.8080	5814
18.8120	5996
18.8160	6078
18.8200	6066
18.8240	6387
18.8280	6656
18.8320	6108
18.8360	5878
18.8400	6016
18.8440	5849
18.8480	6162
18.8520	5869
18.8560	6159
18.8600	6216
18.8640	6511
18.8680	5966
18.8720	5917
18.8760	5918
18.8800	6370
18.8840	6556
18.8880	6362
18.8920	5958
18.8960	6597
18.9000	6700
18.9040	6411
18.9080	6302
18.9120	6450
18.9160	5630
18.9200	6658
18.9240	6510
18.9280	5925
18.9320	6128
18.9360	6460
18.9400	6449
18.9440	5832
18.9480	5582
18.9520	5595
18.9560	5825
18.9600	6375
18.9640	6029
18.9680	5761
18.9720	6267
18.9760	6703
18.9800	6293
18.9840	5990
18.9880	5512
18.9920	6186
18.9960	6229
19.0000	6324
19.0040	5813
19.0080	5861
19.0120	6466
19.0160	6368
19.0200	5859
19.0240	5640
19.0280	5800
19.0320	5708
19.0360	5947
19.0400	5610
19.0440	6151
19.0480	5708
19.0520	6497
19.0560	6518
19.0600	5916
19.0640	5922
19.0680	6362
19.0720	5845
19.0760	6079
19.0800	5759
19.0840	5746
19.0880	6106
19.0920	6541
19.0960	6141
19.1000	6283
19.1040	5975
19.1080	5494
19.1120	5704
19.1160	5712
19.1200	5662
19.1240	6282
19.1280	6180
19.1320	5999
19.1360	5645
19.1400	5902
19.1440	5516
19.1480	5821
19.1520	5590
19.1560	6366
19.1600	6409
19.1640	6334
19.1680	5978
19.1720	6302
19.1760	5754
19.1800	6229
19.1840	6209
19.1880	6417
19.1920	5867
19.1960	6480
19.2000	6525
19.2040	5699
19.2080	6576
19.2120	5855
19.2160	6465
19.2200	5762
19.2240	6374
19.2280	6161
19.2320	6371
19.2360	6290
19.2400	6330
19.2440	6069
19.2480	5860
19.2520	6047
19.2560	6063
19.2600	6672
19.2640	5863
19.2680	6364
19.2720	6601
19.2760	5780
19.2800	5701
19.2840	5681
19.2880	5862
19.2920	6399
19.2960	5865
19.3000	6245
19.3040	6261
19.3080	6188
19.3120	5696
19.3160	5756
19.3200	6615
19.3240	5822
19.3280	6434
19.3320	6343
19.3360	6136
19.3400	6481
19.3440	5830
19.3480	5838
19.3520	5961
19.3560	6556
19.3600	5879
19.3640	6374
19.3680	6239
19.3720	5732
19.3760	5616
19.3800	5949
19.3840	5913
19.3880	6614
19.3920	6472
19.3960	5924
19.4000	6234
19.4040	6149
19.4080	5613
19.4120	5859
19.4160	5696
19.4200	6252
19.4240	6657
19.4280	6395
19.4320	6017
19.4360	6073
19.4400	6264
19.4440	6555
19.4480	5650
19.4520	6306
19.4560	5811
19.4600	6004
19.4640	6467
19.4680	6348
19.4720	5637
19.4760	5704
19.4800	5903
19.4840	5603
19.4880	6363
19.4920	6523
19.4960	5844
19.5000	6616
19.5040	6411
19.5080	6336
19.5120	5584
19.5160	5953
19.5200	5556
19.5240	5879
19.5280	6224
19.5320	5674
19.5360	6106
19.5400	6477
19.5440	6336
19.5480	6129
19.5520	5897
19.5560	5763
19.5600	5894
19.5640	5679
19.5680	5755
19.5720	6040
19.5760	5971
19.5800	6316
19.5840	6741
19.5880	6487
19.5920	6021
19.5960	6627
19.6000	5865
19.6040	6116
19.6080	5842
19.6120	6028
19.6160	5719
19.6200	6260
19.6240	6437
19.6280	6080
19.6320	5782
19.6360	5881
19.6400	5677
19.6440	5588
19.6480	5448
19.6520	5647
19.6560	6470
19.6600	6409
19.6640	5828
19.6680	5531
19.6720	5914
19.6760	5951
19.6800	5771
19.6840	6197
19.6880	6364
19.6920	5662
19.6960	5969
19.7000	5596
19.7040	5834
19.7080	6019
19.7120	5754
19.7160	6494
19.7200	5743
19.7240	6566
19.7280	6226
19.7320	5978
19.7360	6074
19.7400	5928
19.7440	6490
19.7480	6657
19.7520	5870
19.7560	5955
19.7600	5912
19.7640	6463
19.7680	5835
19.7720	6003
19.7760	6003
19.7800	6636
19.7840	6135
19.7880	6495
19.7920	6176
19.7960	6336
19.8000	6259
19.8040	6076
19.8080	5753
19.8120	5907
19.8160	5898
19.8200	5655
19.8240	5651
19.8280	5781
19.8320	6349
19.8360	6260
19.8400	5563
19.8440	5848
19.8480	6118
19.8520	6443
19.8560	5951
19.8600	6062
19.8640	6387
19.8680	6213
19.8720	6367
19.8760	6126
19.8800	5914
19.8840	6175
19.8880	6494
19.8920	5856
19.8960	6078
19.9000	5792
19.9040	6333
19.9080	5784
19.9120	5943
19.9160	5755
19.9200	6694
19.9240	6284
19.9280	6062
19.9320	6238
19.9360	6005
19.9400	6392
19.9440	6014
19.9480	5885
19.9520	6363
19.9560	6636
19.9600	6314
19.9640	6062
19.9680	5997
19.9720	6065
19.9760	6013
19.9800	5948
19.9840	5744
19.9880	6523
19.9920	6486
19.9960	6258
