0.0000	5751
0.0050	5859
0.0100	6070
0.0150	6095
0.0200	6162
0.0250	6499
0.0300	6003
0.0350	6154
0.0400	5548
0.0450	6015
0.0500	6465
0.0550	5576
0.0600	6681
0.0650	5742
0.0700	5401
0.0750	6250
0.0800	6565
0.0850	6595
0.0900	5840
0.0950	6176
0.1000	5648
0.1050	6455
0.1100	6325
0.1150	5925
0.1200	5897
0.1250	6435
0.1300	6146
0.1350	6334
0.1400	5908
0.1450	5942
0.1500	6117
0.1550	5537
0.1600	6288
0.1650	5739
0.1700	6451
0.1750	5694
0.1800	5787
0.1850	5416
0.1900	5558
0.1950	6003
0.2000	5711
0.2050	5782
0.2100	5763
0.2150	5837
0.2200	5754
0.2250	5635
0.2300	6096
0.2350	5774
0.2400	5891
0.2450	6241
0.2500	5846
0.2550	6255
0.2600	5612
0.2650	5816
0.2700	5684
0.2750	5633
0.2800	6223
0.2850	6511
0.2900	6087
0.2950	5802
0.3000	5422
0.3050	5643
0.3100	6380
0.3150	6383
0.3200	6511
0.3250	5718
0.3300	5845
0.3350	6018
0.3400	5898
0.3450	6454
0.3500	6423
0.3550	5979
0.3600	6210
0.3650	5832
0.3700	5592
0.3750	5667
0.3800	5922
0.3850	6092
0.3900	5614
0.3950	6222
0.4000	5994
0.4050	5741
0.4100	5867
0.4150	5478
0.4200	5898
0.4250	5485
0.4300	6168
0.4350	6464
0.4400	5750
0.4450	5817
0.4500	5663
0.4550	5452
0.4600	5658
0.4650	6158
0.4700	6415
0.4750	5798
0.4800	6263
0.4850	5763
0.4900	5680
0.4950	5682
0.5000	6335
0.5050	5730
0.5100	5748
0.5150	5913
0.5200	6197
0.5250	6168
0.5300	5641
0.5350	6712
0.5400	6243
0.5450	5604
0.5500	6093
0.5550	6329
0.5600	5743
0.5650	5688
0.5700	6191
0.5750	6398
0.5800	5844
0.5850	6110
0.5900	6603
0.5950	5685
0.6000	5785
0.6050	6129
0.6100	6369
0.6150	5920
0.6200	6358
0.6250	6556
0.6300	5613
0.6350	5610
0.6400	5900
0.6450	6170
0.6500	6013
0.6550	6107
0.6600	5903
0.6650	6389
0.6700	5868
0.6750	6435
0.6800	6408
0.6850	5631
0.6900	6256
0.6950	6529
0.7000	6469
0.7050	5627
0.7100	5792
0.7150	6454
0.7200	6323
0.7250	5432
0.7300	6176
0.7350	6293
0.7400	5911
0.7450	6186
0.7500	6367
0.7550	5878
0.7600	5743
0.7650	6566
0.7700	6402
0.7750	5622
0.7800	5642
0.7850	6481
0.7900	6192
0.7950	5669
0.8000	6053
0.8050	5968
0.8100	5494
0.8150	5402
0.8200	6436
0.8250	6314
0.8300	6245
0.8350	5615
0.8400	5930
0.8450	5911
0.8500	5771
0.8550	6123
0.8600	6538
0.8650	6251
0.8700	6581
0.8750	6014
0.8800	6118
0.8850	5663
0.8900	5737
0.8950	6589
0.9000	6234
0.9050	6303
0.9100	5938
0.9150	5790
0.9200	6586
0.9250	5601
0.9300	6239
0.9350	6434
0.9400	6430
0.9450	5840
0.9500	6288
0.9550	5999
0.9600	5768
0.9650	5813
0.9700	6226
0.9750	6368
0.9800	5533
0.9850	6616
0.9900	5707
0.9950	5499
1.0000	5562
1.0050	5995
1.0100	6487
1.0150	5912
1.0200	5749
1.0250	5745
1.0300	5915
1.0350	5886
1.0400	5932
1.0450	6119
1.0500	5655
1.0550	5769
1.0600	6452
1.0650	6419
1.0700	5610
1.0750	6379
1.0800	5357
1.0850	6506
1.0900	5767
1.0950	6054
1.1000	6388
1.1050	5686
1.1100	5967
1.1150	5338
1.1200	6380
1.1250	6432
1.1300	6164
1.1350	5511
1.1400	6476
1.1450	6453
1.1500	5815
1.1550	6326
1.1600	5933
1.1650	6203
1.1700	5464
1.1750	6244
1.1800	6038
1.1850	6125
1.1900	6090
1.1950	6060
1.2000	6194
1.2050	5723
1.2100	6117
1.2150	5799
1.2200	5736
1.2250	5511
1.2300	5833
1.2350	6585
1.2400	5673
1.2450	5781
1.2500	5467
1.2550	6054
1.2600	5632
1.2650	6045
1.2700	6401
1.2750	5601
1.2800	6378
1.2850	6185
1.2900	5461
1.2950	5455
1.3000	5875
1.3050	6651
1.3100	5789
1.3150	5548
1.3200	6229
1.3250	5977
1.3300	6057
1.3350	5790
1.3400	5838
1.3450	5645
1.3500	5600
1.3550	6306
1.3600	5693
1.3650	6192
1.3700	5881
1.3750	5614
1.3800	6193
1.3850	6141
1.3900	6415
1.3950	6476
1.4000	6188
1.4050	5439
1.4100	5589
1.4150	6075
1.4200	5732
1.4250	5823
1.4300	6301
1.4350	5768
1.4400	6349
1.4450	5739
1.4500	5821
1.4550	6356
1.4600	6357
1.4650	5981
1.4700	6385
1.4750	5954
1.4800	5757
1.4850	5841
1.4900	6180
1.4950	5936
1.5000	6114
1.5050	6552
1.5100	5735
1.5150	5983
1.5200	5991
1.5250	6034
1.5300	5981
1.5350	6167
1.5400	5954
1.5450	5538
1.5500	6346
1.5550	6189
1.5600	5829
1.5650	5598
1.5700	6124
1.5750	5830
1.5800	6116
1.5850	5944
1.5900	6278
1.5950	5839
1.6000	6056
1.6050	5767
1.6100	6142
1.6150	5981
1.6200	5943
1.6250	6292
1.6300	6239
1.6350	6246
1.6400	6004
1.6450	5742
1.6500	5901
1.6550	5974
1.6600	6528
1.6650	6498
1.6700	5761
1.6750	5499
1.6800	6063
1.6850	5830
1.6900	6524
1.6950	6695
1.7000	5515
1.7050	6503
1.7100	6261
1.7150	5544
1.7200	5767
1.7250	6131
1.7300	5977
1.7350	5735
1.7400	5493
1.7450	6038
1.7500	6163
1.7550	6679
1.7600	5600
1.7650	6184
1.7700	6206
1.7750	6553
1.7800	6469
1.7850	5920
1.7900	6380
1.7950	6344
1.8000	6078
1.8050	6167
1.8100	6241
1.8150	6403
1.8200	6419
1.8250	6206
1.8300	5481
1.8350	6029
1.8400	6169
1.8450	6518
1.8500	6484
1.8550	6218
1.8600	6355
1.8650	5859
1.8700	5830
1.8750	6175
1.8800	6124
1.8850	6487
1.8900	6184
1.8950	5703
1.9000	6282
1.9050	5798
1.9100	6557
1.9150	6060
1.9200	6265
1.9250	6216
1.9300	6398
1.9350	6042
1.9400	6229
1.9450	5992
1.9500	6318
1.9550	6441
1.9600	6364
1.9650	6574
1.9700	5970
1.9750	5854
1.9800	6259
1.9850	5840
1.9900	6229
1.9950	6246
2.0000	6648
2.0050	6168
2.0100	5560
2.0150	5436
2.0200	6417
2.0250	5973
2.0300	6278
2.0350	6300
2.0400	5948
2.0450	5742
2.0500	5871
2.0550	6660
2.0600	6392
2.0650	5850
2.0700	5867
2.0750	6603
2.0800	6356
2.0850	5680
2.0900	6400
2.0950	6229
2.1000	5814
2.1050	5438
2.1100	5889
2.1150	6463
2.1200	5519
2.1250	6230
2.1300	6293
2.1350	6277
2.1400	6672
2.1450	6231
2.1500	5814
2.1550	5733
2.1600	6196
2.1650	6609
2.1700	6195
2.1750	6246
2.1800	6074
2.1850	5513
2.1900	6102
2.1950	6237
2.2000	6446
2.2050	6160
2.2100	6010
2.2150	5440
2.2200	6393
2.2250	6645
2.2300	6225
2.2350	5619
2.2400	5610
2.2450	5871
2.2500	6072
2.2550	6543
2.2600	6391
2.2650	6337
2.2700	5921
2.2750	6051
2.2800	5969
2.2850	6412
2.2900	6601
2.2950	6429
2.3000	6249
2.3050	6311
2.3100	5765
2.3150	5954
2.3200	6387
2.3250	6375
2.3300	5819
2.3350	6369
2.3400	6499
2.3450	6323
2.3500	6531
2.3550	5901
2.3600	6581
2.3650	6382
2.3700	5659
2.3750	6311
2.3800	6417
2.3850	6535
2.3900	5911
2.3950	6177
2.4000	6155
2.4050	6423
2.4100	6369
2.4150	6493
2.4200	6139
2.4250	6478
2.4300	6212
2.4350	6206
2.4400	6428
2.4450	5848
2.4500	6545
2.4550	5875
2.4600	5785
2.4650	6339
2.4700	5805
2.4750	6147
2.4800	6320
2.4850	5990
2.4900	5870
2.4950	6418
2.5000	5946
2.5050	6422
2.5100	5864
2.5150	6408
2.5200	6460
2.5250	6043
2.5300	5782
2.5350	5764
2.5400	6372
2.5450	5678
2.5500	6002
2.5550	6066
2.5600	5818
2.5650	5959
2.5700	6124
2.5750	6213
2.5800	6001
2.5850	6640
2.5900	6214
2.5950	6322
2.6000	5440
2.6050	5652
2.6100	6469
2.6150	5933
2.6200	6322
2.6250	5780
2.6300	6401
2.6350	6150
2.6400	6240
2.6450	6142
2.6500	6160
2.6550	6309
2.6600	6001
2.6650	5611
2.6700	6334
2.6750	5842
2.6800	5943
2.6850	6357
2.6900	5881
2.6950	5851
2.7000	6227
2.7050	6271
2.7100	5837
2.7150	5614
2.7200	6416
2.7250	6048
2.7300	5984
2.7350	5699
2.7400	5791
2.7450	5989
2.7500	5658
2.7550	6252
2.7600	5896
2.7650	6403
2.7700	6009
2.7750	5752
2.7800	5983
2.7850	6105
2.7900	6314
2.7950	6351
2.8000	6575
2.8050	6008
2.8100	5797
2.8150	6173
2.8200	6367
2.8250	6371
2.8300	5611
2.8350	5809
2.8400	5564
2.8450	5330
2.8500	6043
2.8550	6536
2.8600	6009
2.8650	5914
2.8700	5408
2.8750	6106
2.8800	5661
2.8850	6502
2.8900	6393
2.8950	6046
2.9000	6523
2.9050	5616
2.9100	6175
2.9150	5759
2.9200	6047
2.9250	6147
2.9300	5611
2.9350	5806
2.9400	6175
2.9450	6390
2.9500	6377
2.9550	6325
2.9600	6203
2.9650	6109
2.9700	6590
2.9750	6105
2.9800	6422
2.9850	5631
2.9900	6491
2.9950	6319
3.0000	5669
3.0050	6445
3.0100	5850
3.0150	6387
3.0200	5858
3.0250	5509
3.0300	6195
3.0350	6032
3.0400	6471
3.0450	6043
3.0500	6199
3.0550	6405
3.0600	6433
3.0650	5780
3.0700	5950
3.0750	6321
3.0800	6536
3.0850	5791
3.0900	6250
3.0950	6279
3.1000	6320
3.1050	6000
3.1100	5614
3.1150	6235
3.1200	6023
3.1250	6331
3.1300	5840
3.1350	6056
3.1400	6140
3.1450	5539
3.1500	6111
3.1550	6079
3.1600	6021
3.1650	5771
3.1700	6363
3.1750	6444
3.1800	6009
3.1850	6407
3.1900	5640
3.1950	6094
3.2000	5824
3.2050	6107
3.2100	6274
3.2150	6040
3.2200	6381
3.2250	6259
3.2300	6026
3.2350	6352
3.2400	5628
3.2450	6573
3.2500	6493
3.2550	6110
3.2600	6357
3.2650	6169
3.2700	6059
3.2750	6451
3.2800	5759
3.2850	6601
3.2900	6337
3.2950	6254
3.3000	5904
3.3050	6005
3.3100	6611
3.3150	6472
3.3200	6218
3.3250	6099
3.3300	6200
3.3350	6287
3.3400	5890
3.3450	6172
3.3500	6553
3.3550	6017
3.3600	6169
3.3650	6560
3.3700	6366
3.3750	6171
3.3800	6059
3.3850	6347
3.3900	5888
3.3950	6001
3.4000	6398
3.4050	6303
3.4100	5624
3.4150	5546
3.4200	6456
3.4250	5917
3.4300	6126
3.4350	6144
3.4400	5987
3.4450	6060
3.4500	5871
3.4550	6062
3.4600	5528
3.4650	6706
3.4700	5993
3.4750	5883
3.4800	5732
3.4850	6423
3.4900	5751
3.4950	6087
3.5000	6256
3.5050	6307
3.5100	6444
3.5150	5879
3.5200	6444
3.5250	5481
3.5300	6333
3.5350	6402
3.5400	6561
3.5450	6150
3.5500	6177
3.5550	6236
3.5600	6432
3.5650	6298
3.5700	6233
3.5750	5762
3.5800	6615
3.5850	5865
3.5900	6135
3.5950	5708
3.6000	6410
3.6050	6710
3.6100	5532
3.6150	6260
3.6200	6173
3.6250	5823
3.6300	5759
3.6350	6603
3.6400	6341
3.6450	5924
3.6500	5945
3.6550	6369
3.6600	6085
3.6650	6447
3.6700	6638
3.6750	6296
3.6800	6389
3.6850	5932
3.6900	6689
3.6950	6534
3.7000	6367
3.7050	6284
3.7100	5858
3.7150	6264
3.7200	6056
3.7250	6667
3.7300	6109
3.7350	6637
3.7400	5921
3.7450	5816
3.7500	6394
3.7550	6457
3.7600	6651
3.7650	6291
3.7700	6086
3.7750	6107
3.7800	6559
3.7850	6309
3.7900	6604
3.7950	6316
3.8000	6032
3.8050	6559
3.8100	6448
3.8150	6320
3.8200	5879
3.8250	6198
3.8300	6060
3.8350	6092
3.8400	6320
3.8450	6296
3.8500	6469
3.8550	6268
3.8600	5482
3.8650	6099
3.8700	5682
3.8750	6653
3.8800	6262
3.8850	6085
3.8900	6298
3.8950	6446
3.9000	6056
3.9050	6488
3.9100	6345
3.9150	6557
3.9200	5737
3.9250	6159
3.9300	6381
3.9350	6478
3.9400	6656
3.9450	5367
3.9500	5963
3.9550	5660
3.9600	6075
3.9650	6590
3.9700	6192
3.9750	6209
3.9800	5627
3.9850	5959
3.9900	6010
3.9950	6462
4.0000	5589
4.0050	6620
4.0100	6036
4.0150	5628
4.0200	6210
4.0250	6366
4.0300	6545
4.0350	5963
4.0400	6247
4.0450	6247
4.0500	6360
4.0550	6389
4.0600	6468
4.0650	6141
4.0700	6226
4.0750	6454
4.0800	6650
4.0850	6543
4.0900	5580
4.0950	6266
4.1000	6145
4.1050	5678
4.1100	6003
4.1150	6072
4.1200	5788
4.1250	6007
4.1300	5895
4.1350	6061
4.1400	6434
4.1450	5652
4.1500	6317
4.1550	5781
4.1600	6210
4.1650	6640
4.1700	5917
4.1750	5915
4.1800	5674
4.1850	6199
4.1900	5727
4.1950	6184
4.2000	6431
4.2050	5693
4.2100	6428
4.2150	5390
4.2200	6148
4.2250	6263
4.2300	5670
4.2350	6330
4.2400	6177
4.2450	6140
4.2500	6167
4.2550	6084
4.2600	6520
4.2650	5880
4.2700	5776
4.2750	6560
4.2800	5726
4.2850	5707
4.2900	6407
4.2950	5960
4.3000	5899
4.3050	5903
4.3100	6282
4.3150	6175
4.3200	6309
4.3250	6537
4.3300	6274
4.3350	5862
4.3400	5611
4.3450	6131
4.3500	6593
4.3550	6356
4.3600	6330
4.3650	5886
4.3700	6057
4.3750	5650
4.3800	5774
4.3850	6192
4.3900	5797
4.3950	5672
4.4000	5493
4.4050	6292
4.4100	6476
4.4150	5912
4.4200	5928
4.4250	5447
4.4300	5547
4.4350	6249
4.4400	6399
4.4450	6202
4.4500	6145
4.4550	6719
4.4600	5820
4.4650	5744
4.4700	5940
4.4750	6310
4.4800	6334
4.4850	6207
4.4900	6070
4.4950	5950
4.5000	5717
4.5050	6194
4.5100	5947
4.5150	5589
4.5200	6106
4.5250	6550
4.5300	6622
4.5350	6240
4.5400	5888
4.5450	5565
4.5500	6137
4.5550	6498
4.5600	6567
4.5650	6241
4.5700	5846
4.5750	6175
4.5800	5700
4.5850	5567
4.5900	6591
4.5950	6338
4.6000	6160
4.6050	6302
4.6100	6321
4.6150	6117
4.6200	5722
4.6250	5969
4.6300	6241
4.6350	5820
4.6400	6493
4.6450	6324
4.6500	5605
4.6550	5560
4.6600	6569
4.6650	5770
4.6700	5524
4.6750	5899
4.6800	6294
4.6850	6328
4.6900	5503
4.6950	6114
4.7000	5919
4.7050	5712
4.7100	5825
4.7150	6589
4.7200	5593
4.7250	6347
4.7300	6383
4.7350	5877
4.7400	5631
4.7450	5403
4.7500	6106
4.7550	6133
4.7600	5722
4.7650	6332
4.7700	6420
4.7750	5747
4.7800	5910
4.7850	5693
4.7900	5551
4.7950	5696
4.8000	6417
4.8050	5940
4.8100	5795
4.8150	5544
4.8200	6215
4.8250	6269
4.8300	6154
4.8350	6181
4.8400	6467
4.8450	6348
4.8500	5798
4.8550	5712
4.8600	6465
4.8650	5755
4.8700	5653
4.8750	6153
4.8800	6390
4.8850	5636
4.8900	6524
4.8950	6283
4.9000	5361
4.9050	5802
4.9100	6299
4.9150	5972
4.9200	5774
4.9250	6019
4.9300	6495
4.9350	6113
4.9400	5976
4.9450	6505
4.9500	5579
4.9550	5788
4.9600	5956
4.9650	6092
4.9700	6132
4.9750	5744
4.9800	6204
4.9850	6313
4.9900	5716
4.9950	5586
5.0000	6033
5.0050	6335
5.0100	6223
5.0150	5935
5.0200	5908
5.0250	5905
5.0300	5809
5.0350	6274
5.0400	6323
5.0450	5888
5.0500	6095
5.0550	6172
5.0600	5922
5.0650	5849
5.0700	6354
5.0750	6183
5.0800	5410
5.0850	6304
5.0900	6431
5.0950	5829
5.1000	5867
5.1050	5492
5.1100	5819
5.1150	5563
5.1200	6177
5.1250	6094
5.1300	5873
5.1350	5774
5.1400	5796
5.1450	5484
5.1500	5978
5.1550	5959
5.1600	6620
5.1650	6107
5.1700	5429
5.1750	6480
5.1800	5714
5.1850	5630
5.1900	5839
5.1950	6240
5.2000	5789
5.2050	6258
5.2100	5889
5.2150	5738
5.2200	5711
5.2250	5828
5.2300	6382
5.2350	5690
5.2400	5780
5.2450	6101
5.2500	5999
5.2550	5781
5.2600	5996
5.2650	6125
5.2700	6143
5.2750	5709
5.2800	6339
5.2850	5768
5.2900	5512
5.2950	6149
5.3000	6191
5.3050	6190
5.3100	5675
5.3150	6444
5.3200	5778
5.3250	5739
5.3300	5898
5.3350	6391
5.3400	6628
5.3450	5723
5.3500	5675
5.3550	5642
5.3600	5781
5.3650	5773
5.3700	6558
5.3750	6002
5.3800	6371
5.3850	6046
5.3900	5526
5.3950	5948
5.4000	5534
5.4050	6757
5.4100	5619
5.4150	5447
5.4200	6211
5.4250	6163
5.4300	5904
5.4350	5691
5.4400	5520
5.4450	5891
5.4500	5888
5.4550	6410
5.4600	6272
5.4650	5587
5.4700	5837
5.4750	5665
5.4800	6361
5.4850	6105
5.4900	6217
5.4950	6356
5.5000	5482
5.5050	5540
5.5100	5553
5.5150	6104
5.5200	5768
5.5250	5777
5.5300	6080
5.5350	5564
5.5400	5970
5.5450	6238
5.5500	6557
5.5550	5366
5.5600	5782
5.5650	6280
5.5700	5752
5.5750	5619
5.5800	5947
5.5850	6512
5.5900	5362
5.5950	5668
5.6000	6318
5.6050	6047
5.6100	5911
5.6150	5820
5.6200	6416
5.6250	5591
5.6300	5826
5.6350	6064
5.6400	6184
5.6450	5754
5.6500	5541
5.6550	6323
5.6600	6006
5.6650	5939
5.6700	6090
5.6750	6379
5.6800	6410
5.6850	5728
5.6900	6057
5.6950	6164
5.7000	6072
5.7050	5860
5.7100	5775
5.7150	6210
5.7200	5802
5.7250	6209
5.7300	5840
5.7350	5566
5.7400	6455
5.7450	6029
5.7500	6074
5.7550	5754
5.7600	5504
5.7650	5928
5.7700	5639
5.7750	6227
5.7800	6424
5.7850	5764
5.7900	5830
5.7950	5861
5.8000	5433
5.8050	5552
5.8100	5864
5.8150	6573
5.8200	6302
5.8250	5450
5.8300	5668
5.8350	5767
5.8400	5674
5.8450	5768
5.8500	6222
5.8550	5756
5.8600	5758
5.8650	5506
5.8700	5585
5.8750	5538
5.8800	5998
5.8850	5687
5.8900	5459
5.8950	5743
5.9000	6069
5.9050	6386
5.9100	5783
5.9150	5343
5.9200	5640
5.9250	5817
5.9300	5724
5.9350	6225
5.9400	6174
5.9450	5796
5.9500	5497
5.9550	5587
5.9600	6404
5.9650	5910
5.9700	5782
5.9750	6175
5.9800	5934
5.9850	5604
5.9900	6401
5.9950	5786
6.0000	5863
6.0050	5742
6.0100	5523
6.0150	5972
6.0200	5755
6.0250	6444
6.0300	5818
6.0350	5535
6.0400	5596
6.0450	5897
6.0500	5692
6.0550	6017
6.0600	6187
6.0650	6054
6.0700	5450
6.0750	5795
6.0800	6153
6.0850	5666
6.0900	5753
6.0950	5690
6.1000	5715
6.1050	5712
6.1100	6401
6.1150	6083
6.1200	5583
6.1250	5850
6.1300	5774
6.1350	5556
6.1400	5983
6.1450	6276
6.1500	6325
6.1550	5738
6.1600	6270
6.1650	5869
6.1700	5929
6.1750	6423
6.1800	6406
6.1850	5841
6.1900	6388
6.1950	5625
6.2000	5650
6.2050	5657
6.2100	6319
6.2150	5882
6.2200	6339
6.2250	6028
6.2300	6517
6.2350	6248
6.2400	6263
6.2450	6329
6.2500	5446
6.2550	6106
6.2600	6243
6.2650	6402
6.2700	6562
6.2750	5811
6.2800	5575
6.2850	6342
6.2900	6395
6.2950	5797
6.3000	5991
6.3050	6463
6.3100	5407
6.3150	5647
6.3200	6509
6.3250	5643
6.3300	6357
6.3350	5381
6.3400	6223
6.3450	6220
6.3500	5751
6.3550	5917
6.3600	5786
6.3650	5802
6.3700	5842
6.3750	6430
6.3800	6777
6.3850	5813
6.3900	5671
6.3950	5930
6.4000	5441
6.4050	5712
6.4100	6268
6.4150	6318
6.4200	5734
6.4250	5552
6.4300	5453
6.4350	6088
6.4400	5639
6.4450	5716
6.4500	6563
6.4550	5614
6.4600	6325
6.4650	5815
6.4700	6397
6.4750	5752
6.4800	6208
6.4850	6231
6.4900	5619
6.4950	5586
6.5000	6155
6.5050	5718
6.5100	5550
6.5150	5367
6.5200	6139
6.5250	6258
6.5300	6274
6.5350	6136
6.5400	5865
6.5450	5457
6.5500	5497
6.5550	6488
6.5600	5745
6.5650	5813
6.5700	6024
6.5750	5858
6.5800	5974
6.5850	6076
6.5900	6409
6.5950	6048
6.6000	6366
6.6050	5588
6.6100	5849
6.6150	5629
6.6200	6568
6.6250	6040
6.6300	6174
6.6350	5888
6.6400	5538
6.6450	6571
6.6500	6358
6.6550	6327
6.6600	5732
6.6650	6575
6.6700	6265
6.6750	5735
6.6800	6519
6.6850	5543
6.6900	6663
6.6950	6040
6.7000	6240
6.7050	5991
6.7100	5776
6.7150	6562
6.7200	5880
6.7250	6163
6.7300	5828
6.7350	5643
6.7400	5919
6.7450	6076
6.7500	6059
6.7550	6029
6.7600	6445
6.7650	5582
6.7700	5636
6.7750	5528
6.7800	5667
6.7850	6326
6.7900	6004
6.7950	5715
6.8000	5783
6.8050	5780
6.8100	5600
6.8150	5532
6.8200	5643
6.8250	5968
6.8300	5847
6.8350	5680
6.8400	5681
6.8450	5764
6.8500	5695
6.8550	5831
6.8600	5898
6.8650	5439
6.8700	6188
6.8750	5551
6.8800	5501
6.8850	5574
6.8900	5752
6.8950	5710
6.9000	5678
6.9050	5465
6.9100	5577
6.9150	6001
6.9200	5715
6.9250	5966
6.9300	5412
6.9350	6060
6.9400	5780
6.9450	5649
6.9500	5691
6.9550	5633
6.9600	5828
6.9650	5499
6.9700	5530
6.9750	5606
6.9800	5660
6.9850	5868
6.9900	5592
6.9950	5958
7.0000	5613
7.0050	5868
7.0100	5981
7.0150	5797
7.0200	5588
7.0250	6095
7.0300	5906
7.0350	5755
7.0400	5787
7.0450	5677
7.0500	5862
7.0550	5487
7.0600	5664
7.0650	5548
7.0700	5672
7.0750	5721
7.0800	5588
7.0850	5467
7.0900	5494
7.0950	5780
7.1000	5833
7.1050	5645
7.1100	5982
7.1150	5629
7.1200	5684
7.1250	6401
7.1300	5832
7.1350	5569
7.1400	6376
7.1450	5867
7.1500	6354
7.1550	5753
7.1600	6496
7.1650	5858
7.1700	5977
7.1750	5792
7.1800	5456
7.1850	6524
7.1900	6208
7.1950	6361
7.2000	5444
7.2050	5516
7.2100	6428
7.2150	5522
7.2200	6587
7.2250	5820
7.2300	5492
7.2350	5728
7.2400	5651
7.2450	6347
7.2500	5613
7.2550	6282
7.2600	5725
7.2650	5620
7.2700	5991
7.2750	6063
7.2800	6780
7.2850	5899
7.2900	5834
7.2950	6194
7.3000	5881
7.3050	5590
7.3100	6606
7.3150	5660
7.3200	6602
7.3250	6118
7.3300	5707
7.3350	5729
7.3400	5831
7.3450	5883
7.3500	5729
7.3550	5470
7.3600	5603
7.3650	5645
7.3700	5651
7.3750	5727
7.3800	6082
7.3850	5682
7.3900	5998
7.3950	6341
7.4000	5771
7.4050	5598
7.4100	6046
7.4150	5807
7.4200	5479
7.4250	5612
7.4300	5441
7.4350	6633
7.4400	5757
7.4450	5650
7.4500	5397
7.4550	5738
7.4600	5682
7.4650	5687
7.4700	5718
7.4750	5635
7.4800	5752
7.4850	5883
7.4900	5645
7.4950	6008
7.5000	5740
7.5050	6422
7.5100	5563
7.5150	5777
7.5200	5921
7.5250	5993
7.5300	6136
7.5350	5313
7.5400	5556
7.5450	6309
7.5500	6147
7.5550	5886
7.5600	5326
7.5650	6087
7.5700	6226
7.5750	5615
7.5800	6075
7.5850	6201
7.5900	6151
7.5950	5616
7.6000	5529
7.6050	6026
7.6100	5530
7.6150	5684
7.6200	5662
7.6250	6290
7.6300	6071
7.6350	5954
7.6400	5696
7.6450	5582
7.6500	5840
7.6550	5552
7.6600	6358
7.6650	6462
7.6700	6476
7.6750	5514
7.6800	5813
7.6850	5608
7.6900	6112
7.6950	5811
7.7000	6160
7.7050	6118
7.7100	6023
7.7150	5421
7.7200	5773
7.7250	5565
7.7300	5725
7.7350	5951
7.7400	5411
7.7450	5859
7.7500	6338
7.7550	5800
7.7600	6357
7.7650	5418
7.7700	5738
7.7750	5653
7.7800	5665
7.7850	6613
7.7900	5470
7.7950	5780
7.8000	5588
7.8050	5914
7.8100	6034
7.8150	6091
7.8200	6552
7.8250	5590
7.8300	5250
7.8350	5910
7.8400	6164
7.8450	6520
7.8500	5657
7.8550	5871
7.8600	5632
7.8650	5609
7.8700	6100
7.8750	6630
7.8800	5903
7.8850	6595
7.8900	6244
7.8950	5741
7.9000	6093
7.9050	6147
7.9100	6193
7.9150	5524
7.9200	5973
7.9250	6376
7.9300	5853
7.9350	6299
7.9400	5640
7.9450	6060
7.9500	5589
7.9550	5767
7.9600	6369
7.9650	5798
7.9700	5680
7.9750	5892
7.9800	6013
7.9850	5482
7.9900	5953
7.9950	6526
8.0000	6236
8.0050	6360
8.0100	5415
8.0150	6235
8.0200	5739
8.0250	5927
8.0300	6061
8.0350	5960
8.0400	5791
8.0450	5579
8.0500	5685
8.0550	5711
8.0600	6056
8.0650	5751
8.0700	6198
8.0750	5839
8.0800	5955
8.0850	5551
8.0900	5544
8.0950	6098
8.1000	5561
8.1050	6073
8.1100	5807
8.1150	5795
8.1200	6535
8.1250	5254
8.1300	6180
8.1350	5573
8.1400	5691
8.1450	6210
8.1500	5569
8.1550	6414
8.1600	6388
8.1650	5676
8.1700	6118
8.1750	5647
8.1800	6123
8.1850	5539
8.1900	5773
8.1950	6217
8.2000	5670
8.2050	6091
8.2100	5609
8.2150	5388
8.2200	5717
8.2250	6242
8.2300	6003
8.2350	6175
8.2400	5683
8.2450	5870
8.2500	5754
8.2550	5503
8.2600	5827
8.2650	6375
8.2700	5982
8.2750	5965
8.2800	5466
8.2850	6069
8.2900	5703
8.2950	6048
8.3000	6305
8.3050	5392
8.3100	5672
8.3150	5665
8.3200	5804
8.3250	6044
8.3300	5405
8.3350	6310
8.3400	5470
8.3450	5678
8.3500	5924
8.3550	5922
8.3600	5935
8.3650	5882
8.3700	6207
8.3750	5786
8.3800	6241
8.3850	5723
8.3900	5765
8.3950	5582
8.4000	6044
8.4050	5950
8.4100	6168
8.4150	5872
8.4200	5469
8.4250	5822
8.4300	5803
8.4350	5999
8.4400	6116
8.4450	5416
8.4500	5799
8.4550	5672
8.4600	5706
8.4650	5486
8.4700	6435
8.4750	6574
8.4800	6227
8.4850	5385
8.4900	5782
8.4950	5731
8.5000	5753
8.5050	5963
8.5100	6185
8.5150	5703
8.5200	5681
8.5250	5761
8.5300	5574
8.5350	6162
8.5400	6537
8.5450	6079
8.5500	5486
8.5550	5673
8.5600	5771
8.5650	5831
8.5700	5568
8.5750	5747
8.5800	6466
8.5850	5729
8.5900	5575
8.5950	5690
8.6000	5520
8.6050	6215
8.6100	6103
8.6150	6242
8.6200	5500
8.6250	5404
8.6300	5863
8.6350	6104
8.6400	5982
8.6450	6202
8.6500	6388
8.6550	6232
8.6600	5889
8.6650	5665
8.6700	5677
8.6750	5773
8.6800	6651
8.6850	6446
8.6900	6075
8.6950	5826
8.7000	5522
8.7050	5588
8.7100	6382
8.7150	5667
8.7200	6151
8.7250	6125
8.7300	6120
8.7350	5640
8.7400	5724
8.7450	5632
8.7500	6126
8.7550	5984
8.7600	6267
8.7650	6447
8.7700	5518
8.7750	6474
8.7800	5942
8.7850	6348
8.7900	5828
8.7950	6631
8.8000	6411
8.8050	5475
8.8100	6394
8.8150	5496
8.8200	5952
8.8250	5693
8.8300	6240
8.8350	6034
8.8400	5966
8.8450	6140
8.8500	5624
8.8550	5818
8.8600	5901
8.8650	6289
8.8700	5854
8.8750	5670
8.8800	6268
8.8850	6164
8.8900	6356
8.8950	5430
8.9000	6191
8.9050	5506
8.9100	5602
8.9150	6218
8.9200	5762
8.9250	5923
8.9300	5858
8.9350	5527
8.9400	5617
8.9450	6174
8.9500	6500
8.9550	5852
8.9600	6001
8.9650	5638
8.9700	5990
8.9750	5795
8.9800	6612
8.9850	6012
8.9900	5846
8.9950	5810
9.0000	5466
9.0050	6340
9.0100	5704
9.0150	6004
9.0200	5567
9.0250	5496
9.0300	5449
9.0350	5986
9.0400	6695
9.0450	5875
9.0500	5448
9.0550	5787
9.0600	5690
9.0650	5506
9.0700	5818
9.0750	5815
9.0800	5747
9.0850	5357
9.0900	5705
9.0950	5661
9.1000	5936
9.1050	6048
9.1100	5928
9.1150	5453
9.1200	5464
9.1250	6040
9.1300	5785
9.1350	5756
9.1400	5798
9.1450	6293
9.1500	5734
9.1550	5757
9.1600	5659
9.1650	5529
9.1700	5770
9.1750	5896
9.1800	6250
9.1850	5503
9.1900	5532
9.1950	5895
9.2000	5635
9.2050	5680
9.2100	6136
9.2150	6372
9.2200	5868
9.2250	5680
9.2300	5401
9.2350	5817
9.2400	6103
9.2450	6311
9.2500	6567
9.2550	6282
9.2600	5910
9.2650	5414
9.2700	5699
9.2750	6137
9.2800	5677
9.2850	6667
9.2900	6315
9.2950	5447
9.3000	5592
9.3050	5719
9.3100	6620
9.3150	5740
9.3200	6284
9.3250	6562
9.3300	5973
9.3350	5882
9.3400	5484
9.3450	5903
9.3500	6440
9.3550	5939
9.3600	6382
9.3650	6390
9.3700	5711
9.3750	6256
9.3800	6113
9.3850	6213
9.3900	5432
9.3950	6552
9.4000	6139
9.4050	6131
9.4100	6133
9.4150	5683
9.4200	6074
9.4250	5671
9.4300	6391
9.4350	5814
9.4400	6167
9.4450	6298
9.4500	5736
9.4550	6478
9.4600	5532
9.4650	6592
9.4700	5528
9.4750	5603
9.4800	6039
9.4850	6072
9.4900	6423
9.4950	5610
9.5000	6051
9.5050	6132
9.5100	5707
9.5150	6484
9.5200	6240
9.5250	5809
9.5300	5777
9.5350	6067
9.5400	6340
9.5450	5950
9.5500	6303
9.5550	6395
9.5600	5509
9.5650	5724
9.5700	6140
9.5750	6213
9.5800	5861
9.5850	6350
9.5900	5682
9.5950	5639
9.6000	5739
9.6050	6227
9.6100	5891
9.6150	5390
9.6200	6438
9.6250	5946
9.6300	5871
9.6350	5585
9.6400	6115
9.6450	6094
9.6500	5535
9.6550	6095
9.6600	6406
9.6650	5817
9.6700	6084
9.6750	5838
9.6800	5736
9.6850	5549
9.6900	6614
9.6950	6405
9.7000	5788
9.7050	5659
9.7100	6011
9.7150	6055
9.7200	5413
9.7250	5507
9.7300	5602
9.7350	6585
9.7400	5797
9.7450	5780
9.7500	5613
9.7550	5718
9.7600	6181
9.7650	5467
9.7700	5506
9.7750	5764
9.7800	6535
9.7850	6063
9.7900	5846
9.7950	5688
9.8000	5679
9.8050	6203
9.8100	5930
9.8150	6522
9.8200	6243
9.8250	6447
9.8300	5454
9.8350	5582
9.8400	5379
9.8450	5917
9.8500	6440
9.8550	6117
9.8600	5745
9.8650	6274
9.8700	5664
9.8750	5845
9.8800	5793
9.8850	5630
9.8900	6137
9.8950	6089
9.9000	6333
9.9050	5849
9.9100	5703
9.9150	6174
9.9200	5483
9.9250	5436
9.9300	5533
9.9350	6370
9.9400	6339
9.9450	5699
9.9500	5378
9.9550	5805
9.9600	6403
9.9650	6205
9.9700	5795
9.9750	6297
9.9800	5957
9.9850	5789
9.9900	5961
9.9950	6192
10.0000	5684
10.0050	6337
10.0100	6100
10.0150	5784
10.0200	6387
10.0250	5758
10.0300	6406
10.0350	5748
10.0400	5434
10.0450	6282
10.0500	6432
10.0550	5831
10.0600	6686
10.0650	6108
10.0700	5595
10.0750	5535
10.0800	6347
10.0850	6319
10.0900	5505
10.0950	5987
10.1000	6248
10.1050	6226
10.1100	5463
10.1150	6503
10.1200	5862
10.1250	5780
10.1300	5384
10.1350	6205
10.1400	6487
10.1450	5679
10.1500	6680
10.1550	6141
10.1600	5735
10.1650	5589
10.1700	6406
10.1750	5821
10.1800	5725
10.1850	5882
10.1900	6291
10.1950	5572
10.2000	6025
10.2050	6404
10.2100	5726
10.2150	5663
10.2200	6143
10.2250	5797
10.2300	6399
10.2350	5717
10.2400	5805
10.2450	5470
10.2500	6079
10.2550	6290
10.2600	5623
10.2650	6119
10.2700	5555
10.2750	6302
10.2800	5597
10.2850	5843
10.2900	6410
10.2950	6349
10.3000	6483
10.3050	5441
10.3100	6131
10.3150	5534
10.3200	6198
10.3250	6195
10.3300	6419
10.3350	5973
10.3400	5794
10.3450	6149
10.3500	5483
10.3550	5643
10.3600	5472
10.3650	6635
10.3700	6227
10.3750	5699
10.3800	6206
10.3850	5701
10.3900	5827
10.3950	5769
10.4000	6313
10.4050	6272
10.4100	6327
10.4150	6013
10.4200	6047
10.4250	5871
10.4300	5739
10.4350	6371
10.4400	5829
10.4450	5952
10.4500	5743
10.4550	5840
10.4600	5803
10.4650	5581
10.4700	6244
10.4750	5858
10.4800	6607
10.4850	6275
10.4900	5363
10.4950	6142
10.5000	5681
10.5050	5798
10.5100	6313
10.5150	5990
10.5200	6402
10.5250	6091
10.5300	5458
10.5350	6529
10.5400	5880
10.5450	6501
10.5500	6432
10.5550	6096
10.5600	6301
10.5650	5457
10.5700	6487
10.5750	5613
10.5800	6210
10.5850	6046
10.5900	6442
10.5950	6704
10.6000	6018
10.6050	5701
10.6100	5619
10.6150	5877
10.6200	6416
10.6250	6544
10.6300	6188
10.6350	6330
10.6400	5499
10.6450	5423
10.6500	5522
10.6550	5639
10.6600	6494
10.6650	5915
10.6700	5672
10.6750	5590
10.6800	6519
10.6850	5902
10.6900	5868
10.6950	6132
10.7000	6219
10.7050	6205
10.7100	5754
10.7150	6627
10.7200	5637
10.7250	5786
10.7300	5707
10.7350	6313
10.7400	6072
10.7450	5476
10.7500	6468
10.7550	6387
10.7600	5540
10.7650	5712
10.7700	6363
10.7750	5741
10.7800	5683
10.7850	6289
10.7900	6362
10.7950	5664
10.8000	6721
10.8050	6514
10.8100	5390
10.8150	5739
10.8200	5590
10.8250	6338
10.8300	5979
10.8350	6368
10.8400	6536
10.8450	5917
10.8500	5942
10.8550	6075
10.8600	6265
10.8650	5877
10.8700	6367
10.8750	6074
10.8800	6213
10.8850	5989
10.8900	6212
10.8950	6239
10.9000	5675
10.9050	6101
10.9100	5658
10.9150	6292
10.9200	5522
10.9250	5542
10.9300	6309
10.9350	5511
10.9400	5612
10.9450	6025
10.9500	6280
10.9550	6276
10.9600	5904
10.9650	5955
10.9700	5540
10.9750	5936
10.9800	6573
10.9850	6678
10.9900	6067
10.9950	6450
11.0000	6406
11.0050	5517
11.0100	6022
11.0150	6175
11.0200	6493
11.0250	5423
11.0300	6185
11.0350	6343
11.0400	5742
11.0450	5663
11.0500	5948
11.0550	6117
11.0600	5615
11.0650	6121
11.0700	6610
11.0750	6654
11.0800	5315
11.0850	5845
11.0900	6212
11.0950	6091
11.1000	5854
11.1050	6093
11.1100	6532
11.1150	5558
11.1200	5530
11.1250	6293
11.1300	6073
11.1350	5777
11.1400	6336
11.1450	6190
11.1500	5899
11.1550	6319
11.1600	6560
11.1650	5841
11.1700	5699
11.1750	6345
11.1800	6334
11.1850	6185
11.1900	6056
11.1950	6320
11.2000	6071
11.2050	5379
11.2100	5661
11.2150	6310
11.2200	5957
11.2250	5928
11.2300	6428
11.2350	5952
11.2400	5388
11.2450	6294
11.2500	6815
11.2550	5757
11.2600	5626
11.2650	6489
11.2700	5644
11.2750	5610
11.2800	6530
11.2850	6319
11.2900	5958
11.2950	5633
11.3000	5990
11.3050	6172
11.3100	5655
11.3150	6365
11.3200	5938
11.3250	6289
11.3300	6253
11.3350	6458
11.3400	5889
11.3450	5674
11.3500	5756
11.3550	6031
11.3600	6574
11.3650	6533
11.3700	6240
11.3750	5522
11.3800	5824
11.3850	5457
11.3900	5534
11.3950	5731
11.4000	6453
11.4050	5768
11.4100	5915
11.4150	5358
11.4200	5952
11.4250	5927
11.4300	5637
11.4350	6610
11.4400	5941
11.4450	6326
11.4500	5693
11.4550	5669
11.4600	5984
11.4650	6008
11.4700	6644
11.4750	6296
11.4800	6324
11.4850	5980
11.4900	6346
11.4950	6009
11.5000	6157
11.5050	5864
11.5100	6091
11.5150	6571
11.5200	6182
11.5250	6496
11.5300	5478
11.5350	5850
11.5400	5995
11.5450	6358
11.5500	6377
11.5550	6089
11.5600	6569
11.5650	5917
11.5700	5664
11.5750	5764
11.5800	6400
11.5850	6466
11.5900	6234
11.5950	6472
11.6000	6012
11.6050	5624
11.6100	5699
11.6150	5827
11.6200	6352
11.6250	5603
11.6300	6309
11.6350	6420
11.6400	5804
11.6450	5488
11.6500	6204
11.6550	6167
11.6600	5577
11.6650	6236
11.6700	6239
11.6750	6357
11.6800	5541
11.6850	6059
11.6900	6462
11.6950	5816
11.7000	6198
11.7050	5856
11.7100	6000
11.7150	5732
11.7200	6341
11.7250	6398
11.7300	6272
11.7350	5305
11.7400	6491
11.7450	5570
11.7500	5770
11.7550	6235
11.7600	5584
11.7650	6209
11.7700	5446
11.7750	6257
11.7800	5526
11.7850	5646
11.7900	5899
11.7950	6104
11.8000	6254
11.8050	5769
11.8100	6263
11.8150	5910
11.8200	5875
11.8250	5448
11.8300	6316
11.8350	6422
11.8400	5765
11.8450	6343
11.8500	6219
11.8550	6099
11.8600	5434
11.8650	6226
11.8700	6219
11.8750	6036
11.8800	6228
11.8850	6385
11.8900	5881
11.8950	5514
11.9000	6480
11.9050	6549
11.9100	5748
11.9150	6287
11.9200	6559
11.9250	5952
11.9300	5510
11.9350	6187
11.9400	6407
11.9450	5788
11.9500	6239
11.9550	5848
11.9600	5569
11.9650	5897
11.9700	6412
11.9750	6344
11.9800	5970
11.9850	6284
11.9900	6119
11.9950	5863
12.0000	6040
12.0050	6204
12.0100	6581
12.0150	6311
12.0200	5588
12.0250	6072
12.0300	5530
12.0350	5727
12.0400	6058
12.0450	6203
12.0500	6150
12.0550	6385
12.0600	6399
12.0650	5750
12.0700	5547
12.0750	5559
12.0800	6384
12.0850	6274
12.0900	5724
12.0950	6211
12.1000	5655
12.1050	5579
12.1100	5521
12.1150	5756
12.1200	6440
12.1250	5620
12.1300	5867
12.1350	5508
12.1400	5509
12.1450	5811
12.1500	6021
12.1550	6426
12.1600	6378
12.1650	5680
12.1700	6569
12.1750	5950
12.1800	6339
12.1850	5920
12.1900	6047
12.1950	6300
12.2000	6412
12.2050	6463
12.2100	6278
12.2150	6393
12.2200	5447
12.2250	5328
12.2300	6230
12.2350	6386
12.2400	6448
12.2450	6109
12.2500	6102
12.2550	6290
12.2600	5861
12.2650	6470
12.2700	6492
12.2750	6381
12.2800	5699
12.2850	6301
12.2900	6100
12.2950	6058
12.3000	6358
12.3050	6438
12.3100	6160
12.3150	5448
12.3200	6339
12.3250	6503
12.3300	6629
12.3350	5956
12.3400	6012
12.3450	6103
12.3500	5989
12.3550	6557
12.3600	6550
12.3650	5949
12.3700	5833
12.3750	5661
12.3800	6244
12.3850	5750
12.3900	5619
12.3950	5997
12.4000	6273
12.4050	5715
12.4100	5958
12.4150	6479
12.4200	5796
12.4250	5766
12.4300	5987
12.4350	6098
12.4400	6180
12.4450	6381
12.4500	6213
12.4550	5492
12.4600	6203
12.4650	6432
12.4700	6374
12.4750	5861
12.4800	5669
12.4850	6370
12.4900	5685
12.4950	5878
12.5000	6240
12.5050	6336
12.5100	5728
12.5150	6299
12.5200	5904
12.5250	5812
12.5300	5923
12.5350	6133
12.5400	6372
12.5450	5770
12.5500	6405
12.5550	6601
12.5600	6105
12.5650	5553
12.5700	6302
12.5750	6628
12.5800	6215
12.5850	6127
12.5900	6272
12.5950	6039
12.6000	5632
12.6050	6390
12.6100	6133
12.6150	6309
12.6200	6546
12.6250	5716
12.6300	6064
12.6350	5334
12.6400	6359
12.6450	6498
12.6500	6213
12.6550	6369
12.6600	5607
12.6650	6391
12.6700	5743
12.6750	5990
12.6800	6036
12.6850	6269
12.6900	6149
12.6950	6384
12.7000	6116
12.7050	5757
12.7100	5808
12.7150	6483
12.7200	5944
12.7250	5774
12.7300	6166
12.7350	6479
12.7400	6163
12.7450	6381
12.7500	5953
12.7550	6091
12.7600	6381
12.7650	6228
12.7700	6096
12.7750	6556
12.7800	6151
12.7850	5937
12.7900	5750
12.7950	6342
12.8000	6546
12.8050	6432
12.8100	6233
12.8150	5879
12.8200	6265
12.8250	6072
12.8300	6464
12.8350	6652
12.8400	6261
12.8450	6616
12.8500	6230
12.8550	6301
12.8600	5787
12.8650	6280
12.8700	6497
12.8750	6361
12.8800	6265
12.8850	5628
12.8900	6405
12.8950	6809
12.9000	6266
12.9050	6266
12.9100	6325
12.9150	6336
12.9200	6379
12.9250	6199
12.9300	5940
12.9350	5857
12.9400	6156
12.9450	6287
12.9500	6271
12.9550	6322
12.9600	6499
12.9650	5548
12.9700	5388
12.9750	5785
12.9800	6671
12.9850	6435
12.9900	6293
12.9950	6348
13.0000	6037
13.0050	5622
13.0100	6165
13.0150	6147
13.0200	5570
13.0250	6474
13.0300	5900
13.0350	5848
13.0400	5657
13.0450	6083
13.0500	6306
13.0550	5479
13.0600	6144
13.0650	6317
13.0700	6458
13.0750	5823
13.0800	6259
13.0850	6121
13.0900	5766
13.0950	6439
13.1000	6116
13.1050	6604
13.1100	5484
13.1150	6450
13.1200	6315
13.1250	5666
13.1300	5835
13.1350	6065
13.1400	6561
13.1450	5923
13.1500	6387
13.1550	6152
13.1600	5685
13.1650	6340
13.1700	6235
13.1750	6068
13.1800	6359
13.1850	6463
13.1900	6274
13.1950	6263
13.2000	5476
13.2050	6519
13.2100	6274
13.2150	5626
13.2200	6049
13.2250	5545
13.2300	6280
13.2350	5480
13.2400	5883
13.2450	6301
13.2500	5748
13.2550	6639
13.2600	6043
13.2650	6440
13.2700	6267
13.2750	6331
13.2800	5831
13.2850	5793
13.2900	6329
13.2950	6675
13.3000	6289
13.3050	6316
13.3100	6304
13.3150	6267
13.3200	5773
13.3250	5645
13.3300	6349
13.3350	6336
13.3400	6521
13.3450	5973
13.3500	6468
13.3550	5411
13.3600	5605
13.3650	6363
13.3700	6493
13.3750	6512
13.3800	6338
13.3850	5910
13.3900	6083
13.3950	5614
13.4000	5760
13.4050	6037
13.4100	6490
13.4150	6305
13.4200	5597
13.4250	6155
13.4300	6352
13.4350	5826
13.4400	6028
13.4450	5836
13.4500	6422
13.4550	6219
13.4600	6696
13.4650	6634
13.4700	5799
13.4750	6424
13.4800	5768
13.4850	5730
13.4900	5876
13.4950	6409
13.5000	6463
13.5050	6015
13.5100	6078
13.5150	6025
13.5200	5875
13.5250	6584
13.5300	6292
13.5350	5717
13.5400	6062
13.5450	6352
13.5500	6159
13.5550	6122
13.5600	6167
13.5650	5877
13.5700	6407
13.5750	6461
13.5800	6560
13.5850	5965
13.5900	6052
13.5950	6136
13.6000	6027
13.6050	5510
13.6100	6328
13.6150	6137
13.6200	5886
13.6250	5998
13.6300	6354
13.6350	6311
13.6400	6453
13.6450	6337
13.6500	6146
13.6550	5935
13.6600	6478
13.6650	6446
13.6700	6460
13.6750	5829
13.6800	6138
13.6850	6141
13.6900	5575
13.6950	5943
13.7000	6315
13.7050	6407
13.7100	5615
13.7150	5289
13.7200	6243
13.7250	5622
13.7300	5639
13.7350	5881
13.7400	6004
13.7450	6142
13.7500	6375
13.7550	6027
13.7600	5822
13.7650	5941
13.7700	6568
13.7750	6083
13.7800	5778
13.7850	6276
13.7900	5700
13.7950	6514
13.8000	5721
13.8050	6152
13.8100	5696
13.8150	5815
13.8200	6107
13.8250	6189
13.8300	6226
13.8350	5920
13.8400	6471
13.8450	6195
13.8500	6063
13.8550	6319
13.8600	6510
13.8650	6268
13.8700	5676
13.8750	5976
13.8800	6439
13.8850	6071
13.8900	5729
13.8950	6233
13.9000	6039
13.9050	5844
13.9100	5958
13.9150	6036
13.9200	5756
13.9250	5696
13.9300	6338
13.9350	5964
13.9400	6139
13.9450	5997
13.9500	6332
13.9550	6447
13.9600	6215
13.9650	6401
13.9700	6105
13.9750	5837
13.9800	5914
13.9850	5595
13.9900	6150
13.9950	6644
14.0000	6516
14.0050	6023
14.0100	5465
14.0150	5861
14.0200	5952
14.0250	6386
14.0300	6533
14.0350	5387
14.0400	6564
14.0450	5483
14.0500	5766
14.0550	5949
14.0600	6278
14.0650	6403
14.0700	6157
14.0750	5528
14.0800	5550
14.0850	5930
14.0900	6500
14.0950	6591
14.1000	6252
14.1050	5873
14.1100	6338
14.1150	6389
14.1200	5633
14.1250	5723
14.1300	5932
14.1350	6097
14.1400	6121
14.1450	6088
14.1500	6274
14.1550	5906
14.1600	6250
14.1650	5577
14.1700	6200
14.1750	6663
14.1800	6322
14.1850	6136
14.1900	5803
14.1950	6547
14.2000	5714
14.2050	5726
14.2100	6136
14.2150	5806
14.2200	6037
14.2250	5951
14.2300	5470
14.2350	5992
14.2400	6406
14.2450	6166
14.2500	6255
14.2550	5931
14.2600	5948
14.2650	6368
14.2700	5781
14.2750	5993
14.2800	6163
14.2850	6351
14.2900	6387
14.2950	5818
14.3000	6456
14.3050	5534
14.3100	5755
14.3150	6216
14.3200	6429
14.3250	6517
14.3300	6272
14.3350	6525
14.3400	5840
14.3450	5327
14.3500	6179
14.3550	6310
14.3600	6761
14.3650	6471
14.3700	6196
14.3750	5683
14.3800	5833
14.3850	5904
14.3900	6213
14.3950	6081
14.4000	6371
14.4050	6156
14.4100	5912
14.4150	6012
14.4200	5784
14.4250	6646
14.4300	6117
14.4350	6318
14.4400	5931
14.4450	6372
14.4500	5657
14.4550	6028
14.4600	5538
14.4650	6398
14.4700	6055
14.4750	6274
14.4800	6829
14.4850	5517
14.4900	5955
14.4950	6055
14.5000	5636
14.5050	5977
14.5100	5759
14.5150	6466
14.5200	5585
14.5250	5727
14.5300	6338
14.5350	5976
14.5400	5788
14.5450	6072
14.5500	6170
14.5550	6198
14.5600	5828
14.5650	6255
14.5700	6656
14.5750	5574
14.5800	5994
14.5850	6303
14.5900	6319
14.5950	5596
14.6000	6297
14.6050	6594
14.6100	5469
14.6150	6045
14.6200	6182
14.6250	5827
14.6300	5950
14.6350	6512
14.6400	6280
14.6450	5633
14.6500	6361
14.6550	6566
14.6600	6194
14.6650	5455
14.6700	6488
14.6750	6576
14.6800	6167
14.6850	6368
14.6900	6455
14.6950	6670
14.7000	5809
14.7050	5664
14.7100	5856
14.7150	5997
14.7200	6307
14.7250	5989
14.7300	6333
14.7350	5499
14.7400	5699
14.7450	6367
14.7500	5973
14.7550	6097
14.7600	6137
14.7650	5942
14.7700	5794
14.7750	5756
14.7800	6383
14.7850	5840
14.7900	5500
14.7950	5698
14.8000	6289
14.8050	6545
14.8100	5909
14.8150	6520
14.8200	5546
14.8250	5709
14.8300	6480
14.8350	5817
14.8400	6581
14.8450	6202
14.8500	6314
14.8550	5794
14.8600	5910
14.8650	5754
14.8700	6510
14.8750	6648
14.8800	6036
14.8850	6032
14.8900	5534
14.8950	5751
14.9000	6342
14.9050	6443
14.9100	5701
14.9150	6104
14.9200	6333
14.9250	6284
14.9300	6090
14.9350	6017
14.9400	5893
14.9450	6033
14.9500	6447
14.9550	6461
14.9600	6290
14.9650	6359
14.9700	6132
14.9750	5994
14.9800	6000
14.9850	6407
14.9900	6493
14.9950	5801
15.0000	6293
15.0050	6259
15.0100	6602
15.0150	5898
15.0200	6258
15.0250	6090
15.0300	5662
15.0350	6360
15.0400	6537
15.0450	6537
15.0500	6215
15.0550	6214
15.0600	6212
15.0650	5734
15.0700	5720
15.0750	5933
15.0800	6626
15.0850	6558
15.0900	5972
15.0950	6321
15.1000	6260
15.1050	5843
15.1100	5987
15.1150	5844
15.1200	6510
15.1250	6299
15.1300	5683
15.1350	6482
15.1400	5575
15.1450	6038
15.1500	5983
15.1550	6264
15.1600	6434
15.1650	6055
15.1700	6444
15.1750	6404
15.1800	5639
15.1850	6227
15.1900	6156
15.1950	6076
15.2000	5933
15.2050	6369
15.2100	6267
15.2150	6529
15.2200	6449
15.2250	6038
15.2300	5926
15.2350	6330
15.2400	6237
15.2450	5502
15.2500	6432
15.2550	5990
15.2600	6666
15.2650	5753
15.2700	6164
15.2750	6247
15.2800	5805
15.2850	6096
15.2900	6426
15.2950	5560
15.3000	5796
15.3050	6415
15.3100	6338
15.3150	5675
15.3200	5393
15.3250	6434
15.3300	6122
15.3350	6448
15.3400	5906
15.3450	6382
15.3500	5890
15.3550	5589
15.3600	6285
15.3650	6345
15.3700	6513
15.3750	6013
15.3800	5558
15.3850	5643
15.3900	6243
15.3950	6329
15.4000	6493
15.4050	6622
15.4100	5764
15.4150	5988
15.4200	6270
15.4250	5883
15.4300	5752
15.4350	6269
15.4400	6187
15.4450	5903
15.4500	5349
15.4550	5861
15.4600	5783
15.4650	5728
15.4700	5903
15.4750	5604
15.4800	6166
15.4850	5822
15.4900	6142
15.4950	6171
15.5000	6285
15.5050	6028
15.5100	5727
15.5150	6295
15.5200	5867
15.5250	6047
15.5300	6570
15.5350	6145
15.5400	5533
15.5450	5244
15.5500	6195
15.5550	6425
15.5600	5994
15.5650	6228
15.5700	6329
15.5750	6385
15.5800	6439
15.5850	6233
15.5900	6205
15.5950	6609
15.6000	6238
15.6050	6292
15.6100	6219
15.6150	5604
15.6200	6446
15.6250	6241
15.6300	6253
15.6350	6302
15.6400	6588
15.6450	6531
15.6500	5849
15.6550	6291
15.6600	6426
15.6650	6701
15.6700	6543
15.6750	6498
15.6800	6180
15.6850	5822
15.6900	6174
15.6950	6453
15.7000	6396
15.7050	6426
15.7100	6242
15.7150	5973
15.7200	5444
15.7250	5753
15.7300	6551
15.7350	6127
15.7400	6082
15.7450	5706
15.7500	6305
15.7550	5740
15.7600	5722
15.7650	6438
15.7700	6227
15.7750	6474
15.7800	6355
15.7850	5884
15.7900	5837
15.7950	5765
15.8000	6442
15.8050	6039
15.8100	6387
15.8150	6475
15.8200	6110
15.8250	6625
15.8300	5951
15.8350	6094
15.8400	5446
15.8450	5718
15.8500	6280
15.8550	5722
15.8600	5930
15.8650	6093
15.8700	6527
15.8750	6184
15.8800	6288
15.8850	6050
15.8900	5655
15.8950	6034
15.9000	6274
15.9050	6054
15.9100	6281
15.9150	6410
15.9200	5658
15.9250	5643
15.9300	5912
15.9350	6638
15.9400	6344
15.9450	6161
15.9500	5529
15.9550	5719
15.9600	6484
15.9650	5759
15.9700	6541
15.9750	5792
15.9800	5967
15.9850	5945
15.9900	5922
15.9950	6196
16.0000	5960
16.0050	5748
16.0100	6095
16.0150	5839
16.0200	6073
16.0250	6029
16.0300	6398
16.0350	6312
16.0400	5672
16.0450	6296
16.0500	5522
16.0550	6486
16.0600	5746
16.0650	5817
16.0700	6399
16.0750	5533
16.0800	6362
16.0850	6320
16.0900	6133
16.0950	6029
16.1000	5696
16.1050	6033
16.1100	5631
16.1150	6388
16.1200	6141
16.1250	6385
16.1300	5404
16.1350	6311
16.1400	6518
16.1450	5778
16.1500	6380
16.1550	6179
16.1600	6636
16.1650	5621
16.1700	5768
16.1750	6395
16.1800	6275
16.1850	6497
16.1900	5576
16.1950	6384
16.2000	5856
16.2050	6465
16.2100	6011
16.2150	5835
16.2200	5987
16.2250	6015
16.2300	6574
16.2350	6340
16.2400	6041
16.2450	6170
16.2500	5878
16.2550	6114
16.2600	6327
16.2650	6067
16.2700	6134
16.2750	6591
16.2800	6497
16.2850	6296
16.2900	5547
16.2950	6407
16.3000	6206
16.3050	6341
16.3100	6249
16.3150	6273
16.3200	6362
16.3250	6163
16.3300	6575
16.3350	5693
16.3400	6219
16.3450	5981
16.3500	6245
16.3550	6430
16.3600	5882
16.3650	6564
16.3700	6368
16.3750	6151
16.3800	6225
16.3850	6277
16.3900	6511
16.3950	6426
16.4000	6251
16.4050	6364
16.4100	5839
16.4150	6434
16.4200	6654
16.4250	5775
16.4300	6448
16.4350	6278
16.4400	6239
16.4450	5750
16.4500	6371
16.4550	6644
16.4600	6347
16.4650	6265
16.4700	5929
16.4750	6645
16.4800	5823
16.4850	6258
16.4900	6305
16.4950	6422
16.5000	5871
16.5050	5597
16.5100	6185
16.5150	5847
16.5200	6552
16.5250	5619
16.5300	6046
16.5350	6261
16.5400	6398
16.5450	5901
16.5500	6195
16.5550	5829
16.5600	6420
16.5650	5721
16.5700	6293
16.5750	6227
16.5800	5547
16.5850	6346
16.5900	6369
16.5950	6577
16.6000	6104
16.6050	5506
16.6100	6508
16.6150	5595
16.6200	6119
16.6250	6343
16.6300	5681
16.6350	6533
16.6400	5535
16.6450	6105
16.6500	6368
16.6550	6702
16.6600	6522
16.6650	6272
16.6700	5769
16.6750	5645
16.6800	6251
16.6850	6542
16.6900	6254
16.6950	6241
16.7000	5938
16.7050	6195
16.7100	5911
16.7150	6430
16.7200	6301
16.7250	6501
16.7300	5551
16.7350	6042
16.7400	6376
16.7450	5837
16.7500	6743
16.7550	5863
16.7600	6320
16.7650	5773
16.7700	6695
16.7750	6463
16.7800	6468
16.7850	6187
16.7900	6077
16.7950	6380
16.8000	6307
16.8050	6279
16.8100	6372
16.8150	5955
16.8200	6141
16.8250	6200
16.8300	6386
16.8350	6394
16.8400	6574
16.8450	6448
16.8500	5998
16.8550	5898
16.8600	6425
16.8650	6546
16.8700	6716
16.8750	6147
16.8800	6620
16.8850	6217
16.8900	5756
16.8950	6432
16.9000	6393
16.9050	6437
16.9100	6134
16.9150	6324
16.9200	6407
16.9250	6071
16.9300	6476
16.9350	6067
16.9400	5970
16.9450	6266
16.9500	6245
16.9550	6541
16.9600	6196
16.9650	6029
16.9700	6640
16.9750	6271
16.9800	6395
16.9850	5728
16.9900	6299
16.9950	6801
17.0000	6193
17.0050	6034
17.0100	5788
17.0150	6457
17.0200	6670
17.0250	5701
17.0300	5994
17.0350	6046
17.0400	6685
17.0450	5774
17.0500	6576
17.0550	6399
17.0600	6607
17.0650	6371
17.0700	6210
17.0750	6461
17.0800	5491
17.0850	6608
17.0900	5801
17.0950	6179
17.1000	5864
17.1050	6386
17.1100	6480
17.1150	6308
17.1200	6342
17.1250	6034
17.1300	6417
17.1350	6552
17.1400	6380
17.1450	6158
17.1500	6468
17.1550	6550
17.1600	6266
17.1650	6311
17.1700	6204
17.1750	6512
17.1800	6202
17.1850	5568
17.1900	6191
17.1950	6029
17.2000	6487
17.2050	6203
17.2100	5994
17.2150	5954
17.2200	5886
17.2250	6430
17.2300	6064
17.2350	5432
17.2400	6340
17.2450	6329
17.2500	6040
17.2550	6248
17.2600	5641
17.2650	6391
17.2700	5535
17.2750	6446
17.2800	5975
17.2850	6369
17.2900	5850
17.2950	6000
17.3000	6197
17.3050	6273
17.3100	6600
17.3150	6264
17.3200	5685
17.3250	5828
17.3300	5666
17.3350	6549
17.3400	6288
17.3450	6353
17.3500	6160
17.3550	5963
17.3600	6014
17.3650	5819
17.3700	5870
17.3750	5754
17.3800	6444
17.3850	6128
17.3900	5445
17.3950	6382
17.4000	6383
17.4050	6144
17.4100	6387
17.4150	6185
17.4200	5887
17.4250	6379
17.4300	6374
17.4350	6584
17.4400	6009
17.4450	6155
17.4500	6495
17.4550	6422
17.4600	5734
17.4650	6430
17.4700	5872
17.4750	6487
17.4800	6384
17.4850	6205
17.4900	6514
17.4950	6134
17.5000	6156
17.5050	6028
17.5100	5782
17.5150	6456
17.5200	5911
17.5250	6537
17.5300	6067
17.5350	6490
17.5400	6313
17.5450	5696
17.5500	6282
17.5550	6373
17.5600	6606
17.5650	5770
17.5700	5602
17.5750	5979
17.5800	5651
17.5850	6362
17.5900	6478
17.5950	6043
17.6000	5759
17.6050	5572
17.6100	6258
17.6150	5778
17.6200	5476
17.6250	6548
17.6300	6350
17.6350	5883
17.6400	5814
17.6450	6353
17.6500	6388
17.6550	5576
17.6600	5846
17.6650	5705
17.6700	6479
17.6750	5862
17.6800	5816
17.6850	6256
17.6900	6358
17.6950	5802
17.7000	5837
17.7050	6487
17.7100	5956
17.7150	6105
17.7200	6282
17.7250	6040
17.7300	6353
17.7350	5558
17.7400	5953
17.7450	6207
17.7500	5652
17.7550	6134
17.7600	5989
17.7650	6622
17.7700	5891
17.7750	6204
17.7800	6474
17.7850	6466
17.7900	5962
17.7950	6349
17.8000	6311
17.8050	6112
17.8100	6404
17.8150	6205
17.8200	6087
17.8250	6013
17.8300	6224
17.8350	5947
17.8400	5640
17.8450	6228
17.8500	6521
17.8550	6423
17.8600	6571
17.8650	5487
17.8700	6103
17.8750	6012
17.8800	6284
17.8850	6515
17.8900	6330
17.8950	6602
17.9000	5574
17.9050	6452
17.9100	6306
17.9150	6311
17.9200	6723
17.9250	6124
17.9300	6231
17.9350	5947
17.9400	5682
17.9450	6358
17.9500	5730
17.9550	5428
17.9600	6019
17.9650	6523
17.9700	6633
17.9750	5815
17.9800	6058
17.9850	6292
17.9900	5970
17.9950	6214
18.0000	6443
18.0050	6118
18.0100	5798
18.0150	6310
18.0200	6315
18.0250	6185
18.0300	6494
18.0350	6128
18.0400	6403
18.0450	5581
18.0500	6374
18.0550	6443
18.0600	6465
18.0650	5942
18.0700	5429
18.0750	6401
18.0800	5853
18.0850	6446
18.0900	6543
18.0950	6249
18.1000	6102
18.1050	5701
18.1100	6026
18.1150	6283
18.1200	6397
18.1250	6348
18.1300	5910
18.1350	5616
18.1400	6329
18.1450	5817
18.1500	6349
18.1550	6264
18.1600	6281
18.1650	5869
18.1700	5741
18.1750	6272
18.1800	5889
18.1850	6176
18.1900	5982
18.1950	6426
18.2000	6406
18.2050	5609
18.2100	6569
18.2150	6413
18.2200	6331
18.2250	5814
18.2300	6029
18.2350	6209
18.2400	5871
18.2450	6184
18.2500	6111
18.2550	6458
18.2600	6359
18.2650	5656
18.2700	6394
18.2750	5603
18.2800	6210
18.2850	5916
18.2900	5943
18.2950	6136
18.3000	5686
18.3050	6222
18.3100	5781
18.3150	5612
18.3200	5822
18.3250	6362
18.3300	6453
18.3350	5721
18.3400	5442
18.3450	5625
18.3500	5910
18.3550	6393
18.3600	5971
18.3650	6328
18.3700	5838
18.3750	5763
18.3800	6276
18.3850	6319
18.3900	5695
18.3950	6207
18.4000	6173
18.4050	5484
18.4100	5926
18.4150	6487
18.4200	6307
18.4250	6194
18.4300	5482
18.4350	5896
18.4400	5752
18.4450	6183
18.4500	6620
18.4550	6245
18.4600	6334
18.4650	5562
18.4700	5822
18.4750	5835
18.4800	6093
18.4850	5977
18.4900	5549
18.4950	6090
18.5000	5453
18.5050	5930
18.5100	6544
18.5150	6345
18.5200	6304
18.5250	6502
18.5300	6449
18.5350	6326
18.5400	5680
18.5450	6038
18.5500	6336
18.5550	5680
18.5600	5603
18.5650	6189
18.5700	6441
18.5750	5912
18.5800	6476
18.5850	6139
18.5900	6022
18.5950	6517
18.6000	6036
18.6050	6210
18.6100	5401
18.6150	6702
18.6200	6154
18.6250	6152
18.6300	5996
18.6350	6112
18.6400	6561
18.6450	5451
18.6500	6260
18.6550	6481
18.6600	5453
18.6650	6396
18.6700	5707
18.6750	6272
18.6800	6118
18.6850	6321
18.6900	6695
18.6950	5920
18.7000	5529
18.7050	6175
18.7100	5931
18.7150	6438
18.7200	6491
18.7250	6137
18.7300	5747
18.7350	5462
18.7400	6334
18.7450	6065
18.7500	6539
18.7550	6313
18.7600	6203
18.7650	6182
18.7700	5427
18.7750	6583
18.7800	6515
18.7850	5984
18.7900	6358
18.7950	5913
18.8000	6558
18.8050	6222
18.8100	6186
18.8150	6363
18.8200	6706
18.8250	5556
18.8300	5667
18.8350	6322
18.8400	5853
18.8450	6618
18.8500	6337
18.8550	5484
18.8600	6122
18.8650	6301
18.8700	6593
18.8750	6426
18.8800	6249
18.8850	6382
18.8900	5731
18.8950	6240
18.9000	6353
18.9050	6129
18.9100	6273
18.9150	6077
18.9200	5889
18.9250	6250
18.9300	5847
18.9350	6252
18.9400	6220
18.9450	6228
18.9500	6170
18.9550	5968
18.9600	6110
18.9650	6286
18.9700	6117
18.9750	6071
18.9800	6532
18.9850	6196
18.9900	6445
18.9950	6215
19.0000	6461
19.0050	6098
19.0100	6122
19.0150	5863
19.0200	5979
19.0250	5933
19.0300	5811
19.0350	6046
19.0400	6144
19.0450	5835
19.0500	6316
19.0550	6173
19.0600	5800
19.0650	6438
19.0700	6199
19.0750	6447
19.0800	6332
19.0850	5727
19.0900	6482
19.0950	6331
19.1000	6392
19.1050	6370
19.1100	5992
19.1150	6614
19.1200	6218
19.1250	6327
19.1300	6184
19.1350	6531
19.1400	5922
19.1450	6102
19.1500	5983
19.1550	5482
19.1600	5942
19.1650	6526
19.1700	6335
19.1750	6177
19.1800	6520
19.1850	6064
19.1900	5766
19.1950	6594
19.2000	6301
19.2050	6444
19.2100	6270
19.2150	6113
19.2200	5445
19.2250	5763
19.2300	6568
19.2350	6413
19.2400	6197
19.2450	6309
19.2500	6326
19.2550	6496
19.2600	6044
19.2650	6109
19.2700	5948
19.2750	6528
19.2800	5884
19.2850	6502
19.2900	5933
19.2950	6168
19.3000	5819
19.3050	6304
19.3100	6276
19.3150	5864
19.3200	6536
19.3250	5894
19.3300	5653
19.3350	5801
19.3400	6468
19.3450	6502
19.3500	5979
19.3550	6332
19.3600	6457
19.3650	6463
19.3700	5807
19.3750	6621
19.3800	6151
19.3850	5840
19.3900	6270
19.3950	6195
19.4000	6509
19.4050	5652
19.4100	6419
19.4150	5737
19.4200	5840
19.4250	5465
19.4300	6548
19.4350	6542
19.4400	5721
19.4450	5847
19.4500	5865
19.4550	6063
19.4600	6017
19.4650	6358
19.4700	6338
19.4750	5765
19.4800	6380
19.4850	5330
19.4900	5914
19.4950	6152
19.5000	6507
19.5050	5911
19.5100	5583
19.5150	6001
19.5200	5892
19.5250	6439
19.5300	6516
19.5350	5867
19.5400	6533
19.5450	5630
19.5500	6134
19.5550	5839
19.5600	6294
19.5650	6629
19.5700	6232
19.5750	5510
19.5800	5513
19.5850	6348
19.5900	6444
19.5950	6222
19.6000	6272
19.6050	6273
19.6100	6048
19.6150	5553
19.6200	6212
19.6250	5972
19.6300	6459
19.6350	5915
19.6400	6402
19.6450	6053
19.6500	5654
19.6550	6320
19.6600	6436
19.6650	6340
19.6700	6424
19.6750	6521
19.6800	5911
19.6850	5639
19.6900	6303
19.6950	6335
19.7000	6554
19.7050	6630
19.7100	6505
19.7150	5589
19.7200	5701
19.7250	6385
19.7300	6287
19.7350	6316
19.7400	6148
19.7450	5937
19.7500	5975
19.7550	6503
19.7600	5700
19.7650	6450
19.7700	6037
19.7750	6138
19.7800	6241
19.7850	5664
19.7900	5804
19.7950	5783
19.8000	5995
19.8050	5995
19.8100	5786
19.8150	5953
19.8200	6221
19.8250	5997
19.8300	5359
19.8350	6279
19.8400	5539
19.8450	6120
19.8500	5700
19.8550	6441
19.8600	6016
19.8650	5778
19.8700	6042
19.8750	5837
19.8800	6520
19.8850	6340
19.8900	5924
19.8950	5802
19.9000	5710
19.9050	5939
19.9100	5930
19.9150	6521
19.9200	6386
19.9250	6262
19.9300	5836
19.9350	5705
19.9400	6331
19.9450	5964
19.9500	6366
19.9550	6296
19.9600	6089
19.9650	6037
19.9700	5758
19.9750	6517
19.9800	5992
19.9850	5848
19.9900	6468
19.9950	6455
