0.0000	6452
0.0040	6392
0.0080	6199
0.0120	6554
0.0160	6434
0.0200	5832
0.0240	6407
0.0280	5852
0.0320	6152
0.0360	6498
0.0400	6472
0.0440	6545
0.0480	6402
0.0520	5861
0.0560	5653
0.0600	5691
0.0640	5775
0.0680	5902
0.0720	5917
0.0760	5924
0.0800	6188
0.0840	6504
0.0880	6037
0.0920	6290
0.0960	6358
0.1000	5894
0.1040	6167
0.1080	6664
0.1120	6154
0.1160	6146
0.1200	5915
0.1240	6271
0.1280	5716
0.1320	5890
0.1360	5608
0.1400	5979
0.1440	6256
0.1480	5501
0.1520	6100
0.1560	6395
0.1600	6241
0.1640	5672
0.1680	6157
0.1720	6127
0.1760	5879
0.1800	5896
0.1840	6261
0.1880	6029
0.1920	6422
0.1960	6190
0.2000	6366
0.2040	6582
0.2080	5934
0.2120	5784
0.2160	5590
0.2200	5795
0.2240	6248
0.2280	6409
0.2320	5817
0.2360	6293
0.2400	6124
0.2440	5519
0.2480	6388
0.2520	6212
0.2560	5619
0.2600	5591
0.2640	5987
0.2680	5555
0.2720	6290
0.2760	6265
0.2800	5831
0.2840	6116
0.2880	6176
0.2920	5556
0.2960	5919
0.3000	6171
0.3040	5789
0.3080	6294
0.3120	6368
0.3160	6132
0.3200	5949
0.3240	6226
0.3280	5785
0.3320	6588
0.3360	6149
0.3400	6079
0.3440	6323
0.3480	6045
0.3520	6110
0.3560	6300
0.3600	5774
0.3640	5868
0.3680	6616
0.3720	6072
0.3760	6133
0.3800	6592
0.3840	6306
0.3880	6145
0.3920	6083
0.3960	5764
0.4000	5764
0.4040	6326
0.4080	6157
0.4120	6133
0.4160	6159
0.4200	5854
0.4240	6078
0.4280	5926
0.4320	5633
0.4360	5786
0.4400	5884
0.4440	6298
0.4480	5978
0.4520	5841
0.4560	5588
0.4600	6045
0.4640	5543
0.4680	5895
0.4720	5961
0.4760	6471
0.4800	6152
0.4840	5843
0.4880	5841
0.4920	5864
0.4960	5795
0.5000	6237
0.5040	6307
0.5080	6163
0.5120	6517
0.5160	5871
0.5200	5835
0.5240	5588
0.5280	5924
0.5320	6170
0.5360	6012
0.5400	5963
0.5440	5979
0.5480	6326
0.5520	6385
0.5560	5930
0.5600	5701
0.5640	5843
0.5680	5901
0.5720	5887
0.5760	5763
0.5800	5709
0.5840	5629
0.5880	5941
0.5920	6061
0.5960	5470
0.6000	5595
0.6040	5718
0.6080	5794
0.6120	5490
0.6160	5742
0.6200	5555
0.6240	5854
0.6280	5642
0.6320	6380
0.6360	5777
0.6400	6020
0.6440	5969
0.6480	5897
0.6520	5705
0.6560	5861
0.6600	6180
0.6640	5761
0.6680	5831
0.6720	5758
0.6760	6003
0.6800	6092
0.6840	5876
0.6880	5829
0.6920	5904
0.6960	5528
0.7000	6338
0.7040	6004
0.7080	5941
0.7120	5864
0.7160	5923
0.7200	6206
0.7240	5885
0.7280	6093
0.7320	5809
0.7360	6021
0.7400	6515
0.7440	6075
0.7480	5862
0.7520	5712
0.7560	5877
0.7600	5488
0.7640	5580
0.7680	5889
0.7720	6067
0.7760	6375
0.7800	6379
0.7840	5613
0.7880	6425
0.7920	5829
0.7960	6386
0.8000	5432
0.8040	6213
0.8080	5697
0.8120	6166
0.8160	5681
0.8200	5785
0.8240	5786
0.8280	5975
0.8320	6258
0.8360	5921
0.8400	5824
0.8440	5690
0.8480	6256
0.8520	5933
0.8560	5895
0.8600	5450
0.8640	6661
0.8680	6354
0.8720	5960
0.8760	5718
0.8800	6134
0.8840	5652
0.8880	6218
0.8920	6121
0.8960	5825
0.9000	6544
0.9040	6260
0.9080	5998
0.9120	6458
0.9160	5971
0.9200	6504
0.9240	5889
0.9280	6228
0.9320	5654
0.9360	6322
0.9400	5820
0.9440	5624
0.9480	5854
0.9520	5658
0.9560	5900
0.9600	5925
0.9640	5897
0.9680	5828
0.9720	6096
0.9760	6012
0.9800	5925
0.9840	6026
0.9880	5730
0.9920	6003
0.9960	6237
1.0000	5863
1.0040	5644
1.0080	5942
1.0120	5729
1.0160	5855
1.0200	5767
1.0240	5889
1.0280	5941
1.0320	6390
1.0360	6433
1.0400	6084
1.0440	6600
1.0480	5868
1.0520	6354
1.0560	5791
1.0600	6142
1.0640	5756
1.0680	6077
1.0720	6296
1.0760	5758
1.0800	6449
1.0840	6681
1.0880	5761
1.0920	5958
1.0960	5807
1.1000	6005
1.1040	6205
1.1080	5679
1.1120	5883
1.1160	5864
1.1200	5939
1.1240	5575
1.1280	5651
1.1320	5759
1.1360	5577
1.1400	5640
1.1440	5552
1.1480	5972
1.1520	5594
1.1560	5801
1.1600	5712
1.1640	6247
1.1680	5782
1.1720	5969
1.1760	6015
1.1800	5860
1.1840	6369
1.1880	6354
1.1920	6209
1.1960	5602
1.2000	5821
1.2040	5650
1.2080	5992
1.2120	5988
1.2160	6347
1.2200	5709
1.2240	6526
1.2280	5854
1.2320	5928
1.2360	5972
1.2400	5974
1.2440	6000
1.2480	5741
1.2520	6039
1.2560	5907
1.2600	6375
1.2640	6692
1.2680	6226
1.2720	5846
1.2760	6007
1.2800	6387
1.2840	6063
1.2880	5718
1.2920	5897
1.2960	5574
1.3000	5629
1.3040	6147
1.3080	6071
1.3120	5820
1.3160	6301
1.3200	6468
1.3240	5794
1.3280	5939
1.3320	5868
1.3360	5666
1.3400	5603
1.3440	6144
1.3480	5688
1.3520	6552
1.3560	6244
1.3600	5738
1.3640	5726
1.3680	5626
1.3720	6057
1.3760	5837
1.3800	5787
1.3840	5497
1.3880	5845
1.3920	5647
1.3960	5952
1.4000	5700
1.4040	6463
1.4080	6076
1.4120	6412
1.4160	5778
1.4200	6466
1.4240	5911
1.4280	6489
1.4320	6414
1.4360	6125
1.4400	6578
1.4440	5965
1.4480	6400
1.4520	6517
1.4560	5777
1.4600	6364
1.4640	5728
1.4680	6345
1.4720	5661
1.4760	6123
1.4800	5604
1.4840	6205
1.4880	5897
1.4920	5564
1.4960	5567
1.5000	5664
1.5040	5596
1.5080	5931
1.5120	5841
1.5160	5860
1.5200	6059
1.5240	6224
1.5280	5954
1.5320	6328
1.5360	6037
1.5400	6038
1.5440	6105
1.5480	5890
1.5520	6492
1.5560	6141
1.5600	5815
1.5640	5728
1.5680	5899
1.5720	6008
1.5760	6515
1.5800	6052
1.5840	6535
1.5880	5902
1.5920	6337
1.5960	6036
1.6000	6438
1.6040	5867
1.6080	6346
1.6120	5674
1.6160	5887
1.6200	6095
1.6240	5815
1.6280	6272
1.6320	6053
1.6360	5850
1.6400	5722
1.6440	5642
1.6480	5836
1.6520	6163
1.6560	5906
1.6600	6150
1.6640	6388
1.6680	5452
1.6720	5785
1.6760	5528
1.6800	5906
1.6840	5928
1.6880	6469
1.6920	6004
1.6960	6176
1.7000	6253
1.7040	5909
1.7080	6153
1.7120	5634
1.7160	6026
1.7200	5808
1.7240	6437
1.7280	6001
1.7320	5722
1.7360	6058
1.7400	6493
1.7440	5640
1.7480	6293
1.7520	5592
1.7560	6192
1.7600	6021
1.7640	6678
1.7680	5954
1.7720	6059
1.7760	6012
1.7800	5913
1.7840	6308
1.7880	5870
1.7920	5947
1.7960	6237
1.8000	5997
1.8040	5846
1.8080	5905
1.8120	6087
1.8160	5704
1.8200	5512
1.8240	5654
1.8280	5882
1.8320	6165
1.8360	5841
1.8400	6181
1.8440	5759
1.8480	6100
1.8520	5889
1.8560	6371
1.8600	6210
1.8640	5646
1.8680	6469
1.8720	6412
1.8760	5885
1.8800	6422
1.8840	5806
1.8880	6051
1.8920	5883
1.8960	6277
1.9000	5551
1.9040	5845
1.9080	5892
1.9120	5772
1.9160	5427
1.9200	5983
1.9240	5916
1.9280	5892
1.9320	5618
1.9360	5879
1.9400	5938
1.9440	5961
1.9480	5926
1.9520	5865
1.9560	5792
1.9600	6407
1.9640	6450
1.9680	6563
1.9720	6676
1.9760	5796
1.9800	6172
1.9840	5762
1.9880	5750
1.9920	5685
1.9960	5694
2.0000	6136
2.0040	5789
2.0080	6208
2.0120	6474
2.0160	5806
2.0200	5577
2.0240	5670
2.0280	5688
2.0320	6391
2.0360	5778
2.0400	6536
2.0440	6038
2.0480	6387
2.0520	5965
2.0560	5718
2.0600	5533
2.0640	5762
2.0680	6062
2.0720	5925
2.0760	6326
2.0800	6356
2.0840	5890
2.0880	5627
2.0920	6340
2.0960	5689
2.1000	6393
2.1040	5982
2.1080	6048
2.1120	6390
2.1160	6705
2.1200	6089
2.1240	5735
2.1280	6041
2.1320	6164
2.1360	5982
2.1400	6378
2.1440	5717
2.1480	6524
2.1520	6466
2.1560	6452
2.1600	6290
2.1640	5737
2.1680	6249
2.1720	6234
2.1760	5792
2.1800	6163
2.1840	6199
2.1880	6489
2.1920	5874
2.1960	5705
2.2000	5543
2.2040	6326
2.2080	5951
2.2120	6046
2.2160	6374
2.2200	6620
2.2240	6503
2.2280	6704
2.2320	5751
2.2360	5890
2.2400	5731
2.2440	6218
2.2480	5975
2.2520	5820
2.2560	5983
2.2600	5822
2.2640	6633
2.2680	6296
2.2720	6363
2.2760	5613
2.2800	6248
2.2840	5649
2.2880	6446
2.2920	5837
2.2960	6057
2.3000	5871
2.3040	5925
2.3080	6537
2.3120	5884
2.3160	5746
2.3200	6143
2.3240	6010
2.3280	5820
2.3320	6554
2.3360	6094
2.3400	5830
2.3440	5527
2.3480	5613
2.3520	5878
2.3560	5603
2.3600	6020
2.3640	5513
2.3680	6280
2.3720	6424
2.3760	5704
2.3800	6019
2.3840	6589
2.3880	6359
2.3920	5824
2.3960	6263
2.4000	5764
2.4040	5590
2.4080	6099
2.4120	6082
2.4160	6254
2.4200	5850
2.4240	6030
2.4280	5956
2.4320	6207
2.4360	6186
2.4400	5573
2.4440	6121
2.4480	6010
2.4520	5952
2.4560	6548
2.4600	6347
2.4640	6270
2.4680	5893
2.4720	6105
2.4760	5958
2.4800	6201
2.4840	6221
2.4880	6325
2.4920	6421
2.4960	6244
2.5000	6346
2.5040	6100
2.5080	5994
2.5120	6039
2.5160	5686
2.5200	6416
2.5240	6411
2.5280	5694
2.5320	6188
2.5360	5564
2.5400	6035
2.5440	6450
2.5480	6018
2.5520	5636
2.5560	6177
2.5600	6204
2.5640	5692
2.5680	6224
2.5720	5931
2.5760	5535
2.5800	6203
2.5840	6117
2.5880	6598
2.5920	6369
2.5960	5931
2.6000	5966
2.6040	6422
2.6080	6455
2.6120	5931
2.6160	5805
2.6200	6202
2.6240	6572
2.6280	6068
2.6320	5732
2.6360	6429
2.6400	6474
2.6440	5616
2.6480	5933
2.6520	5781
2.6560	6538
2.6600	6199
2.6640	6343
2.6680	6434
2.6720	6630
2.6760	6453
2.6800	5987
2.6840	6192
2.6880	6236
2.6920	5742
2.6960	6093
2.7000	6061
2.7040	5965
2.7080	5838
2.7120	5680
2.7160	6135
2.7200	6227
2.7240	5589
2.7280	6056
2.7320	6115
2.7360	6447
2.7400	6098
2.7440	5941
2.7480	5581
2.7520	6004
2.7560	5960
2.7600	5887
2.7640	5588
2.7680	6462
2.7720	6158
2.7760	6080
2.7800	6188
2.7840	6365
2.7880	6094
2.7920	5738
2.7960	6218
2.8000	5525
2.8040	6022
2.8080	6206
2.8120	6526
2.8160	5809
2.8200	6190
2.8240	6363
2.8280	6147
2.8320	5765
2.8360	5984
2.8400	5841
2.8440	6042
2.8480	6254
2.8520	6306
2.8560	6223
2.8600	6338
2.8640	6151
2.8680	5763
2.8720	5711
2.8760	5920
2.8800	5729
2.8840	5665
2.8880	5728
2.8920	6538
2.8960	6375
2.9000	5739
2.9040	5534
2.9080	5539
2.9120	5691
2.9160	5847
2.9200	5673
2.9240	6228
2.9280	6199
2.9320	6664
2.9360	5646
2.9400	6506
2.9440	6007
2.9480	6050
2.9520	6160
2.9560	5968
2.9600	6294
2.9640	6212
2.9680	6646
2.9720	5733
2.9760	5865
2.9800	5392
2.9840	5932
2.9880	5774
2.9920	5892
2.9960	6028
3.0000	6538
3.0040	6612
3.0080	5872
3.0120	5840
3.0160	5950
3.0200	5971
3.0240	6432
3.0280	6455
3.0320	6333
3.0360	6501
3.0400	6189
3.0440	5999
3.0480	5690
3.0520	5823
3.0560	5859
3.0600	5642
3.0640	5709
3.0680	6514
3.0720	5628
3.0760	6077
3.0800	6112
3.0840	5856
3.0880	6012
3.0920	5821
3.0960	5818
3.1000	5921
3.1040	6545
3.1080	6343
3.1120	6471
3.1160	5544
3.1200	5980
3.1240	5619
3.1280	5806
3.1320	6029
3.1360	5929
3.1400	6335
3.1440	6160
3.1480	6355
3.1520	5814
3.1560	5824
3.1600	5600
3.1640	6511
3.1680	6032
3.1720	6182
3.1760	6484
3.1800	6411
3.1840	6470
3.1880	6358
3.1920	6202
3.1960	6294
3.2000	5801
3.2040	6547
3.2080	6064
3.2120	6444
3.2160	6063
3.2200	6419
3.2240	5797
3.2280	5806
3.2320	5712
3.2360	5675
3.2400	5616
3.2440	5636
3.2480	5686
3.2520	6298
3.2560	6127
3.2600	6117
3.2640	5752
3.2680	5798
3.2720	5801
3.2760	5953
3.2800	5741
3.2840	6532
3.2880	6293
3.2920	6549
3.2960	6238
3.3000	5878
3.3040	5563
3.3080	5820
3.3120	6266
3.3160	5749
3.3200	6204
3.3240	6236
3.3280	6471
3.3320	6117
3.3360	6793
3.3400	6104
3.3440	6351
3.3480	6242
3.3520	6454
3.3560	5553
3.3600	6332
3.3640	6459
3.3680	6666
3.3720	6813
3.3760	6764
3.3800	6168
3.3840	6446
3.3880	6394
3.3920	5767
3.3960	5853
3.4000	6313
3.4040	6314
3.4080	6358
3.4120	6316
3.4160	5861
3.4200	5479
3.4240	6221
3.4280	6371
3.4320	5998
3.4360	5755
3.4400	6423
3.4440	5794
3.4480	6173
3.4520	5689
3.4560	6097
3.4600	5458
3.4640	6018
3.4680	6436
3.4720	6143
3.4760	6377
3.4800	5905
3.4840	5713
3.4880	6536
3.4920	5890
3.4960	5882
3.5000	6086
3.5040	6104
3.5080	6141
3.5120	6149
3.5160	6010
3.5200	5896
3.5240	6597
3.5280	6390
3.5320	6018
3.5360	6564
3.5400	6453
3.5440	5922
3.5480	6402
3.5520	6634
3.5560	6387
3.5600	6172
3.5640	6553
3.5680	6537
3.5720	5773
3.5760	6372
3.5800	6019
3.5840	6234
3.5880	6449
3.5920	6390
3.5960	6149
3.6000	5449
3.6040	6270
3.6080	5687
3.6120	6622
3.6160	5652
3.6200	6394
3.6240	6241
3.6280	6595
3.6320	6157
3.6360	6604
3.6400	6278
3.6440	5914
3.6480	6388
3.6520	6044
3.6560	5980
3.6600	6071
3.6640	6145
3.6680	6523
3.6720	6422
3.6760	6442
3.6800	5889
3.6840	5555
3.6880	5898
3.6920	5712
3.6960	5774
3.7000	5600
3.7040	6646
3.7080	5643
3.7120	6579
3.7160	5724
3.7200	5945
3.7240	5769
3.7280	5852
3.7320	6073
3.7360	5794
3.7400	6435
3.7440	5640
3.7480	6371
3.7520	6099
3.7560	6489
3.7600	5723
3.7640	6165
3.7680	5635
3.7720	5723
3.7760	6274
3.7800	6332
3.7840	6346
3.7880	5665
3.7920	5861
3.7960	5689
3.8000	6047
3.8040	6212
3.8080	6251
3.8120	6406
3.8160	6415
3.8200	5881
3.8240	6302
3.8280	5534
3.8320	5990
3.8360	5736
3.8400	5826
3.8440	6530
3.8480	6245
3.8520	6645
3.8560	6132
3.8600	5861
3.8640	5613
3.8680	6230
3.8720	6324
3.8760	6000
3.8800	5743
3.8840	6254
3.8880	5618
3.8920	6766
3.8960	6085
3.9000	5720
3.9040	6096
3.9080	6139
3.9120	6668
3.9160	6593
3.9200	6666
3.9240	6130
3.9280	6312
3.9320	5897
3.9360	5792
3.9400	5983
3.9440	6065
3.9480	6001
3.9520	6347
3.9560	6097
3.9600	6337
3.9640	6150
3.9680	5638
3.9720	5747
3.9760	6138
3.9800	6651
3.9840	6257
3.9880	6710
3.9920	6232
3.9960	6575
4.0000	5760
4.0040	6060
4.0080	5925
4.0120	6625
4.0160	6532
4.0200	6488
4.0240	6481
4.0280	6240
4.0320	6501
4.0360	6441
4.0400	5790
4.0440	5907
4.0480	6567
4.0520	6493
4.0560	6218
4.0600	5949
4.0640	6489
4.0680	6152
4.0720	6341
4.0760	6590
4.0800	6535
4.0840	6294
4.0880	6217
4.0920	6449
4.0960	6349
4.1000	6259
4.1040	6246
4.1080	6152
4.1120	6466
4.1160	6439
4.1200	6519
4.1240	5867
4.1280	6109
4.1320	6326
4.1360	6333
4.1400	5532
4.1440	6042
4.1480	6041
4.1520	6154
4.1560	6198
4.1600	6641
4.1640	6025
4.1680	6423
4.1720	6184
4.1760	5989
4.1800	5550
4.1840	5914
4.1880	6468
4.1920	6740
4.1960	6490
4.2000	6154
4.2040	6588
4.2080	5638
4.2120	5894
4.2160	5934
4.2200	6433
4.2240	6366
4.2280	6724
4.2320	6378
4.2360	6811
4.2400	6201
4.2440	5973
4.2480	5768
4.2520	6410
4.2560	6609
4.2600	6523
4.2640	6293
4.2680	6797
4.2720	6370
4.2760	6328
4.2800	6134
4.2840	5814
4.2880	5811
4.2920	6627
4.2960	6340
4.3000	6434
4.3040	6242
4.3080	6272
4.3120	5895
4.3160	6145
4.3200	5555
4.3240	5886
4.3280	5998
4.3320	6894
4.3360	5980
4.3400	5689
4.3440	5923
4.3480	6681
4.3520	5726
4.3560	5989
4.3600	5525
4.3640	6641
4.3680	6419
4.3720	6475
4.3760	5877
4.3800	5527
4.3840	6405
4.3880	5572
4.3920	5803
4.3960	5602
4.4000	6410
4.4040	6513
4.4080	6472
4.4120	6451
4.4160	5819
4.4200	5660
4.4240	6488
4.4280	5863
4.4320	5795
4.4360	6075
4.4400	6422
4.4440	6273
4.4480	6676
4.4520	5978
4.4560	5783
4.4600	6469
4.4640	5629
4.4680	5879
4.4720	5642
4.4760	5740
4.4800	6046
4.4840	5774
4.4880	5633
4.4920	6071
4.4960	6192
4.5000	5774
4.5040	6058
4.5080	6025
4.5120	5902
4.5160	5468
4.5200	6386
4.5240	5996
4.5280	5997
4.5320	5885
4.5360	5884
4.5400	6263
4.5440	6575
4.5480	5839
4.5520	6319
4.5560	6394
4.5600	5585
4.5640	5784
4.5680	6531
4.5720	6313
4.5760	6383
4.5800	6583
4.5840	5612
4.5880	6581
4.5920	5940
4.5960	6273
4.6000	5838
4.6040	6130
4.6080	6261
4.6120	6648
4.6160	6114
4.6200	5812
4.6240	5758
4.6280	6594
4.6320	6226
4.6360	6147
4.6400	5985
4.6440	6009
4.6480	6046
4.6520	6458
4.6560	5544
4.6600	5524
4.6640	6248
4.6680	5959
4.6720	6373
4.6760	6358
4.6800	6029
4.6840	6001
4.6880	6178
4.6920	5938
4.6960	5706
4.7000	6400
4.7040	5614
4.7080	6331
4.7120	6061
4.7160	6372
4.7200	6394
4.7240	6521
4.7280	6319
4.7320	6231
4.7360	6602
4.7400	6494
4.7440	6396
4.7480	6211
4.7520	6632
4.7560	6314
4.7600	6529
4.7640	5844
4.7680	6443
4.7720	6542
4.7760	6769
4.7800	6531
4.7840	6347
4.7880	6431
4.7920	6752
4.7960	6007
4.8000	5729
4.8040	6230
4.8080	6536
4.8120	6640
4.8160	6535
4.8200	5773
4.8240	5894
4.8280	6443
4.8320	5839
4.8360	5620
4.8400	5790
4.8440	6303
4.8480	6038
4.8520	6093
4.8560	6400
4.8600	5875
4.8640	6555
4.8680	6065
4.8720	6311
4.8760	5847
4.8800	5858
4.8840	5833
4.8880	6682
4.8920	5901
4.8960	6563
4.9000	6540
4.9040	6288
4.9080	6345
4.9120	6341
4.9160	6329
4.9200	5569
4.9240	6082
4.9280	6300
4.9320	5939
4.9360	6453
4.9400	6620
4.9440	6113
4.9480	6426
4.9520	6217
4.9560	5778
4.9600	5884
4.9640	6001
4.9680	6420
4.9720	5930
4.9760	6545
4.9800	6700
4.9840	6571
4.9880	6204
4.9920	5928
4.9960	6216
5.0000	6283
5.0040	6136
5.0080	6492
5.0120	6192
5.0160	6152
5.0200	6385
5.0240	6311
5.0280	5735
5.0320	6121
5.0360	6515
5.0400	6304
5.0440	6018
5.0480	6167
5.0520	6109
5.0560	5607
5.0600	6536
5.0640	5691
5.0680	6066
5.0720	6344
5.0760	6500
5.0800	5727
5.0840	6023
5.0880	6109
5.0920	5934
5.0960	5986
5.1000	5915
5.1040	5829
5.1080	6508
5.1120	6486
5.1160	6225
5.1200	6217
5.1240	6561
5.1280	6234
5.1320	6437
5.1360	6674
5.1400	6649
5.1440	6746
5.1480	6388
5.1520	6018
5.1560	6089
5.1600	6572
5.1640	6523
5.1680	6404
5.1720	6547
5.1760	5808
5.1800	5804
5.1840	6334
5.1880	5752
5.1920	5628
5.1960	6106
5.2000	6279
5.2040	5635
5.2080	5787
5.2120	6199
5.2160	6051
5.2200	6395
5.2240	6066
5.2280	6046
5.2320	6361
5.2360	6244
5.2400	5980
5.2440	6062
5.2480	6054
5.2520	6310
5.2560	6480
5.2600	6647
5.2640	6323
5.2680	6467
5.2720	6207
5.2760	5963
5.2800	5462
5.2840	6409
5.2880	6117
5.2920	6487
5.2960	6662
5.3000	6291
5.3040	5884
5.3080	6669
5.3120	6135
5.3160	6135
5.3200	5889
5.3240	5886
5.3280	5826
5.3320	6592
5.3360	5936
5.3400	5659
5.3440	6238
5.3480	6340
5.3520	6114
5.3560	6062
5.3600	5945
5.3640	5726
5.3680	5751
5.3720	6368
5.3760	5623
5.3800	5699
5.3840	6288
5.3880	6094
5.3920	5476
5.3960	6018
5.4000	5557
5.4040	6145
5.4080	6431
5.4120	6169
5.4160	5655
5.4200	5976
5.4240	6323
5.4280	5961
5.4320	5926
5.4360	5799
5.4400	6152
5.4440	6523
5.4480	6377
5.4520	5977
5.4560	6002
5.4600	5922
5.4640	6518
5.4680	5765
5.4720	6535
5.4760	5834
5.4800	6424
5.4840	6510
5.4880	6411
5.4920	6675
5.4960	6627
5.5000	6538
5.5040	6223
5.5080	6032
5.5120	6008
5.5160	6130
5.5200	6525
5.5240	6249
5.5280	6073
5.5320	6480
5.5360	6465
5.5400	6372
5.5440	5599
5.5480	5582
5.5520	5707
5.5560	5755
5.5600	6471
5.5640	5656
5.5680	5791
5.5720	6301
5.5760	5985
5.5800	5486
5.5840	6019
5.5880	5822
5.5920	6461
5.5960	6286
5.6000	6474
5.6040	6043
5.6080	6620
5.6120	5694
5.6160	5776
5.6200	5920
5.6240	6379
5.6280	6388
5.6320	6068
5.6360	6722
5.6400	6244
5.6440	6624
5.6480	5981
5.6520	6154
5.6560	6150
5.6600	6511
5.6640	6433
5.6680	6603
5.6720	6484
5.6760	6560
5.6800	6350
5.6840	6282
5.6880	6547
5.6920	6527
5.6960	5903
5.7000	5703
5.7040	6335
5.7080	5848
5.7120	6193
5.7160	6205
5.7200	5592
5.7240	5962
5.7280	6374
5.7320	6383
5.7360	5540
5.7400	6468
5.7440	5507
5.7480	5991
5.7520	5981
5.7560	5947
5.7600	5783
5.7640	6534
5.7680	6390
5.7720	6325
5.7760	6060
5.7800	6019
5.7840	6122
5.7880	6432
5.7920	5922
5.7960	6236
5.8000	6579
5.8040	6507
5.8080	6467
5.8120	6457
5.8160	6574
5.8200	6292
5.8240	5995
5.8280	6227
5.8320	6480
5.8360	6507
5.8400	6657
5.8440	6383
5.8480	6746
5.8520	6341
5.8560	6467
5.8600	6041
5.8640	6075
5.8680	6088
5.8720	6271
5.8760	6428
5.8800	6333
5.8840	6279
5.8880	6093
5.8920	6287
5.8960	5604
5.9000	5614
5.9040	6281
5.9080	6207
5.9120	6572
5.9160	6503
5.9200	6082
5.9240	6126
5.9280	5842
5.9320	5680
5.9360	5970
5.9400	5602
5.9440	6014
5.9480	6412
5.9520	6281
5.9560	5533
5.9600	6014
5.9640	5992
5.9680	5703
5.9720	5596
5.9760	6139
5.9800	5767
5.9840	5584
5.9880	6749
5.9920	5724
5.9960	5718
6.0000	6409
6.0040	5918
6.0080	5763
6.0120	6178
6.0160	6593
6.0200	6283
6.0240	6269
6.0280	6099
6.0320	6081
6.0360	6646
6.0400	5879
6.0440	5751
6.0480	5841
6.0520	5815
6.0560	5818
6.0600	5813
6.0640	6486
6.0680	5568
6.0720	5755
6.0760	6416
6.0800	5404
6.0840	5618
6.0880	5559
6.0920	5852
6.0960	6134
6.1000	6143
6.1040	6250
6.1080	6707
6.1120	6293
6.1160	6755
6.1200	6234
6.1240	5851
6.1280	5958
6.1320	5992
6.1360	6466
6.1400	6203
6.1440	6485
6.1480	6264
6.1520	5694
6.1560	6088
6.1600	6000
6.1640	5911
6.1680	5966
6.1720	6466
6.1760	6751
6.1800	6358
6.1840	6638
6.1880	6319
6.1920	6282
6.1960	6675
6.2000	6013
6.2040	6154
6.2080	6678
6.2120	6095
6.2160	6208
6.2200	6585
6.2240	6630
6.2280	6674
6.2320	6597
6.2360	6481
6.2400	6477
6.2440	6605
6.2480	6177
6.2520	5832
6.2560	6179
6.2600	6125
6.2640	6050
6.2680	5552
6.2720	6422
6.2760	5840
6.2800	6482
6.2840	6064
6.2880	6348
6.2920	6456
6.2960	6323
6.3000	5716
6.3040	5838
6.3080	5563
6.3120	6487
6.3160	5850
6.3200	6656
6.3240	6393
6.3280	6123
6.3320	6315
6.3360	6001
6.3400	5798
6.3440	5945
6.3480	6151
6.3520	6154
6.3560	6505
6.3600	5647
6.3640	5820
6.3680	6408
6.3720	5945
6.3760	6250
6.3800	6051
6.3840	6586
6.3880	5998
6.3920	6301
6.3960	5870
6.4000	6055
6.4040	6477
6.4080	6332
6.4120	5693
6.4160	5846
6.4200	5852
6.4240	5753
6.4280	6217
6.4320	5918
6.4360	6415
6.4400	5505
6.4440	5814
6.4480	5510
6.4520	5853
6.4560	5647
6.4600	6015
6.4640	6267
6.4680	6016
6.4720	5662
6.4760	6063
6.4800	6142
6.4840	6310
6.4880	5639
6.4920	5996
6.4960	6122
6.5000	5875
6.5040	5823
6.5080	5891
6.5120	6707
6.5160	6224
6.5200	6482
6.5240	6259
6.5280	6247
6.5320	6032
6.5360	5838
6.5400	6530
6.5440	6196
6.5480	5951
6.5520	6842
6.5560	6383
6.5600	6711
6.5640	5729
6.5680	6827
6.5720	5826
6.5760	5933
6.5800	5743
6.5840	5984
6.5880	6486
6.5920	6350
6.5960	5722
6.6000	5583
6.6040	5893
6.6080	5684
6.6120	6191
6.6160	5717
6.6200	5957
6.6240	6579
6.6280	6243
6.6320	6020
6.6360	6143
6.6400	5969
6.6440	6200
6.6480	6091
6.6520	5837
6.6560	6558
6.6600	6320
6.6640	6552
6.6680	6329
6.6720	5873
6.6760	6388
6.6800	5834
6.6840	6005
6.6880	6019
6.6920	6776
6.6960	6149
6.7000	6245
6.7040	6154
6.7080	6023
6.7120	6553
6.7160	6316
6.7200	6625
6.7240	6112
6.7280	6018
6.7320	6691
6.7360	6044
6.7400	6747
6.7440	6770
6.7480	6616
6.7520	5856
6.7560	6589
6.7600	6555
6.7640	5733
6.7680	5733
6.7720	6524
6.7760	6470
6.7800	5534
6.7840	6472
6.7880	5668
6.7920	5764
6.7960	6330
6.8000	6121
6.8040	6199
6.8080	5722
6.8120	6727
6.8160	5785
6.8200	5812
6.8240	5571
6.8280	6279
6.8320	6338
6.8360	6522
6.8400	6297
6.8440	5816
6.8480	5752
6.8520	6280
6.8560	5744
6.8600	5725
6.8640	5865
6.8680	5693
6.8720	6629
6.8760	5987
6.8800	6509
6.8840	6585
6.8880	6516
6.8920	6654
6.8960	5899
6.9000	5733
6.9040	5961
6.9080	6673
6.9120	5852
6.9160	5744
6.9200	6606
6.9240	6597
6.9280	6452
6.9320	6507
6.9360	5594
6.9400	5798
6.9440	6103
6.9480	6412
6.9520	6252
6.9560	6022
6.9600	6214
6.9640	6242
6.9680	6056
6.9720	6302
6.9760	5877
6.9800	6150
6.9840	6644
6.9880	6149
6.9920	6318
6.9960	6457
7.0000	6578
7.0040	6123
7.0080	6765
7.0120	6094
7.0160	6486
7.0200	6149
7.0240	6112
7.0280	6211
7.0320	6577
7.0360	6621
7.0400	6161
7.0440	6382
7.0480	6411
7.0520	5907
7.0560	6141
7.0600	6106
7.0640	5643
7.0680	6262
7.0720	5761
7.0760	6047
7.0800	6673
7.0840	5898
7.0880	6109
7.0920	6058
7.0960	6486
7.1000	6202
7.1040	5995
7.1080	5846
7.1120	5839
7.1160	6398
7.1200	5959
7.1240	5964
7.1280	5715
7.1320	6510
7.1360	5769
7.1400	5526
7.1440	5752
7.1480	6041
7.1520	5812
7.1560	5862
7.1600	6247
7.1640	5908
7.1680	6224
7.1720	6444
7.1760	5639
7.1800	5784
7.1840	6412
7.1880	6560
7.1920	6254
7.1960	6258
7.2000	6034
7.2040	6053
7.2080	6313
7.2120	6379
7.2160	5920
7.2200	5888
7.2240	6139
7.2280	5766
7.2320	5887
7.2360	6010
7.2400	6343
7.2440	6455
7.2480	5977
7.2520	6490
7.2560	6120
7.2600	6223
7.2640	6002
7.2680	6671
7.2720	6053
7.2760	5829
7.2800	5888
7.2840	6161
7.2880	6560
7.2920	5796
7.2960	5960
7.3000	6363
7.3040	6139
7.3080	6433
7.3120	6406
7.3160	5863
7.3200	5585
7.3240	6096
7.3280	5832
7.3320	5654
7.3360	6468
7.3400	6147
7.3440	6587
7.3480	5704
7.3520	6658
7.3560	5504
7.3600	5873
7.3640	6020
7.3680	5935
7.3720	6471
7.3760	6602
7.3800	6187
7.3840	6191
7.3880	6527
7.3920	6230
7.3960	6552
7.4000	6200
7.4040	6192
7.4080	6447
7.4120	6673
7.4160	6314
7.4200	6632
7.4240	5893
7.4280	6688
7.4320	6016
7.4360	5859
7.4400	6669
7.4440	6578
7.4480	6496
7.4520	6690
7.4560	6416
7.4600	5908
7.4640	6290
7.4680	5819
7.4720	6273
7.4760	5732
7.4800	6434
7.4840	6430
7.4880	6237
7.4920	6240
7.4960	5712
7.5000	6233
7.5040	5636
7.5080	5744
7.5120	5615
7.5160	6414
7.5200	6370
7.5240	6579
7.5280	6419
7.5320	6244
7.5360	5679
7.5400	6641
7.5440	5664
7.5480	5772
7.5520	5758
7.5560	5695
7.5600	6220
7.5640	6164
7.5680	5889
7.5720	6405
7.5760	6552
7.5800	6105
7.5840	5802
7.5880	5971
7.5920	5969
7.5960	6536
7.6000	6044
7.6040	6224
7.6080	6096
7.6120	6450
7.6160	6111
7.6200	6023
7.6240	6362
7.6280	5929
7.6320	6396
7.6360	5894
7.6400	6128
7.6440	5811
7.6480	6486
7.6520	6308
7.6560	5631
7.6600	5795
7.6640	5606
7.6680	6490
7.6720	6268
7.6760	5852
7.6800	5606
7.6840	5754
7.6880	6221
7.6920	5666
7.6960	6651
7.7000	6111
7.7040	6604
7.7080	5934
7.7120	6210
7.7160	5639
7.7200	5762
7.7240	6253
7.7280	5987
7.7320	5921
7.7360	5897
7.7400	6416
7.7440	5795
7.7480	5917
7.7520	6054
7.7560	6227
7.7600	6111
7.7640	6635
7.7680	5699
7.7720	6150
7.7760	6066
7.7800	6587
7.7840	6213
7.7880	6065
7.7920	6318
7.7960	6620
7.8000	6193
7.8040	5972
7.8080	5990
7.8120	6690
7.8160	6016
7.8200	6583
7.8240	6505
7.8280	5620
7.8320	5910
7.8360	5866
7.8400	6457
7.8440	5641
7.8480	6392
7.8520	5686
7.8560	5649
7.8600	6418
7.8640	6279
7.8680	5917
7.8720	5995
7.8760	6447
7.8800	5682
7.8840	6568
7.8880	5931
7.8920	6721
7.8960	6267
7.9000	6194
7.9040	5766
7.9080	6538
7.9120	6290
7.9160	6068
7.9200	6460
7.9240	6019
7.9280	6377
7.9320	6144
7.9360	5831
7.9400	5776
7.9440	6242
7.9480	5683
7.9520	6253
7.9560	6503
7.9600	6618
7.9640	6410
7.9680	6168
7.9720	6328
7.9760	6282
7.9800	6058
7.9840	6563
7.9880	5959
7.9920	6325
7.9960	6045
8.0000	6522
8.0040	6370
8.0080	5797
8.0120	6290
8.0160	5632
8.0200	5779
8.0240	5683
8.0280	6467
8.0320	6497
8.0360	6302
8.0400	6440
8.0440	5964
8.0480	5997
8.0520	6394
8.0560	6214
8.0600	6184
8.0640	6622
8.0680	6225
8.0720	6649
8.0760	5906
8.0800	6092
8.0840	6443
8.0880	5930
8.0920	5992
8.0960	6416
8.1000	6473
8.1040	6033
8.1080	6566
8.1120	6218
8.1160	6572
8.1200	6465
8.1240	6248
8.1280	6172
8.1320	6656
8.1360	6514
8.1400	5907
8.1440	6020
8.1480	6361
8.1520	6669
8.1560	6254
8.1600	6404
8.1640	6664
8.1680	6403
8.1720	6445
8.1760	6191
8.1800	6193
8.1840	6331
8.1880	6377
8.1920	6333
8.1960	6426
8.2000	6427
8.2040	6084
8.2080	5870
8.2120	6011
8.2160	6036
8.2200	6196
8.2240	6140
8.2280	6459
8.2320	6438
8.2360	5954
8.2400	6037
8.2440	6001
8.2480	5913
8.2520	5947
8.2560	5930
8.2600	6338
8.2640	6594
8.2680	6506
8.2720	5866
8.2760	5936
8.2800	6642
8.2840	5642
8.2880	5829
8.2920	5664
8.2960	6550
8.3000	6407
8.3040	6786
8.3080	6371
8.3120	6087
8.3160	6314
8.3200	6598
8.3240	6032
8.3280	6152
8.3320	6647
8.3360	5938
8.3400	6502
8.3440	6038
8.3480	5992
8.3520	6215
8.3560	6321
8.3600	6215
8.3640	5708
8.3680	6552
8.3720	5926
8.3760	6372
8.3800	5652
8.3840	5672
8.3880	6171
8.3920	6161
8.3960	6249
8.4000	6406
8.4040	5844
8.4080	6011
8.4120	6017
8.4160	6664
8.4200	6242
8.4240	6495
8.4280	6370
8.4320	6541
8.4360	6331
8.4400	5773
8.4440	6399
8.4480	5965
8.4520	6022
8.4560	6325
8.4600	6422
8.4640	5612
8.4680	6287
8.4720	6044
8.4760	5783
8.4800	5690
8.4840	6358
8.4880	6786
8.4920	6791
8.4960	6626
8.5000	6302
8.5040	5978
8.5080	6566
8.5120	6723
8.5160	5959
8.5200	6477
8.5240	6640
8.5280	5950
8.5320	6138
8.5360	6319
8.5400	5919
8.5440	6576
8.5480	5635
8.5520	5542
8.5560	6250
8.5600	6263
8.5640	5910
8.5680	5738
8.5720	6427
8.5760	5616
8.5800	6527
8.5840	6017
8.5880	6689
8.5920	6379
8.5960	5887
8.6000	5596
8.6040	6647
8.6080	6498
8.6120	6784
8.6160	6518
8.6200	6601
8.6240	6613
8.6280	6460
8.6320	5693
8.6360	6217
8.6400	6256
8.6440	5568
8.6480	6251
8.6520	6556
8.6560	6775
8.6600	6382
8.6640	6600
8.6680	6033
8.6720	5904
8.6760	6023
8.6800	6411
8.6840	6205
8.6880	6412
8.6920	6694
8.6960	6675
8.7000	6371
8.7040	5822
8.7080	5691
8.7120	6040
8.7160	6632
8.7200	6368
8.7240	6109
8.7280	5754
8.7320	6493
8.7360	5825
8.7400	5490
8.7440	5898
8.7480	5724
8.7520	6663
8.7560	6229
8.7600	6003
8.7640	5863
8.7680	5923
8.7720	6202
8.7760	6389
8.7800	6235
8.7840	5790
8.7880	6515
8.7920	5837
8.7960	5894
8.8000	5843
8.8040	5755
8.8080	6294
8.8120	5870
8.8160	6146
8.8200	6030
8.8240	6069
8.8280	6274
8.8320	5944
8.8360	5885
8.8400	5819
8.8440	6235
8.8480	5992
8.8520	6195
8.8560	6175
8.8600	5903
8.8640	6506
8.8680	6053
8.8720	6658
8.8760	5930
8.8800	6278
8.8840	6453
8.8880	5952
8.8920	5722
8.8960	5862
8.9000	5586
8.9040	6500
8.9080	5790
8.9120	6402
8.9160	5887
8.9200	6222
8.9240	5741
8.9280	5489
8.9320	6173
8.9360	5751
8.9400	6481
8.9440	5653
8.9480	6120
8.9520	5697
8.9560	5947
8.9600	5841
8.9640	6117
8.9680	5799
8.9720	5992
8.9760	5940
8.9800	5831
8.9840	5862
8.9880	5718
8.9920	6250
8.9960	6060
9.0000	6114
9.0040	5799
9.0080	6062
9.0120	6463
9.0160	6712
9.0200	6591
9.0240	6655
9.0280	6039
9.0320	5947
9.0360	6050
9.0400	5939
9.0440	6485
9.0480	5763
9.0520	6416
9.0560	6481
9.0600	6256
9.0640	5927
9.0680	5782
9.0720	6081
9.0760	6155
9.0800	5733
9.0840	5534
9.0880	6324
9.0920	6400
9.0960	6507
9.1000	5874
9.1040	5799
9.1080	6077
9.1120	6344
9.1160	5638
9.1200	6598
9.1240	6225
9.1280	5950
9.1320	5937
9.1360	6457
9.1400	6231
9.1440	6716
9.1480	6392
9.1520	6370
9.1560	6531
9.1600	6507
9.1640	5858
9.1680	6211
9.1720	6641
9.1760	5862
9.1800	6203
9.1840	6269
9.1880	6556
9.1920	6588
9.1960	6729
9.2000	5697
9.2040	5997
9.2080	6429
9.2120	6145
9.2160	6103
9.2200	6628
9.2240	6413
9.2280	6262
9.2320	5930
9.2360	5624
9.2400	6230
9.2440	6172
9.2480	6120
9.2520	6541
9.2560	6425
9.2600	6395
9.2640	6432
9.2680	5924
9.2720	5598
9.2760	5821
9.2800	6369
9.2840	6274
9.2880	6337
9.2920	6742
9.2960	5545
9.3000	5951
9.3040	5791
9.3080	6163
9.3120	5684
9.3160	6697
9.3200	5922
9.3240	6220
9.3280	6551
9.3320	6774
9.3360	6183
9.3400	6495
9.3440	5953
9.3480	5675
9.3520	6713
9.3560	6030
9.3600	6406
9.3640	6106
9.3680	6612
9.3720	6453
9.3760	6670
9.3800	6167
9.3840	6046
9.3880	6389
9.3920	6651
9.3960	6686
9.4000	6326
9.4040	5963
9.4080	6293
9.4120	6481
9.4160	6224
9.4200	6183
9.4240	6408
9.4280	6107
9.4320	6318
9.4360	6094
9.4400	5501
9.4440	5726
9.4480	6445
9.4520	5544
9.4560	5780
9.4600	5806
9.4640	6746
9.4680	6381
9.4720	6152
9.4760	5690
9.4800	6028
9.4840	6363
9.4880	6508
9.4920	5613
9.4960	5870
9.5000	6373
9.5040	6231
9.5080	5885
9.5120	5678
9.5160	6367
9.5200	6523
9.5240	6450
9.5280	6027
9.5320	6163
9.5360	6015
9.5400	6330
9.5440	5678
9.5480	5948
9.5520	6584
9.5560	6145
9.5600	6225
9.5640	6527
9.5680	6794
9.5720	6114
9.5760	6116
9.5800	6125
9.5840	5930
9.5880	5857
9.5920	6219
9.5960	6318
9.6000	6358
9.6040	6074
9.6080	6203
9.6120	6457
9.6160	5826
9.6200	5676
9.6240	5880
9.6280	6394
9.6320	5983
9.6360	6354
9.6400	5722
9.6440	6239
9.6480	6040
9.6520	5977
9.6560	5699
9.6600	6315
9.6640	6303
9.6680	6165
9.6720	5664
9.6760	5700
9.6800	6585
9.6840	5680
9.6880	6713
9.6920	5864
9.6960	5775
9.7000	5604
9.7040	6657
9.7080	6475
9.7120	6058
9.7160	6175
9.7200	5911
9.7240	6396
9.7280	6109
9.7320	6490
9.7360	5855
9.7400	5593
9.7440	6075
9.7480	6104
9.7520	6036
9.7560	6078
9.7600	6513
9.7640	5845
9.7680	6429
9.7720	6256
9.7760	5882
9.7800	5935
9.7840	6320
9.7880	5699
9.7920	6159
9.7960	5962
9.8000	5526
9.8040	5932
9.8080	6100
9.8120	6301
9.8160	5959
9.8200	6406
9.8240	6032
9.8280	5720
9.8320	6315
9.8360	5651
9.8400	6418
9.8440	6271
9.8480	6604
9.8520	5728
9.8560	5910
9.8600	5779
9.8640	6525
9.8680	5797
9.8720	5892
9.8760	6636
9.8800	6174
9.8840	6514
9.8880	6177
9.8920	6240
9.8960	6574
9.9000	6472
9.9040	6426
9.9080	6427
9.9120	6611
9.9160	6653
9.9200	6137
9.9240	6540
9.9280	6413
9.9320	6629
9.9360	6525
9.9400	6656
9.9440	6607
9.9480	6209
9.9520	5956
9.9560	5866
9.9600	6479
9.9640	5906
9.9680	6152
9.9720	6197
9.9760	6080
9.9800	6437
9.9840	6183
9.9880	6611
9.9920	5917
9.9960	5963
10.0000	6303
10.0040	6502
10.0080	5906
10.0120	5981
10.0160	6311
10.0200	6503
10.0240	6251
10.0280	6440
10.0320	6737
10.0360	6189
10.0400	6507
10.0440	6462
10.0480	6026
10.0520	6467
10.0560	6425
10.0600	6219
10.0640	6862
10.0680	6434
10.0720	6578
10.0760	5871
10.0800	6599
10.0840	6160
10.0880	6690
10.0920	6301
10.0960	6217
10.1000	6679
10.1040	6507
10.1080	5948
10.1120	6547
10.1160	5809
10.1200	6161
10.1240	6471
10.1280	6163
10.1320	5773
10.1360	6457
10.1400	6140
10.1440	6292
10.1480	6303
10.1520	6289
10.1560	6484
10.1600	6377
10.1640	6345
10.1680	6671
10.1720	6100
10.1760	6634
10.1800	6499
10.1840	6374
10.1880	6133
10.1920	6303
10.1960	6037
10.2000	6526
10.2040	6493
10.2080	6561
10.2120	5863
10.2160	5878
10.2200	5915
10.2240	6403
10.2280	5934
10.2320	5524
10.2360	6609
10.2400	5831
10.2440	6410
10.2480	6388
10.2520	6006
10.2560	5863
10.2600	6730
10.2640	5919
10.2680	6517
10.2720	6736
10.2760	6749
10.2800	6703
10.2840	6416
10.2880	6073
10.2920	6023
10.2960	6409
10.3000	6459
10.3040	6524
10.3080	6063
10.3120	6375
10.3160	5941
10.3200	6115
10.3240	6081
10.3280	5746
10.3320	6338
10.3360	5746
10.3400	5837
10.3440	6259
10.3480	5808
10.3520	5879
10.3560	6435
10.3600	6269
10.3640	6501
10.3680	6230
10.3720	6555
10.3760	6038
10.3800	6031
10.3840	5927
10.3880	5944
10.3920	6152
10.3960	5719
10.4000	5718
10.4040	5865
10.4080	6597
10.4120	6136
10.4160	6429
10.4200	6337
10.4240	6664
10.4280	6063
10.4320	5869
10.4360	5956
10.4400	6688
10.4440	6123
10.4480	5833
10.4520	6382
10.4560	6340
10.4600	6425
10.4640	6515
10.4680	6512
10.4720	6633
10.4760	6013
10.4800	5826
10.4840	5925
10.4880	6042
10.4920	5732
10.4960	5669
10.5000	5967
10.5040	5931
10.5080	6330
10.5120	6563
10.5160	5681
10.5200	5780
10.5240	5694
10.5280	6663
10.5320	5745
10.5360	6460
10.5400	5579
10.5440	6145
10.5480	5724
10.5520	5915
10.5560	5501
10.5600	6340
10.5640	5706
10.5680	6026
10.5720	6286
10.5760	5732
10.5800	6060
10.5840	5706
10.5880	6332
10.5920	6234
10.5960	6700
10.6000	6165
10.6040	6674
10.6080	6244
10.6120	6038
10.6160	6077
10.6200	5750
10.6240	5844
10.6280	5704
10.6320	6808
10.6360	5863
10.6400	6194
10.6440	6031
10.6480	6113
10.6520	6159
10.6560	5649
10.6600	5599
10.6640	5573
10.6680	6121
10.6720	5722
10.6760	5644
10.6800	6254
10.6840	5761
10.6880	5686
10.6920	5759
10.6960	5677
10.7000	5818
10.7040	6227
10.7080	5752
10.7120	5842
10.7160	6779
10.7200	5509
10.7240	5982
10.7280	6076
10.7320	6538
10.7360	5607
10.7400	6050
10.7440	5704
10.7480	6359
10.7520	6461
10.7560	5855
10.7600	5903
10.7640	5786
10.7680	6237
10.7720	6022
10.7760	6026
10.7800	5831
10.7840	6911
10.7880	5797
10.7920	5917
10.7960	5838
10.8000	5971
10.8040	5749
10.8080	6595
10.8120	6370
10.8160	6431
10.8200	6785
10.8240	6359
10.8280	5984
10.8320	5851
10.8360	5574
10.8400	5905
10.8440	6291
10.8480	6293
10.8520	6406
10.8560	6139
10.8600	6150
10.8640	6319
10.8680	5602
10.8720	5879
10.8760	6210
10.8800	6423
10.8840	6367
10.8880	6845
10.8920	6319
10.8960	6397
10.9000	6180
10.9040	6090
10.9080	5811
10.9120	5714
10.9160	6516
10.9200	6305
10.9240	6563
10.9280	6352
10.9320	6474
10.9360	5546
10.9400	5687
10.9440	5592
10.9480	5938
10.9520	6167
10.9560	6647
10.9600	6482
10.9640	6261
10.9680	5882
10.9720	5991
10.9760	5919
10.9800	5743
10.9840	6656
10.9880	6826
10.9920	6670
10.9960	6110
11.0000	6207
11.0040	6204
11.0080	6158
11.0120	5851
11.0160	5721
11.0200	5693
11.0240	6291
11.0280	5755
11.0320	5670
11.0360	5761
11.0400	5852
11.0440	6334
11.0480	5570
11.0520	5864
11.0560	5652
11.0600	5860
11.0640	5964
11.0680	6366
11.0720	6070
11.0760	6774
11.0800	6077
11.0840	6382
11.0880	5922
11.0920	6500
11.0960	6081
11.1000	6265
11.1040	6705
11.1080	5708
11.1120	6461
11.1160	6100
11.1200	6081
11.1240	6163
11.1280	6662
11.1320	5824
11.1360	6753
11.1400	6578
11.1440	6792
11.1480	6193
11.1520	6449
11.1560	6399
11.1600	6472
11.1640	6083
11.1680	6835
11.1720	6608
11.1760	5843
11.1800	6533
11.1840	5675
11.1880	6255
11.1920	5913
11.1960	6314
11.2000	5870
11.2040	5962
11.2080	6045
11.2120	5734
11.2160	5796
11.2200	6248
11.2240	5794
11.2280	6085
11.2320	5880
11.2360	5995
11.2400	6062
11.2440	5873
11.2480	6364
11.2520	5874
11.2560	6557
11.2600	5535
11.2640	6333
11.2680	5628
11.2720	6236
11.2760	5876
11.2800	5767
11.2840	6627
11.2880	6593
11.2920	6220
11.2960	5765
11.3000	5763
11.3040	5867
11.3080	6676
11.3120	6066
11.3160	5979
11.3200	5983
11.3240	6472
11.3280	6029
11.3320	5842
11.3360	5832
11.3400	6710
11.3440	5916
11.3480	6022
11.3520	5969
11.3560	6440
11.3600	6437
11.3640	6012
11.3680	5699
11.3720	6019
11.3760	6262
11.3800	5618
11.3840	6160
11.3880	5683
11.3920	5847
11.3960	6084
11.4000	5901
11.4040	5756
11.4080	6182
11.4120	6214
11.4160	5749
11.4200	6520
11.4240	5443
11.4280	5826
11.4320	5672
11.4360	5840
11.4400	6062
11.4440	5759
11.4480	5961
11.4520	5969
11.4560	6401
11.4600	5732
11.4640	6078
11.4680	5683
11.4720	5783
11.4760	5743
11.4800	6328
11.4840	6142
11.4880	6029
11.4920	6238
11.4960	6654
11.5000	5638
11.5040	6592
11.5080	6160
11.5120	5829
11.5160	6140
11.5200	6446
11.5240	6084
11.5280	6577
11.5320	6351
11.5360	5905
11.5400	5999
11.5440	6285
11.5480	5717
11.5520	6353
11.5560	6588
11.5600	6262
11.5640	6191
11.5680	6439
11.5720	6338
11.5760	6182
11.5800	5848
11.5840	6331
11.5880	5784
11.5920	6617
11.5960	6394
11.6000	6479
11.6040	6307
11.6080	6482
11.6120	6340
11.6160	5741
11.6200	5840
11.6240	6041
11.6280	6157
11.6320	6239
11.6360	6224
11.6400	6218
11.6440	6278
11.6480	5958
11.6520	6169
11.6560	5779
11.6600	6124
11.6640	6375
11.6680	6038
11.6720	5710
11.6760	6497
11.6800	6589
11.6840	5727
11.6880	5930
11.6920	6385
11.6960	6787
11.7000	6531
11.7040	6030
11.7080	6143
11.7120	6171
11.7160	6448
11.7200	6176
11.7240	5619
11.7280	5576
11.7320	6334
11.7360	6458
11.7400	5755
11.7440	5701
11.7480	5869
11.7520	5677
11.7560	5602
11.7600	5782
11.7640	6450
11.7680	6358
11.7720	6554
11.7760	5814
11.7800	6274
11.7840	5800
11.7880	6499
11.7920	5783
11.7960	5629
11.8000	6314
11.8040	6731
11.8080	5886
11.8120	6164
11.8160	6076
11.8200	6473
11.8240	6509
11.8280	5932
11.8320	5815
11.8360	5983
11.8400	6090
11.8440	6742
11.8480	6798
11.8520	6548
11.8560	6680
11.8600	6482
11.8640	5697
11.8680	5865
11.8720	6694
11.8760	6487
11.8800	6850
11.8840	6409
11.8880	6756
11.8920	5831
11.8960	5948
11.9000	6006
11.9040	6341
11.9080	5657
11.9120	6174
11.9160	5639
11.9200	6584
11.9240	6330
11.9280	5967
11.9320	5648
11.9360	5710
11.9400	5855
11.9440	6122
11.9480	5844
11.9520	6020
11.9560	6526
11.9600	6780
11.9640	5760
11.9680	6109
11.9720	5920
11.9760	6362
11.9800	6517
11.9840	5829
11.9880	6149
11.9920	6308
11.9960	6619
12.0000	6016
12.0040	6153
12.0080	5944
12.0120	6439
12.0160	5913
12.0200	5948
12.0240	6356
12.0280	6547
12.0320	6820
12.0360	6741
12.0400	6376
12.0440	5831
12.0480	6482
12.0520	5837
12.0560	6200
12.0600	6048
12.0640	5857
12.0680	6243
12.0720	5860
12.0760	5813
12.0800	5736
12.0840	5774
12.0880	6283
12.0920	5611
12.0960	6445
12.1000	5603
12.1040	6017
12.1080	6534
12.1120	6300
12.1160	6039
12.1200	6290
12.1240	5879
12.1280	5909
12.1320	6236
12.1360	5961
12.1400	5773
12.1440	6295
12.1480	6251
12.1520	6382
12.1560	5899
12.1600	6286
12.1640	5763
12.1680	5809
12.1720	6394
12.1760	6054
12.1800	6409
12.1840	6624
12.1880	6205
12.1920	6097
12.1960	6276
12.2000	6069
12.2040	5755
12.2080	6662
12.2120	5923
12.2160	6689
12.2200	6651
12.2240	6272
12.2280	6311
12.2320	6748
12.2360	6562
12.2400	6141
12.2440	6465
12.2480	6380
12.2520	6102
12.2560	6548
12.2600	6405
12.2640	5848
12.2680	6462
12.2720	6322
12.2760	6242
12.2800	6350
12.2840	5805
12.2880	5921
12.2920	6243
12.2960	6296
12.3000	5571
12.3040	6397
12.3080	6449
12.3120	6350
12.3160	6059
12.3200	6165
12.3240	5574
12.3280	5984
12.3320	5703
12.3360	5952
12.3400	5740
12.3440	6149
12.3480	6393
12.3520	5790
12.3560	6671
12.3600	5846
12.3640	6703
12.3680	5698
12.3720	6358
12.3760	5699
12.3800	5958
12.3840	6406
12.3880	5920
12.3920	6322
12.3960	6437
12.4000	6847
12.4040	6467
12.4080	6210
12.4120	6739
12.4160	6005
12.4200	6468
12.4240	6422
12.4280	6318
12.4320	5851
12.4360	5660
12.4400	6083
12.4440	5620
12.4480	5627
12.4520	6055
12.4560	6523
12.4600	6193
12.4640	5916
12.4680	5964
12.4720	5861
12.4760	6085
12.4800	5737
12.4840	6804
12.4880	5804
12.4920	6404
12.4960	5626
12.5000	5957
12.5040	5802
12.5080	6307
12.5120	6643
12.5160	5700
12.5200	6610
12.5240	5811
12.5280	6696
12.5320	6133
12.5360	6631
12.5400	5520
12.5440	5989
12.5480	6113
12.5520	6222
12.5560	5726
12.5600	5931
12.5640	6091
12.5680	5898
12.5720	6037
12.5760	5979
12.5800	6526
12.5840	5966
12.5880	5940
12.5920	5873
12.5960	6133
12.6000	5864
12.6040	6157
12.6080	6330
12.6120	5915
12.6160	6367
12.6200	6429
12.6240	5740
12.6280	5881
12.6320	5937
12.6360	6411
12.6400	5828
12.6440	6088
12.6480	5677
12.6520	6320
12.6560	6542
12.6600	5862
12.6640	5934
12.6680	5624
12.6720	6649
12.6760	6427
12.6800	5888
12.6840	6119
12.6880	5682
12.6920	5680
12.6960	5643
12.7000	6212
12.7040	6329
12.7080	6339
12.7120	5950
12.7160	5940
12.7200	5745
12.7240	6033
12.7280	5985
12.7320	6043
12.7360	6295
12.7400	6751
12.7440	6377
12.7480	5896
12.7520	5793
12.7560	5969
12.7600	5932
12.7640	6170
12.7680	5849
12.7720	6158
12.7760	6507
12.7800	6396
12.7840	5814
12.7880	6016
12.7920	5762
12.7960	5885
12.8000	5859
12.8040	5678
12.8080	5617
12.8120	5748
12.8160	5904
12.8200	6197
12.8240	6096
12.8280	6210
12.8320	5701
12.8360	5845
12.8400	5591
12.8440	5958
12.8480	5895
12.8520	6571
12.8560	5995
12.8600	6300
12.8640	6558
12.8680	5813
12.8720	6334
12.8760	6372
12.8800	5909
12.8840	5763
12.8880	6371
12.8920	5952
12.8960	6212
12.9000	5873
12.9040	6155
12.9080	5811
12.9120	6434
12.9160	5848
12.9200	6713
12.9240	6105
12.9280	5884
12.9320	5818
12.9360	5855
12.9400	5780
12.9440	6399
12.9480	6423
12.9520	5846
12.9560	5667
12.9600	5702
12.9640	5715
12.9680	6096
12.9720	6339
12.9760	5530
12.9800	5667
12.9840	5731
12.9880	5803
12.9920	5667
12.9960	5797
13.0000	5785
13.0040	6298
13.0080	6456
13.0120	5806
13.0160	6700
13.0200	5736
13.0240	6655
13.0280	6220
13.0320	5772
13.0360	5624
13.0400	6535
13.0440	6540
13.0480	5636
13.0520	6659
13.0560	5913
13.0600	6125
13.0640	6024
13.0680	6303
13.0720	6008
13.0760	6233
13.0800	5741
13.0840	6086
13.0880	6331
13.0920	6229
13.0960	5857
13.1000	5887
13.1040	5791
13.1080	6588
13.1120	6689
13.1160	5959
13.1200	6277
13.1240	5972
13.1280	5883
13.1320	5701
13.1360	6226
13.1400	5758
13.1440	6422
13.1480	5998
13.1520	6036
13.1560	6234
13.1600	5991
13.1640	6245
13.1680	6293
13.1720	6086
13.1760	6286
13.1800	5823
13.1840	6348
13.1880	6591
13.1920	5675
13.1960	5902
13.2000	5575
13.2040	6003
13.2080	5980
13.2120	6116
13.2160	5633
13.2200	6232
13.2240	6444
13.2280	5897
13.2320	5873
13.2360	5805
13.2400	6104
13.2440	6301
13.2480	6031
13.2520	6132
13.2560	6031
13.2600	5771
13.2640	5779
13.2680	5798
13.2720	6128
13.2760	6096
13.2800	5949
13.2840	6287
13.2880	6078
13.2920	5847
13.2960	6336
13.3000	6158
13.3040	6165
13.3080	6737
13.3120	6196
13.3160	5725
13.3200	6019
13.3240	5827
13.3280	5699
13.3320	6127
13.3360	6163
13.3400	5641
13.3440	5739
13.3480	5550
13.3520	5785
13.3560	5788
13.3600	5923
13.3640	5627
13.3680	5696
13.3720	5808
13.3760	6574
13.3800	5657
13.3840	5748
13.3880	5806
13.3920	5838
13.3960	5767
13.4000	5767
13.4040	5929
13.4080	5533
13.4120	6116
13.4160	6292
13.4200	5938
13.4240	5635
13.4280	6030
13.4320	5734
13.4360	5856
13.4400	6432
13.4440	6438
13.4480	6437
13.4520	6251
13.4560	6547
13.4600	5916
13.4640	6191
13.4680	6611
13.4720	6103
13.4760	6094
13.4800	5818
13.4840	5800
13.4880	6442
13.4920	6453
13.4960	5856
13.5000	5694
13.5040	5847
13.5080	6239
13.5120	5891
13.5160	5892
13.5200	6065
13.5240	5771
13.5280	5726
13.5320	6205
13.5360	5955
13.5400	5918
13.5440	6066
13.5480	6611
13.5520	5619
13.5560	6168
13.5600	5997
13.5640	6075
13.5680	6054
13.5720	6462
13.5760	5889
13.5800	6436
13.5840	6429
13.5880	5904
13.5920	6061
13.5960	6009
13.6000	6729
13.6040	6440
13.6080	6101
13.6120	6003
13.6160	6840
13.6200	6627
13.6240	6207
13.6280	6390
13.6320	6464
13.6360	6587
13.6400	6807
13.6440	6349
13.6480	6690
13.6520	6371
13.6560	5948
13.6600	5727
13.6640	5676
13.6680	5833
13.6720	6119
13.6760	6430
13.6800	6464
13.6840	6013
13.6880	6267
13.6920	6294
13.6960	5634
13.7000	5603
13.7040	5870
13.7080	5452
13.7120	6642
13.7160	6393
13.7200	6041
13.7240	6435
13.7280	6724
13.7320	5704
13.7360	5644
13.7400	5663
13.7440	6531
13.7480	6515
13.7520	6531
13.7560	5907
13.7600	6599
13.7640	6225
13.7680	5810
13.7720	5967
13.7760	5604
13.7800	6604
13.7840	6611
13.7880	5925
13.7920	6466
13.7960	6429
13.8000	5663
13.8040	5854
13.8080	6026
13.8120	5904
13.8160	6582
13.8200	5930
13.8240	6075
13.8280	6669
13.8320	6398
13.8360	6371
13.8400	5925
13.8440	6141
13.8480	5874
13.8520	6317
13.8560	6321
13.8600	5966
13.8640	6320
13.8680	6638
13.8720	6150
13.8760	5844
13.8800	5785
13.8840	6337
13.8880	6542
13.8920	6730
13.8960	6016
13.9000	6272
13.9040	6346
13.9080	6295
13.9120	5676
13.9160	6121
13.9200	5800
13.9240	6522
13.9280	6115
13.9320	6577
13.9360	5917
13.9400	6528
13.9440	6634
13.9480	5936
13.9520	6365
13.9560	5608
13.9600	6806
13.9640	5983
13.9680	6691
13.9720	5839
13.9760	6762
13.9800	6564
13.9840	6386
13.9880	6175
13.9920	6051
13.9960	6048
14.0000	6646
14.0040	6501
14.0080	6026
14.0120	6018
14.0160	6376
14.0200	6235
14.0240	6439
14.0280	5792
14.0320	6546
14.0360	6441
14.0400	5939
14.0440	5662
14.0480	6155
14.0520	5844
14.0560	6277
14.0600	6467
14.0640	6236
14.0680	5718
14.0720	6236
14.0760	5643
14.0800	5975
14.0840	6455
14.0880	6431
14.0920	5897
14.0960	6640
14.1000	6074
14.1040	5724
14.1080	5999
14.1120	5724
14.1160	5811
14.1200	6136
14.1240	6425
14.1280	5572
14.1320	6594
14.1360	5985
14.1400	5881
14.1440	5656
14.1480	5849
14.1520	5811
14.1560	6109
14.1600	5887
14.1640	5927
14.1680	5978
14.1720	6148
14.1760	6333
14.1800	5975
14.1840	6026
14.1880	5742
14.1920	5995
14.1960	5699
14.2000	6361
14.2040	6015
14.2080	6044
14.2120	6240
14.2160	5604
14.2200	5672
14.2240	6178
14.2280	6175
14.2320	5978
14.2360	6632
14.2400	6054
14.2440	5874
14.2480	5859
14.2520	6037
14.2560	5456
14.2600	6241
14.2640	6048
14.2680	6024
14.2720	6236
14.2760	6009
14.2800	5666
14.2840	5914
14.2880	5831
14.2920	6328
14.2960	6676
14.3000	5865
14.3040	6686
14.3080	6532
14.3120	6173
14.3160	5728
14.3200	6162
14.3240	6200
14.3280	6016
14.3320	6654
14.3360	6623
14.3400	6169
14.3440	6503
14.3480	5977
14.3520	5994
14.3560	6512
14.3600	6345
14.3640	6210
14.3680	6642
14.3720	6320
14.3760	5740
14.3800	6301
14.3840	6208
14.3880	5848
14.3920	5739
14.3960	5661
14.4000	5810
14.4040	5939
14.4080	5707
14.4120	5736
14.4160	5846
14.4200	5596
14.4240	5819
14.4280	6069
14.4320	6593
14.4360	5627
14.4400	6021
14.4440	5901
14.4480	5705
14.4520	5794
14.4560	5845
14.4600	5727
14.4640	6372
14.4680	6529
14.4720	5762
14.4760	6392
14.4800	5765
14.4840	5813
14.4880	5675
14.4920	6153
14.4960	6038
14.5000	5898
14.5040	6541
14.5080	6790
14.5120	5897
14.5160	5928
14.5200	5799
14.5240	5766
14.5280	6628
14.5320	6351
14.5360	5698
14.5400	6543
14.5440	6753
14.5480	6222
14.5520	5711
14.5560	5775
14.5600	6053
14.5640	6330
14.5680	6333
14.5720	5643
14.5760	6020
14.5800	5908
14.5840	6147
14.5880	6484
14.5920	5985
14.5960	6179
14.6000	6310
14.6040	6592
14.6080	5612
14.6120	6500
14.6160	5945
14.6200	6140
14.6240	6546
14.6280	6593
14.6320	5964
14.6360	6513
14.6400	6373
14.6440	6223
14.6480	5967
14.6520	5887
14.6560	6730
14.6600	6498
14.6640	6560
14.6680	5750
14.6720	6688
14.6760	6187
14.6800	6693
14.6840	6056
14.6880	6116
14.6920	6780
14.6960	6398
14.7000	6719
14.7040	5891
14.7080	5819
14.7120	5889
14.7160	6428
14.7200	6408
14.7240	5774
14.7280	6271
14.7320	6364
14.7360	6275
14.7400	6183
14.7440	5622
14.7480	5588
14.7520	6341
14.7560	6056
14.7600	6077
14.7640	6346
14.7680	6435
14.7720	6571
14.7760	6416
14.7800	5609
14.7840	5981
14.7880	5622
14.7920	6405
14.7960	6093
14.8000	5864
14.8040	6109
14.8080	6182
14.8120	6313
14.8160	6506
14.8200	5876
14.8240	6371
14.8280	6687
14.8320	5640
14.8360	6299
14.8400	6213
14.8440	6164
14.8480	5976
14.8520	6397
14.8560	5977
14.8600	6270
14.8640	6441
14.8680	5873
14.8720	6500
14.8760	6007
14.8800	6100
14.8840	5834
14.8880	6470
14.8920	5986
14.8960	6328
14.9000	6051
14.9040	5649
14.9080	6158
14.9120	6072
14.9160	5486
14.9200	5989
14.9240	5936
14.9280	6382
14.9320	5912
14.9360	5735
14.9400	5584
14.9440	5762
14.9480	5955
14.9520	5531
14.9560	6294
14.9600	6399
14.9640	6427
14.9680	5669
14.9720	6060
14.9760	5516
14.9800	5757
14.9840	6488
14.9880	6199
14.9920	5950
14.9960	6679
15.0000	6609
15.0040	5881
15.0080	6086
15.0120	6185
15.0160	5762
15.0200	6277
15.0240	6405
15.0280	5767
15.0320	6510
15.0360	6574
15.0400	6778
15.0440	6517
15.0480	6423
15.0520	5783
15.0560	6637
15.0600	5826
15.0640	6453
15.0680	5907
15.0720	6779
15.0760	6485
15.0800	6256
15.0840	5929
15.0880	6360
15.0920	6251
15.0960	5443
15.1000	5590
15.1040	6362
15.1080	6114
15.1120	6250
15.1160	5681
15.1200	5622
15.1240	6288
15.1280	6062
15.1320	5522
15.1360	5929
15.1400	5680
15.1440	6077
15.1480	6408
15.1520	6008
15.1560	5694
15.1600	6608
15.1640	5902
15.1680	6469
15.1720	6432
15.1760	6472
15.1800	5967
15.1840	5781
15.1880	6355
15.1920	5663
15.1960	5900
15.2000	5903
15.2040	6577
15.2080	6148
15.2120	6590
15.2160	6602
15.2200	5837
15.2240	6522
15.2280	6654
15.2320	6793
15.2360	6062
15.2400	5748
15.2440	6039
15.2480	6528
15.2520	6672
15.2560	5894
15.2600	6353
15.2640	5712
15.2680	6422
15.2720	6153
15.2760	6361
15.2800	5633
15.2840	6210
15.2880	6225
15.2920	5989
15.2960	6367
15.3000	6717
15.3040	5904
15.3080	6272
15.3120	6581
15.3160	5912
15.3200	5860
15.3240	5919
15.3280	5963
15.3320	6491
15.3360	6155
15.3400	5815
15.3440	5860
15.3480	5672
15.3520	6553
15.3560	6371
15.3600	5887
15.3640	6501
15.3680	6712
15.3720	5651
15.3760	5847
15.3800	5711
15.3840	6032
15.3880	6310
15.3920	6810
15.3960	6176
15.4000	6749
15.4040	5906
15.4080	6748
15.4120	5857
15.4160	5962
15.4200	5955
15.4240	6649
15.4280	6625
15.4320	5734
15.4360	6391
15.4400	6030
15.4440	6426
15.4480	5842
15.4520	5755
15.4560	5824
15.4600	5920
15.4640	6183
15.4680	5617
15.4720	6408
15.4760	6317
15.4800	6610
15.4840	6450
15.4880	6392
15.4920	5964
15.4960	6543
15.5000	6427
15.5040	5893
15.5080	6252
15.5120	6629
15.5160	6386
15.5200	6505
15.5240	6416
15.5280	5752
15.5320	6479
15.5360	6354
15.5400	6001
15.5440	6361
15.5480	6815
15.5520	5839
15.5560	6239
15.5600	6693
15.5640	6834
15.5680	5891
15.5720	6294
15.5760	5989
15.5800	5841
15.5840	6288
15.5880	6022
15.5920	6187
15.5960	6693
15.6000	6811
15.6040	5974
15.6080	5971
15.6120	6013
15.6160	5686
15.6200	5711
15.6240	5743
15.6280	6020
15.6320	6610
15.6360	6574
15.6400	6239
15.6440	5827
15.6480	5483
15.6520	5510
15.6560	6023
15.6600	6472
15.6640	5674
15.6680	6764
15.6720	6241
15.6760	6715
15.6800	5482
15.6840	5908
15.6880	5827
15.6920	5978
15.6960	6613
15.7000	5699
15.7040	6745
15.7080	6424
15.7120	6705
15.7160	5999
15.7200	5833
15.7240	5652
15.7280	6282
15.7320	6429
15.7360	6206
15.7400	6515
15.7440	6042
15.7480	6333
15.7520	6648
15.7560	6154
15.7600	6073
15.7640	6694
15.7680	6511
15.7720	6225
15.7760	6634
15.7800	6490
15.7840	6616
15.7880	6298
15.7920	6176
15.7960	5482
15.8000	6326
15.8040	6257
15.8080	6322
15.8120	5948
15.8160	6664
15.8200	5936
15.8240	6239
15.8280	6476
15.8320	6186
15.8360	5674
15.8400	6325
15.8440	5737
15.8480	6694
15.8520	6340
15.8560	6493
15.8600	6510
15.8640	6502
15.8680	5743
15.8720	6508
15.8760	5975
15.8800	6087
15.8840	6750
15.8880	6136
15.8920	6350
15.8960	6320
15.9000	6002
15.9040	6514
15.9080	6794
15.9120	5810
15.9160	6669
15.9200	6490
15.9240	6698
15.9280	6580
15.9320	6310
15.9360	6608
15.9400	6008
15.9440	6548
15.9480	6036
15.9520	6092
15.9560	6717
15.9600	6545
15.9640	5992
15.9680	6058
15.9720	6390
15.9760	5878
15.9800	6356
15.9840	5737
15.9880	5769
15.9920	5702
15.9960	6098
16.0000	6134
16.0040	6261
16.0080	6215
16.0120	6015
16.0160	5608
16.0200	6072
16.0240	5949
16.0280	6175
16.0320	5686
16.0360	6481
16.0400	5748
16.0440	6487
16.0480	5961
16.0520	6444
16.0560	6493
16.0600	5903
16.0640	6357
16.0680	5442
16.0720	6483
16.0760	6388
16.0800	6724
16.0840	6324
16.0880	6741
16.0920	6570
16.0960	6244
16.1000	6293
16.1040	6033
16.1080	6166
16.1120	6259
16.1160	6213
16.1200	6538
16.1240	6748
16.1280	6355
16.1320	6186
16.1360	5998
16.1400	6142
16.1440	6012
16.1480	5698
16.1520	5772
16.1560	5758
16.1600	6518
16.1640	6225
16.1680	6482
16.1720	5727
16.1760	6235
16.1800	6322
16.1840	5930
16.1880	6267
16.1920	5987
16.1960	6460
16.2000	6402
16.2040	6099
16.2080	6641
16.2120	5776
16.2160	6617
16.2200	5930
16.2240	6308
16.2280	6121
16.2320	6317
16.2360	6550
16.2400	6519
16.2440	6516
16.2480	6238
16.2520	6453
16.2560	5823
16.2600	6105
16.2640	6374
16.2680	5954
16.2720	6730
16.2760	6758
16.2800	6588
16.2840	6605
16.2880	6546
16.2920	6104
16.2960	5958
16.3000	5929
16.3040	6404
16.3080	6180
16.3120	5915
16.3160	6550
16.3200	6064
16.3240	6027
16.3280	5887
16.3320	6335
16.3360	6493
16.3400	6212
16.3440	6209
16.3480	6315
16.3520	5968
16.3560	6381
16.3600	6385
16.3640	5753
16.3680	5986
16.3720	6000
16.3760	5793
16.3800	6972
16.3840	6311
16.3880	6313
16.3920	6366
16.3960	6510
16.4000	5776
16.4040	6138
16.4080	5775
16.4120	5870
16.4160	6091
16.4200	6320
16.4240	6652
16.4280	6435
16.4320	6195
16.4360	5910
16.4400	5975
16.4440	6032
16.4480	6442
16.4520	5976
16.4560	5987
16.4600	6454
16.4640	6486
16.4680	6370
16.4720	5942
16.4760	5940
16.4800	6440
16.4840	6820
16.4880	6274
16.4920	5790
16.4960	6285
16.5000	6435
16.5040	5928
16.5080	5817
16.5120	5659
16.5160	5815
16.5200	5726
16.5240	5676
16.5280	6265
16.5320	6426
16.5360	6533
16.5400	6221
16.5440	6230
16.5480	5814
16.5520	5935
16.5560	5793
16.5600	6003
16.5640	6260
16.5680	6414
16.5720	6475
16.5760	6391
16.5800	6749
16.5840	5989
16.5880	6538
16.5920	5916
16.5960	6243
16.6000	5671
16.6040	6094
16.6080	6575
16.6120	6268
16.6160	6361
16.6200	6236
16.6240	6252
16.6280	5802
16.6320	6337
16.6360	6506
16.6400	6427
16.6440	6209
16.6480	6875
16.6520	6757
16.6560	6818
16.6600	5943
16.6640	6066
16.6680	6009
16.6720	5544
16.6760	5914
16.6800	6110
16.6840	6719
16.6880	6521
16.6920	5991
16.6960	6169
16.7000	6179
16.7040	6019
16.7080	6186
16.7120	5786
16.7160	6119
16.7200	5929
16.7240	6288
16.7280	5604
16.7320	6025
16.7360	5530
16.7400	6327
16.7440	5500
16.7480	5868
16.7520	5746
16.7560	6642
16.7600	5848
16.7640	5904
16.7680	5915
16.7720	5698
16.7760	5736
16.7800	5771
16.7840	6520
16.7880	5817
16.7920	6733
16.7960	6147
16.8000	6176
16.8040	5827
16.8080	6017
16.8120	5831
16.8160	6314
16.8200	6068
16.8240	6410
16.8280	6859
16.8320	6532
16.8360	6858
16.8400	6764
16.8440	5735
16.8480	6105
16.8520	6018
16.8560	6102
16.8600	6466
16.8640	6160
16.8680	6255
16.8720	6184
16.8760	6174
16.8800	5765
16.8840	6218
16.8880	5790
16.8920	6366
16.8960	6079
16.9000	6464
16.9040	6714
16.9080	6323
16.9120	6754
16.9160	5536
16.9200	6619
16.9240	5709
16.9280	6281
16.9320	5848
16.9360	6601
16.9400	6574
16.9440	5681
16.9480	5717
16.9520	5558
16.9560	5881
16.9600	6114
16.9640	6817
16.9680	5905
16.9720	6778
16.9760	6444
16.9800	5933
16.9840	6053
16.9880	5901
16.9920	5844
16.9960	6646
17.0000	6476
17.0040	6510
17.0080	6670
17.0120	6477
17.0160	5768
17.0200	5657
17.0240	6282
17.0280	6453
17.0320	6674
17.0360	5819
17.0400	6533
17.0440	5965
17.0480	5706
17.0520	6433
17.0560	6127
17.0600	5616
17.0640	5971
17.0680	6662
17.0720	5599
17.0760	6466
17.0800	6023
17.0840	5815
17.0880	6137
17.0920	6508
17.0960	5599
17.1000	5794
17.1040	6492
17.1080	6161
17.1120	5689
17.1160	5803
17.1200	5728
17.1240	5718
17.1280	6503
17.1320	6193
17.1360	6804
17.1400	6562
17.1440	5949
17.1480	6281
17.1520	5910
17.1560	5884
17.1600	5897
17.1640	5991
17.1680	6641
17.1720	6617
17.1760	6040
17.1800	6228
17.1840	6581
17.1880	6219
17.1920	5868
17.1960	5667
17.2000	5763
17.2040	6200
17.2080	6479
17.2120	6538
17.2160	6108
17.2200	6272
17.2240	6467
17.2280	5615
17.2320	5995
17.2360	5721
17.2400	6490
17.2440	6129
17.2480	6575
17.2520	6473
17.2560	6546
17.2600	5697
17.2640	5765
17.2680	5591
17.2720	6029
17.2760	6040
17.2800	6568
17.2840	6169
17.2880	6636
17.2920	6554
17.2960	6369
17.3000	5825
17.3040	6015
17.3080	6437
17.3120	5863
17.3160	5914
17.3200	5739
17.3240	6774
17.3280	5719
17.3320	5944
17.3360	6207
17.3400	6322
17.3440	5638
17.3480	5988
17.3520	6165
17.3560	6087
17.3600	6661
17.3640	6056
17.3680	5957
17.3720	6755
17.3760	5862
17.3800	5830
17.3840	5986
17.3880	5716
17.3920	5968
17.3960	6116
17.4000	5666
17.4040	6108
17.4080	6140
17.4120	5763
17.4160	5860
17.4200	6062
17.4240	5739
17.4280	5891
17.4320	6064
17.4360	6635
17.4400	6121
17.4440	6517
17.4480	5669
17.4520	6415
17.4560	5813
17.4600	6332
17.4640	5918
17.4680	6530
17.4720	6409
17.4760	6548
17.4800	6306
17.4840	6289
17.4880	6408
17.4920	5465
17.4960	6153
17.5000	5830
17.5040	6581
17.5080	5693
17.5120	6211
17.5160	6150
17.5200	6084
17.5240	6595
17.5280	6043
17.5320	6643
17.5360	5922
17.5400	6683
17.5440	6439
17.5480	6426
17.5520	6533
17.5560	6017
17.5600	6274
17.5640	6070
17.5680	6247
17.5720	6424
17.5760	6287
17.5800	6133
17.5840	6366
17.5880	6474
17.5920	6281
17.5960	6239
17.6000	5935
17.6040	5868
17.6080	6067
17.6120	5822
17.6160	6647
17.6200	6118
17.6240	6707
17.6280	6386
17.6320	6772
17.6360	5733
17.6400	6081
17.6440	5711
17.6480	6075
17.6520	6221
17.6560	6228
17.6600	6338
17.6640	5523
17.6680	6667
17.6720	5744
17.6760	6019
17.6800	5739
17.6840	5899
17.6880	6336
17.6920	6730
17.6960	5912
17.7000	5955
17.7040	6697
17.7080	5907
17.7120	5882
17.7160	6046
17.7200	5990
17.7240	6281
17.7280	6586
17.7320	6220
17.7360	5866
17.7400	6217
17.7440	5750
17.7480	5995
17.7520	5590
17.7560	5844
17.7600	6114
17.7640	6380
17.7680	6452
17.7720	6557
17.7760	6065
17.7800	6579
17.7840	6392
17.7880	6100
17.7920	5566
17.7960	5918
17.8000	6051
17.8040	6535
17.8080	6400
17.8120	6480
17.8160	6497
17.8200	6187
17.8240	5709
17.8280	6057
17.8320	5908
17.8360	6433
17.8400	6198
17.8440	6276
17.8480	6363
17.8520	6008
17.8560	6287
17.8600	6038
17.8640	6083
17.8680	5925
17.8720	6235
17.8760	6609
17.8800	6671
17.8840	6090
17.8880	5878
17.8920	6139
17.8960	6355
17.9000	5931
17.9040	5905
17.9080	6043
17.9120	6551
17.9160	6143
17.9200	6406
17.9240	6083
17.9280	5816
17.9320	5908
17.9360	5883
17.9400	5865
17.9440	5984
17.9480	6435
17.9520	6799
17.9560	6207
17.9600	6421
17.9640	6215
17.9680	5866
17.9720	5734
17.9760	5899
17.9800	5638
17.9840	6523
17.9880	6530
17.9920	6579
17.9960	6596
18.0000	5819
18.0040	6512
18.0080	6332
18.0120	6613
18.0160	5587
18.0200	6711
18.0240	6419
18.0280	6670
18.0320	5704
18.0360	5963
18.0400	6570
18.0440	6396
18.0480	6513
18.0520	5873
18.0560	6682
18.0600	6517
18.0640	6170
18.0680	6286
18.0720	5693
18.0760	6512
18.0800	5947
18.0840	6177
18.0880	5936
18.0920	6026
18.0960	6461
18.1000	6184
18.1040	6287
18.1080	5518
18.1120	6406
18.1160	5730
18.1200	5585
18.1240	5930
18.1280	5563
18.1320	5697
18.1360	5776
18.1400	6586
18.1440	5624
18.1480	5829
18.1520	5968
18.1560	5936
18.1600	6209
18.1640	6035
18.1680	6124
18.1720	5759
18.1760	6518
18.1800	6070
18.1840	6676
18.1880	6437
18.1920	6565
18.1960	6304
18.2000	6043
18.2040	5806
18.2080	5946
18.2120	6455
18.2160	5863
18.2200	6326
18.2240	6199
18.2280	6581
18.2320	6878
18.2360	6323
18.2400	5932
18.2440	6349
18.2480	6568
18.2520	6729
18.2560	6778
18.2600	6555
18.2640	6390
18.2680	6401
18.2720	6558
18.2760	5844
18.2800	5735
18.2840	6406
18.2880	6436
18.2920	5811
18.2960	6140
18.3000	6508
18.3040	6341
18.3080	6012
18.3120	6560
18.3160	6120
18.3200	6693
18.3240	6471
18.3280	6673
18.3320	6292
18.3360	6531
18.3400	6530
18.3440	5934
18.3480	5818
18.3520	6571
18.3560	6648
18.3600	6333
18.3640	6241
18.3680	6433
18.3720	6148
18.3760	5677
18.3800	5900
18.3840	5769
18.3880	6774
18.3920	6306
18.3960	6282
18.4000	6511
18.4040	6730
18.4080	6537
18.4120	5922
18.4160	6377
18.4200	5976
18.4240	6692
18.4280	6413
18.4320	6334
18.4360	5869
18.4400	6361
18.4440	6614
18.4480	6529
18.4520	6289
18.4560	5626
18.4600	5868
18.4640	6257
18.4680	6179
18.4720	6527
18.4760	5843
18.4800	5455
18.4840	6676
18.4880	6020
18.4920	5812
18.4960	5866
18.5000	5941
18.5040	6341
18.5080	6729
18.5120	6001
18.5160	5971
18.5200	6523
18.5240	6199
18.5280	6176
18.5320	6448
18.5360	6088
18.5400	5895
18.5440	6686
18.5480	6278
18.5520	6790
18.5560	6699
18.5600	6717
18.5640	6561
18.5680	6758
18.5720	6667
18.5760	6223
18.5800	6217
18.5840	6688
18.5880	6689
18.5920	6428
18.5960	6717
18.6000	5897
18.6040	6569
18.6080	5877
18.6120	5929
18.6160	6325
18.6200	6367
18.6240	6395
18.6280	6413
18.6320	6409
18.6360	6401
18.6400	6369
18.6440	5600
18.6480	5667
18.6520	6272
18.6560	6276
18.6600	5985
18.6640	5787
18.6680	6127
18.6720	6244
18.6760	6305
18.6800	6551
18.6840	5676
18.6880	6439
18.6920	6489
18.6960	6246
18.7000	5645
18.7040	6428
18.7080	6411
18.7120	6561
18.7160	5986
18.7200	5952
18.7240	6744
18.7280	6425
18.7320	6141
18.7360	5576
18.7400	6601
18.7440	5871
18.7480	6818
18.7520	5874
18.7560	6562
18.7600	6554
18.7640	6410
18.7680	6712
18.7720	6179
18.7760	6723
18.7800	6451
18.7840	6289
18.7880	5995
18.7920	6268
18.7960	5956
18.8000	6051
18.8040	6543
18.8080	6424
18.8120	6457
18.8160	6326
18.8200	6027
18.8240	5602
18.8280	6058
18.8320	5992
18.8360	5846
18.8400	6382
18.8440	6652
18.8480	6355
18.8520	6517
18.8560	5545
18.8600	6233
18.8640	6269
18.8680	6143
18.8720	6396
18.8760	6734
18.8800	6559
18.8840	6537
18.8880	6475
18.8920	6112
18.8960	5856
18.9000	5815
18.9040	6781
18.9080	6472
18.9120	6730
18.9160	6571
18.9200	6284
18.9240	6429
18.9280	6098
18.9320	5959
18.9360	6188
18.9400	6624
18.9440	6777
18.9480	6434
18.9520	6830
18.9560	6806
18.9600	6609
18.9640	6004
18.9680	5990
18.9720	6483
18.9760	6390
18.9800	6434
18.9840	6601
18.9880	6519
18.9920	6149
18.9960	5833
19.0000	6087
19.0040	6395
19.0080	6603
19.0120	6196
19.0160	6568
19.0200	6265
19.0240	6650
19.0280	6213
19.0320	6455
19.0360	5725
19.0400	5902
19.0440	6456
19.0480	6656
19.0520	6008
19.0560	5832
19.0600	6395
19.0640	6002
19.0680	5783
19.0720	5713
19.0760	6035
19.0800	6228
19.0840	6563
19.0880	6327
19.0920	6593
19.0960	6236
19.1000	6739
19.1040	5887
19.1080	5808
19.1120	6140
19.1160	5994
19.1200	6295
19.1240	6814
19.1280	6218
19.1320	6184
19.1360	6535
19.1400	6053
19.1440	6210
19.1480	5710
19.1520	6141
19.1560	6328
19.1600	6608
19.1640	6228
19.1680	5689
19.1720	6192
19.1760	6232
19.1800	5582
19.1840	5526
19.1880	5721
19.1920	5719
19.1960	6702
19.2000	6009
19.2040	6161
19.2080	6506
19.2120	6127
19.2160	5568
19.2200	6253
19.2240	6222
19.2280	6344
19.2320	6270
19.2360	6582
19.2400	6492
19.2440	6745
19.2480	6612
19.2520	6498
19.2560	6551
19.2600	5677
19.2640	6019
19.2680	6117
19.2720	6723
19.2760	5782
19.2800	6877
19.2840	6550
19.2880	6505
19.2920	6110
19.2960	6185
19.3000	6313
19.3040	6178
19.3080	6306
19.3120	6151
19.3160	6525
19.3200	5952
19.3240	6547
19.3280	5918
19.3320	6601
19.3360	5879
19.3400	6243
19.3440	5771
19.3480	5772
19.3520	5754
19.3560	5621
19.3600	6408
19.3640	5644
19.3680	5911
19.3720	6071
19.3760	6613
19.3800	6429
19.3840	6355
19.3880	5533
19.3920	5955
19.3960	6283
19.4000	6607
19.4040	5778
19.4080	5836
19.4120	5639
19.4160	6057
19.4200	5733
19.4240	6302
19.4280	6268
19.4320	5829
19.4360	7031
19.4400	6093
19.4440	6101
19.4480	6081
19.4520	6265
19.4560	5688
19.4600	6383
19.4640	5948
19.4680	5944
19.4720	6966
19.4760	6769
19.4800	6207
19.4840	6690
19.4880	6250
19.4920	6134
19.4960	6581
19.5000	6290
19.5040	5847
19.5080	6555
19.5120	6635
19.5160	5917
19.5200	5840
19.5240	5694
19.5280	6386
19.5320	5560
19.5360	6051
19.5400	5709
19.5440	6201
19.5480	6085
19.5520	6695
19.5560	6187
19.5600	6201
19.5640	6412
19.5680	5645
19.5720	6356
19.5760	5868
19.5800	6551
19.5840	5905
19.5880	6078
19.5920	5861
19.5960	5705
19.6000	6693
19.6040	5853
19.6080	5598
19.6120	5789
19.6160	6682
19.6200	6182
19.6240	6016
19.6280	5866
19.6320	6855
19.6360	6257
19.6400	6022
19.6440	6094
19.6480	5674
19.6520	6469
19.6560	5821
19.6600	6576
19.6640	6598
19.6680	6368
19.6720	5921
19.6760	6521
19.6800	5760
19.6840	5447
19.6880	6134
19.6920	5745
19.6960	6562
19.7000	6761
19.7040	6361
19.7080	6641
19.7120	6030
19.7160	6184
19.7200	6218
19.7240	5339
19.7280	5830
19.7320	6340
19.7360	6704
19.7400	6420
19.7440	7202
19.7480	5742
19.7520	6421
19.7560	5556
19.7600	5810
19.7640	5912
19.7680	6584
19.7720	6147
19.7760	6972
19.7800	6161
19.7840	6210
19.7880	6666
19.7920	5506
19.7960	6406
19.8000	6013
19.8040	6574
19.8080	6729
19.8120	7120
19.8160	6215
19.8200	6939
19.8240	5932
19.8280	6150
19.8320	6009
19.8360	5793
19.8400	5906
19.8440	6785
19.8480	6935
19.8520	6264
19.8560	6647
19.8600	5928
19.8640	6133
19.8680	6103
19.8720	5496
19.8760	5632
19.8800	5674
19.8840	5866
19.8880	6157
19.8920	6062
19.8960	6555
19.9000	6536
19.9040	6372
19.9080	5720
19.9120	6220
19.9160	6465
19.9200	5937
19.9240	5985
19.9280	5886
19.9320	6869
19.9360	5891
19.9400	6076
19.9440	6177
19.9480	5862
19.9520	6678
19.9560	6371
19.9600	6541
19.9640	5899
19.9680	6899
19.9720	5950
19.9760	5801
19.9800	6000
19.9840	6415
19.9880	6136
19.9920	6548
19.9960	6434
