0.0000	6109
0.0040	6198
0.0080	6181
0.0120	5733
0.0160	5917
0.0200	6234
0.0240	6422
0.0280	6433
0.0320	6381
0.0360	6208
0.0400	6124
0.0440	6099
0.0480	6668
0.0520	6276
0.0560	6545
0.0600	6484
0.0640	6063
0.0680	5731
0.0720	6224
0.0760	6005
0.0800	5970
0.0840	6652
0.0880	6431
0.0920	6291
0.0960	5978
0.1000	6141
0.1040	5820
0.1080	6344
0.1120	6513
0.1160	6606
0.1200	6102
0.1240	6125
0.1280	6624
0.1320	6580
0.1360	6640
0.1400	6629
0.1440	6542
0.1480	6278
0.1520	5732
0.1560	5720
0.1600	6272
0.1640	6400
0.1680	6344
0.1720	6463
0.1760	6368
0.1800	6372
0.1840	6074
0.1880	5669
0.1920	5684
0.1960	6487
0.2000	6106
0.2040	6592
0.2080	6242
0.2120	6478
0.2160	6037
0.2200	6897
0.2240	5599
0.2280	5783
0.2320	6361
0.2360	5692
0.2400	6000
0.2440	6049
0.2480	6473
0.2520	5641
0.2560	6774
0.2600	5890
0.2640	6383
0.2680	6356
0.2720	6771
0.2760	6272
0.2800	6590
0.2840	6080
0.2880	6172
0.2920	6423
0.2960	5951
0.3000	6315
0.3040	6127
0.3080	6406
0.3120	6367
0.3160	6268
0.3200	6430
0.3240	6232
0.3280	6617
0.3320	6486
0.3360	6204
0.3400	5947
0.3440	6286
0.3480	5699
0.3520	5739
0.3560	6169
0.3600	5603
0.3640	6298
0.3680	6079
0.3720	6359
0.3760	6050
0.3800	6548
0.3840	6019
0.3880	6243
0.3920	6677
0.3960	6097
0.4000	5816
0.4040	5679
0.4080	6752
0.4120	5664
0.4160	6304
0.4200	6222
0.4240	6202
0.4280	6520
0.4320	6179
0.4360	5821
0.4400	5766
0.4440	6475
0.4480	6336
0.4520	6594
0.4560	6454
0.4600	6640
0.4640	6528
0.4680	6617
0.4720	5836
0.4760	5829
0.4800	5921
0.4840	6568
0.4880	6557
0.4920	6512
0.4960	6675
0.5000	6338
0.5040	6447
0.5080	6223
0.5120	5762
0.5160	5811
0.5200	5912
0.5240	6488
0.5280	6223
0.5320	6158
0.5360	6027
0.5400	6423
0.5440	6004
0.5480	5978
0.5520	6177
0.5560	6530
0.5600	6218
0.5640	6332
0.5680	6307
0.5720	6466
0.5760	5952
0.5800	6702
0.5840	5942
0.5880	6575
0.5920	6286
0.5960	6520
0.6000	6003
0.6040	6463
0.6080	5799
0.6120	6434
0.6160	6337
0.6200	6043
0.6240	6644
0.6280	6216
0.6320	6599
0.6360	6162
0.6400	6750
0.6440	5652
0.6480	6390
0.6520	6388
0.6560	6566
0.6600	6047
0.6640	6011
0.6680	6527
0.6720	6690
0.6760	6643
0.6800	6663
0.6840	6423
0.6880	6518
0.6920	6538
0.6960	6443
0.7000	6426
0.7040	6358
0.7080	6386
0.7120	6023
0.7160	5825
0.7200	6137
0.7240	5653
0.7280	6519
0.7320	5993
0.7360	6762
0.7400	6230
0.7440	5952
0.7480	6186
0.7520	6660
0.7560	5943
0.7600	6118
0.7640	6293
0.7680	6079
0.7720	6285
0.7760	6479
0.7800	6296
0.7840	5823
0.7880	6508
0.7920	5852
0.7960	6418
0.8000	6286
0.8040	6281
0.8080	6285
0.8120	6418
0.8160	6464
0.8200	6629
0.8240	6589
0.8280	6118
0.8320	6419
0.8360	6516
0.8400	6637
0.8440	6393
0.8480	6675
0.8520	5914
0.8560	6455
0.8600	6261
0.8640	6348
0.8680	6409
0.8720	6742
0.8760	5847
0.8800	6158
0.8840	6334
0.8880	6422
0.8920	6177
0.8960	6503
0.9000	6391
0.9040	6149
0.9080	6479
0.9120	5711
0.9160	5831
0.9200	6323
0.9240	6000
0.9280	6336
0.9320	6635
0.9360	6099
0.9400	6714
0.9440	6432
0.9480	6432
0.9520	6653
0.9560	6031
0.9600	5824
0.9640	6530
0.9680	6055
0.9720	6519
0.9760	5944
0.9800	5908
0.9840	6684
0.9880	6486
0.9920	6452
0.9960	6399
1.0000	6683
1.0040	6418
1.0080	6545
1.0120	6541
1.0160	6261
1.0200	6530
1.0240	6485
1.0280	6173
1.0320	6025
1.0360	6620
1.0400	6343
1.0440	6651
1.0480	6597
1.0520	6411
1.0560	6472
1.0600	6013
1.0640	5843
1.0680	5798
1.0720	5957
1.0760	6404
1.0800	6371
1.0840	6032
1.0880	6563
1.0920	6200
1.0960	6485
1.1000	5746
1.1040	5925
1.1080	6181
1.1120	6784
1.1160	6369
1.1200	6512
1.1240	6437
1.1280	6278
1.1320	6097
1.1360	6231
1.1400	5578
1.1440	6089
1.1480	6645
1.1520	6581
1.1560	6499
1.1600	6371
1.1640	6537
1.1680	6263
1.1720	5897
1.1760	5954
1.1800	6733
1.1840	6365
1.1880	6726
1.1920	6212
1.1960	6484
1.2000	6394
1.2040	6625
1.2080	6301
1.2120	6639
1.2160	5814
1.2200	5857
1.2240	6200
1.2280	5895
1.2320	6615
1.2360	6084
1.2400	5969
1.2440	6317
1.2480	5959
1.2520	6139
1.2560	5621
1.2600	6331
1.2640	5832
1.2680	6019
1.2720	6356
1.2760	6612
1.2800	5780
1.2840	6556
1.2880	5731
1.2920	6066
1.2960	6504
1.3000	5937
1.3040	6165
1.3080	6428
1.3120	6566
1.3160	5641
1.3200	6095
1.3240	5709
1.3280	5900
1.3320	6352
1.3360	6360
1.3400	6456
1.3440	6637
1.3480	5703
1.3520	5987
1.3560	6338
1.3600	6559
1.3640	6398
1.3680	6663
1.3720	6598
1.3760	6772
1.3800	6527
1.3840	5933
1.3880	6458
1.3920	6155
1.3960	5892
1.4000	5943
1.4040	6210
1.4080	6112
1.4120	6351
1.4160	6267
1.4200	6343
1.4240	6441
1.4280	6132
1.4320	6138
1.4360	5968
1.4400	6067
1.4440	6224
1.4480	5991
1.4520	6264
1.4560	6030
1.4600	5622
1.4640	5986
1.4680	6234
1.4720	6654
1.4760	6225
1.4800	6382
1.4840	6441
1.4880	6374
1.4920	6208
1.4960	6179
1.5000	6504
1.5040	6381
1.5080	6664
1.5120	6362
1.5160	6633
1.5200	6354
1.5240	6562
1.5280	6285
1.5320	6627
1.5360	6386
1.5400	6189
1.5440	6482
1.5480	6443
1.5520	6165
1.5560	6152
1.5600	6127
1.5640	6418
1.5680	6542
1.5720	6436
1.5760	6426
1.5800	6429
1.5840	6510
1.5880	6316
1.5920	6323
1.5960	6255
1.6000	5875
1.6040	6315
1.6080	6270
1.6120	6308
1.6160	6317
1.6200	6516
1.6240	6305
1.6280	6542
1.6320	5981
1.6360	6403
1.6400	5980
1.6440	6337
1.6480	6150
1.6520	6601
1.6560	6440
1.6600	6517
1.6640	6702
1.6680	5955
1.6720	5712
1.6760	5833
1.6800	6152
1.6840	5828
1.6880	6671
1.6920	6023
1.6960	6397
1.7000	6196
1.7040	6024
1.7080	5866
1.7120	6421
1.7160	6702
1.7200	6557
1.7240	6496
1.7280	6651
1.7320	6445
1.7360	6311
1.7400	5990
1.7440	6189
1.7480	5992
1.7520	5803
1.7560	5783
1.7600	5968
1.7640	6033
1.7680	5940
1.7720	6267
1.7760	5587
1.7800	5662
1.7840	6359
1.7880	6145
1.7920	5733
1.7960	5776
1.8000	6486
1.8040	5860
1.8080	6414
1.8120	5866
1.8160	6352
1.8200	6248
1.8240	5874
1.8280	5565
1.8320	6016
1.8360	6261
1.8400	5958
1.8440	6065
1.8480	5737
1.8520	6624
1.8560	6231
1.8600	5932
1.8640	5455
1.8680	6130
1.8720	6538
1.8760	6680
1.8800	5653
1.8840	5882
1.8880	6407
1.8920	6702
1.8960	6103
1.9000	6095
1.9040	6605
1.9080	6337
1.9120	6468
1.9160	5698
1.9200	5802
1.9240	6460
1.9280	6515
1.9320	6278
1.9360	6118
1.9400	6457
1.9440	6268
1.9480	6430
1.9520	6199
1.9560	6378
1.9600	6341
1.9640	5822
1.9680	5707
1.9720	5943
1.9760	6091
1.9800	5904
1.9840	6279
1.9880	6030
1.9920	5985
1.9960	6512
2.0000	5471
2.0040	5903
2.0080	5683
2.0120	6442
2.0160	5963
2.0200	6410
2.0240	6364
2.0280	6314
2.0320	6836
2.0360	6099
2.0400	5853
2.0440	5526
2.0480	6519
2.0520	6180
2.0560	6564
2.0600	6276
2.0640	6560
2.0680	6604
2.0720	6251
2.0760	6027
2.0800	5861
2.0840	5866
2.0880	6503
2.0920	6450
2.0960	6488
2.1000	6332
2.1040	6496
2.1080	6082
2.1120	6217
2.1160	5827
2.1200	6113
2.1240	6121
2.1280	5699
2.1320	5921
2.1360	6327
2.1400	5887
2.1440	6410
2.1480	6050
2.1520	5880
2.1560	5647
2.1600	5720
2.1640	5537
2.1680	5840
2.1720	6217
2.1760	5746
2.1800	6104
2.1840	5971
2.1880	5783
2.1920	5790
2.1960	5743
2.2000	5816
2.2040	5680
2.2080	6355
2.2120	6184
2.2160	6186
2.2200	6160
2.2240	5582
2.2280	6117
2.2320	6118
2.2360	5863
2.2400	5690
2.2440	6463
2.2480	6399
2.2520	6383
2.2560	6534
2.2600	6520
2.2640	6338
2.2680	6473
2.2720	5905
2.2760	6065
2.2800	5604
2.2840	6411
2.2880	6328
2.2920	6034
2.2960	6360
2.3000	6156
2.3040	6522
2.3080	5711
2.3120	5750
2.3160	5908
2.3200	5576
2.3240	5749
2.3280	6450
2.3320	6213
2.3360	6145
2.3400	6541
2.3440	6152
2.3480	6607
2.3520	6312
2.3560	6143
2.3600	5792
2.3640	6078
2.3680	6468
2.3720	6608
2.3760	6134
2.3800	6326
2.3840	6137
2.3880	6414
2.3920	5970
2.3960	5848
2.4000	5784
2.4040	6133
2.4080	6575
2.4120	6253
2.4160	6384
2.4200	6554
2.4240	6615
2.4280	5840
2.4320	6033
2.4360	6435
2.4400	6380
2.4440	6053
2.4480	6490
2.4520	6664
2.4560	6497
2.4600	5797
2.4640	5627
2.4680	5907
2.4720	6449
2.4760	6245
2.4800	5712
2.4840	5673
2.4880	6272
2.4920	6102
2.4960	5785
2.5000	5528
2.5040	6419
2.5080	6170
2.5120	6274
2.5160	5328
2.5200	5958
2.5240	6424
2.5280	6572
2.5320	5684
2.5360	6274
2.5400	5697
2.5440	6357
2.5480	6471
2.5520	6003
2.5560	5819
2.5600	6174
2.5640	6560
2.5680	5568
2.5720	5942
2.5760	6165
2.5800	6697
2.5840	5964
2.5880	5740
2.5920	6140
2.5960	6690
2.6000	6622
2.6040	5835
2.6080	5934
2.6120	6071
2.6160	6379
2.6200	5900
2.6240	6544
2.6280	6572
2.6320	6511
2.6360	6595
2.6400	5601
2.6440	6228
2.6480	5694
2.6520	6532
2.6560	6300
2.6600	5740
2.6640	6374
2.6680	6220
2.6720	6306
2.6760	5722
2.6800	5520
2.6840	5942
2.6880	6324
2.6920	6506
2.6960	5961
2.7000	6361
2.7040	6350
2.7080	6653
2.7120	5647
2.7160	5781
2.7200	6355
2.7240	6543
2.7280	5533
2.7320	5670
2.7360	6658
2.7400	6012
2.7440	6642
2.7480	6145
2.7520	6194
2.7560	5811
2.7600	6431
2.7640	6223
2.7680	5996
2.7720	6055
2.7760	6019
2.7800	6401
2.7840	5864
2.7880	6168
2.7920	6797
2.7960	6235
2.8000	5772
2.8040	5797
2.8080	5925
2.8120	6607
2.8160	6513
2.8200	5760
2.8240	5582
2.8280	6174
2.8320	6212
2.8360	5678
2.8400	5713
2.8440	6202
2.8480	6443
2.8520	5731
2.8560	5727
2.8600	5933
2.8640	6613
2.8680	6411
2.8720	6098
2.8760	5508
2.8800	6326
2.8840	6128
2.8880	5647
2.8920	6103
2.8960	5761
2.9000	6263
2.9040	6372
2.9080	6018
2.9120	5894
2.9160	6611
2.9200	6027
2.9240	5765
2.9280	5726
2.9320	6067
2.9360	6331
2.9400	6440
2.9440	5687
2.9480	5826
2.9520	6673
2.9560	6853
2.9600	6178
2.9640	5960
2.9680	5889
2.9720	5884
2.9760	5873
2.9800	6456
2.9840	6565
2.9880	6491
2.9920	6446
2.9960	5937
3.0000	5704
3.0040	5904
3.0080	5530
3.0120	6090
3.0160	5519
3.0200	6533
3.0240	6328
3.0280	6438
3.0320	6510
3.0360	6471
3.0400	5715
3.0440	5824
3.0480	5491
3.0520	6184
3.0560	6361
3.0600	6716
3.0640	6091
3.0680	6025
3.0720	6477
3.0760	6542
3.0800	5863
3.0840	5665
3.0880	5862
3.0920	5852
3.0960	6069
3.1000	5710
3.1040	6499
3.1080	6413
3.1120	6847
3.1160	6141
3.1200	6074
3.1240	5765
3.1280	6048
3.1320	5839
3.1360	5829
3.1400	6393
3.1440	6593
3.1480	6688
3.1520	6334
3.1560	6000
3.1600	5941
3.1640	5925
3.1680	5838
3.1720	5795
3.1760	5666
3.1800	6300
3.1840	6262
3.1880	5554
3.1920	5943
3.1960	6455
3.2000	6482
3.2040	5590
3.2080	5803
3.2120	5891
3.2160	5787
3.2200	5961
3.2240	6241
3.2280	6105
3.2320	6782
3.2360	6409
3.2400	5795
3.2440	5627
3.2480	5960
3.2520	5670
3.2560	5951
3.2600	5735
3.2640	6217
3.2680	6667
3.2720	6233
3.2760	6568
3.2800	5669
3.2840	5857
3.2880	5923
3.2920	5867
3.2960	6134
3.3000	5964
3.3040	6369
3.3080	6732
3.3120	6310
3.3160	6146
3.3200	6328
3.3240	5888
3.3280	5859
3.3320	6099
3.3360	5784
3.3400	6435
3.3440	6547
3.3480	6413
3.3520	5662
3.3560	5939
3.3600	6337
3.3640	5746
3.3680	5811
3.3720	5677
3.3760	6081
3.3800	6122
3.3840	5742
3.3880	5938
3.3920	5960
3.3960	6327
3.4000	5958
3.4040	5846
3.4080	5483
3.4120	6802
3.4160	6384
3.4200	5908
3.4240	5907
3.4280	6360
3.4320	6505
3.4360	6073
3.4400	5761
3.4440	6298
3.4480	6552
3.4520	6058
3.4560	5813
3.4600	5732
3.4640	6475
3.4680	6449
3.4720	6519
3.4760	5712
3.4800	6313
3.4840	6488
3.4880	6200
3.4920	6624
3.4960	5845
3.5000	6638
3.5040	6672
3.5080	5868
3.5120	5983
3.5160	6524
3.5200	6313
3.5240	5555
3.5280	6087
3.5320	5681
3.5360	6387
3.5400	6284
3.5440	5633
3.5480	6227
3.5520	6262
3.5560	6263
3.5600	6069
3.5640	5408
3.5680	5767
3.5720	5933
3.5760	5761
3.5800	5623
3.5840	6282
3.5880	6246
3.5920	6654
3.5960	5950
3.6000	5751
3.6040	5655
3.6080	5824
3.6120	5976
3.6160	5545
3.6200	5927
3.6240	6506
3.6280	5955
3.6320	5709
3.6360	5933
3.6400	5805
3.6440	6126
3.6480	5990
3.6520	6548
3.6560	6272
3.6600	5962
3.6640	5895
3.6680	6573
3.6720	5960
3.6760	6791
3.6800	6409
3.6840	6282
3.6880	5925
3.6920	6199
3.6960	5818
3.7000	6049
3.7040	6076
3.7080	5665
3.7120	5919
3.7160	6303
3.7200	6250
3.7240	6148
3.7280	5995
3.7320	5880
3.7360	5539
3.7400	5991
3.7440	5780
3.7480	5887
3.7520	6052
3.7560	6545
3.7600	6045
3.7640	6639
3.7680	6313
3.7720	5875
3.7760	6097
3.7800	6210
3.7840	5828
3.7880	5834
3.7920	6385
3.7960	6046
3.8000	6274
3.8040	6250
3.8080	5935
3.8120	5708
3.8160	6545
3.8200	6221
3.8240	5820
3.8280	5989
3.8320	6665
3.8360	5931
3.8400	6488
3.8440	5941
3.8480	5814
3.8520	5894
3.8560	6134
3.8600	6174
3.8640	6026
3.8680	6760
3.8720	6536
3.8760	6187
3.8800	6522
3.8840	5907
3.8880	5690
3.8920	5714
3.8960	5627
3.9000	5885
3.9040	5746
3.9080	6337
3.9120	6513
3.9160	5874
3.9200	6297
3.9240	6043
3.9280	5852
3.9320	5791
3.9360	6103
3.9400	5686
3.9440	6629
3.9480	6293
3.9520	5832
3.9560	5752
3.9600	6327
3.9640	6374
3.9680	5769
3.9720	5800
3.9760	5789
3.9800	6189
3.9840	5856
3.9880	5923
3.9920	6223
3.9960	6617
4.0000	5804
4.0040	6033
4.0080	5843
4.0120	6482
4.0160	6604
4.0200	6042
4.0240	5885
4.0280	6002
4.0320	6541
4.0360	6123
4.0400	6459
4.0440	5640
4.0480	6539
4.0520	6347
4.0560	5619
4.0600	5788
4.0640	6090
4.0680	6192
4.0720	5612
4.0760	6475
4.0800	5711
4.0840	6493
4.0880	6300
4.0920	5735
4.0960	5522
4.1000	6613
4.1040	6284
4.1080	6021
4.1120	5779
4.1160	6027
4.1200	5805
4.1240	6029
4.1280	5797
4.1320	6311
4.1360	6460
4.1400	6349
4.1440	5619
4.1480	6244
4.1520	6145
4.1560	5818
4.1600	5937
4.1640	5672
4.1680	6539
4.1720	6085
4.1760	6620
4.1800	5807
4.1840	5920
4.1880	5859
4.1920	5924
4.1960	5783
4.2000	5885
4.2040	6302
4.2080	6650
4.2120	6552
4.2160	6181
4.2200	5758
4.2240	5769
4.2280	5912
4.2320	6301
4.2360	6078
4.2400	5768
4.2440	5737
4.2480	5610
4.2520	6150
4.2560	5555
4.2600	5589
4.2640	5804
4.2680	6250
4.2720	6340
4.2760	5667
4.2800	6489
4.2840	5935
4.2880	6499
4.2920	5784
4.2960	6151
4.3000	6393
4.3040	6108
4.3080	6158
4.3120	6404
4.3160	6491
4.3200	6308
4.3240	6458
4.3280	6327
4.3320	6035
4.3360	5687
4.3400	6021
4.3440	6462
4.3480	6679
4.3520	5869
4.3560	6779
4.3600	6058
4.3640	6455
4.3680	6618
4.3720	6554
4.3760	5888
4.3800	6276
4.3840	6349
4.3880	6041
4.3920	6203
4.3960	6586
4.4000	6457
4.4040	6259
4.4080	6026
4.4120	5836
4.4160	5771
4.4200	5801
4.4240	5632
4.4280	5754
4.4320	5514
4.4360	6148
4.4400	6251
4.4440	6211
4.4480	5635
4.4520	6144
4.4560	5519
4.4600	5831
4.4640	5855
4.4680	6117
4.4720	5895
4.4760	6479
4.4800	6009
4.4840	5858
4.4880	5721
4.4920	6450
4.4960	6386
4.5000	5825
4.5040	6186
4.5080	5885
4.5120	5970
4.5160	5755
4.5200	5833
4.5240	5551
4.5280	6285
4.5320	6109
4.5360	5953
4.5400	5859
4.5440	6742
4.5480	6165
4.5520	5820
4.5560	6044
4.5600	5877
4.5640	5843
4.5680	5763
4.5720	5871
4.5760	6518
4.5800	6314
4.5840	6539
4.5880	5842
4.5920	5889
4.5960	5560
4.6000	5485
4.6040	5515
4.6080	5889
4.6120	6013
4.6160	6016
4.6200	6123
4.6240	5814
4.6280	6084
4.6320	5819
4.6360	5657
4.6400	5811
4.6440	5409
4.6480	6580
4.6520	6414
4.6560	6400
4.6600	5602
4.6640	5736
4.6680	5851
4.6720	5837
4.6760	6327
4.6800	5669
4.6840	6571
4.6880	6344
4.6920	6342
4.6960	5574
4.7000	5820
4.7040	5897
4.7080	6077
4.7120	5831
4.7160	5972
4.7200	5914
4.7240	6046
4.7280	6326
4.7320	6766
4.7360	6675
4.7400	6162
4.7440	5839
4.7480	6528
4.7520	6488
4.7560	5925
4.7600	6078
4.7640	5634
4.7680	6088
4.7720	6481
4.7760	5787
4.7800	5657
4.7840	5964
4.7880	5509
4.7920	6079
4.7960	6313
4.8000	5634
4.8040	5782
4.8080	6033
4.8120	6527
4.8160	5399
4.8200	5729
4.8240	6136
4.8280	6754
4.8320	5759
4.8360	6552
4.8400	6307
4.8440	5576
4.8480	6495
4.8520	6289
4.8560	5895
4.8600	5644
4.8640	6250
4.8680	5569
4.8720	6250
4.8760	6205
4.8800	5870
4.8840	6211
4.8880	6223
4.8920	5926
4.8960	6641
4.9000	6584
4.9040	6277
4.9080	5931
4.9120	5995
4.9160	5982
4.9200	6074
4.9240	5835
4.9280	5708
4.9320	6067
4.9360	6376
4.9400	5980
4.9440	5770
4.9480	5784
4.9520	5838
4.9560	5523
4.9600	5591
4.9640	5613
4.9680	6170
4.9720	6256
4.9760	6512
4.9800	5734
4.9840	6012
4.9880	5923
4.9920	6205
4.9960	5520
5.0000	5871
5.0040	6120
5.0080	6646
5.0120	6037
5.0160	5735
5.0200	5718
5.0240	6056
5.0280	5792
5.0320	5772
5.0360	5873
5.0400	6269
5.0440	6582
5.0480	5533
5.0520	6627
5.0560	5877
5.0600	6164
5.0640	5867
5.0680	5839
5.0720	5953
5.0760	6611
5.0800	5988
5.0840	5779
5.0880	5932
5.0920	6034
5.0960	6586
5.1000	5900
5.1040	5972
5.1080	5984
5.1120	6360
5.1160	6125
5.1200	5583
5.1240	5647
5.1280	5514
5.1320	5711
5.1360	5572
5.1400	5715
5.1440	5494
5.1480	5890
5.1520	5927
5.1560	5577
5.1600	5532
5.1640	5904
5.1680	5807
5.1720	6484
5.1760	5667
5.1800	6553
5.1840	6042
5.1880	5914
5.1920	5801
5.1960	5852
5.2000	5777
5.2040	5724
5.2080	6062
5.2120	5849
5.2160	6191
5.2200	6327
5.2240	6247
5.2280	5877
5.2320	6510
5.2360	5766
5.2400	6468
5.2440	6534
5.2480	6229
5.2520	5739
5.2560	6599
5.2600	6633
5.2640	6327
5.2680	5944
5.2720	5856
5.2760	5884
5.2800	6280
5.2840	5802
5.2880	5936
5.2920	5696
5.2960	5603
5.3000	6404
5.3040	6248
5.3080	5916
5.3120	5706
5.3160	5610
5.3200	5873
5.3240	5713
5.3280	5711
5.3320	5486
5.3360	5874
5.3400	6040
5.3440	6370
5.3480	5511
5.3520	5938
5.3560	5546
5.3600	6500
5.3640	6313
5.3680	5888
5.3720	5929
5.3760	6250
5.3800	6387
5.3840	6451
5.3880	5593
5.3920	5645
5.3960	5914
5.4000	5994
5.4040	5949
5.4080	6184
5.4120	6582
5.4160	5624
5.4200	5957
5.4240	6393
5.4280	6543
5.4320	6083
5.4360	6190
5.4400	6406
5.4440	5959
5.4480	6277
5.4520	6316
5.4560	5823
5.4600	5920
5.4640	6466
5.4680	6133
5.4720	6474
5.4760	6614
5.4800	5697
5.4840	5809
5.4880	5454
5.4920	5731
5.4960	6020
5.5000	6252
5.5040	5953
5.5080	5957
5.5120	6361
5.5160	6105
5.5200	6303
5.5240	6226
5.5280	5481
5.5320	6260
5.5360	6365
5.5400	6043
5.5440	6411
5.5480	6455
5.5520	5822
5.5560	6282
5.5600	5978
5.5640	5563
5.5680	5854
5.5720	6158
5.5760	5910
5.5800	6492
5.5840	6394
5.5880	6363
5.5920	6784
5.5960	5786
5.6000	6172
5.6040	5919
5.6080	6431
5.6120	5780
5.6160	6180
5.6200	5851
5.6240	6184
5.6280	6427
5.6320	6075
5.6360	5750
5.6400	6274
5.6440	6514
5.6480	5764
5.6520	6283
5.6560	6135
5.6600	6118
5.6640	5810
5.6680	5534
5.6720	6435
5.6760	6446
5.6800	6185
5.6840	5700
5.6880	6671
5.6920	6512
5.6960	5845
5.7000	6041
5.7040	5745
5.7080	5977
5.7120	6176
5.7160	6389
5.7200	5941
5.7240	6314
5.7280	5966
5.7320	5723
5.7360	5629
5.7400	5890
5.7440	6383
5.7480	6708
5.7520	6373
5.7560	6480
5.7600	5783
5.7640	6400
5.7680	5815
5.7720	6321
5.7760	6546
5.7800	6086
5.7840	6490
5.7880	6378
5.7920	5943
5.7960	6106
5.8000	5853
5.8040	6143
5.8080	6086
5.8120	6034
5.8160	5763
5.8200	6255
5.8240	6630
5.8280	5931
5.8320	5646
5.8360	6087
5.8400	5873
5.8440	6292
5.8480	5988
5.8520	5628
5.8560	5729
5.8600	6193
5.8640	6060
5.8680	5772
5.8720	5688
5.8760	6148
5.8800	5490
5.8840	6470
5.8880	5800
5.8920	5801
5.8960	5532
5.9000	5660
5.9040	5735
5.9080	5967
5.9120	5636
5.9160	5710
5.9200	5846
5.9240	5541
5.9280	5888
5.9320	5875
5.9360	6187
5.9400	5629
5.9440	6285
5.9480	6223
5.9520	5930
5.9560	5863
5.9600	6052
5.9640	5846
5.9680	5780
5.9720	6038
5.9760	6483
5.9800	6123
5.9840	5695
5.9880	5796
5.9920	5866
5.9960	6043
6.0000	6183
6.0040	6010
6.0080	5620
6.0120	5609
6.0160	5643
6.0200	5572
6.0240	5542
6.0280	6116
6.0320	6330
6.0360	6057
6.0400	5672
6.0440	5597
6.0480	5934
6.0520	5688
6.0560	5944
6.0600	5700
6.0640	6022
6.0680	5961
6.0720	5965
6.0760	5820
6.0800	5578
6.0840	6148
6.0880	5836
6.0920	6131
6.0960	5747
6.1000	6371
6.1040	6108
6.1080	5882
6.1120	5843
6.1160	6352
6.1200	6044
6.1240	5771
6.1280	6171
6.1320	6331
6.1360	6013
6.1400	6630
6.1440	5744
6.1480	5804
6.1520	6756
6.1560	6499
6.1600	6184
6.1640	6513
6.1680	6053
6.1720	5744
6.1760	5982
6.1800	5791
6.1840	5710
6.1880	6334
6.1920	6232
6.1960	5918
6.2000	6282
6.2040	5726
6.2080	5756
6.2120	5735
6.2160	5725
6.2200	5744
6.2240	6257
6.2280	6361
6.2320	5594
6.2360	6032
6.2400	5519
6.2440	6214
6.2480	5609
6.2520	6814
6.2560	5905
6.2600	6706
6.2640	6578
6.2680	5812
6.2720	6318
6.2760	5623
6.2800	5944
6.2840	5910
6.2880	6414
6.2920	5805
6.2960	6553
6.3000	6138
6.3040	5968
6.3080	6430
6.3120	6090
6.3160	6405
6.3200	6048
6.3240	6644
6.3280	5828
6.3320	6686
6.3360	6419
6.3400	5620
6.3440	5895
6.3480	5657
6.3520	5951
6.3560	5857
6.3600	5823
6.3640	5679
6.3680	6504
6.3720	5685
6.3760	6309
6.3800	5936
6.3840	5862
6.3880	5738
6.3920	5861
6.3960	5621
6.4000	5876
6.4040	5861
6.4080	6295
6.4120	5612
6.4160	5907
6.4200	5631
6.4240	5901
6.4280	6051
6.4320	6030
6.4360	6063
6.4400	6415
6.4440	5958
6.4480	5537
6.4520	6011
6.4560	6042
6.4600	5849
6.4640	6157
6.4680	6341
6.4720	5714
6.4760	6795
6.4800	6339
6.4840	5883
6.4880	6093
6.4920	6103
6.4960	6041
6.5000	6634
6.5040	6481
6.5080	6038
6.5120	6273
6.5160	6573
6.5200	6410
6.5240	5814
6.5280	5856
6.5320	5839
6.5360	6313
6.5400	6378
6.5440	5767
6.5480	6223
6.5520	6362
6.5560	6437
6.5600	5885
6.5640	5620
6.5680	5652
6.5720	6738
6.5760	6380
6.5800	6192
6.5840	5605
6.5880	5983
6.5920	6154
6.5960	6656
6.6000	6329
6.6040	5642
6.6080	6516
6.6120	6255
6.6160	6249
6.6200	5598
6.6240	5835
6.6280	5696
6.6320	6713
6.6360	6341
6.6400	5871
6.6440	6162
6.6480	6297
6.6520	5730
6.6560	6015
6.6600	5715
6.6640	6289
6.6680	6637
6.6720	6611
6.6760	5858
6.6800	6660
6.6840	6484
6.6880	5842
6.6920	5727
6.6960	5911
6.7000	5690
6.7040	6178
6.7080	5910
6.7120	5801
6.7160	5692
6.7200	5906
6.7240	5559
6.7280	5947
6.7320	5622
6.7360	5888
6.7400	5708
6.7440	5807
6.7480	5980
6.7520	6021
6.7560	5576
6.7600	5839
6.7640	5783
6.7680	5806
6.7720	6299
6.7760	6303
6.7800	5589
6.7840	5861
6.7880	5764
6.7920	5838
6.7960	6189
6.8000	6266
6.8040	5916
6.8080	6410
6.8120	6550
6.8160	5622
6.8200	6031
6.8240	5605
6.8280	5960
6.8320	6417
6.8360	6386
6.8400	6191
6.8440	6623
6.8480	6418
6.8520	5818
6.8560	5917
6.8600	5761
6.8640	5952
6.8680	6601
6.8720	6626
6.8760	5843
6.8800	6485
6.8840	6461
6.8880	5655
6.8920	5642
6.8960	5623
6.9000	5924
6.9040	6260
6.9080	6012
6.9120	5651
6.9160	5852
6.9200	5504
6.9240	5936
6.9280	5488
6.9320	6322
6.9360	5923
6.9400	6321
6.9440	6443
6.9480	6075
6.9520	5712
6.9560	6078
6.9600	5726
6.9640	6478
6.9680	6307
6.9720	5694
6.9760	6375
6.9800	6411
6.9840	6007
6.9880	5735
6.9920	5922
6.9960	6002
7.0000	6407
7.0040	6463
7.0080	6069
7.0120	6337
7.0160	6696
7.0200	6548
7.0240	6014
7.0280	5770
7.0320	5923
7.0360	5792
7.0400	6250
7.0440	5777
7.0480	6072
7.0520	6213
7.0560	5902
7.0600	5807
7.0640	5922
7.0680	5905
7.0720	5740
7.0760	5885
7.0800	5479
7.0840	5434
7.0880	5979
7.0920	5804
7.0960	5656
7.1000	6027
7.1040	6696
7.1080	6127
7.1120	6219
7.1160	6172
7.1200	5932
7.1240	5448
7.1280	6522
7.1320	5645
7.1360	6221
7.1400	6351
7.1440	5737
7.1480	5828
7.1520	6312
7.1560	5771
7.1600	5956
7.1640	5974
7.1680	6224
7.1720	5854
7.1760	5998
7.1800	5923
7.1840	5860
7.1880	6291
7.1920	6349
7.1960	6002
7.2000	6244
7.2040	6090
7.2080	5954
7.2120	6246
7.2160	5931
7.2200	5877
7.2240	6321
7.2280	6532
7.2320	5619
7.2360	6642
7.2400	5963
7.2440	5842
7.2480	5803
7.2520	5788
7.2560	5769
7.2600	6179
7.2640	6076
7.2680	5770
7.2720	6343
7.2760	6084
7.2800	5746
7.2840	5994
7.2880	5754
7.2920	5921
7.2960	6269
7.3000	6541
7.3040	5831
7.3080	6527
7.3120	5565
7.3160	5867
7.3200	5685
7.3240	5732
7.3280	5938
7.3320	5803
7.3360	5997
7.3400	5669
7.3440	6040
7.3480	5907
7.3520	6207
7.3560	5942
7.3600	6004
7.3640	6122
7.3680	6033
7.3720	5783
7.3760	5807
7.3800	5727
7.3840	6042
7.3880	6250
7.3920	6163
7.3960	5841
7.4000	6090
7.4040	6308
7.4080	5941
7.4120	5767
7.4160	5645
7.4200	5603
7.4240	5755
7.4280	6286
7.4320	5773
7.4360	6043
7.4400	6206
7.4440	5869
7.4480	5892
7.4520	5708
7.4560	6407
7.4600	6268
7.4640	5786
7.4680	5899
7.4720	6733
7.4760	6094
7.4800	5832
7.4840	6207
7.4880	5581
7.4920	5606
7.4960	6125
7.5000	5901
7.5040	5615
7.5080	5933
7.5120	5860
7.5160	6082
7.5200	5702
7.5240	5696
7.5280	5598
7.5320	6394
7.5360	6152
7.5400	6024
7.5440	6498
7.5480	6371
7.5520	5896
7.5560	6121
7.5600	6013
7.5640	5792
7.5680	6673
7.5720	6660
7.5760	5886
7.5800	6105
7.5840	6044
7.5880	6092
7.5920	6395
7.5960	6494
7.6000	5783
7.6040	6352
7.6080	6268
7.6120	6099
7.6160	5545
7.6200	5838
7.6240	5791
7.6280	6470
7.6320	6407
7.6360	6247
7.6400	5909
7.6440	6353
7.6480	5914
7.6520	5893
7.6560	5597
7.6600	5780
7.6640	5931
7.6680	6720
7.6720	6005
7.6760	6238
7.6800	5870
7.6840	5543
7.6880	5737
7.6920	6315
7.6960	6546
7.7000	5604
7.7040	6800
7.7080	5906
7.7120	5919
7.7160	5775
7.7200	6104
7.7240	5798
7.7280	6411
7.7320	6354
7.7360	6000
7.7400	6768
7.7440	6235
7.7480	6302
7.7520	5854
7.7560	6682
7.7600	5806
7.7640	5977
7.7680	5642
7.7720	6075
7.7760	5858
7.7800	5623
7.7840	6178
7.7880	5914
7.7920	6022
7.7960	6181
7.8000	5843
7.8040	5474
7.8080	6178
7.8120	5802
7.8160	6179
7.8200	6201
7.8240	5757
7.8280	5555
7.8320	5863
7.8360	5523
7.8400	6098
7.8440	5990
7.8480	5977
7.8520	5798
7.8560	6356
7.8600	5760
7.8640	6051
7.8680	5981
7.8720	5875
7.8760	6057
7.8800	6257
7.8840	5816
7.8880	5737
7.8920	5831
7.8960	5729
7.9000	5953
7.9040	5704
7.9080	6150
7.9120	6025
7.9160	6152
7.9200	6459
7.9240	5994
7.9280	5785
7.9320	6181
7.9360	5921
7.9400	6033
7.9440	5711
7.9480	6067
7.9520	6121
7.9560	6162
7.9600	5767
7.9640	5649
7.9680	5638
7.9720	5679
7.9760	5587
7.9800	5695
7.9840	5551
7.9880	5839
7.9920	5748
7.9960	5937
8.0000	5908
8.0040	6272
8.0080	5713
8.0120	5839
8.0160	5687
8.0200	5671
8.0240	5711
8.0280	5704
8.0320	5842
8.0360	5694
8.0400	6362
8.0440	6406
8.0480	5978
8.0520	5746
8.0560	5745
8.0600	5537
8.0640	6022
8.0680	5608
8.0720	6529
8.0760	5821
8.0800	5912
8.0840	6231
8.0880	5985
8.0920	5903
8.0960	6175
8.1000	5864
8.1040	6662
8.1080	6032
8.1120	6227
8.1160	5907
8.1200	6166
8.1240	6439
8.1280	6328
8.1320	5796
8.1360	5649
8.1400	5515
8.1440	5863
8.1480	5778
8.1520	5590
8.1560	5744
8.1600	6385
8.1640	5804
8.1680	6576
8.1720	5642
8.1760	5848
8.1800	5538
8.1840	6433
8.1880	6347
8.1920	5839
8.1960	6440
8.2000	6668
8.2040	6424
8.2080	6420
8.2120	5753
8.2160	5743
8.2200	5984
8.2240	6393
8.2280	6546
8.2320	5882
8.2360	6638
8.2400	5781
8.2440	6071
8.2480	6500
8.2520	6641
8.2560	5986
8.2600	6210
8.2640	5900
8.2680	5973
8.2720	6024
8.2760	5999
8.2800	5962
8.2840	6599
8.2880	6186
8.2920	5793
8.2960	6564
8.3000	5924
8.3040	5922
8.3080	5901
8.3120	5742
8.3160	6073
8.3200	6386
8.3240	6342
8.3280	5699
8.3320	5933
8.3360	5380
8.3400	5837
8.3440	5454
8.3480	6817
8.3520	5681
8.3560	6238
8.3600	6423
8.3640	5880
8.3680	5711
8.3720	6019
8.3760	6070
8.3800	5872
8.3840	6034
8.3880	5728
8.3920	6502
8.3960	6477
8.4000	5820
8.4040	6091
8.4080	6093
8.4120	6602
8.4160	6051
8.4200	6287
8.4240	6026
8.4280	6468
8.4320	6498
8.4360	5975
8.4400	6042
8.4440	6136
8.4480	6609
8.4520	6068
8.4560	6071
8.4600	5879
8.4640	6612
8.4680	5890
8.4720	6224
8.4760	5905
8.4800	6384
8.4840	5873
8.4880	5963
8.4920	5713
8.4960	6348
8.5000	6159
8.5040	5579
8.5080	5945
8.5120	5995
8.5160	5932
8.5200	6385
8.5240	5608
8.5280	5873
8.5320	6488
8.5360	6738
8.5400	5734
8.5440	6407
8.5480	5512
8.5520	5834
8.5560	5829
8.5600	5822
8.5640	6235
8.5680	6476
8.5720	6638
8.5760	6299
8.5800	5930
8.5840	6119
8.5880	6049
8.5920	5958
8.5960	6304
8.6000	5858
8.6040	6653
8.6080	6578
8.6120	6648
8.6160	6612
8.6200	5927
8.6240	6589
8.6280	6716
8.6320	6215
8.6360	5971
8.6400	6535
8.6440	6716
8.6480	6412
8.6520	6047
8.6560	6040
8.6600	5553
8.6640	6099
8.6680	6020
8.6720	5835
8.6760	6063
8.6800	5557
8.6840	5834
8.6880	6323
8.6920	6403
8.6960	5651
8.7000	5908
8.7040	6003
8.7080	6255
8.7120	5577
8.7160	6143
8.7200	5571
8.7240	5868
8.7280	6317
8.7320	6192
8.7360	5727
8.7400	5983
8.7440	5718
8.7480	5826
8.7520	5949
8.7560	6106
8.7600	5844
8.7640	5611
8.7680	6144
8.7720	5725
8.7760	5984
8.7800	6187
8.7840	6205
8.7880	6051
8.7920	6198
8.7960	6223
8.8000	5845
8.8040	6099
8.8080	5789
8.8120	6259
8.8160	6190
8.8200	5929
8.8240	5892
8.8280	5901
8.8320	5922
8.8360	5716
8.8400	5935
8.8440	6150
8.8480	5674
8.8520	6286
8.8560	6437
8.8600	5731
8.8640	6277
8.8680	6165
8.8720	5693
8.8760	6271
8.8800	5998
8.8840	5604
8.8880	6726
8.8920	6031
8.8960	6048
8.9000	5592
8.9040	6485
8.9080	6404
8.9120	6277
8.9160	6589
8.9200	5986
8.9240	5940
8.9280	6282
8.9320	6572
8.9360	6371
8.9400	6628
8.9440	5871
8.9480	6392
8.9520	6501
8.9560	5811
8.9600	5642
8.9640	6325
8.9680	5764
8.9720	6241
8.9760	6159
8.9800	6330
8.9840	5913
8.9880	5959
8.9920	6073
8.9960	6045
9.0000	6242
9.0040	5801
9.0080	6477
9.0120	5920
9.0160	6283
9.0200	5888
9.0240	5527
9.0280	5853
9.0320	6213
9.0360	6334
9.0400	5800
9.0440	6342
9.0480	6083
9.0520	6317
9.0560	5561
9.0600	6231
9.0640	6202
9.0680	5987
9.0720	6175
9.0760	6514
9.0800	5848
9.0840	6486
9.0880	6267
9.0920	6149
9.0960	6536
9.1000	6424
9.1040	5934
9.1080	6266
9.1120	6385
9.1160	5660
9.1200	5978
9.1240	5815
9.1280	5985
9.1320	6464
9.1360	6649
9.1400	6165
9.1440	6091
9.1480	6127
9.1520	5964
9.1560	6199
9.1600	5901
9.1640	6370
9.1680	6600
9.1720	6456
9.1760	6441
9.1800	5762
9.1840	6305
9.1880	6198
9.1920	5731
9.1960	5592
9.2000	5603
9.2040	6325
9.2080	6485
9.2120	5982
9.2160	5707
9.2200	5802
9.2240	5671
9.2280	5839
9.2320	5880
9.2360	5684
9.2400	5826
9.2440	5871
9.2480	6558
9.2520	5817
9.2560	6351
9.2600	6543
9.2640	5844
9.2680	6321
9.2720	5781
9.2760	5900
9.2800	6170
9.2840	6373
9.2880	6353
9.2920	5901
9.2960	5814
9.3000	6007
9.3040	5758
9.3080	6225
9.3120	6214
9.3160	6420
9.3200	5787
9.3240	6089
9.3280	5978
9.3320	6202
9.3360	6366
9.3400	6614
9.3440	5861
9.3480	6102
9.3520	5870
9.3560	6017
9.3600	5821
9.3640	5760
9.3680	5693
9.3720	5569
9.3760	5711
9.3800	5741
9.3840	6202
9.3880	5796
9.3920	5620
9.3960	6116
9.4000	5553
9.4040	5906
9.4080	5759
9.4120	5933
9.4160	6069
9.4200	6423
9.4240	5904
9.4280	5900
9.4320	5789
9.4360	6095
9.4400	5702
9.4440	6224
9.4480	5741
9.4520	6549
9.4560	6373
9.4600	5838
9.4640	6504
9.4680	6304
9.4720	6096
9.4760	5873
9.4800	5939
9.4840	5648
9.4880	6123
9.4920	6396
9.4960	6045
9.5000	6308
9.5040	6705
9.5080	6585
9.5120	6160
9.5160	6609
9.5200	5732
9.5240	6141
9.5280	5861
9.5320	5659
9.5360	6121
9.5400	6453
9.5440	6505
9.5480	5668
9.5520	5721
9.5560	5641
9.5600	5548
9.5640	5926
9.5680	6221
9.5720	5996
9.5760	5876
9.5800	6152
9.5840	6082
9.5880	5844
9.5920	6365
9.5960	5641
9.6000	6629
9.6040	6144
9.6080	5866
9.6120	6505
9.6160	6666
9.6200	6018
9.6240	6348
9.6280	6479
9.6320	5942
9.6360	6565
9.6400	6358
9.6440	5814
9.6480	6159
9.6520	6555
9.6560	5844
9.6600	6635
9.6640	6537
9.6680	6200
9.6720	6205
9.6760	6222
9.6800	5752
9.6840	5971
9.6880	5951
9.6920	6120
9.6960	6769
9.7000	6316
9.7040	6775
9.7080	5862
9.7120	6131
9.7160	5851
9.7200	5724
9.7240	5951
9.7280	5753
9.7320	6529
9.7360	6382
9.7400	6052
9.7440	5632
9.7480	5676
9.7520	5652
9.7560	5698
9.7600	5626
9.7640	6132
9.7680	6183
9.7720	6479
9.7760	6113
9.7800	6010
9.7840	5495
9.7880	5934
9.7920	5459
9.7960	5845
9.8000	5716
9.8040	5761
9.8080	6473
9.8120	6602
9.8160	5805
9.8200	5543
9.8240	6416
9.8280	6330
9.8320	5989
9.8360	6120
9.8400	5937
9.8440	5870
9.8480	6131
9.8520	6437
9.8560	6647
9.8600	6441
9.8640	6159
9.8680	5798
9.8720	6119
9.8760	5903
9.8800	6417
9.8840	6339
9.8880	5858
9.8920	6298
9.8960	6480
9.9000	5735
9.9040	5860
9.9080	6088
9.9120	6151
9.9160	5633
9.9200	5594
9.9240	5709
9.9280	5807
9.9320	6397
9.9360	6694
9.9400	5779
9.9440	6367
9.9480	6465
9.9520	6082
9.9560	5973
9.9600	5705
9.9640	5999
9.9680	6411
9.9720	5863
9.9760	5725
9.9800	6072
9.9840	6523
9.9880	6426
9.9920	5863
9.9960	5975
10.0000	6391
10.0040	6581
10.0080	5606
10.0120	5936
10.0160	6014
10.0200	6395
10.0240	5962
10.0280	6006
10.0320	6353
10.0360	6505
10.0400	6131
10.0440	5844
10.0480	5807
10.0520	6014
10.0560	5978
10.0600	5682
10.0640	5720
10.0680	6465
10.0720	6406
10.0760	6388
10.0800	5788
10.0840	5923
10.0880	5772
10.0920	5942
10.0960	6043
10.1000	5947
10.1040	6303
10.1080	6245
10.1120	6435
10.1160	6139
10.1200	6383
10.1240	6589
10.1280	5631
10.1320	6542
10.1360	5994
10.1400	6550
10.1440	6503
10.1480	6646
10.1520	6451
10.1560	6354
10.1600	6304
10.1640	6018
10.1680	6524
10.1720	5995
10.1760	6702
10.1800	6178
10.1840	6743
10.1880	6366
10.1920	6556
10.1960	6405
10.2000	5812
10.2040	6364
10.2080	6032
10.2120	5989
10.2160	6381
10.2200	6662
10.2240	5982
10.2280	5933
10.2320	6694
10.2360	5821
10.2400	6389
10.2440	5776
10.2480	6100
10.2520	6126
10.2560	6018
10.2600	6024
10.2640	5588
10.2680	6368
10.2720	5703
10.2760	5526
10.2800	5688
10.2840	5574
10.2880	5798
10.2920	5753
10.2960	6578
10.3000	5695
10.3040	5939
10.3080	5592
10.3120	6092
10.3160	5701
10.3200	5719
10.3240	5573
10.3280	6141
10.3320	6383
10.3360	5729
10.3400	6388
10.3440	5875
10.3480	6272
10.3520	5886
10.3560	6025
10.3600	5692
10.3640	6281
10.3680	6274
10.3720	6046
10.3760	6568
10.3800	5942
10.3840	5839
10.3880	5904
10.3920	5740
10.3960	5984
10.4000	5902
10.4040	6234
10.4080	6644
10.4120	6472
10.4160	6178
10.4200	5726
10.4240	5709
10.4280	5810
10.4320	6173
10.4360	6075
10.4400	6114
10.4440	6121
10.4480	6259
10.4520	6263
10.4560	5631
10.4600	5773
10.4640	5411
10.4680	6019
10.4720	5851
10.4760	6624
10.4800	5709
10.4840	6433
10.4880	5772
10.4920	5806
10.4960	5876
10.5000	6219
10.5040	6025
10.5080	5797
10.5120	6613
10.5160	6497
10.5200	6241
10.5240	5610
10.5280	5839
10.5320	5775
10.5360	5989
10.5400	6029
10.5440	6006
10.5480	6396
10.5520	6612
10.5560	6365
10.5600	6236
10.5640	6322
10.5680	6353
10.5720	6170
10.5760	6150
10.5800	5866
10.5840	5921
10.5880	6610
10.5920	6422
10.5960	6250
10.6000	6556
10.6040	6314
10.6080	5595
10.6120	5829
10.6160	5622
10.6200	5698
10.6240	5545
10.6280	5672
10.6320	6414
10.6360	6350
10.6400	6321
10.6440	5559
10.6480	5794
10.6520	5784
10.6560	6217
10.6600	5566
10.6640	5734
10.6680	5982
10.6720	6645
10.6760	6321
10.6800	5969
10.6840	5970
10.6880	6259
10.6920	6160
10.6960	5629
10.7000	5995
10.7040	5650
10.7080	6245
10.7120	5871
10.7160	6151
10.7200	6527
10.7240	6720
10.7280	6106
10.7320	6030
10.7360	6050
10.7400	6084
10.7440	6243
10.7480	5887
10.7520	6261
10.7560	6664
10.7600	6677
10.7640	5676
10.7680	5967
10.7720	5935
10.7760	6116
10.7800	5951
10.7840	5904
10.7880	5894
10.7920	6303
10.7960	6393
10.8000	5587
10.8040	5622
10.8080	5426
10.8120	5942
10.8160	5689
10.8200	5845
10.8240	5552
10.8280	6653
10.8320	6343
10.8360	6208
10.8400	5434
10.8440	6418
10.8480	6038
10.8520	6010
10.8560	6275
10.8600	5871
10.8640	6510
10.8680	6379
10.8720	5965
10.8760	5708
10.8800	6213
10.8840	5965
10.8880	6108
10.8920	6053
10.8960	5806
10.9000	6501
10.9040	6645
10.9080	5702
10.9120	5986
10.9160	6137
10.9200	6485
10.9240	5911
10.9280	5955
10.9320	5884
10.9360	6214
10.9400	6230
10.9440	5687
10.9480	6188
10.9520	5674
10.9560	6348
10.9600	6156
10.9640	5604
10.9680	6447
10.9720	6470
10.9760	5681
10.9800	5965
10.9840	5789
10.9880	5559
10.9920	5923
10.9960	6120
11.0000	6355
11.0040	6031
11.0080	6590
11.0120	5984
11.0160	6205
11.0200	5756
11.0240	5994
11.0280	5786
11.0320	6049
11.0360	5799
11.0400	6475
11.0440	6534
11.0480	6477
11.0520	6116
11.0560	5543
11.0600	6006
11.0640	5659
11.0680	6359
11.0720	6423
11.0760	6189
11.0800	5683
11.0840	5950
11.0880	6181
11.0920	5934
11.0960	5803
11.1000	6629
11.1040	6753
11.1080	5700
11.1120	6425
11.1160	6866
11.1200	6470
11.1240	6202
11.1280	5783
11.1320	5886
11.1360	6093
11.1400	6256
11.1440	6414
11.1480	6032
11.1520	6491
11.1560	6178
11.1600	6304
11.1640	6361
11.1680	6408
11.1720	5860
11.1760	5556
11.1800	6137
11.1840	5594
11.1880	6501
11.1920	5755
11.1960	6022
11.2000	6375
11.2040	5854
11.2080	6484
11.2120	5984
11.2160	5810
11.2200	5611
11.2240	5790
11.2280	5773
11.2320	6614
11.2360	6357
11.2400	6604
11.2440	5941
11.2480	5925
11.2520	5849
11.2560	5965
11.2600	5921
11.2640	5862
11.2680	6106
11.2720	6741
11.2760	6558
11.2800	5962
11.2840	5771
11.2880	6395
11.2920	5903
11.2960	5936
11.3000	5591
11.3040	5644
11.3080	5815
11.3120	5907
11.3160	5779
11.3200	6052
11.3240	6322
11.3280	6362
11.3320	5865
11.3360	5840
11.3400	5737
11.3440	5836
11.3480	5652
11.3520	6564
11.3560	6244
11.3600	6078
11.3640	5785
11.3680	6250
11.3720	5493
11.3760	6122
11.3800	6085
11.3840	5989
11.3880	6306
11.3920	6587
11.3960	6936
11.4000	6915
11.4040	6671
11.4080	5389
11.4120	5960
11.4160	5834
11.4200	5812
11.4240	5488
11.4280	6943
11.4320	6532
11.4360	7345
11.4400	6166
11.4440	6659
11.4480	6024
11.4520	6084
11.4560	6094
11.4600	5906
11.4640	6023
11.4680	7391
11.4720	7213
11.4760	6938
11.4800	5724
11.4840	5608
11.4880	5382
11.4920	5678
11.4960	5670
11.5000	6644
11.5040	6672
11.5080	7085
11.5120	7009
11.5160	6394
11.5200	5424
11.5240	5453
11.5280	6135
11.5320	6105
11.5360	6576
11.5400	6324
11.5440	6796
11.5480	6740
11.5520	6323
11.5560	5853
11.5600	5624
11.5640	5527
11.5680	5834
11.5720	6316
11.5760	6283
11.5800	6694
11.5840	6266
11.5880	5948
11.5920	6720
11.5960	5521
11.6000	5727
11.6040	6136
11.6080	6326
11.6120	5945
11.6160	6360
11.6200	6054
11.6240	5974
11.6280	6499
11.6320	6430
11.6360	6207
11.6400	6228
11.6440	5782
11.6480	6485
11.6520	6701
11.6560	6019
11.6600	5685
11.6640	5809
11.6680	5712
11.6720	5869
11.6760	6084
11.6800	5273
11.6840	5466
11.6880	6165
11.6920	5869
11.6960	6057
11.7000	6227
11.7040	6262
11.7080	5578
11.7120	5705
11.7160	5943
11.7200	6371
11.7240	6098
11.7280	6613
11.7320	6258
11.7360	6200
11.7400	6436
11.7440	6344
11.7480	6583
11.7520	6116
11.7560	6471
11.7600	6028
11.7640	6554
11.7680	5874
11.7720	6111
11.7760	6380
11.7800	6807
11.7840	6649
11.7880	6710
11.7920	5937
11.7960	6611
11.8000	6420
11.8040	5988
11.8080	6079
11.8120	6422
11.8160	6496
11.8200	6867
11.8240	6452
11.8280	6021
11.8320	6168
11.8360	5946
11.8400	5757
11.8440	6258
11.8480	6179
11.8520	5880
11.8560	6482
11.8600	6536
11.8640	5638
11.8680	6225
11.8720	6222
11.8760	6522
11.8800	5945
11.8840	6060
11.8880	5775
11.8920	6018
11.8960	5678
11.9000	6172
11.9040	6301
11.9080	6466
11.9120	6357
11.9160	6317
11.9200	5865
11.9240	5911
11.9280	5792
11.9320	5677
11.9360	5774
11.9400	5967
11.9440	6842
11.9480	6300
11.9520	6816
11.9560	6579
11.9600	5854
11.9640	5993
11.9680	6181
11.9720	5620
11.9760	6276
11.9800	6548
11.9840	6748
11.9880	6619
11.9920	6795
11.9960	6224
12.0000	6031
12.0040	6535
12.0080	5796
12.0120	5614
12.0160	5688
12.0200	5668
12.0240	6280
12.0280	6350
12.0320	6394
12.0360	5983
12.0400	5588
12.0440	5639
12.0480	5483
12.0520	5849
12.0560	6206
12.0600	5595
12.0640	6777
12.0680	6060
12.0720	6669
12.0760	5519
12.0800	6308
12.0840	5898
12.0880	6256
12.0920	6076
12.0960	5654
12.1000	6422
12.1040	6355
12.1080	6516
12.1120	5859
12.1160	5852
12.1200	5710
12.1240	5847
12.1280	6142
12.1320	6502
12.1360	5741
12.1400	6155
12.1440	6220
12.1480	6167
12.1520	6237
12.1560	6146
12.1600	5986
12.1640	6038
12.1680	6561
12.1720	5835
12.1760	5991
12.1800	5969
12.1840	6046
12.1880	6424
12.1920	6448
12.1960	6274
12.2000	6115
12.2040	6342
12.2080	5741
12.2120	5972
12.2160	5974
12.2200	6012
12.2240	6396
12.2280	6574
12.2320	5684
12.2360	6186
12.2400	5643
12.2440	5911
12.2480	6157
12.2520	6031
12.2560	6143
12.2600	6055
12.2640	6289
12.2680	6689
12.2720	5746
12.2760	5559
12.2800	6251
12.2840	6204
12.2880	5895
12.2920	6037
12.2960	6038
12.3000	6548
12.3040	6460
12.3080	5632
12.3120	6114
12.3160	6403
12.3200	5956
12.3240	6146
12.3280	6350
12.3320	6450
12.3360	6314
12.3400	6377
12.3440	5965
12.3480	5747
12.3520	6179
12.3560	5684
12.3600	5865
12.3640	5511
12.3680	6132
12.3720	6337
12.3760	5616
12.3800	5759
12.3840	5606
12.3880	6068
12.3920	5743
12.3960	6560
12.4000	5721
12.4040	6092
12.4080	6376
12.4120	5734
12.4160	5667
12.4200	5511
12.4240	5804
12.4280	5532
12.4320	6344
12.4360	6118
12.4400	5736
12.4440	5922
12.4480	5859
12.4520	6070
12.4560	6423
12.4600	5919
12.4640	5913
12.4680	6335
12.4720	6148
12.4760	5967
12.4800	5991
12.4840	6244
12.4880	6120
12.4920	6472
12.4960	5709
12.5000	6582
12.5040	6530
12.5080	5874
12.5120	5823
12.5160	6055
12.5200	5995
12.5240	6701
12.5280	6440
12.5320	5880
12.5360	5879
12.5400	6214
12.5440	6271
12.5480	5817
12.5520	5748
12.5560	5954
12.5600	6440
12.5640	6229
12.5680	5807
12.5720	6011
12.5760	5588
12.5800	5863
12.5840	5933
12.5880	5810
12.5920	6218
12.5960	6492
12.6000	6543
12.6040	6544
12.6080	5720
12.6120	6087
12.6160	5571
12.6200	5895
12.6240	6087
12.6280	6338
12.6320	6217
12.6360	6712
12.6400	6623
12.6440	6432
12.6480	6276
12.6520	5835
12.6560	6309
12.6600	5537
12.6640	6024
12.6680	6619
12.6720	6437
12.6760	6411
12.6800	6206
12.6840	6352
12.6880	5699
12.6920	6518
12.6960	5961
12.7000	6486
12.7040	6763
12.7080	6699
12.7120	6414
12.7160	6373
12.7200	6096
12.7240	5913
12.7280	5489
12.7320	6324
12.7360	5735
12.7400	6366
12.7440	6530
12.7480	6284
12.7520	6402
12.7560	6392
12.7600	5792
12.7640	5622
12.7680	5819
12.7720	5428
12.7760	6239
12.7800	6385
12.7840	6053
12.7880	5641
12.7920	6438
12.7960	6390
12.8000	5723
12.8040	6178
12.8080	5668
12.8120	5696
12.8160	5984
12.8200	6198
12.8240	6200
12.8280	6619
12.8320	6350
12.8360	5983
12.8400	6434
12.8440	6158
12.8480	6134
12.8520	5899
12.8560	6349
12.8600	6303
12.8640	6328
12.8680	6481
12.8720	6094
12.8760	6006
12.8800	5885
12.8840	6103
12.8880	5818
12.8920	6122
12.8960	5722
12.9000	6598
12.9040	6450
12.9080	6070
12.9120	6131
12.9160	6476
12.9200	6342
12.9240	6254
12.9280	6407
12.9320	6160
12.9360	6189
12.9400	6684
12.9440	5757
12.9480	6012
12.9520	6462
12.9560	6759
12.9600	5683
12.9640	6790
12.9680	5708
12.9720	6525
12.9760	6476
12.9800	5864
12.9840	6717
12.9880	6123
12.9920	6379
12.9960	5810
13.0000	5905
13.0040	5814
13.0080	6170
13.0120	5894
13.0160	6041
13.0200	6326
13.0240	6591
13.0280	6420
13.0320	5877
13.0360	5846
13.0400	6604
13.0440	6369
13.0480	5900
13.0520	5755
13.0560	6560
13.0600	6542
13.0640	6305
13.0680	5954
13.0720	6062
13.0760	6488
13.0800	6278
13.0840	5681
13.0880	5589
13.0920	5629
13.0960	5821
13.1000	6106
13.1040	5908
13.1080	6238
13.1120	6435
13.1160	6001
13.1200	5723
13.1240	5778
13.1280	6156
13.1320	5957
13.1360	6235
13.1400	5707
13.1440	5927
13.1480	5859
13.1520	6660
13.1560	6244
13.1600	6254
13.1640	6210
13.1680	5799
13.1720	6075
13.1760	5713
13.1800	5909
13.1840	6075
13.1880	6829
13.1920	6646
13.1960	6307
13.2000	6010
13.2040	5784
13.2080	5921
13.2120	6180
13.2160	5743
13.2200	6331
13.2240	6662
13.2280	6699
13.2320	6812
13.2360	6826
13.2400	6047
13.2440	5815
13.2480	5679
13.2520	5857
13.2560	5835
13.2600	5993
13.2640	6341
13.2680	6634
13.2720	6210
13.2760	6695
13.2800	5528
13.2840	6154
13.2880	5665
13.2920	5922
13.2960	5648
13.3000	6548
13.3040	6200
13.3080	6588
13.3120	6606
13.3160	6161
13.3200	5609
13.3240	5752
13.3280	5611
13.3320	6159
13.3360	5733
13.3400	6395
13.3440	6082
13.3480	6577
13.3520	6150
13.3560	6070
13.3600	5842
13.3640	5696
13.3680	5934
13.3720	5972
13.3760	6778
13.3800	6451
13.3840	6167
13.3880	6371
13.3920	6600
13.3960	6580
13.4000	5862
13.4040	6263
13.4080	6000
13.4120	6767
13.4160	6543
13.4200	6020
13.4240	6029
13.4280	6546
13.4320	6342
13.4360	5678
13.4400	5700
13.4440	6129
13.4480	6035
13.4520	6582
13.4560	5580
13.4600	5533
13.4640	6163
13.4680	6114
13.4720	5853
13.4760	5639
13.4800	6599
13.4840	5996
13.4880	6585
13.4920	5719
13.4960	5875
13.5000	5722
13.5040	5851
13.5080	5953
13.5120	5872
13.5160	6472
13.5200	6391
13.5240	6189
13.5280	5620
13.5320	6276
13.5360	6197
13.5400	6118
13.5440	5893
13.5480	5975
13.5520	6268
13.5560	6834
13.5600	5862
13.5640	6025
13.5680	6621
13.5720	6782
13.5760	6019
13.5800	6770
13.5840	6289
13.5880	6280
13.5920	6737
13.5960	6357
13.6000	6235
13.6040	6286
13.6080	6277
13.6120	5723
13.6160	6172
13.6200	5967
13.6240	6141
13.6280	6543
13.6320	6277
13.6360	5736
13.6400	6354
13.6440	6382
13.6480	5836
13.6520	5937
13.6560	5995
13.6600	6480
13.6640	6180
13.6680	6214
13.6720	5804
13.6760	6531
13.6800	6520
13.6840	6204
13.6880	6055
13.6920	5786
13.6960	6345
13.7000	5961
13.7040	5823
13.7080	6212
13.7120	6784
13.7160	6556
13.7200	6261
13.7240	5656
13.7280	5989
13.7320	6076
13.7360	6093
13.7400	5944
13.7440	6211
13.7480	6670
13.7520	6565
13.7560	6211
13.7600	5866
13.7640	5857
13.7680	6068
13.7720	6291
13.7760	6573
13.7800	6372
13.7840	6505
13.7880	6029
13.7920	5810
13.7960	5562
13.8000	5703
13.8040	6275
13.8080	6336
13.8120	5786
13.8160	6094
13.8200	6301
13.8240	6233
13.8280	5548
13.8320	5923
13.8360	5665
13.8400	6346
13.8440	6245
13.8480	6695
13.8520	6023
13.8560	6411
13.8600	6274
13.8640	5763
13.8680	5761
13.8720	6070
13.8760	6213
13.8800	5726
13.8840	6233
13.8880	6402
13.8920	6745
13.8960	6353
13.9000	6003
13.9040	5661
13.9080	5914
13.9120	5744
13.9160	5868
13.9200	6016
13.9240	6910
13.9280	6399
13.9320	6637
13.9360	5752
13.9400	5852
13.9440	5836
13.9480	6064
13.9520	6063
13.9560	6320
13.9600	6262
13.9640	6093
13.9680	6483
13.9720	5967
13.9760	5658
13.9800	5707
13.9840	5779
13.9880	5881
13.9920	6177
13.9960	6280
14.0000	6501
14.0040	6100
14.0080	5783
14.0120	6279
14.0160	5578
14.0200	6229
14.0240	5541
14.0280	6244
14.0320	6615
14.0360	6671
14.0400	6098
14.0440	6397
14.0480	6415
14.0520	6247
14.0560	6289
14.0600	5875
14.0640	6410
14.0680	6561
14.0720	6876
14.0760	6578
14.0800	6604
14.0840	6305
14.0880	6473
14.0920	5826
14.0960	5950
14.1000	6374
14.1040	6652
14.1080	6638
14.1120	6646
14.1160	6665
14.1200	6603
14.1240	5870
14.1280	5916
14.1320	5724
14.1360	6375
14.1400	6378
14.1440	6318
14.1480	6105
14.1520	6393
14.1560	6304
14.1600	5787
14.1640	5529
14.1680	5633
14.1720	6353
14.1760	6381
14.1800	6206
14.1840	6322
14.1880	6237
14.1920	6735
14.1960	5700
14.2000	5952
14.2040	6046
14.2080	6835
14.2120	6609
14.2160	6198
14.2200	5750
14.2240	6394
14.2280	6479
14.2320	5823
14.2360	5995
14.2400	5739
14.2440	6631
14.2480	6605
14.2520	6724
14.2560	6631
14.2600	6821
14.2640	6389
14.2680	5940
14.2720	6272
14.2760	6011
14.2800	6781
14.2840	6756
14.2880	6788
14.2920	6674
14.2960	6729
14.3000	6617
14.3040	5778
14.3080	6499
14.3120	5882
14.3160	6483
14.3200	6543
14.3240	6480
14.3280	6384
14.3320	6419
14.3360	6498
14.3400	5672
14.3440	6345
14.3480	6166
14.3520	5972
14.3560	6405
14.3600	6126
14.3640	6621
14.3680	5917
14.3720	6666
14.3760	5820
14.3800	6078
14.3840	5862
14.3880	6213
14.3920	6587
14.3960	6595
14.4000	6534
14.4040	5896
14.4080	6646
14.4120	5780
14.4160	5856
14.4200	5784
14.4240	5757
14.4280	5693
14.4320	6251
14.4360	6505
14.4400	6505
14.4440	6488
14.4480	6375
14.4520	5831
14.4560	6370
14.4600	6505
14.4640	5955
14.4680	5869
14.4720	6690
14.4760	6024
14.4800	6715
14.4840	6122
14.4880	5885
14.4920	6172
14.4960	6289
14.5000	6339
14.5040	5991
14.5080	6186
14.5120	6220
14.5160	6341
14.5200	6173
14.5240	5913
14.5280	6590
14.5320	5821
14.5360	5990
14.5400	6074
14.5440	6504
14.5480	6141
14.5520	6266
14.5560	5963
14.5600	6221
14.5640	6290
14.5680	6536
14.5720	6067
14.5760	5873
14.5800	6492
14.5840	6379
14.5880	6461
14.5920	6226
14.5960	6699
14.6000	6206
14.6040	5932
14.6080	5719
14.6120	6687
14.6160	6327
14.6200	6807
14.6240	6552
14.6280	6256
14.6320	6101
14.6360	5907
14.6400	5732
14.6440	5928
14.6480	6630
14.6520	6693
14.6560	6786
14.6600	5819
14.6640	6210
14.6680	6611
14.6720	5972
14.6760	5960
14.6800	6083
14.6840	6332
14.6880	6468
14.6920	6415
14.6960	6449
14.7000	6634
14.7040	6334
14.7080	6228
14.7120	5583
14.7160	6112
14.7200	5995
14.7240	6494
14.7280	6051
14.7320	6657
14.7360	5712
14.7400	6601
14.7440	5613
14.7480	5988
14.7520	5894
14.7560	5751
14.7600	5700
14.7640	6079
14.7680	6503
14.7720	5922
14.7760	6401
14.7800	6114
14.7840	5944
14.7880	5626
14.7920	6399
14.7960	6103
14.8000	5819
14.8040	6651
14.8080	5855
14.8120	6072
14.8160	6820
14.8200	6045
14.8240	5798
14.8280	5786
14.8320	5953
14.8360	5822
14.8400	6008
14.8440	6137
14.8480	5678
14.8520	6241
14.8560	6294
14.8600	6038
14.8640	5658
14.8680	5708
14.8720	5728
14.8760	5942
14.8800	6597
14.8840	5513
14.8880	5636
14.8920	6402
14.8960	6003
14.9000	6037
14.9040	5853
14.9080	5723
14.9120	6196
14.9160	6316
14.9200	5915
14.9240	6119
14.9280	6464
14.9320	6407
14.9360	6003
14.9400	5943
14.9440	5926
14.9480	6106
14.9520	5898
14.9560	5972
14.9600	6362
14.9640	6094
14.9680	6036
14.9720	6825
14.9760	6067
14.9800	5938
14.9840	6290
14.9880	6211
14.9920	6488
14.9960	6822
15.0000	6069
15.0040	6365
15.0080	6612
15.0120	6404
15.0160	5826
15.0200	6039
15.0240	6348
15.0280	6093
15.0320	6639
15.0360	6383
15.0400	6413
15.0440	6314
15.0480	5521
15.0520	5814
15.0560	5663
15.0600	6458
15.0640	6255
15.0680	6562
15.0720	6494
15.0760	6486
15.0800	5907
15.0840	6673
15.0880	6007
15.0920	6638
15.0960	5598
15.1000	5834
15.1040	6637
15.1080	6194
15.1120	6411
15.1160	6073
15.1200	5832
15.1240	5612
15.1280	6783
15.1320	6266
15.1360	6748
15.1400	6405
15.1440	6487
15.1480	6590
15.1520	6494
15.1560	5856
15.1600	5919
15.1640	6218
15.1680	6415
15.1720	6574
15.1760	6801
15.1800	6536
15.1840	6640
15.1880	5924
15.1920	6192
15.1960	5698
15.2000	6252
15.2040	6521
15.2080	6376
15.2120	5894
15.2160	6037
15.2200	6475
15.2240	6093
15.2280	5803
15.2320	5950
15.2360	6420
15.2400	6555
15.2440	6240
15.2480	6588
15.2520	6049
15.2560	6727
15.2600	6006
15.2640	6383
15.2680	5780
15.2720	6023
15.2760	5771
15.2800	6549
15.2840	6354
15.2880	6178
15.2920	6610
15.2960	6127
15.3000	6148
15.3040	6488
15.3080	6669
15.3120	5953
15.3160	6640
15.3200	6552
15.3240	6604
15.3280	6675
15.3320	6777
15.3360	6522
15.3400	6849
15.3440	6504
15.3480	6503
15.3520	6445
15.3560	6668
15.3600	6506
15.3640	6620
15.3680	6066
15.3720	5985
15.3760	6108
15.3800	6337
15.3840	6535
15.3880	6489
15.3920	6375
15.3960	6465
15.4000	6370
15.4040	6259
15.4080	5976
15.4120	6183
15.4160	6257
15.4200	6429
15.4240	6326
15.4280	6628
15.4320	6325
15.4360	6725
15.4400	6155
15.4440	6654
15.4480	6578
15.4520	6440
15.4560	6164
15.4600	6313
15.4640	6562
15.4680	6003
15.4720	6630
15.4760	5731
15.4800	6362
15.4840	6225
15.4880	6738
15.4920	5820
15.4960	6427
15.5000	6630
15.5040	6531
15.5080	6324
15.5120	6264
15.5160	6707
15.5200	6391
15.5240	6661
15.5280	6255
15.5320	6332
15.5360	6542
15.5400	6598
15.5440	6541
15.5480	6437
15.5520	6380
15.5560	6076
15.5600	6313
15.5640	5694
15.5680	5943
15.5720	6211
15.5760	6001
15.5800	6345
15.5840	6194
15.5880	6363
15.5920	6475
15.5960	6401
15.6000	5847
15.6040	6264
15.6080	5788
15.6120	6344
15.6160	5928
15.6200	5887
15.6240	6514
15.6280	6247
15.6320	6580
15.6360	6420
15.6400	6500
15.6440	6196
15.6480	6372
15.6520	5850
15.6560	5771
15.6600	6535
15.6640	6074
15.6680	6718
15.6720	6623
15.6760	6387
15.6800	6673
15.6840	5845
15.6880	5811
15.6920	6167
15.6960	6399
15.7000	6037
15.7040	6853
15.7080	6550
15.7120	6679
15.7160	6552
15.7200	6251
15.7240	5750
15.7280	6328
15.7320	6301
15.7360	6578
15.7400	6046
15.7440	6412
15.7480	6078
15.7520	6038
15.7560	6522
15.7600	6012
15.7640	5878
15.7680	5993
15.7720	6459
15.7760	5851
15.7800	6616
15.7840	5837
15.7880	5982
15.7920	6352
15.7960	6292
15.8000	5693
15.8040	6123
15.8080	6293
15.8120	6497
15.8160	6429
15.8200	6466
15.8240	6414
15.8280	6466
15.8320	6471
15.8360	6425
15.8400	6430
15.8440	6262
15.8480	6105
15.8520	6184
15.8560	6464
15.8600	6508
15.8640	6685
15.8680	6641
15.8720	6778
15.8760	6733
15.8800	6826
15.8840	6587
15.8880	6471
15.8920	6478
15.8960	6607
15.9000	6643
15.9040	6269
15.9080	6468
15.9120	6379
15.9160	6348
15.9200	6409
15.9240	6195
15.9280	6370
15.9320	6449
15.9360	6542
15.9400	6023
15.9440	6358
15.9480	6179
15.9520	6488
15.9560	6454
15.9600	6580
15.9640	5702
15.9680	6493
15.9720	5910
15.9760	6314
15.9800	6258
15.9840	6677
15.9880	6435
15.9920	6557
15.9960	6702
16.0000	5951
16.0040	5993
16.0080	6466
16.0120	6450
16.0160	6527
16.0200	6570
16.0240	6078
16.0280	6624
16.0320	6145
16.0360	6009
16.0400	6423
16.0440	6485
16.0480	6285
16.0520	6572
16.0560	6902
16.0600	6836
16.0640	6632
16.0680	6539
16.0720	6374
16.0760	6815
16.0800	6555
16.0840	6355
16.0880	6504
16.0920	6070
16.0960	5921
16.1000	6431
16.1040	6178
16.1080	6450
16.1120	6557
16.1160	6610
16.1200	6190
16.1240	6115
16.1280	6406
16.1320	5984
16.1360	6060
16.1400	6846
16.1440	6461
16.1480	6767
16.1520	6395
16.1560	6288
16.1600	6425
16.1640	6130
16.1680	5965
16.1720	6576
16.1760	6201
16.1800	6502
16.1840	6721
16.1880	6514
16.1920	6851
16.1960	6422
16.2000	6313
16.2040	6446
16.2080	6339
16.2120	6640
16.2160	6126
16.2200	5850
16.2240	6570
16.2280	6155
16.2320	6229
16.2360	6895
16.2400	6593
16.2440	6125
16.2480	6556
16.2520	5795
16.2560	5988
16.2600	6587
16.2640	6127
16.2680	6076
16.2720	6370
16.2760	6162
16.2800	6191
16.2840	6113
16.2880	6093
16.2920	6015
16.2960	6590
16.3000	6272
16.3040	6721
16.3080	6255
16.3120	6376
16.3160	5997
16.3200	6350
16.3240	6156
16.3280	6127
16.3320	6221
16.3360	6785
16.3400	6480
16.3440	6750
16.3480	6114
16.3520	5925
16.3560	6551
16.3600	6109
16.3640	6521
16.3680	6008
16.3720	6359
16.3760	6537
16.3800	6631
16.3840	6642
16.3880	6425
16.3920	6007
16.3960	6912
16.4000	6299
16.4040	6497
16.4080	6482
16.4120	6470
16.4160	6483
16.4200	6469
16.4240	5907
16.4280	6321
16.4320	6828
16.4360	6491
16.4400	6527
16.4440	6273
16.4480	6450
16.4520	6097
16.4560	6311
16.4600	5650
16.4640	5862
16.4680	6245
16.4720	6204
16.4760	6617
16.4800	6272
16.4840	6580
16.4880	6451
16.4920	6638
16.4960	6298
16.5000	6874
16.5040	6266
16.5080	6465
16.5120	6193
16.5160	6066
16.5200	6585
16.5240	5912
16.5280	6387
16.5320	6166
16.5360	6326
16.5400	6383
16.5440	6809
16.5480	6383
16.5520	6799
16.5560	6270
16.5600	5882
16.5640	6423
16.5680	6354
16.5720	6516
16.5760	6597
16.5800	6546
16.5840	6608
16.5880	6762
16.5920	6349
16.5960	6612
16.6000	6338
16.6040	6002
16.6080	6681
16.6120	6543
16.6160	6488
16.6200	6603
16.6240	6595
16.6280	6118
16.6320	6518
16.6360	5532
16.6400	5909
16.6440	6119
16.6480	5810
16.6520	6284
16.6560	6452
16.6600	6222
16.6640	6629
16.6680	6510
16.6720	6846
16.6760	6538
16.6800	6780
16.6840	6379
16.6880	6649
16.6920	6494
16.6960	6676
16.7000	6450
16.7040	6479
16.7080	6650
16.7120	6601
16.7160	6933
16.7200	6215
16.7240	6205
16.7280	6283
16.7320	6781
16.7360	6447
16.7400	6779
16.7440	6542
16.7480	6799
16.7520	6659
16.7560	6875
16.7600	6762
16.7640	6718
16.7680	6580
16.7720	6896
16.7760	6201
16.7800	6625
16.7840	5973
16.7880	6306
16.7920	6416
16.7960	6590
16.8000	6642
16.8040	6194
16.8080	6225
16.8120	6395
16.8160	6392
16.8200	6541
16.8240	6247
16.8280	6434
16.8320	6218
16.8360	6193
16.8400	6407
16.8440	6205
16.8480	5986
16.8520	6659
16.8560	6389
16.8600	6562
16.8640	6241
16.8680	6652
16.8720	6630
16.8760	6533
16.8800	6617
16.8840	6406
16.8880	6676
16.8920	5933
16.8960	6621
16.9000	6332
16.9040	6618
16.9080	6635
16.9120	6716
16.9160	6467
16.9200	6820
16.9240	6501
16.9280	6622
16.9320	6382
16.9360	6989
16.9400	6477
16.9440	6638
16.9480	6830
16.9520	6352
16.9560	6642
16.9600	6317
16.9640	6520
16.9680	6278
16.9720	6607
16.9760	6615
16.9800	6438
16.9840	6267
16.9880	6469
16.9920	5861
16.9960	6575
17.0000	5906
17.0040	6273
17.0080	6112
17.0120	6249
17.0160	6765
17.0200	6417
17.0240	6521
17.0280	6200
17.0320	6793
17.0360	6119
17.0400	6372
17.0440	6201
17.0480	6375
17.0520	6319
17.0560	6109
17.0600	6393
17.0640	5806
17.0680	6737
17.0720	5933
17.0760	6491
17.0800	6146
17.0840	6619
17.0880	6658
17.0920	6598
17.0960	6075
17.1000	6574
17.1040	6324
17.1080	6053
17.1120	6556
17.1160	6231
17.1200	6518
17.1240	6595
17.1280	6376
17.1320	5729
17.1360	6235
17.1400	5814
17.1440	5833
17.1480	6463
17.1520	6261
17.1560	6679
17.1600	6119
17.1640	6561
17.1680	5622
17.1720	5735
17.1760	6351
17.1800	5751
17.1840	5869
17.1880	6145
17.1920	5652
17.1960	6604
17.2000	5586
17.2040	6551
17.2080	5743
17.2120	6563
17.2160	5835
17.2200	5818
17.2240	6342
17.2280	6562
17.2320	6483
17.2360	6121
17.2400	6044
17.2440	5818
17.2480	6579
17.2520	6323
17.2560	6791
17.2600	6325
17.2640	5975
17.2680	5678
17.2720	6554
17.2760	5932
17.2800	5902
17.2840	6351
17.2880	6724
17.2920	6608
17.2960	6544
17.3000	5851
17.3040	5870
17.3080	6584
17.3120	5982
17.3160	6020
17.3200	5937
17.3240	5986
17.3280	6277
17.3320	6105
17.3360	5733
17.3400	5645
17.3440	6467
17.3480	5790
17.3520	5994
17.3560	6485
17.3600	6239
17.3640	6258
17.3680	6099
17.3720	5639
17.3760	6204
17.3800	6361
17.3840	6357
17.3880	6372
17.3920	6805
17.3960	6219
17.4000	6231
17.4040	6304
17.4080	5801
17.4120	6471
17.4160	6581
17.4200	6645
17.4240	6264
17.4280	6726
17.4320	6543
17.4360	6585
17.4400	6434
17.4440	6670
17.4480	6435
17.4520	6745
17.4560	6670
17.4600	6796
17.4640	6695
17.4680	6868
17.4720	6612
17.4760	6737
17.4800	6382
17.4840	6154
17.4880	6437
17.4920	6714
17.4960	6352
17.5000	6193
17.5040	6101
17.5080	6359
17.5120	6598
17.5160	6112
17.5200	6251
17.5240	6539
17.5280	6479
17.5320	6373
17.5360	5942
17.5400	6310
17.5440	6501
17.5480	6289
17.5520	5741
17.5560	6427
17.5600	6354
17.5640	6310
17.5680	6217
17.5720	6268
17.5760	6034
17.5800	6664
17.5840	6158
17.5880	5988
17.5920	6244
17.5960	6330
17.6000	6576
17.6040	6406
17.6080	6710
17.6120	5779
17.6160	6056
17.6200	6471
17.6240	6165
17.6280	5952
17.6320	6310
17.6360	6266
17.6400	6693
17.6440	6036
17.6480	5975
17.6520	6226
17.6560	6822
17.6600	6503
17.6640	6495
17.6680	5905
17.6720	5889
17.6760	5935
17.6800	6306
17.6840	5664
17.6880	5970
17.6920	6434
17.6960	6436
17.7000	6445
17.7040	6094
17.7080	5569
17.7120	5806
17.7160	6547
17.7200	6105
17.7240	6214
17.7280	6663
17.7320	5795
17.7360	6233
17.7400	5935
17.7440	6214
17.7480	6005
17.7520	6030
17.7560	6179
17.7600	6548
17.7640	6474
17.7680	6159
17.7720	6526
17.7760	6243
17.7800	5862
17.7840	6005
17.7880	6641
17.7920	6520
17.7960	6004
17.8000	6564
17.8040	5969
17.8080	5709
17.8120	6301
17.8160	5714
17.8200	6327
17.8240	6593
17.8280	6689
17.8320	6701
17.8360	6519
17.8400	6325
17.8440	6600
17.8480	6117
17.8520	6087
17.8560	6457
17.8600	6357
17.8640	6361
17.8680	6448
17.8720	6228
17.8760	5654
17.8800	6167
17.8840	6078
17.8880	5653
17.8920	6481
17.8960	6518
17.9000	6594
17.9040	6236
17.9080	6638
17.9120	6017
17.9160	6661
17.9200	6353
17.9240	6172
17.9280	6534
17.9320	6459
17.9360	6545
17.9400	5988
17.9440	6660
17.9480	5622
17.9520	6209
17.9560	6372
17.9600	6207
17.9640	6370
17.9680	6684
17.9720	6484
17.9760	6645
17.9800	6359
17.9840	6066
17.9880	6730
17.9920	6458
17.9960	6416
18.0000	6541
18.0040	6664
18.0080	6549
18.0120	6110
18.0160	6764
18.0200	5961
18.0240	6633
18.0280	5979
18.0320	6327
18.0360	6431
18.0400	6502
18.0440	6186
18.0480	6169
18.0520	6392
18.0560	5659
18.0600	5967
18.0640	6142
18.0680	6110
18.0720	6346
18.0760	6422
18.0800	6149
18.0840	5533
18.0880	6686
18.0920	5782
18.0960	6526
18.1000	6339
18.1040	6382
18.1080	6676
18.1120	6559
18.1160	6492
18.1200	6395
18.1240	6496
18.1280	6347
18.1320	6704
18.1360	6477
18.1400	6825
18.1440	6208
18.1480	6766
18.1520	6301
18.1560	6553
18.1600	6382
18.1640	6457
18.1680	6533
18.1720	6699
18.1760	6512
18.1800	6470
18.1840	6613
18.1880	6602
18.1920	6375
18.1960	6802
18.2000	6578
18.2040	6654
18.2080	6119
18.2120	6550
18.2160	6377
18.2200	6529
18.2240	6299
18.2280	6470
18.2320	6196
18.2360	6664
18.2400	6471
18.2440	6401
18.2480	6440
18.2520	6713
18.2560	6411
18.2600	6728
18.2640	6329
18.2680	6561
18.2720	6512
18.2760	6571
18.2800	6583
18.2840	5780
18.2880	6257
18.2920	5993
18.2960	6213
18.3000	6469
18.3040	6812
18.3080	6460
18.3120	6654
18.3160	6336
18.3200	6812
18.3240	6592
18.3280	6584
18.3320	6186
18.3360	6814
18.3400	6472
18.3440	6712
18.3480	6777
18.3520	5946
18.3560	6101
18.3600	6701
18.3640	6472
18.3680	6589
18.3720	6398
18.3760	6413
18.3800	6526
18.3840	6529
18.3880	5979
18.3920	6011
18.3960	6519
18.4000	6420
18.4040	6057
18.4080	6073
18.4120	6188
18.4160	5694
18.4200	6322
18.4240	6143
18.4280	6032
18.4320	6425
18.4360	6076
18.4400	6517
18.4440	6454
18.4480	6544
18.4520	6087
18.4560	6519
18.4600	6165
18.4640	6089
18.4680	6452
18.4720	6290
18.4760	5823
18.4800	6197
18.4840	5850
18.4880	5486
18.4920	6797
18.4960	5923
18.5000	6131
18.5040	5845
18.5080	6791
18.5120	6613
18.5160	6596
18.5200	6403
18.5240	5870
18.5280	6656
18.5320	5862
18.5360	6249
18.5400	6729
18.5440	6546
18.5480	6017
18.5520	5988
18.5560	6728
18.5600	5720
18.5640	6407
18.5680	5752
18.5720	5701
18.5760	6053
18.5800	6302
18.5840	5559
18.5880	5608
18.5920	6307
18.5960	6195
18.6000	6369
18.6040	6290
18.6080	6288
18.6120	6820
18.6160	6071
18.6200	5911
18.6240	5723
18.6280	6748
18.6320	5695
18.6360	6070
18.6400	6149
18.6440	6347
18.6480	6543
18.6520	5912
18.6560	5882
18.6600	6292
18.6640	6150
18.6680	6367
18.6720	6522
18.6760	6195
18.6800	6594
18.6840	6511
18.6880	6730
18.6920	5743
18.6960	6344
18.7000	6180
18.7040	6255
18.7080	5940
18.7120	6016
18.7160	6705
18.7200	6478
18.7240	6391
18.7280	6160
18.7320	6399
18.7360	6139
18.7400	6438
18.7440	6139
18.7480	5703
18.7520	5752
18.7560	6540
18.7600	6433
18.7640	5677
18.7680	6147
18.7720	5874
18.7760	6146
18.7800	5896
18.7840	5974
18.7880	6247
18.7920	6204
18.7960	5838
18.8000	6593
18.8040	6281
18.8080	6261
18.8120	5987
18.8160	6589
18.8200	6093
18.8240	6413
18.8280	6613
18.8320	5675
18.8360	5779
18.8400	6245
18.8440	5847
18.8480	6251
18.8520	6971
18.8560	6097
18.8600	6117
18.8640	6260
18.8680	6552
18.8720	6396
18.8760	6743
18.8800	6296
18.8840	6540
18.8880	5933
18.8920	6487
18.8960	6540
18.9000	6149
18.9040	5698
18.9080	6310
18.9120	6465
18.9160	6482
18.9200	6628
18.9240	6383
18.9280	5928
18.9320	6318
18.9360	6514
18.9400	6191
18.9440	5922
18.9480	6573
18.9520	6362
18.9560	6375
18.9600	5842
18.9640	6714
18.9680	6019
18.9720	5945
18.9760	6165
18.9800	6826
18.9840	6329
18.9880	6622
18.9920	6441
18.9960	5889
19.0000	5752
19.0040	5947
19.0080	5855
19.0120	5780
19.0160	6605
19.0200	6087
19.0240	6763
19.0280	6468
19.0320	6903
19.0360	5820
19.0400	6029
19.0440	6063
19.0480	6638
19.0520	6497
19.0560	6247
19.0600	6557
19.0640	6508
19.0680	5910
19.0720	5919
19.0760	5800
19.0800	5822
19.0840	6312
19.0880	6204
19.0920	6222
19.0960	6475
19.1000	6171
19.1040	5973
19.1080	5711
19.1120	5830
19.1160	5952
19.1200	5828
19.1240	6172
19.1280	6154
19.1320	5916
19.1360	6564
19.1400	6332
19.1440	6535
19.1480	5527
19.1520	6236
19.1560	5942
19.1600	6611
19.1640	6098
19.1680	6339
19.1720	6578
19.1760	6631
19.1800	6381
19.1840	5615
19.1880	6063
19.1920	5636
19.1960	6684
19.2000	5985
19.2040	6522
19.2080	6486
19.2120	6826
19.2160	6298
19.2200	6036
19.2240	5939
19.2280	6524
19.2320	6178
19.2360	6216
19.2400	6757
19.2440	6551
19.2480	6377
19.2520	6527
19.2560	5946
19.2600	5714
19.2640	5997
19.2680	6508
19.2720	6577
19.2760	6330
19.2800	6433
19.2840	6358
19.2880	6012
19.2920	5611
19.2960	5650
19.3000	6205
19.3040	6512
19.3080	6341
19.3120	5883
19.3160	6681
19.3200	6250
19.3240	6540
19.3280	5555
19.3320	5902
19.3360	6123
19.3400	6624
19.3440	6331
19.3480	6618
19.3520	6474
19.3560	5975
19.3600	6527
19.3640	5725
19.3680	5929
19.3720	6228
19.3760	6682
19.3800	6110
19.3840	6355
19.3880	6626
19.3920	6526
19.3960	6399
19.4000	5937
19.4040	5720
19.4080	6334
19.4120	6841
19.4160	6569
19.4200	6453
19.4240	6758
19.4280	6503
19.4320	6402
19.4360	5680
19.4400	5967
19.4440	6560
19.4480	6589
19.4520	6244
19.4560	6303
19.4600	6431
19.4640	6475
19.4680	6282
19.4720	6499
19.4760	6075
19.4800	6437
19.4840	6413
19.4880	5811
19.4920	5613
19.4960	6601
19.5000	5715
19.5040	6537
19.5080	5654
19.5120	6822
19.5160	6542
19.5200	6377
19.5240	5977
19.5280	5979
19.5320	6602
19.5360	6018
19.5400	6124
19.5440	6017
19.5480	6417
19.5520	6577
19.5560	6388
19.5600	5736
19.5640	6483
19.5680	6542
19.5720	6575
19.5760	6589
19.5800	6484
19.5840	6274
19.5880	6878
19.5920	6491
19.5960	6354
19.6000	5770
19.6040	5980
19.6080	6500
19.6120	6676
19.6160	6376
19.6200	6531
19.6240	6461
19.6280	6610
19.6320	6324
19.6360	6242
19.6400	6415
19.6440	6482
19.6480	6290
19.6520	5842
19.6560	5898
19.6600	6501
19.6640	6023
19.6680	6502
19.6720	6240
19.6760	6781
19.6800	6007
19.6840	6011
19.6880	6362
19.6920	6611
19.6960	6382
19.7000	6453
19.7040	6267
19.7080	6554
19.7120	6499
19.7160	6473
19.7200	5656
19.7240	5511
19.7280	6713
19.7320	6417
19.7360	6277
19.7400	6363
19.7440	6591
19.7480	6174
19.7520	6781
19.7560	6211
19.7600	6281
19.7640	6362
19.7680	6319
19.7720	6211
19.7760	6098
19.7800	6520
19.7840	6368
19.7880	6519
19.7920	6136
19.7960	6334
19.8000	6305
19.8040	5670
19.8080	5712
19.8120	6058
19.8160	6168
19.8200	6119
19.8240	6468
19.8280	6222
19.8320	6590
19.8360	6392
19.8400	6092
19.8440	5595
19.8480	6240
19.8520	6306
19.8560	6619
19.8600	6196
19.8640	6785
19.8680	6301
19.8720	6533
19.8760	6095
19.8800	6024
19.8840	6110
19.8880	6361
19.8920	6060
19.8960	5803
19.9000	6628
19.9040	5606
19.9080	6641
19.9120	5671
19.9160	5907
19.9200	6342
19.9240	6156
19.9280	5786
19.9320	6726
19.9360	6697
19.9400	6501
19.9440	6596
19.9480	6565
19.9520	6217
19.9560	6781
19.9600	6631
19.9640	5844
19.9680	5939
19.9720	6549
19.9760	6282
19.9800	6227
19.9840	5877
19.9880	6587
19.9920	6449
19.9960	6442
