0.0000		429558
0.0500		428479
0.1000		429073
0.1500		428125
0.2000		430045
0.2500		430090
0.3000		430117
0.3500		428223
0.4000		428689
0.4500		427702
0.5000		428269
0.5500		429287
0.6000		429936
0.6500		429914
0.7000		428513
0.7500		429901
0.8000		428554
0.8500		428773
0.9000		428256
0.9500		429051
1.0000		429022
1.0500		430285
1.1000		428529
1.1500		429062
1.2000		429302
1.2500		429693
1.3000		429053
1.3500		429909
1.4000		429374
1.4500		428033
1.5000		429086
1.5500		428767
1.6000		429705
1.6500		428296
1.7000		428875
1.7500		429950
1.8000		429309
1.8500		428437
1.9000		428845
1.9500		428995
2.0000		428727
2.0500		428531
2.1000		430199
2.1500		428415
2.2000		429121
2.2500		429741
2.3000		429498
2.3500		427949
2.4000		427152
2.4500		428337
2.5000		427260
2.5500		427795
2.6000		428447
2.6500		427431
2.7000		429036
2.7500		428264
2.8000		428622
2.8500		428483
2.9000		429775
2.9500		428305
3.0000		428278
3.0500		428021
3.1000		428153
3.1500		427463
3.2000		427179
3.2500		427788
3.3000		427599
3.3500		428740
3.4000		428365
3.4500		428290
3.5000		427626
3.5500		427826
3.6000		429223
3.6500		428233
3.7000		428405
3.7500		428510
3.8000		428354
3.8500		428137
3.9000		428132
3.9500		428888
4.0000		426820
4.0500		428796
4.1000		428907
4.1500		428446
4.2000		429028
4.2500		429295
4.3000		428879
4.3500		428676
4.4000		428362
4.4500		427657
4.5000		427536
4.5500		428603
4.6000		428663
4.6500		428455
4.7000		428525
4.7500		427425
4.8000		427293
4.8500		428020
4.9000		428749
4.9500		428032
5.0000		427748
5.0500		427476
5.1000		428169
5.1500		427761
5.2000		428925
5.2500		428393
5.3000		427858
5.3500		428881
5.4000		428542
5.4500		427771
5.5000		428391
5.5500		428765
5.6000		427653
5.6500		427233
5.7000		427351
5.7500		428356
5.8000		427897
5.8500		426976
5.9000		427105
5.9500		427853
6.0000		428328
6.0500		427770
6.1000		428775
6.1500		428580
6.2000		428190
6.2500		427745
6.3000		429324
6.3500		427769
6.4000		428382
6.4500		428604
6.5000		428414
6.5500		428515
6.6000		427405
6.6500		428345
6.7000		427803
6.7500		427507
6.8000		428152
6.8500		428026
6.9000		428717
6.9500		428032
7.0000		428876
7.0500		427672
7.1000		428544
7.1500		428640
7.2000		429224
7.2500		428733
7.3000		427417
7.3500		427827
7.4000		427947
7.4500		427759
7.5000		427539
7.5500		428180
7.6000		428506
7.6500		427497
7.7000		429002
7.7500		427728
7.8000		428420
7.8500		428532
7.9000		427877
7.9500		427607
8.0000		427642
8.0500		429160
8.1000		428719
8.1500		428001
8.2000		428085
8.2500		428856
8.3000		428121
8.3500		427493
8.4000		428445
8.4500		427680
8.5000		426756
8.5500		428765
8.6000		428095
8.6500		427800
8.7000		428808
8.7500		427819
8.8000		428820
8.8500		427707
8.9000		428933
8.9500		427774
9.0000		428175
9.0500		427641
9.1000		429041
9.1500		428322
9.2000		427391
9.2500		428969
9.3000		428525
9.3500		427476
9.4000		428261
9.4500		428258
9.5000		427895
9.5500		427111
9.6000		428699
9.6500		428399
9.7000		427758
9.7500		429153
9.8000		428036
9.8500		428548
9.9000		429142
9.9500		428762
10.0000		427344
10.0500		428579
10.1000		428910
10.1500		427797
10.2000		428165
10.2500		428164
10.3000		428697
10.3500		428067
10.4000		428593
10.4500		429065
10.5000		427703
10.5500		427756
10.6000		427858
10.6500		427699
10.7000		427992
10.7500		428237
10.8000		428766
10.8500		427799
10.9000		428068
10.9500		429355
11.0000		428256
11.0500		428613
11.1000		428442
11.1500		427648
11.2000		428619
11.2500		427372
11.3000		428800
11.3500		427677
11.4000		427884
11.4500		427832
11.5000		428007
11.5500		428235
11.6000		428658
11.6500		428806
11.7000		428596
11.7500		428634
11.8000		427647
11.8500		428567
11.9000		427651
11.9500		427189
12.0000		427755
12.0500		427782
12.1000		427894
12.1500		427666
12.2000		428711
12.2500		427668
12.3000		427784
12.3500		428179
12.4000		428215
12.4500		429341
12.5000		427885
12.5500		427329
12.6000		428834
12.6500		428060
12.7000		428853
12.7500		428403
12.8000		427988
12.8500		428601
12.9000		428408
12.9500		427790
13.0000		427693
13.0500		427781
13.1000		428147
13.1500		428082
13.2000		428897
13.2500		427862
13.3000		428346
13.3500		428866
13.4000		428230
13.4500		427834
13.5000		428549
13.5500		429048
13.6000		428183
13.6500		428561
13.7000		428096
13.7500		428277
13.8000		428072
13.8500		428307
13.9000		428882
13.9500		428666
14.0000		427233
14.0500		427666
14.1000		428634
14.1500		428727
14.2000		428788
14.2500		428492
14.3000		429623
14.3500		427477
14.4000		428567
14.4500		428850
14.5000		428352
14.5500		428710
14.6000		429244
14.6500		427736
14.7000		429052
14.7500		429215
14.8000		428804
14.8500		429360
14.9000		428677
14.9500		428970
15.0000		428276
15.0500		428831
15.1000		427624
15.1500		428525
15.2000		428506
15.2500		428156
15.3000		428409
15.3500		428073
15.4000		429028
15.4500		428233
15.5000		428222
15.5500		428498
15.6000		429192
15.6500		428383
15.7000		428398
15.7500		428705
15.8000		428257
15.8500		428179
15.9000		427787
15.9500		429069
16.0000		428353
16.0500		428060
16.1000		428811
16.1500		427540
16.2000		428327
16.2500		427881
16.3000		427760
16.3500		428197
16.4000		428627
16.4500		428441
16.5000		428850
16.5500		429142
16.6000		429415
16.6500		427935
16.7000		428765
16.7500		428660
16.8000		428695
16.8500		428712
16.9000		428346
16.9500		427944
17.0000		428359
17.0500		428368
17.1000		428024
17.1500		428774
17.2000		428884
17.2500		427787
17.3000		428702
17.3500		428263
17.4000		428245
17.4500		428395
17.5000		428202
17.5500		428102
17.6000		428355
17.6500		427878
17.7000		428834
17.7500		428710
17.8000		429304
17.8500		427447
17.9000		427539
17.9500		428967
18.0000		427909
18.0500		428373
18.1000		427831
18.1500		429999
18.2000		427933
18.2500		428246
18.3000		428135
18.3500		427774
18.4000		427296
18.4500		427621
18.5000		427991
18.5500		428490
18.6000		428299
18.6500		428135
18.7000		428436
18.7500		429184
18.8000		428610
18.8500		427614
18.9000		427785
18.9500		428979
19.0000		427979
19.0500		427277
19.1000		429905
19.1500		427541
19.2000		428328
19.2500		429083
19.3000		427510
19.3500		428995
19.4000		427476
19.4500		429443
19.5000		428574
19.5500		428801
19.6000		428599
19.6500		427153
19.7000		427854
19.7500		428417
19.8000		428785
19.8500		429056
19.9000		428378
19.9500		429099
20.0000		428673
20.0500		427787
20.1000		428413
20.1500		428475
20.2000		427996
20.2500		428117
20.3000		427999
20.3500		429141
20.4000		427990
20.4500		429736
20.5000		427742
20.5500		427992
20.6000		429006
20.6500		427979
20.7000		428698
20.7500		427200
20.8000		428492
20.8500		428994
20.9000		428978
20.9500		428699
21.0000		428469
21.0500		428202
21.1000		428348
21.1500		428233
21.2000		429366
21.2500		428900
21.3000		428293
21.3500		428914
21.4000		427646
21.4500		429459
21.5000		428858
21.5500		428676
21.6000		428793
21.6500		428447
21.7000		427722
21.7500		427446
21.8000		428004
21.8500		428220
21.9000		427424
21.9500		428492
22.0000		426665
22.0500		428185
22.1000		428969
22.1500		427341
22.2000		428237
22.2500		429599
22.3000		427217
22.3500		427004
22.4000		427644
22.4500		428088
22.5000		428163
22.5500		427792
22.6000		428757
22.6500		428428
22.7000		428559
22.7500		428200
22.8000		428360
22.8500		427663
22.9000		428680
22.9500		428166
23.0000		428580
23.0500		429011
23.1000		428638
23.1500		428594
23.2000		428367
23.2500		428853
23.3000		427803
23.3500		427685
23.4000		427836
23.4500		427923
23.5000		428115
23.5500		428461
23.6000		427505
23.6500		428116
23.7000		428228
23.7500		427100
23.8000		427373
23.8500		428140
23.9000		427805
23.9500		428298
24.0000		427777
24.0500		427319
24.1000		427425
24.1500		428066
24.2000		428336
24.2500		427549
24.3000		428043
24.3500		428577
24.4000		428200
24.4500		428397
24.5000		428665
24.5500		426768
24.6000		428177
24.6500		427360
24.7000		427419
24.7500		428585
24.8000		428459
24.8500		425695
24.9000		427908
24.9500		427572
25.0000		427870
25.0500		427337
25.1000		427778
25.1500		427717
25.2000		426811
25.2500		428416
25.3000		428036
25.3500		427247
25.4000		428580
25.4500		428767
25.5000		428070
25.5500		428298
25.6000		428289
25.6500		426912
25.7000		427895
25.7500		427807
25.8000		427779
25.8500		427611
25.9000		428193
25.9500		427148
26.0000		428400
26.0500		427579
26.1000		427657
26.1500		427311
26.2000		427397
26.2500		428936
26.3000		428479
26.3500		427837
26.4000		428408
26.4500		427799
26.5000		428326
26.5500		426933
26.6000		428605
26.6500		427551
26.7000		427838
26.7500		427444
26.8000		427087
26.8500		428143
26.9000		428554
26.9500		427871
27.0000		427975
27.0500		428430
27.1000		428099
27.1500		427674
27.2000		428601
27.2500		428523
27.3000		428156
27.3500		428271
27.4000		427756
27.4500		426819
27.5000		428274
27.5500		427068
27.6000		427989
27.6500		426988
27.7000		427675
27.7500		428544
27.8000		428068
27.8500		428347
27.9000		427423
27.9500		427090
28.0000		427935
28.0500		429101
28.1000		427988
28.1500		428177
28.2000		427140
28.2500		427763
28.3000		428669
28.3500		427345
28.4000		427531
28.4500		428093
28.5000		427833
28.5500		427753
28.6000		428241
28.6500		429206
28.7000		428116
28.7500		427674
28.8000		428563
28.8500		427919
28.9000		428658
28.9500		427828
29.0000		428498
29.0500		428436
29.1000		427496
29.1500		427300
29.2000		428297
29.2500		426928
29.3000		428277
29.3500		429334
29.4000		428370
29.4500		429562
29.5000		427635
29.5500		428519
29.6000		428034
29.6500		427212
29.7000		428223
29.7500		428734
29.8000		426383
29.8500		428275
29.9000		427938
29.9500		427355
30.0000		427098
30.0500		427418
30.1000		427909
30.1500		428067
30.2000		427172
30.2500		427272
30.3000		427557
30.3500		428338
30.4000		427608
30.4500		428438
30.5000		428899
30.5500		428400
30.6000		426706
30.6500		428571
30.7000		428813
30.7500		427577
30.8000		427644
30.8500		428123
30.9000		427748
30.9500		427816
31.0000		427758
31.0500		428148
31.1000		428374
31.1500		427622
31.2000		427996
31.2500		428070
31.3000		427358
31.3500		428603
31.4000		427999
31.4500		428112
31.5000		428091
31.5500		428259
31.6000		428041
31.6500		427470
31.7000		428702
31.7500		428046
31.8000		427616
31.8500		428328
31.9000		428309
31.9500		426653
32.0000		427473
32.0500		427676
32.1000		428403
32.1500		427774
32.2000		428910
32.2500		427229
32.3000		428002
32.3500		428820
32.4000		427384
32.4500		428578
32.5000		426788
32.5500		426934
32.6000		428200
32.6500		428118
32.7000		427344
32.7500		427501
32.8000		428095
32.8500		427859
32.9000		428456
32.9500		427536
33.0000		427183
33.0500		428314
33.1000		428518
33.1500		428860
33.2000		428310
33.2500		428693
33.3000		426395
33.3500		428886
33.4000		426808
33.4500		428226
33.5000		428105
33.5500		427683
33.6000		428128
33.6500		427954
33.7000		428019
33.7500		427518
33.8000		428059
33.8500		428245
33.9000		428079
33.9500		427681
34.0000		426852
34.0500		428171
34.1000		428933
34.1500		428464
34.2000		428272
34.2500		428648
34.3000		428249
34.3500		428085
34.4000		427451
34.4500		427576
34.5000		427237
34.5500		428062
34.6000		427321
34.6500		427737
34.7000		428176
34.7500		428568
34.8000		427726
34.8500		428007
34.9000		428271
34.9500		428804
35.0000		428102
35.0500		426583
35.1000		427687
35.1500		427799
35.2000		428145
35.2500		427659
35.3000		427773
35.3500		428565
35.4000		428314
35.4500		427329
35.5000		428179
35.5500		428191
35.6000		428144
35.6500		428851
35.7000		428818
35.7500		427738
35.8000		427812
35.8500		427231
35.9000		428728
35.9500		429001
36.0000		428032
36.0500		427968
36.1000		428233
36.1500		427931
36.2000		427574
36.2500		428762
36.3000		429059
36.3500		428057
36.4000		429136
36.4500		427953
36.5000		427663
36.5500		428497
36.6000		427351
36.6500		428014
36.7000		427426
36.7500		426847
36.8000		428355
36.8500		427859
36.9000		427849
36.9500		428267
37.0000		427693
37.0500		428598
37.1000		428211
37.1500		428358
37.2000		428942
37.2500		428086
37.3000		427989
37.3500		428026
37.4000		429281
37.4500		428396
37.5000		427136
37.5500		428104
37.6000		427337
37.6500		428270
37.7000		428839
37.7500		428838
37.8000		428406
37.8500		429434
37.9000		428074
37.9500		428090
38.0000		428541
38.0500		428450
38.1000		427761
38.1500		427767
38.2000		429078
38.2500		427661
38.3000		427344
38.3500		427581
38.4000		429513
38.4500		428618
38.5000		427939
38.5500		428709
38.6000		428197
38.6500		428984
38.7000		428689
38.7500		427876
38.8000		428640
38.8500		428062
38.9000		428413
38.9500		428188
39.0000		428958
39.0500		429950
39.1000		427405
39.1500		427556
39.2000		428906
39.2500		428155
39.3000		428282
39.3500		428247
39.4000		427791
39.4500		428317
39.5000		428436
39.5500		429090
39.6000		428023
39.6500		428091
39.7000		428814
39.7500		429813
39.8000		428662
39.8500		427701
39.9000		429428
39.9500		428566
40.0000		428259
40.0500		429272
40.1000		427997
40.1500		428833
40.2000		428317
40.2500		428396
40.3000		429374
40.3500		428526
40.4000		428820
40.4500		428878
40.5000		428104
40.5500		428071
40.6000		427716
40.6500		427513
40.7000		428028
40.7500		428308
40.8000		427931
40.8500		427589
40.9000		428834
40.9500		427942
41.0000		428520
41.0500		428882
41.1000		427983
41.1500		428392
41.2000		427949
41.2500		427949
41.3000		427143
41.3500		428540
41.4000		428707
41.4500		428672
41.5000		428641
41.5500		429203
41.6000		427425
41.6500		427895
41.7000		428417
41.7500		428109
41.8000		427132
41.8500		427987
41.9000		427689
41.9500		429323
42.0000		428118
42.0500		429560
42.1000		428551
42.1500		428471
42.2000		427448
42.2500		427733
42.3000		428960
42.3500		428305
42.4000		428130
42.4500		427757
42.5000		427449
42.5500		428884
42.6000		429044
42.6500		429312
42.7000		427828
42.7500		429099
42.8000		427824
42.8500		429179
42.9000		427002
42.9500		428706
43.0000		428999
43.0500		428715
43.1000		428871
43.1500		428751
43.2000		428537
43.2500		429163
43.3000		427933
43.3500		427753
43.4000		428295
43.4500		428832
43.5000		428806
43.5500		428896
43.6000		428809
43.6500		429645
43.7000		428302
43.7500		428558
43.8000		428428
43.8500		428716
43.9000		428137
43.9500		428000
44.0000		428854
44.0500		429114
44.1000		427889
44.1500		429362
44.2000		427301
44.2500		427821
44.3000		428858
44.3500		427970
44.4000		427288
44.4500		428805
44.5000		428760
44.5500		429132
44.6000		428168
44.6500		428253
44.7000		428826
44.7500		428652
44.8000		428879
44.8500		428677
44.9000		426948
44.9500		428381
45.0000		429119
45.0500		428874
45.1000		428377
45.1500		429512
45.2000		429048
45.2500		428830
45.3000		428945
45.3500		429046
45.4000		429050
45.4500		428798
45.5000		428278
45.5500		428103
45.6000		428882
45.6500		429872
45.7000		429418
45.7500		428428
45.8000		428679
45.8500		429699
45.9000		429774
45.9500		428868
46.0000		428796
46.0500		430267
46.1000		429413
46.1500		429895
46.2000		429370
46.2500		429614
46.3000		428751
46.3500		429799
46.4000		429168
46.4500		428395
46.5000		428432
46.5500		429517
46.6000		428998
46.6500		429106
46.7000		428370
46.7500		429545
46.8000		429232
46.8500		428983
46.9000		428968
46.9500		428723
47.0000		429032
47.0500		429289
47.1000		429079
47.1500		429225
47.2000		428344
47.2500		430102
47.3000		428891
47.3500		429339
47.4000		428808
47.4500		430093
47.5000		428866
47.5500		428752
47.6000		429341
47.6500		428757
47.7000		428198
47.7500		428771
47.8000		429271
47.8500		429441
47.9000		430160
47.9500		429373
48.0000		428678
48.0500		429844
48.1000		428916
48.1500		427865
48.2000		428961
48.2500		429410
48.3000		430066
48.3500		428402
48.4000		429768
48.4500		428837
48.5000		428455
48.5500		429260
48.6000		429391
48.6500		429372
48.7000		429275
48.7500		428587
48.8000		429205
48.8500		430446
48.9000		429055
48.9500		429801
49.0000		429540
49.0500		429237
49.1000		429155
49.1500		430230
49.2000		429854
49.2500		429617
49.3000		428701
49.3500		429393
49.4000		429365
49.4500		429635
49.5000		428835
49.5500		429054
49.6000		429447
49.6500		429464
49.7000		429431
49.7500		429616
49.8000		429199
49.8500		429112
49.9000		428888
49.9500		429138
50.0000		429747
50.0500		429016
50.1000		427595
50.1500		429325
50.2000		428522
50.2500		429258
50.3000		429206
50.3500		429867
50.4000		429131
50.4500		429072
50.5000		429468
50.5500		428392
50.6000		429415
50.6500		428805
50.7000		428416
50.7500		428206
50.8000		428826
50.8500		429505
50.9000		429683
50.9500		428973
51.0000		429328
51.0500		428471
51.1000		429448
51.1500		430370
51.2000		429273
51.2500		430129
51.3000		430241
51.3500		429828
51.4000		429440
51.4500		429105
51.5000		429416
51.5500		429441
51.6000		428654
51.6500		428973
51.7000		428695
51.7500		428776
51.8000		429413
51.8500		429754
51.9000		428955
51.9500		429087
52.0000		429438
52.0500		427901
52.1000		428766
52.1500		429636
52.2000		428754
52.2500		428983
52.3000		429497
52.3500		429111
52.4000		429134
52.4500		428455
52.5000		428988
52.5500		428437
52.6000		428466
52.6500		429093
52.7000		428040
52.7500		427884
52.8000		428838
52.8500		428261
52.9000		430248
52.9500		429219
53.0000		427932
53.0500		428682
53.1000		428786
53.1500		428026
53.2000		428696
53.2500		429383
53.3000		429159
53.3500		428975
53.4000		428506
53.4500		428851
53.5000		430002
53.5500		428740
53.6000		428706
53.6500		429610
53.7000		429891
53.7500		429681
53.8000		429170
53.8500		430066
53.9000		429597
53.9500		429109
54.0000		429373
54.0500		429353
54.1000		428787
54.1500		428462
54.2000		428305
54.2500		428289
54.3000		429154
54.3500		428869
54.4000		428453
54.4500		429185
54.5000		429083
54.5500		428852
54.6000		428790
54.6500		429060
54.7000		428641
54.7500		428948
54.8000		428260
54.8500		429179
54.9000		428173
54.9500		428988
55.0000		428272
55.0500		427876
55.1000		428862
55.1500		428637
55.2000		430194
55.2500		429026
55.3000		428759
55.3500		429622
55.4000		429151
55.4500		429099
55.5000		428988
55.5500		429364
55.6000		429785
55.6500		429373
55.7000		429359
55.7500		429738
55.8000		428657
55.8500		429811
55.9000		429102
55.9500		430286
56.0000		428498
56.0500		428867
56.1000		428939
56.1500		428758
56.2000		429018
56.2500		430343
56.3000		429486
56.3500		429624
56.4000		428739
56.4500		428337
56.5000		428084
56.5500		428498
56.6000		429260
56.6500		427556
56.7000		428392
56.7500		428708
56.8000		428825
56.8500		428814
56.9000		430448
56.9500		429286
57.0000		429802
57.0500		429101
57.1000		428801
57.1500		428911
57.2000		429145
57.2500		428975
57.3000		428860
57.3500		429358
57.4000		429707
57.4500		428618
57.5000		429375
57.5500		429306
57.6000		428245
57.6500		428829
57.7000		428519
57.7500		429021
57.8000		429254
57.8500		429802
57.9000		429633
57.9500		428935
58.0000		429609
58.0500		428462
58.1000		429045
58.1500		429351
58.2000		428975
58.2500		427825
58.3000		428870
58.3500		429993
58.4000		429294
58.4500		429830
58.5000		430117
58.5500		429422
58.6000		429635
58.6500		429702
58.7000		429051
58.7500		429030
58.8000		429806
58.8500		428506
58.9000		429339
58.9500		429063
59.0000		429040
59.0500		429126
59.1000		428625
59.1500		429645
59.2000		428670
59.2500		430095
59.3000		428950
59.3500		428747
59.4000		428681
59.4500		429173
59.5000		429446
59.5500		428781
59.6000		427536
59.6500		429027
59.7000		428563
59.7500		429662
59.8000		429408
59.8500		428454
59.9000		428985
59.9500		429777
60.0000		429142
60.0500		428746
60.1000		429474
60.1500		427987
60.2000		428309
60.2500		428210
60.3000		429460
60.3500		429120
60.4000		429055
60.4500		428769
60.5000		428584
60.5500		428939
60.6000		428894
60.6500		428533
60.7000		429303
60.7500		429443
60.8000		428973
60.8500		429275
60.9000		428675
60.9500		428941
61.0000		429114
61.0500		429388
61.1000		428878
61.1500		429765
61.2000		429142
61.2500		429634
61.3000		429099
61.3500		429985
61.4000		428987
61.4500		428983
61.5000		428728
61.5500		428519
61.6000		428580
61.6500		428976
61.7000		428724
61.7500		428619
61.8000		428806
61.8500		428505
61.9000		429030
61.9500		430004
62.0000		428339
62.0500		428422
62.1000		428227
62.1500		428537
62.2000		428631
62.2500		428632
62.3000		429763
62.3500		429313
62.4000		428190
62.4500		428304
62.5000		429524
62.5500		428804
62.6000		428534
62.6500		428300
62.7000		429230
62.7500		428813
62.8000		428621
62.8500		428012
62.9000		427644
62.9500		428834
63.0000		429197
63.0500		427860
63.1000		427878
63.1500		428574
63.2000		428261
63.2500		429227
63.3000		428616
63.3500		429191
63.4000		429691
63.4500		427918
63.5000		428296
63.5500		428808
63.6000		429384
63.6500		428999
63.7000		428283
63.7500		428934
63.8000		428372
63.8500		429604
63.9000		429275
63.9500		428102
64.0000		428567
64.0500		429121
64.1000		428411
64.1500		429180
64.2000		428425
64.2500		429943
64.3000		428297
64.3500		429200
64.4000		429380
64.4500		430165
64.5000		429041
64.5500		427110
64.6000		429079
64.6500		430699
64.7000		431809
64.7500		430827
64.8000		428625
64.8500		427718
64.9000		425978
64.9500		430193
65.0000		432229
65.0500		432538
65.1000		431559
65.1500		428616
65.2000		426389
65.2500		427362
65.3000		429347
65.3500		430439
65.4000		433305
65.4500		431868
65.5000		429912
65.5500		427679
65.6000		425997
65.6500		427513
65.7000		428760
65.7500		430652
65.8000		430872
65.8500		429477
65.9000		429874
65.9500		428759
66.0000		427783
66.0500		430115
66.1000		428552
66.1500		429581
66.2000		430323
66.2500		429303
66.3000		428843
66.3500		427809
66.4000		428861
66.4500		429129
66.5000		429373
66.5500		429230
66.6000		430342
66.6500		429186
66.7000		429638
66.7500		429309
66.8000		428172
66.8500		430300
66.9000		430676
66.9500		429323
67.0000		430216
67.0500		429693
67.1000		429414
67.1500		428591
67.2000		429242
67.2500		430254
67.3000		428577
67.3500		429543
67.4000		429473
67.4500		428213
67.5000		428618
67.5500		429720
67.6000		429164
67.6500		429919
67.7000		429537
67.7500		429697
67.8000		429266
67.8500		428752
67.9000		428458
67.9500		429485
68.0000		429408
68.0500		430308
68.1000		429890
68.1500		430081
68.2000		430600
68.2500		430016
68.3000		429801
68.3500		428551
68.4000		429504
68.4500		428765
68.5000		429210
68.5500		430109
68.6000		430667
68.6500		429233
68.7000		429923
68.7500		429132
68.8000		429971
68.8500		429854
68.9000		428522
68.9500		428212
69.0000		428491
69.0500		430962
69.1000		429878
69.1500		429297
69.2000		428263
69.2500		428581
69.3000		429217
69.3500		429716
69.4000		430276
69.4500		429341
69.5000		428691
69.5500		429821
69.6000		429204
69.6500		428823
69.7000		429957
69.7500		428620
69.8000		428963
69.8500		429288
69.9000		428717
69.9500		429796
70.0000		430097
70.0500		429588
70.1000		430036
70.1500		428845
70.2000		430332
70.2500		428876
70.3000		429229
70.3500		430020
70.4000		429179
70.4500		428858
70.5000		429362
70.5500		430174
70.6000		429011
70.6500		429757
70.7000		427945
70.7500		429784
70.8000		429633
70.8500		430059
70.9000		428791
70.9500		428826
71.0000		428404
71.0500		428838
71.1000		429023
71.1500		429464
71.2000		429687
71.2500		429073
71.3000		428946
71.3500		429976
71.4000		429886
71.4500		429371
71.5000		429266
71.5500		430217
71.6000		430047
71.6500		429295
71.7000		428893
71.7500		428349
71.8000		428591
71.8500		428884
71.9000		429573
71.9500		429914
72.0000		430231
72.0500		430573
72.1000		430073
72.1500		429486
72.2000		429318
72.2500		429649
72.3000		429371
72.3500		429098
72.4000		428825
72.4500		428955
72.5000		429309
72.5500		429068
72.6000		428248
72.6500		430011
72.7000		429256
72.7500		430433
72.8000		429426
72.8500		428519
72.9000		429206
72.9500		429978
73.0000		428558
73.0500		429244
73.1000		429664
73.1500		429149
73.2000		428956
73.2500		429606
73.3000		429553
73.3500		429191
73.4000		429158
73.4500		429309
73.5000		429017
73.5500		429466
73.6000		428764
73.6500		428911
73.7000		429574
73.7500		429139
73.8000		429297
73.8500		429159
73.9000		429577
73.9500		429141
74.0000		428513
74.0500		429203
74.1000		428992
74.1500		429996
74.2000		429238
74.2500		428865
74.3000		429169
74.3500		428371
74.4000		429492
74.4500		428759
74.5000		429344
74.5500		428841
74.6000		429777
74.6500		430105
74.7000		428793
74.7500		429296
74.8000		429843
74.8500		428594
74.9000		428903
74.9500		429860
75.0000		429647
75.0500		429411
75.1000		429388
75.1500		429430
75.2000		429971
75.2500		429791
75.3000		430032
75.3500		429308
75.4000		429680
75.4500		430422
75.5000		429451
75.5500		428936
75.6000		429564
75.6500		429094
75.7000		429049
75.7500		429592
75.8000		430044
75.8500		430226
75.9000		429090
75.9500		429123
76.0000		429276
76.0500		428145
76.1000		429872
76.1500		428805
76.2000		428836
76.2500		429505
76.3000		429479
76.3500		430731
76.4000		429855
76.4500		429013
76.5000		428060
76.5500		429056
76.6000		427678
76.6500		427975
76.7000		429667
76.7500		428226
76.8000		428673
76.8500		429393
76.9000		428050
76.9500		429340
77.0000		428655
77.0500		428306
77.1000		428609
77.1500		429240
77.2000		428355
77.2500		430025
77.3000		429268
77.3500		429015
77.4000		428353
77.4500		428279
77.5000		429123
77.5500		429163
77.6000		428374
77.6500		428182
77.7000		428879
77.7500		428863
77.8000		428962
77.8500		429530
77.9000		428824
77.9500		429269
78.0000		428958
78.0500		428931
78.1000		429719
78.1500		429625
78.2000		428684
78.2500		428789
78.3000		428560
78.3500		428608
78.4000		428814
78.4500		428145
78.5000		429499
78.5500		428066
78.6000		428818
78.6500		428207
78.7000		428905
78.7500		428841
78.8000		428592
78.8500		429133
78.9000		428994
78.9500		430528
79.0000		428967
79.0500		429806
79.1000		428874
79.1500		429358
79.2000		429223
79.2500		427764
79.3000		429597
79.3500		428465
79.4000		428575
79.4500		429895
79.5000		428191
79.5500		429511
79.6000		428534
79.6500		429354
79.7000		430067
79.7500		429045
79.8000		428265
79.8500		429007
79.9000		428309
79.9500		429816
80.0000		429349
80.0500		428618
80.1000		428910
80.1500		428444
80.2000		429334
80.2500		428624
80.3000		429691
80.3500		429491
80.4000		428376
80.4500		429234
80.5000		429616
80.5500		428231
80.6000		429660
80.6500		428561
80.7000		427812
80.7500		428570
80.8000		428834
80.8500		429297
80.9000		427924
80.9500		428742
81.0000		429329
81.0500		428389
81.1000		428958
81.1500		428544
81.2000		427756
81.2500		428397
81.3000		429167
81.3500		429564
81.4000		428231
81.4500		429140
81.5000		429404
81.5500		428715
81.6000		428511
81.6500		428883
81.7000		428239
81.7500		428966
81.8000		429225
81.8500		429500
81.9000		428013
81.9500		428590
82.0000		429305
82.0500		428299
82.1000		428729
82.1500		429407
82.2000		428854
82.2500		428493
82.3000		428928
82.3500		429340
82.4000		427990
82.4500		431034
82.5000		429678
82.5500		428330
82.6000		429188
82.6500		428188
82.7000		429202
82.7500		429306
82.8000		428945
82.8500		428837
82.9000		429403
82.9500		429195
83.0000		428571
83.0500		428344
83.1000		429131
83.1500		429071
83.2000		428688
83.2500		428670
83.3000		429130
83.3500		428581
83.4000		429762
83.4500		428965
83.5000		429495
83.5500		428210
83.6000		428622
83.6500		428171
83.7000		429440
83.7500		429319
83.8000		429979
83.8500		429045
83.9000		429651
83.9500		428708
84.0000		429610
84.0500		429550
84.1000		429539
84.1500		429531
84.2000		429390
84.2500		429079
84.3000		430674
84.3500		429511
84.4000		429004
84.4500		428498
84.5000		429675
84.5500		428351
84.6000		428873
84.6500		429709
84.7000		429546
84.7500		429420
84.8000		428792
84.8500		428857
84.9000		429588
84.9500		429039
85.0000		429726
85.0500		429271
85.1000		429445
85.1500		429031
85.2000		429497
85.2500		427805
85.3000		428927
85.3500		428694
85.4000		428328
85.4500		428836
85.5000		429029
85.5500		428074
85.6000		429226
85.6500		428788
85.7000		428778
85.7500		428136
85.8000		430563
85.8500		429710
85.9000		429169
85.9500		428861
86.0000		429414
86.0500		428113
86.1000		429411
86.1500		429196
86.2000		428346
86.2500		429475
86.3000		428762
86.3500		429389
86.4000		429794
86.4500		430157
86.5000		429949
86.5500		429441
86.6000		429703
86.6500		429932
86.7000		429986
86.7500		429807
86.8000		429135
86.8500		429364
86.9000		428268
86.9500		429499
87.0000		430195
87.0500		429328
87.1000		429001
87.1500		428538
87.2000		429067
87.2500		430188
87.3000		428394
87.3500		428316
87.4000		428736
87.4500		429326
87.5000		428581
87.5500		429341
87.6000		429254
87.6500		429497
87.7000		429530
87.7500		429142
87.8000		428038
87.8500		428576
87.9000		428580
87.9500		428256
88.0000		428364
88.0500		427365
88.1000		429243
88.1500		428507
88.2000		429213
88.2500		429592
88.3000		429644
88.3500		429000
88.4000		429803
88.4500		428975
88.5000		430383
88.5500		429240
88.6000		429392
88.6500		429622
88.7000		429161
88.7500		429894
88.8000		430209
88.8500		429032
88.9000		430146
88.9500		429191
89.0000		429419
89.0500		429229
89.1000		428687
89.1500		429477
89.2000		429292
89.2500		429213
89.3000		429871
89.3500		429248
89.4000		428301
89.4500		429919
89.5000		429311
89.5500		429941
89.6000		429606
89.6500		428884
89.7000		427506
89.7500		429729
89.8000		429628
89.8500		429564
89.9000		428951
89.9500		429355
90.0000		428972
90.0500		429005
90.1000		428197
90.1500		429616
90.2000		429474
90.2500		429147
90.3000		430020
90.3500		428582
90.4000		428823
90.4500		428766
90.5000		430182
90.5500		428966
90.6000		428974
90.6500		430075
90.7000		429029
90.7500		428883
90.8000		429627
90.8500		429937
90.9000		429804
90.9500		428831
91.0000		428990
91.0500		429106
91.1000		430015
91.1500		430049
91.2000		428615
91.2500		430264
91.3000		429237
91.3500		429023
91.4000		430474
91.4500		428416
91.5000		429008
91.5500		430102
91.6000		429367
91.6500		429264
91.7000		429067
91.7500		429091
91.8000		429422
91.8500		428751
91.9000		429297
91.9500		428473
92.0000		427485
92.0500		428276
92.1000		428867
92.1500		428592
92.2000		429018
92.2500		428706
92.3000		428945
92.3500		428530
92.4000		428686
92.4500		428431
92.5000		429292
92.5500		428083
92.6000		428438
92.6500		428460
92.7000		429261
92.7500		428359
92.8000		428739
92.8500		429443
92.9000		428766
92.9500		428379
93.0000		429746
93.0500		429199
93.1000		430365
93.1500		429590
93.2000		429357
93.2500		428684
93.3000		430534
93.3500		429724
93.4000		430205
93.4500		429667
93.5000		429147
93.5500		429052
93.6000		430165
93.6500		428681
93.7000		428546
93.7500		429217
93.8000		428900
93.8500		428761
93.9000		429104
93.9500		428658
94.0000		429539
94.0500		429731
94.1000		428936
94.1500		428548
94.2000		429001
94.2500		429242
94.3000		428132
94.3500		428267
94.4000		428840
94.4500		428847
94.5000		429154
94.5500		428841
94.6000		428160
94.6500		429629
94.7000		429480
94.7500		428244
94.8000		430227
94.8500		428426
94.9000		428581
94.9500		429693
95.0000		429534
95.0500		428736
95.1000		429047
95.1500		429042
95.2000		429077
95.2500		429287
95.3000		428760
95.3500		428884
95.4000		429110
95.4500		429301
95.5000		429271
95.5500		427520
95.6000		430008
95.6500		429839
95.7000		429587
95.7500		429426
95.8000		429179
95.8500		428646
95.9000		429102
95.9500		430035
96.0000		430121
96.0500		429943
96.1000		429045
96.1500		429001
96.2000		429034
96.2500		429079
96.3000		428407
96.3500		429028
96.4000		430023
96.4500		430111
96.5000		429712
96.5500		428256
96.6000		428355
96.6500		428210
96.7000		428218
96.7500		428900
96.8000		428867
96.8500		427905
96.9000		428920
96.9500		429077
97.0000		428583
97.0500		428668
97.1000		428475
97.1500		429555
97.2000		429278
97.2500		427805
97.3000		428452
97.3500		429579
97.4000		428376
97.4500		428246
97.5000		428463
97.5500		429398
97.6000		428631
97.6500		429391
97.7000		428542
97.7500		430047
97.8000		428999
97.8500		429660
97.9000		427997
97.9500		428699
98.0000		429824
98.0500		428587
98.1000		427400
98.1500		428565
98.2000		428912
98.2500		429267
98.3000		428234
98.3500		429397
98.4000		428837
98.4500		427408
98.5000		429315
98.5500		429301
98.6000		428928
98.6500		428995
98.7000		428419
98.7500		428219
98.8000		428683
98.8500		429124
98.9000		427920
98.9500		428957
99.0000		429382
99.0500		428450
99.1000		428559
99.1500		429381
99.2000		428112
99.2500		427705
99.3000		428393
99.3500		428605
99.4000		428834
99.4500		427633
99.5000		428493
99.5500		428496
99.6000		428103
99.6500		428479
99.7000		428723
99.7500		427386
99.8000		428534
99.8500		427749
99.9000		428678
99.9500		428574
100.0000		428600
100.0500		428413
100.1000		428794
100.1500		428649
100.2000		428027
100.2500		429544
100.3000		428733
100.3500		429988
100.4000		429081
100.4500		428223
100.5000		428985
100.5500		428546
100.6000		428210
100.6500		428445
100.7000		428137
100.7500		428347
100.8000		428886
100.8500		428459
100.9000		427949
100.9500		427915
101.0000		428436
101.0500		428048
101.1000		428296
101.1500		429682
101.2000		429043
101.2500		427678
101.3000		428716
101.3500		429012
101.4000		429524
101.4500		428746
101.5000		428170
101.5500		428906
101.6000		428418
101.6500		429023
101.7000		428768
101.7500		428291
101.8000		428163
101.8500		427684
101.9000		429049
101.9500		428007
102.0000		429152
102.0500		428613
102.1000		427978
102.1500		428571
102.2000		427398
102.2500		429261
102.3000		429065
102.3500		429042
102.4000		428533
102.4500		427521
102.5000		429548
102.5500		428342
102.6000		428812
102.6500		428606
102.7000		428186
102.7500		427759
102.8000		429247
102.8500		427444
102.9000		429824
102.9500		429133
103.0000		428910
103.0500		429446
103.1000		428994
103.1500		428016
103.2000		427821
103.2500		428507
103.3000		429260
103.3500		429268
103.4000		428569
103.4500		428940
103.5000		429110
103.5500		428320
103.6000		428581
103.6500		428302
103.7000		428866
103.7500		428799
103.8000		429155
103.8500		428352
103.9000		429393
103.9500		428971
104.0000		428833
104.0500		429271
104.1000		428413
104.1500		428941
104.2000		428395
104.2500		428523
104.3000		428542
104.3500		429546
104.4000		427770
104.4500		428314
104.5000		428080
104.5500		428411
104.6000		428080
104.6500		428260
104.7000		428053
104.7500		427861
104.8000		428489
104.8500		427892
104.9000		429147
104.9500		428348
105.0000		427994
105.0500		427994
105.1000		427783
105.1500		427956
105.2000		429229
105.2500		429148
105.3000		428935
105.3500		427883
105.4000		428298
105.4500		428635
105.5000		428870
105.5500		428390
105.6000		429485
105.6500		428329
105.7000		428228
105.7500		429339
105.8000		428764
105.8500		428705
105.9000		428708
105.9500		427909
106.0000		427397
106.0500		428008
106.1000		428139
106.1500		428312
106.2000		427801
106.2500		428324
106.3000		428945
106.3500		428356
106.4000		428636
106.4500		428376
106.5000		429571
106.5500		429600
106.6000		429457
106.6500		428308
106.7000		428585
106.7500		427906
106.8000		428521
106.8500		428239
106.9000		429342
106.9500		427708
107.0000		428536
107.0500		428220
107.1000		427983
107.1500		427335
107.2000		427848
107.2500		428137
107.3000		428428
107.3500		427746
107.4000		427937
107.4500		428137
107.5000		428377
107.5500		427820
107.6000		428801
107.6500		428886
107.7000		427430
107.7500		427433
107.8000		427130
107.8500		427943
107.9000		428164
107.9500		428955
108.0000		428563
108.0500		427490
108.1000		428613
108.1500		428249
108.2000		428695
108.2500		429047
108.3000		428518
108.3500		429193
108.4000		429364
108.4500		428738
108.5000		428514
108.5500		428247
108.6000		428829
108.6500		428864
108.7000		429355
108.7500		429237
108.8000		429332
108.8500		428631
108.9000		427822
108.9500		428451
109.0000		427483
109.0500		427826
109.1000		428457
109.1500		428669
109.2000		427430
109.2500		429172
109.3000		428630
109.3500		427876
109.4000		429075
109.4500		428353
109.5000		428190
109.5500		426597
109.6000		426926
109.6500		428742
109.7000		428192
109.7500		427859
109.8000		427139
109.8500		427610
109.9000		427333
109.9500		426844
110.0000		427273
110.0500		427625
110.1000		428112
110.1500		427792
110.2000		427675
110.2500		429071
110.3000		427125
110.3500		428709
110.4000		428607
110.4500		427447
110.5000		428481
110.5500		428002
110.6000		428541
110.6500		428058
110.7000		429297
110.7500		429313
110.8000		428280
110.8500		428160
110.9000		428759
110.9500		429045
111.0000		429558
111.0500		428852
111.1000		428666
111.1500		428289
111.2000		428328
111.2500		428562
111.3000		427914
111.3500		428412
111.4000		427953
111.4500		428377
111.5000		428122
111.5500		427377
111.6000		428650
111.6500		428190
111.7000		427773
111.7500		428308
111.8000		429219
111.8500		428191
111.9000		426982
111.9500		429124
112.0000		427504
112.0500		428007
112.1000		428266
112.1500		427544
112.2000		428255
112.2500		427768
112.3000		428574
112.3500		427636
112.4000		428505
112.4500		427991
112.5000		429314
112.5500		428052
112.6000		428545
112.6500		428469
112.7000		427945
112.7500		428226
112.8000		427827
112.8500		428598
112.9000		428309
112.9500		429270
113.0000		428121
113.0500		428800
113.1000		429050
113.1500		428601
113.2000		427971
113.2500		428511
113.3000		429149
113.3500		428817
113.4000		429261
113.4500		428189
113.5000		428320
113.5500		428171
113.6000		429005
113.6500		428516
113.7000		428973
113.7500		427854
113.8000		429112
113.8500		428634
113.9000		429019
113.9500		427895
114.0000		428276
114.0500		428145
114.1000		429237
114.1500		427752
114.2000		428091
114.2500		427591
114.3000		428054
114.3500		428504
114.4000		428259
114.4500		427673
114.5000		428145
114.5500		427987
114.6000		428055
114.6500		428172
114.7000		428727
114.7500		428292
114.8000		429549
114.8500		428079
114.9000		429021
114.9500		428232
115.0000		428436
115.0500		428365
115.1000		427794
115.1500		427881
115.2000		429775
115.2500		428869
115.3000		428461
115.3500		427948
115.4000		429237
115.4500		428454
115.5000		429071
115.5500		428665
115.6000		427674
115.6500		428166
115.7000		428001
115.7500		428619
115.8000		429358
115.8500		428154
115.9000		427917
115.9500		428702
116.0000		428873
116.0500		428610
116.1000		427911
116.1500		428401
116.2000		427608
116.2500		429413
116.3000		428089
116.3500		428815
116.4000		429172
116.4500		428353
116.5000		428522
116.5500		428340
116.6000		428453
116.6500		428214
116.7000		427853
116.7500		427902
116.8000		427850
116.8500		428252
116.9000		428144
116.9500		428618
117.0000		428059
117.0500		428824
117.1000		428068
117.1500		428083
117.2000		429174
117.2500		428791
117.3000		428897
117.3500		427529
117.4000		429055
117.4500		428420
117.5000		428490
117.5500		428637
117.6000		429157
117.6500		428406
117.7000		430307
117.7500		429247
117.8000		429448
117.8500		429299
117.9000		429400
117.9500		428588
118.0000		428622
118.0500		429809
118.1000		428551
118.1500		429003
118.2000		428595
118.2500		429573
118.3000		428207
118.3500		429469
118.4000		428972
118.4500		428073
118.5000		428891
118.5500		428983
118.6000		428603
118.6500		428291
118.7000		428086
118.7500		429189
118.8000		428103
118.8500		428648
118.9000		429771
118.9500		427581
119.0000		428477
119.0500		429260
119.1000		428807
119.1500		430478
119.2000		427871
119.2500		428141
119.3000		428697
119.3500		428388
119.4000		427886
119.4500		428793
119.5000		429147
119.5500		428401
119.6000		429190
119.6500		428979
119.7000		429110
119.7500		428524
119.8000		428342
119.8500		427630
119.9000		427701
119.9500		428450
120.0000		428556
120.0500		428607
120.1000		429561
120.1500		428658
120.2000		429009
120.2500		427923
120.3000		429527
120.3500		427904
120.4000		429686
120.4500		429908
120.5000		428989
120.5500		429193
120.6000		428843
120.6500		428902
120.7000		428726
120.7500		428966
120.8000		428159
120.8500		428314
120.9000		428785
120.9500		429111
121.0000		427712
121.0500		428086
121.1000		429147
121.1500		429444
121.2000		428680
121.2500		428827
121.3000		429376
121.3500		428751
121.4000		428607
121.4500		429268
121.5000		428271
121.5500		427807
121.6000		428711
121.6500		429525
121.7000		429253
121.7500		429279
121.8000		429348
121.8500		428169
121.9000		430350
121.9500		428546
122.0000		429442
122.0500		429361
122.1000		428734
122.1500		429346
122.2000		429178
122.2500		428809
122.3000		428972
122.3500		429309
122.4000		429827
122.4500		429371
122.5000		429254
122.5500		428968
122.6000		429061
122.6500		428627
122.7000		428047
122.7500		428939
122.8000		428995
122.8500		428454
122.9000		428501
122.9500		428770
123.0000		429391
123.0500		429168
123.1000		428964
123.1500		428986
123.2000		429062
123.2500		429456
123.3000		429144
123.3500		429681
123.4000		428923
123.4500		429100
123.5000		428823
123.5500		429411
123.6000		428861
123.6500		429513
123.7000		428527
123.7500		426795
123.8000		429215
123.8500		428753
123.9000		428184
123.9500		428993
124.0000		428322
124.0500		430070
124.1000		428686
124.1500		429858
124.2000		428637
124.2500		429569
124.3000		430070
124.3500		427915
124.4000		428945
124.4500		429389
124.5000		428105
124.5500		428607
124.6000		429342
124.6500		428827
124.7000		429365
124.7500		429130
124.8000		428909
124.8500		429037
124.9000		429193
124.9500		429207
125.0000		428307
125.0500		429230
125.1000		428456
125.1500		429268
125.2000		428773
125.2500		428511
125.3000		429941
125.3500		428541
125.4000		428420
125.4500		428813
125.5000		429492
125.5500		429341
125.6000		428481
125.6500		430076
125.7000		430882
125.7500		427918
125.8000		428942
125.8500		428641
125.9000		428968
125.9500		429202
126.0000		429709
126.0500		429694
126.1000		430306
126.1500		429316
126.2000		429313
126.2500		430275
126.3000		428993
126.3500		429164
126.4000		429928
126.4500		431262
126.5000		428876
126.5500		429310
126.6000		429326
126.6500		429160
126.7000		428802
126.7500		430209
126.8000		429443
126.8500		429092
126.9000		429079
126.9500		428585
127.0000		428800
127.0500		429665
127.1000		429395
127.1500		429462
127.2000		428395
127.2500		428572
127.3000		429141
127.3500		429563
127.4000		428546
127.4500		428640
127.5000		428057
127.5500		430216
127.6000		429119
127.6500		429886
127.7000		429237
127.7500		428907
127.8000		429029
127.8500		428423
127.9000		429418
127.9500		428606
128.0000		429373
128.0500		429542
128.1000		429873
128.1500		429276
128.2000		429924
128.2500		429017
128.3000		429548
128.3500		428617
128.4000		429558
128.4500		430210
128.5000		429954
128.5500		429062
128.6000		428596
128.6500		429479
128.7000		429265
128.7500		429099
128.8000		428465
128.8500		429341
128.9000		429119
128.9500		429924
129.0000		429946
129.0500		428877
129.1000		429862
129.1500		429372
129.2000		429844
129.2500		429479
129.3000		429076
129.3500		428556
129.4000		429243
129.4500		428678
129.5000		428208
129.5500		428782
129.6000		428626
129.6500		429404
129.7000		429309
129.7500		429800
129.8000		430059
129.8500		428463
129.9000		429527
129.9500		429425
130.0000		429233
130.0500		429433
130.1000		430167
130.1500		429461
130.2000		430433
130.2500		429024
130.3000		429694
130.3500		429319
130.4000		430086
130.4500		429062
130.5000		429349
130.5500		429458
130.6000		429133
130.6500		429930
130.7000		430350
130.7500		429987
130.8000		428956
130.8500		429694
130.9000		429745
130.9500		429441
131.0000		430045
131.0500		429768
131.1000		428326
131.1500		429612
131.2000		429476
131.2500		430396
131.3000		428287
131.3500		430472
131.4000		430975
131.4500		430053
131.5000		428025
131.5500		430372
131.6000		429337
131.6500		428409
131.7000		428826
131.7500		429020
131.8000		429040
131.8500		429358
131.9000		428431
131.9500		429899
132.0000		429163
132.0500		429492
132.1000		428444
132.1500		428568
132.2000		429328
132.2500		430568
132.3000		428658
132.3500		430046
132.4000		430043
132.4500		428995
132.5000		429864
132.5500		430148
132.6000		429726
132.6500		430276
132.7000		429264
132.7500		429140
132.8000		430118
132.8500		430178
132.9000		430520
132.9500		428859
133.0000		429857
133.0500		428734
133.1000		429559
133.1500		430686
133.2000		429755
133.2500		430780
133.3000		430517
133.3500		430392
133.4000		429053
133.4500		430169
133.5000		429470
133.5500		430232
133.6000		429721
133.6500		429115
133.7000		428867
133.7500		428342
133.8000		429008
133.8500		429384
133.9000		429629
133.9500		430313
134.0000		428475
134.0500		428713
134.1000		430302
134.1500		429706
134.2000		429107
134.2500		429216
134.3000		428864
134.3500		429698
134.4000		430295
134.4500		429407
134.5000		430175
134.5500		429390
134.6000		429685
134.6500		430537
134.7000		429745
134.7500		429701
134.8000		430593
134.8500		430674
134.9000		430023
134.9500		429946
135.0000		429858
135.0500		429800
135.1000		430383
135.1500		429175
135.2000		429632
135.2500		430720
135.3000		429655
135.3500		430009
135.4000		429971
135.4500		430128
135.5000		429271
135.5500		428253
135.6000		429204
135.6500		428742
135.7000		429453
135.7500		429677
135.8000		429887
135.8500		430485
135.9000		429894
135.9500		429029
136.0000		429845
136.0500		429518
136.1000		428853
136.1500		430357
136.2000		429594
136.2500		429049
136.3000		429605
136.3500		428992
136.4000		431031
136.4500		428864
136.5000		429139
136.5500		429534
136.6000		429677
136.6500		428593
136.7000		428738
136.7500		428921
136.8000		428893
136.8500		430217
136.9000		429825
136.9500		430599
137.0000		430303
137.0500		429724
137.1000		428664
137.1500		429053
137.2000		430449
137.2500		429705
137.3000		429389
137.3500		429955
137.4000		429625
137.4500		429261
137.5000		429071
137.5500		429724
137.6000		429856
137.6500		429794
137.7000		429837
137.7500		429882
137.8000		429149
137.8500		429618
137.9000		429950
137.9500		430340
138.0000		429614
138.0500		429459
138.1000		429128
138.1500		429294
138.2000		429612
138.2500		428215
138.3000		430131
138.3500		429298
138.4000		429695
138.4500		428867
138.5000		429421
138.5500		429140
138.6000		428121
138.6500		430033
138.7000		430003
138.7500		428868
138.8000		429362
138.8500		429776
138.9000		430476
138.9500		430007
139.0000		428862
139.0500		428968
139.1000		429255
139.1500		429206
139.2000		428818
139.2500		429153
139.3000		429596
139.3500		429516
139.4000		429811
139.4500		429602
139.5000		429681
139.5500		429787
139.6000		429968
139.6500		429920
139.7000		429861
139.7500		429448
139.8000		429755
139.8500		429233
139.9000		429907
139.9500		429844
140.0000		429318
140.0500		429580
140.1000		428884
140.1500		429598
140.2000		430084
140.2500		430044
140.3000		429653
140.3500		431283
140.4000		429517
140.4500		429490
140.5000		428899
140.5500		429481
140.6000		429224
140.6500		429123
140.7000		428052
140.7500		429280
140.8000		428194
140.8500		429398
140.9000		428708
140.9500		428788
141.0000		429760
141.0500		429222
141.1000		430619
141.1500		428649
141.2000		430112
141.2500		428664
141.3000		429529
141.3500		429497
141.4000		428912
141.4500		429280
141.5000		429148
141.5500		430002
141.6000		429641
141.6500		429744
141.7000		429544
141.7500		429198
141.8000		429501
141.8500		429696
141.9000		429272
141.9500		431075
142.0000		428362
142.0500		430136
142.1000		429861
142.1500		430766
142.2000		430165
142.2500		429711
142.3000		429774
142.3500		428827
142.4000		429290
142.4500		429121
142.5000		429116
142.5500		428524
142.6000		429094
142.6500		429575
142.7000		429434
142.7500		430709
142.8000		429240
142.8500		429244
142.9000		429731
142.9500		428693
143.0000		429658
143.0500		429056
143.1000		428706
143.1500		429427
143.2000		428872
143.2500		428908
143.3000		429684
143.3500		428011
143.4000		429351
143.4500		430501
143.5000		428742
143.5500		429899
143.6000		429164
143.6500		429467
143.7000		429699
143.7500		430312
143.8000		429963
143.8500		428439
143.9000		429514
143.9500		429655
144.0000		428459
144.0500		429813
144.1000		429687
144.1500		428713
144.2000		429005
144.2500		429958
144.3000		429279
144.3500		430644
144.4000		428718
144.4500		428210
144.5000		430482
144.5500		430476
144.6000		429891
144.6500		429472
144.7000		428872
144.7500		429987
144.8000		428942
144.8500		430006
144.9000		429734
144.9500		429219
145.0000		429809
145.0500		428761
145.1000		429696
145.1500		428749
145.2000		429443
145.2500		430249
145.3000		428813
145.3500		428453
145.4000		429068
145.4500		428606
145.5000		430253
145.5500		428956
145.6000		429408
145.6500		428970
145.7000		429305
145.7500		429748
145.8000		428763
145.8500		430186
145.9000		429274
145.9500		428847
146.0000		428708
146.0500		428311
146.1000		429427
146.1500		429270
146.2000		428321
146.2500		428599
146.3000		429136
146.3500		429414
146.4000		429630
146.4500		429165
146.5000		429893
146.5500		429516
146.6000		430803
146.6500		429725
146.7000		429824
146.7500		429653
146.8000		429971
146.8500		429249
146.9000		430021
146.9500		429829
147.0000		429969
147.0500		429939
147.1000		428376
147.1500		429456
147.2000		429135
147.2500		429397
147.3000		429591
147.3500		430008
147.4000		430442
147.4500		429769
147.5000		428955
147.5500		429470
147.6000		429018
147.6500		428408
147.7000		428979
147.7500		429929
147.8000		428944
147.8500		428441
147.9000		429168
147.9500		428404
148.0000		429382
148.0500		429485
148.1000		429661
148.1500		429403
148.2000		430560
148.2500		430047
148.3000		429077
148.3500		429574
148.4000		430298
148.4500		429583
148.5000		429490
148.5500		429143
148.6000		429904
148.6500		428952
148.7000		430170
148.7500		429279
148.8000		429190
148.8500		429157
148.9000		428923
148.9500		429413
149.0000		430451
149.0500		429997
149.1000		429562
149.1500		430215
149.2000		429891
149.2500		430455
149.3000		429904
149.3500		429249
149.4000		429485
149.4500		430296
149.5000		430482
149.5500		429747
149.6000		429767
149.6500		430095
149.7000		429836
149.7500		428770
149.8000		429140
149.8500		429981
149.9000		429743
149.9500		429877
