0.0000	43821
0.0200	43384
0.0400	44234
0.0600	43783
0.0800	44064
0.1000	43440
0.1200	42991
0.1400	43857
0.1600	43651
0.1800	43888
0.2000	43703
0.2200	43787
0.2400	43947
0.2600	43711
0.2800	43311
0.3000	43308
0.3200	44262
0.3400	43613
0.3600	44095
0.3800	43975
0.4000	44519
0.4200	44182
0.4400	43733
0.4600	43780
0.4800	44309
0.5000	44067
0.5200	43658
0.5400	44448
0.5600	43807
0.5800	44213
0.6000	44302
0.6200	43811
0.6400	44365
0.6600	43584
0.6800	44256
0.7000	43798
0.7200	44561
0.7400	43966
0.7600	43925
0.7800	44196
0.8000	43895
0.8200	44138
0.8400	43850
0.8600	44399
0.8800	43830
0.9000	44881
0.9200	43989
0.9400	44280
0.9600	44220
0.9800	43924
1.0000	43407
1.0200	43214
1.0400	43983
1.0600	43606
1.0800	43775
1.1000	44017
1.1200	43845
1.1400	43957
1.1600	43602
1.1800	43830
1.2000	43325
1.2200	44500
1.2400	43700
1.2600	43866
1.2800	43642
1.3000	43606
1.3200	43436
1.3400	43238
1.3600	43429
1.3800	43757
1.4000	44430
1.4200	43428
1.4400	44180
1.4600	43760
1.4800	44125
1.5000	44004
1.5200	43691
1.5400	44084
1.5600	43654
1.5800	44419
1.6000	43674
1.6200	44152
1.6400	44117
1.6600	44358
1.6800	44110
1.7000	43765
1.7200	44016
1.7400	43698
1.7600	44273
1.7800	43539
1.8000	44330
1.8200	43882
1.8400	44102
1.8600	43883
1.8800	43811
1.9000	44392
1.9200	43804
1.9400	44510
1.9600	43514
1.9800	44066
2.0000	43756
2.0200	43934
2.0400	43383
2.0600	43491
2.0800	43585
2.1000	43492
2.1200	44027
2.1400	43531
2.1600	44120
2.1800	44092
2.2000	43873
2.2200	43055
2.2400	43511
2.2600	44051
2.2800	43538
2.3000	44016
2.3200	43568
2.3400	44095
2.3600	44464
2.3800	43758
2.4000	43547
2.4200	43391
2.4400	43805
2.4600	43276
2.4800	44074
2.5000	43640
2.5200	44060
2.5400	43879
2.5600	44037
2.5800	43386
2.6000	43835
2.6200	44101
2.6400	43357
2.6600	44374
2.6800	43996
2.7000	44622
2.7200	44384
2.7400	44216
2.7600	44233
2.7800	43737
2.8000	44321
2.8200	43788
2.8400	44685
2.8600	43661
2.8800	44081
2.9000	43915
2.9200	43711
2.9400	43489
2.9600	43556
2.9800	44343
3.0000	43276
3.0200	43979
3.0400	43755
3.0600	43749
3.0800	43791
3.1000	43898
3.1200	43277
3.1400	43276
3.1600	44132
3.1800	43237
3.2000	43767
3.2200	43855
3.2400	44002
3.2600	43842
3.2800	43721
3.3000	43502
3.3200	43320
3.3400	44059
3.3600	43408
3.3800	43973
3.4000	43506
3.4200	43817
3.4400	43974
3.4600	43888
3.4800	43474
3.5000	43496
3.5200	43936
3.5400	43410
3.5600	44098
3.5800	43643
3.6000	44164
3.6200	43701
3.6400	43679
3.6600	43900
3.6800	43307
3.7000	44138
3.7200	43527
3.7400	44212
3.7600	44042
3.7800	44295
3.8000	43976
3.8200	43431
3.8400	44153
3.8600	43535
3.8800	44345
3.9000	43744
3.9200	44055
3.9400	43873
3.9600	44233
3.9800	43519
4.0000	43234
4.0200	43151
4.0400	43293
4.0600	43858
4.0800	43282
4.1000	43977
4.1200	44024
4.1400	43939
4.1600	43340
4.1800	43570
4.2000	43476
4.2200	43411
4.2400	43713
4.2600	43144
4.2800	43789
4.3000	43787
4.3200	43552
4.3400	43537
4.3600	43733
4.3800	43761
4.4000	43542
4.4200	43909
4.4400	43388
4.4600	43736
4.4800	43879
4.5000	43851
4.5200	43748
4.5400	43684
4.5600	43843
4.5800	43523
4.6000	44193
4.6200	43633
4.6400	44270
4.6600	43793
4.6800	43802
4.7000	43447
4.7200	43897
4.7400	44002
4.7600	43518
4.7800	43783
4.8000	43936
4.8200	44173
4.8400	44338
4.8600	44061
4.8800	43680
4.9000	43930
4.9200	43852
4.9400	43893
4.9600	44207
4.9800	43935
5.0000	43993
5.0200	44041
5.0400	43542
5.0600	43689
5.0800	43433
5.1000	43924
5.1200	43256
5.1400	43823
5.1600	43359
5.1800	43882
5.2000	43481
5.2200	43328
5.2400	43648
5.2600	43542
5.2800	44130
5.3000	43225
5.3200	44252
5.3400	43088
5.3600	44020
5.3800	43802
5.4000	43568
5.4200	43471
5.4400	43519
5.4600	44109
5.4800	43360
5.5000	44257
5.5200	43728
5.5400	44468
5.5600	43475
5.5800	43503
5.6000	43828
5.6200	43667
5.6400	44209
5.6600	43534
5.6800	43812
5.7000	43807
5.7200	43882
5.7400	43730
5.7600	43918
5.7800	43274
5.8000	43417
5.8200	44413
5.8400	43264
5.8600	43937
5.8800	43729
5.9000	44096
5.9200	44005
5.9400	43752
5.9600	43608
5.9800	43564
6.0000	43860
6.0200	42989
6.0400	43809
6.0600	43800
6.0800	44053
6.1000	43780
6.1200	43264
6.1400	43556
6.1600	43594
6.1800	43958
6.2000	43764
6.2200	43793
6.2400	43520
6.2600	44025
6.2800	43769
6.3000	43422
6.3200	43694
6.3400	43627
6.3600	44054
6.3800	43223
6.4000	43925
6.4200	43837
6.4400	43908
6.4600	43606
6.4800	43427
6.5000	44080
6.5200	43841
6.5400	44298
6.5600	43854
6.5800	44076
6.6000	43865
6.6200	44080
6.6400	44020
6.6600	43785
6.6800	44147
6.7000	43477
6.7200	44357
6.7400	43493
6.7600	43991
6.7800	44089
6.8000	44046
6.8200	43542
6.8400	43590
6.8600	44140
6.8800	43508
6.9000	44177
6.9200	43821
6.9400	44068
6.9600	44028
6.9800	44164
7.0000	43165
7.0200	43225
7.0400	43567
7.0600	43234
7.0800	43784
7.1000	43438
7.1200	43878
7.1400	43821
7.1600	43685
7.1800	43439
7.2000	43759
7.2200	43726
7.2400	42979
7.2600	43694
7.2800	43377
7.3000	44268
7.3200	44053
7.3400	43650
7.3600	43622
7.3800	43263
7.4000	44080
7.4200	43210
7.4400	43992
7.4600	43529
7.4800	44316
7.5000	43996
7.5200	43760
7.5400	43771
7.5600	43743
7.5800	44354
7.6000	43642
7.6200	44512
7.6400	43912
7.6600	44364
7.6800	44314
7.7000	44020
7.7200	43652
7.7400	43777
7.7600	44322
7.7800	43759
7.8000	44285
7.8200	43452
7.8400	44263
7.8600	43898
7.8800	43681
7.9000	43645
7.9200	43851
7.9400	44005
7.9600	43211
7.9800	43772
8.0000	43364
8.0200	43823
8.0400	43488
8.0600	43848
8.0800	43198
8.1000	43217
8.1200	44119
8.1400	43044
8.1600	43685
8.1800	43734
8.2000	43885
8.2200	43550
8.2400	43658
8.2600	43439
8.2800	43478
8.3000	43641
8.3200	43353
8.3400	44121
8.3600	43620
8.3800	44188
8.4000	43851
8.4200	43523
8.4400	43408
8.4600	43326
8.4800	43769
8.5000	43455
8.5200	44389
8.5400	44032
8.5600	44230
8.5800	44013
8.6000	43745
8.6200	43788
8.6400	43610
8.6600	44048
8.6800	43412
8.7000	44234
8.7200	43922
8.7400	44083
8.7600	44212
8.7800	43545
8.8000	43851
8.8200	43672
8.8400	44166
8.8600	43566
8.8800	44415
8.9000	43781
8.9200	44085
8.9400	43812
8.9600	43557
8.9800	43934
9.0000	43173
9.0200	43569
9.0400	43153
9.0600	43466
9.0800	43655
9.1000	44014
9.1200	43560
9.1400	43570
9.1600	43639
9.1800	43158
9.2000	44029
9.2200	42738
9.2400	43583
9.2600	44030
9.2800	43599
9.3000	43573
9.3200	43434
9.3400	43568
9.3600	42992
9.3800	43635
9.4000	43432
9.4200	44149
9.4400	43592
9.4600	43629
9.4800	43316
9.5000	43655
9.5200	44080
9.5400	43731
9.5600	44376
9.5800	43653
9.6000	44308
9.6200	44057
9.6400	43987
9.6600	43419
9.6800	43344
9.7000	43613
9.7200	43471
9.7400	43981
9.7600	43676
9.7800	44104
9.8000	44079
9.8200	43143
9.8400	43490
9.8600	43684
9.8800	44566
9.9000	43610
9.9200	44207
9.9400	43646
9.9600	44127
9.9800	43920
10.0000	43355
10.0200	43343
10.0400	43638
10.0600	43943
10.0800	43302
10.1000	44340
10.1200	43115
10.1400	43767
10.1600	43662
10.1800	43609
10.2000	43161
10.2200	43384
10.2400	43872
10.2600	43350
10.2800	43971
10.3000	43201
10.3200	43564
10.3400	43465
10.3600	43649
10.3800	43577
10.4000	43184
10.4200	43744
10.4400	43183
10.4600	43643
10.4800	43535
10.5000	44277
10.5200	43885
10.5400	43988
10.5600	44042
10.5800	43579
10.6000	43852
10.6200	43413
10.6400	44361
10.6600	43762
10.6800	44003
10.7000	43634
10.7200	43426
10.7400	43799
10.7600	43745
10.7800	44305
10.8000	43418
10.8200	44177
10.8400	43817
10.8600	44354
10.8800	43710
10.9000	43520
10.9200	43737
10.9400	43524
10.9600	44206
10.9800	43997
11.0000	43578
11.0200	43674
11.0400	43493
11.0600	43099
11.0800	43194
11.1000	43718
11.1200	43295
11.1400	43927
11.1600	43048
11.1800	43907
11.2000	43731
11.2200	44019
11.2400	43806
11.2600	43298
11.2800	43750
11.3000	43226
11.3200	43891
11.3400	42998
11.3600	44061
11.3800	43862
11.4000	43975
11.4200	43623
11.4400	43512
11.4600	43516
11.4800	43325
11.5000	43998
11.5200	43781
11.5400	43865
11.5600	44022
11.5800	43949
11.6000	43598
11.6200	43760
11.6400	43802
11.6600	43928
11.6800	44324
11.7000	43237
11.7200	44212
11.7400	43919
11.7600	43960
11.7800	43861
11.8000	43906
11.8200	43767
11.8400	43501
11.8600	43757
11.8800	43554
11.9000	44369
11.9200	44262
11.9400	43948
11.9600	43887
11.9800	43598
12.0000	43662
12.0200	43509
12.0400	43972
12.0600	43301
12.0800	43746
12.1000	43817
12.1200	43387
12.1400	43193
12.1600	43328
12.1800	43822
12.2000	43574
12.2200	43640
12.2400	43146
12.2600	44212
12.2800	43879
12.3000	43651
12.3200	43496
12.3400	43562
12.3600	43993
12.3800	43279
12.4000	44073
12.4200	43413
12.4400	43632
12.4600	43735
12.4800	43154
12.5000	43727
12.5200	43538
12.5400	44326
12.5600	43461
12.5800	44509
12.6000	43315
12.6200	44435
12.6400	43919
12.6600	43867
12.6800	43531
12.7000	43651
12.7200	43979
12.7400	43404
12.7600	44257
12.7800	43476
12.8000	44205
12.8200	43824
12.8400	43596
12.8600	43736
12.8800	43833
12.9000	44079
12.9200	43378
12.9400	44144
12.9600	43470
12.9800	44043
13.0000	43678
13.0200	43502
13.0400	43721
13.0600	43510
13.0800	43710
13.1000	43199
13.1200	43820
13.1400	43453
13.1600	43637
13.1800	43620
13.2000	43227
13.2200	43481
13.2400	42990
13.2600	43656
13.2800	43164
13.3000	43789
13.3200	43393
13.3400	44134
13.3600	43337
13.3800	43853
13.4000	43385
13.4200	43871
13.4400	43722
13.4600	43418
13.4800	43857
13.5000	43989
13.5200	43882
13.5400	43673
13.5600	43046
13.5800	43818
13.6000	43283
13.6200	44510
13.6400	43506
13.6600	44376
13.6800	43723
13.7000	44195
13.7200	43904
13.7400	43605
13.7600	43761
13.7800	43551
13.8000	44139
13.8200	43673
13.8400	44104
13.8600	43536
13.8800	44188
13.9000	43286
13.9200	43520
13.9400	43566
13.9600	43239
13.9800	43857
14.0000	43011
14.0200	43699
14.0400	43737
14.0600	43906
14.0800	43214
14.1000	43267
14.1200	43689
14.1400	43232
14.1600	43304
14.1800	43405
14.2000	43725
14.2200	43968
14.2400	43610
14.2600	43340
14.2800	43372
14.3000	43823
14.3200	43444
14.3400	43881
14.3600	43354
14.3800	43586
14.4000	43915
14.4200	43649
14.4400	43112
14.4600	42922
14.4800	43154
14.5000	43080
14.5200	44132
14.5400	43522
14.5600	43913
14.5800	43982
14.6000	43473
14.6200	43719
14.6400	43111
14.6600	44215
14.6800	43334
14.7000	44273
14.7200	43567
14.7400	43790
14.7600	43753
14.7800	43896
14.8000	43583
14.8200	43214
14.8400	44198
14.8600	43360
14.8800	44399
14.9000	43211
14.9200	44310
14.9400	43730
14.9600	43953
14.9800	43474
15.0000	43421
15.0200	43783
15.0400	43337
15.0600	43988
15.0800	43194
15.1000	43798
15.1200	43341
15.1400	43652
15.1600	43523
15.1800	43046
15.2000	43915
15.2200	43029
15.2400	43942
15.2600	43396
15.2800	43818
15.3000	43243
15.3200	43898
15.3400	42937
15.3600	43402
15.3800	43545
15.4000	43082
15.4200	43482
15.4400	43522
15.4600	43815
15.4800	43123
15.5000	43572
15.5200	43676
15.5400	43614
15.5600	43541
15.5800	43624
15.6000	43945
15.6200	43781
15.6400	43973
15.6600	43758
15.6800	43368
15.7000	43361
15.7200	43309
15.7400	44177
15.7600	43394
15.7800	44001
15.8000	43766
15.8200	43819
15.8400	43479
15.8600	43144
15.8800	43455
15.9000	43472
15.9200	43937
15.9400	43186
15.9600	43958
15.9800	43570
16.0000	43573
16.0200	43239
16.0400	43369
16.0600	43178
16.0800	43668
16.1000	43876
16.1200	43451
16.1400	43990
16.1600	43579
16.1800	43660
16.2000	43428
16.2200	43410
16.2400	43724
16.2600	43345
16.2800	43845
16.3000	42839
16.3200	43996
16.3400	43700
16.3600	43402
16.3800	43532
16.4000	43133
16.4200	43535
16.4400	42977
16.4600	43390
16.4800	43336
16.5000	43477
16.5200	44098
16.5400	43733
16.5600	43534
16.5800	43611
16.6000	43701
16.6200	43253
16.6400	43990
16.6600	43265
16.6800	43898
16.7000	44227
16.7200	43572
16.7400	43612
16.7600	43828
16.7800	43999
16.8000	43064
16.8200	44427
16.8400	43130
16.8600	44251
16.8800	43948
16.9000	43606
16.9200	43141
16.9400	43484
16.9600	43973
16.9800	43229
17.0000	43797
17.0200	43039
17.0400	43999
17.0600	43544
17.0800	43664
17.1000	43423
17.1200	43719
17.1400	43684
17.1600	43243
17.1800	43920
17.2000	43572
17.2200	43643
17.2400	43556
17.2600	43448
17.2800	43153
17.3000	42957
17.3200	44049
17.3400	43193
17.3600	43708
17.3800	43556
17.4000	44046
17.4200	43400
17.4400	43574
17.4600	43206
17.4800	43318
17.5000	43600
17.5200	43475
17.5400	43996
17.5600	43559
17.5800	43815
17.6000	43723
17.6200	43445
17.6400	43273
17.6600	43292
17.6800	43872
17.7000	43212
17.7200	43786
17.7400	43658
17.7600	43926
17.7800	43693
17.8000	43613
17.8200	43681
17.8400	43220
17.8600	44162
17.8800	43601
17.9000	44173
17.9200	43930
17.9400	44048
17.9600	43653
17.9800	43280
18.0000	43420
18.0200	42997
18.0400	43845
18.0600	43162
18.0800	43918
18.1000	43411
18.1200	43920
18.1400	43277
18.1600	43189
18.1800	43309
18.2000	43380
18.2200	43453
18.2400	42794
18.2600	43902
18.2800	43194
18.3000	43907
18.3200	43230
18.3400	43364
18.3600	43287
18.3800	43293
18.4000	43540
18.4200	43027
18.4400	43707
18.4600	43478
18.4800	43568
18.5000	43467
18.5200	43482
18.5400	43559
18.5600	43575
18.5800	43774
18.6000	43547
18.6200	43832
18.6400	44014
18.6600	43969
18.6800	43489
18.7000	43569
18.7200	43669
18.7400	43268
18.7600	43884
18.7800	43651
18.8000	44010
18.8200	44129
18.8400	43680
18.8600	43813
18.8800	43238
18.9000	43782
18.9200	43083
18.9400	43986
18.9600	43697
18.9800	43711
19.0000	43533
19.0200	43609
19.0400	43297
19.0600	42648
19.0800	43423
19.1000	42847
19.1200	43685
19.1400	43265
19.1600	43201
19.1800	43528
19.2000	43292
19.2200	42855
19.2400	43105
19.2600	43609
19.2800	43033
19.3000	43649
19.3200	42919
19.3400	43577
19.3600	43348
19.3800	43257
19.4000	42846
19.4200	43444
19.4400	43321
19.4600	42782
19.4800	43838
19.5000	43535
19.5200	43619
19.5400	44005
19.5600	43468
19.5800	43225
19.6000	43319
19.6200	43744
19.6400	43378
19.6600	43778
19.6800	43491
19.7000	43886
19.7200	43914
19.7400	43452
19.7600	43345
19.7800	42983
19.8000	43608
19.8200	43023
19.8400	44082
19.8600	43608
19.8800	43863
19.9000	43551
19.9200	43441
19.9400	43521
19.9600	42924
19.9800	43944
