0.0000	17553
0.0200	17810
0.0400	17556
0.0600	17683
0.0800	17541
0.1000	17661
0.1200	17130
0.1400	17462
0.1600	17162
0.1800	17676
0.2000	17800
0.2200	17756
0.2400	18011
0.2600	17589
0.2800	17627
0.3000	17316
0.3200	17814
0.3400	17203
0.3600	17494
0.3800	17614
0.4000	17831
0.4200	17821
0.4400	17395
0.4600	17548
0.4800	17233
0.5000	17806
0.5200	17278
0.5400	17563
0.5600	18023
0.5800	17745
0.6000	17695
0.6200	17521
0.6400	17830
0.6600	16989
0.6800	17744
0.7000	17507
0.7200	17387
0.7400	17821
0.7600	17838
0.7800	18123
0.8000	17772
0.8200	17693
0.8400	17008
0.8600	17523
0.8800	17433
0.9000	17546
0.9200	18016
0.9400	17483
0.9600	17686
0.9800	17657
1.0000	17340
1.0200	16894
1.0400	17641
1.0600	17137
1.0800	17391
1.1000	17727
1.1200	17455
1.1400	17827
1.1600	17443
1.1800	17590
1.2000	17073
1.2200	17668
1.2400	17437
1.2600	17449
1.2800	17808
1.3000	17533
1.3200	17567
1.3400	17313
1.3600	17492
1.3800	16950
1.4000	17356
1.4200	17383
1.4400	17629
1.4600	17764
1.4800	17611
1.5000	17573
1.5200	17375
1.5400	17586
1.5600	17080
1.5800	17639
1.6000	17672
1.6200	17583
1.6400	18063
1.6600	17752
1.6800	17753
1.7000	17380
1.7200	17598
1.7400	16980
1.7600	17742
1.7800	17738
1.8000	17543
1.8200	18199
1.8400	17593
1.8600	17653
1.8800	17324
1.9000	17738
1.9200	17241
1.9400	17692
1.9600	17806
1.9800	17648
2.0000	18030
2.0200	17686
2.0400	17457
2.0600	17274
2.0800	17603
2.1000	17207
2.1200	17643
2.1400	17388
2.1600	17442
2.1800	18175
2.2000	17496
2.2200	17467
2.2400	17073
2.2600	17711
2.2800	17209
2.3000	17550
2.3200	17902
2.3400	17413
2.3600	18075
2.3800	17703
2.4000	17582
2.4200	17296
2.4400	17543
2.4600	17304
2.4800	17806
2.5000	17856
2.5200	17473
2.5400	18025
2.5600	17499
2.5800	17666
2.6000	17240
2.6200	17580
2.6400	17456
2.6600	17718
2.6800	17858
2.7000	17441
2.7200	17937
2.7400	17585
2.7600	17476
2.7800	17120
2.8000	17825
2.8200	17531
2.8400	17535
2.8600	17820
2.8800	17598
2.9000	18019
2.9200	17556
2.9400	17534
2.9600	17078
2.9800	17691
3.0000	17250
3.0200	17679
3.0400	17779
3.0600	17504
3.0800	17978
3.1000	17700
3.1200	17660
3.1400	17307
3.1600	17486
3.1800	17567
3.2000	17540
3.2200	17955
3.2400	17576
3.2600	17787
3.2800	17513
3.3000	17838
3.3200	17037
3.3400	17662
3.3600	17410
3.3800	17654
3.4000	18126
3.4200	17561
3.4400	17881
3.4600	17482
3.4800	17728
3.5000	16975
3.5200	17821
3.5400	17457
3.5600	17493
3.5800	18049
3.6000	17765
3.6200	17736
3.6400	17571
3.6600	17617
3.6800	17018
3.7000	17589
3.7200	17445
3.7400	17766
3.7600	18076
3.7800	17479
3.8000	17709
3.8200	17329
3.8400	17601
3.8600	17095
3.8800	17633
3.9000	17666
3.9200	17570
3.9400	17961
3.9600	17722
3.9800	17672
4.0000	17255
4.0200	17496
4.0400	17048
4.0600	17685
4.0800	17543
4.1000	17382
4.1200	18197
4.1400	17474
4.1600	17639
4.1800	17360
4.2000	17579
4.2200	17035
4.2400	17643
4.2600	17639
4.2800	17746
4.3000	18169
4.3200	17864
4.3400	17665
4.3600	17315
4.3800	17794
4.4000	17214
4.4200	17635
4.4400	17627
4.4600	17601
4.4800	18005
4.5000	17756
4.5200	17801
4.5400	17505
4.5600	17545
4.5800	17224
4.6000	17669
4.6200	17753
4.6400	17597
4.6600	18089
4.6800	17693
4.7000	17674
4.7200	16986
4.7400	17581
4.7600	17254
4.7800	17710
4.8000	17719
4.8200	17622
4.8400	18122
4.8600	17610
4.8800	17620
4.9000	17164
4.9200	17743
4.9400	17358
4.9600	17413
4.9800	17911
5.0000	17329
5.0200	17925
5.0400	17811
5.0600	17562
5.0800	17041
5.1000	17794
5.1200	17336
5.1400	17610
5.1600	17720
5.1800	17541
5.2000	17836
5.2200	17564
5.2400	17798
5.2600	17152
5.2800	17746
5.3000	17658
5.3200	17735
5.3400	18013
5.3600	17606
5.3800	17826
5.4000	17618
5.4200	17612
5.4400	17268
5.4600	17542
5.4800	17461
5.5000	17654
5.5200	18057
5.5400	17592
5.5600	17830
5.5800	17527
5.6000	17692
5.6200	17129
5.6400	17579
5.6600	17479
5.6800	17366
5.7000	18101
5.7200	17563
5.7400	17754
5.7600	17562
5.7800	17510
5.8000	17170
5.8200	17679
5.8400	17491
5.8600	17968
5.8800	18055
5.9000	17623
5.9200	17825
5.9400	17373
5.9600	17546
5.9800	16948
6.0000	17376
6.0200	17584
6.0400	17743
6.0600	18061
6.0800	17673
6.1000	17760
6.1200	17581
6.1400	17754
6.1600	17127
6.1800	17755
6.2000	17576
6.2200	17624
6.2400	18071
6.2600	17480
6.2800	17818
6.3000	17485
6.3200	17611
6.3400	17267
6.3600	17570
6.3800	17660
6.4000	17564
6.4200	18106
6.4400	17638
6.4600	17737
6.4800	17526
6.5000	17763
6.5200	17062
6.5400	17677
6.5600	17712
6.5800	17622
6.6000	17983
6.6200	17680
6.6400	17635
6.6600	17193
6.6800	17797
6.7000	17357
6.7200	17612
6.7400	17656
6.7600	17690
6.7800	18277
6.8000	17577
6.8200	17767
6.8400	17329
6.8600	17581
6.8800	17204
6.9000	17656
6.9200	17900
6.9400	17591
6.9600	18256
6.9800	17380
7.0000	17277
7.0200	17270
7.0400	17495
7.0600	16935
7.0800	17527
7.1000	17805
7.1200	17683
7.1400	17848
7.1600	17454
7.1800	17460
7.2000	17160
7.2200	17421
7.2400	17166
7.2600	17465
7.2800	17831
7.3000	17709
7.3200	17933
7.3400	17695
7.3600	17562
7.3800	17369
7.4000	17692
7.4200	17356
7.4400	17517
7.4600	17966
7.4800	17396
7.5000	17908
7.5200	17729
7.5400	17642
7.5600	17159
7.5800	18048
7.6000	17432
7.6200	17548
7.6400	17911
7.6600	17736
7.6800	17920
7.7000	17718
7.7200	17597
7.7400	17175
7.7600	17693
7.7800	17169
7.8000	17637
7.8200	17880
7.8400	17759
7.8600	17847
7.8800	17619
7.9000	17747
7.9200	17117
7.9400	17837
7.9600	17327
7.9800	17545
8.0000	17798
8.0200	17464
8.0400	18045
8.0600	17476
8.0800	17455
8.1000	17168
8.1200	17660
8.1400	17433
8.1600	17634
8.1800	18083
8.2000	17476
8.2200	17645
8.2400	17403
8.2600	17551
8.2800	17114
8.3000	17620
8.3200	17628
8.3400	17508
8.3600	18019
8.3800	17298
8.4000	17752
8.4200	17347
8.4400	17770
8.4600	17376
8.4800	17692
8.5000	17500
8.5200	17706
8.5400	17838
8.5600	17707
8.5800	17718
8.6000	17220
8.6200	17682
8.6400	17148
8.6600	17620
8.6800	17625
8.7000	17499
8.7200	17988
8.7400	17697
8.7600	17801
8.7800	17532
8.8000	17558
8.8200	17033
8.8400	17544
8.8600	17846
8.8800	17677
8.9000	17874
8.9200	17655
8.9400	17921
8.9600	17437
8.9800	17451
9.0000	17036
9.0200	17302
9.0400	17598
9.0600	17538
9.0800	18120
9.1000	17710
9.1200	17858
9.1400	17376
9.1600	17497
9.1800	17187
9.2000	17638
9.2200	17849
9.2400	17567
9.2600	17922
9.2800	17613
9.3000	17813
9.3200	17184
9.3400	17420
9.3600	17132
9.3800	17648
9.4000	17761
9.4200	17626
9.4400	18170
9.4600	17704
9.4800	17607
9.5000	17291
9.5200	17568
9.5400	17324
9.5600	17619
9.5800	17702
9.6000	17514
9.6200	18071
9.6400	17793
9.6600	17599
9.6800	17177
9.7000	17808
9.7200	17420
9.7400	17662
9.7600	17696
9.7800	17670
9.8000	18019
9.8200	17655
9.8400	17590
9.8600	17233
9.8800	17568
9.9000	17173
9.9200	17611
9.9400	17814
9.9600	17382
9.9800	17955
10.0000	17110
10.0200	17720
10.0400	17074
10.0600	17679
10.0800	17204
10.1000	17660
10.1200	17790
10.1400	17427
10.1600	17994
10.1800	17635
10.2000	17563
10.2200	17120
10.2400	17555
10.2600	17262
10.2800	17677
10.3000	17941
10.3200	17610
10.3400	17719
10.3600	17812
10.3800	17531
10.4000	16986
10.4200	17541
10.4400	17304
10.4600	17638
10.4800	17835
10.5000	17571
10.5200	17717
10.5400	17444
10.5600	17554
10.5800	17029
10.6000	17580
10.6200	17341
10.6400	17631
10.6600	18095
10.6800	17821
10.7000	17693
10.7200	17508
10.7400	17642
10.7600	16979
10.7800	17609
10.8000	17514
10.8200	17454
10.8400	17887
10.8600	17673
10.8800	17529
10.9000	17655
10.9200	17540
10.9400	16981
10.9600	17680
10.9800	17665
11.0000	17459
11.0200	17750
11.0400	17696
11.0600	17324
11.0800	17444
11.1000	17648
11.1200	17170
11.1400	17472
11.1600	17542
11.1800	17326
11.2000	17954
11.2200	17516
11.2400	17795
11.2600	17310
11.2800	17514
11.3000	17142
11.3200	17719
11.3400	17482
11.3600	17522
11.3800	18205
11.4000	17323
11.4200	17552
11.4400	17401
11.4600	17352
11.4800	17107
11.5000	17680
11.5200	17443
11.5400	17345
11.5600	18242
11.5800	17672
11.6000	17559
11.6200	17175
11.6400	17458
11.6600	17342
11.6800	17597
11.7000	17658
11.7200	17285
11.7400	17937
11.7600	17473
11.7800	17663
11.8000	17166
11.8200	17423
11.8400	17145
11.8600	17529
11.8800	17540
11.9000	17627
11.9200	17884
11.9400	17618
11.9600	17675
11.9800	17210
12.0000	17303
12.0200	17047
12.0400	17328
12.0600	17508
12.0800	17562
12.1000	17841
12.1200	17415
12.1400	17634
12.1600	17058
12.1800	17619
12.2000	17095
12.2200	17489
12.2400	17726
12.2600	17621
12.2800	17769
12.3000	17645
12.3200	17507
12.3400	17023
12.3600	17638
12.3800	17266
12.4000	17600
12.4200	17677
12.4400	17664
12.4600	17933
12.4800	17551
12.5000	17407
12.5200	16998
12.5400	17510
12.5600	17238
12.5800	17505
12.6000	17888
12.6200	17551
12.6400	17830
12.6600	17504
12.6800	17622
12.7000	16935
12.7200	17487
12.7400	17332
12.7600	17661
12.7800	17742
12.8000	17460
12.8200	17727
12.8400	17886
12.8600	17651
12.8800	16919
12.9000	17554
12.9200	17368
12.9400	17437
12.9600	17931
12.9800	17457
13.0000	17668
13.0200	17433
13.0400	17458
13.0600	16909
13.0800	17693
13.1000	17481
13.1200	17384
13.1400	17946
13.1600	17692
13.1800	17728
13.2000	17536
13.2200	17475
13.2400	16957
13.2600	17495
13.2800	17639
13.3000	17597
13.3200	17912
13.3400	17735
13.3600	17331
13.3800	17323
13.4000	17486
13.4200	17218
13.4400	17609
13.4600	17644
13.4800	17578
13.5000	18067
13.5200	17577
13.5400	17663
13.5600	17374
13.5800	17492
13.6000	17082
13.6200	17632
13.6400	17777
13.6600	17468
13.6800	17879
13.7000	17586
13.7200	17642
13.7400	17341
13.7600	17430
13.7800	17192
13.8000	17484
13.8200	17590
13.8400	17670
13.8600	17874
13.8800	17823
13.9000	17489
13.9200	17155
13.9400	17335
13.9600	17127
13.9800	17625
14.0000	17673
14.0200	17417
14.0400	18025
14.0600	17603
14.0800	17530
14.1000	17033
14.1200	17506
14.1400	17168
14.1600	17488
14.1800	17614
14.2000	17521
14.2200	17876
14.2400	17641
14.2600	17384
14.2800	17327
14.3000	17485
14.3200	17350
14.3400	17553
14.3600	17616
14.3800	17641
14.4000	17912
14.4200	17705
14.4400	17465
14.4600	17276
14.4800	17520
14.5000	17332
14.5200	17451
14.5400	17843
14.5600	17700
14.5800	17793
14.6000	17574
14.6200	17703
14.6400	17052
14.6600	17650
14.6800	17356
14.7000	17600
14.7200	17829
14.7400	17431
14.7600	17951
14.7800	17555
14.8000	17581
14.8200	16980
14.8400	17738
14.8600	17241
14.8800	17667
14.9000	17855
14.9200	17648
14.9400	17932
14.9600	17482
14.9800	17629
15.0000	16902
15.0200	17464
15.0400	17270
15.0600	17598
15.0800	17766
15.1000	17847
15.1200	17655
15.1400	17305
15.1600	17466
15.1800	16852
15.2000	17403
15.2200	17501
15.2400	17658
15.2600	17712
15.2800	17639
15.3000	17823
15.3200	17562
15.3400	17558
15.3600	16725
15.3800	17421
15.4000	17499
15.4200	17515
15.4400	17983
15.4600	17445
15.4800	17705
15.5000	17281
15.5200	17442
15.5400	16914
15.5600	17806
15.5800	17555
15.6000	17259
15.6200	18042
15.6400	17582
15.6600	17656
15.6800	17441
15.7000	17579
15.7200	16805
15.7400	17636
15.7600	17563
15.7800	17676
15.8000	18083
15.8200	17631
15.8400	17660
15.8600	17309
15.8800	17511
15.9000	16935
15.9200	17517
15.9400	17538
15.9600	17604
15.9800	18105
16.0000	17583
16.0200	17396
16.0400	17269
16.0600	17334
16.0800	17058
16.1000	17500
16.1200	17504
16.1400	17373
16.1600	17960
16.1800	17337
16.2000	17487
16.2200	17144
16.2400	17600
16.2600	17204
16.2800	17508
16.3000	17708
16.3200	17568
16.3400	18207
16.3600	17582
16.3800	17401
16.4000	17312
16.4200	17474
16.4400	17060
16.4600	17512
16.4800	17885
16.5000	17492
16.5200	18161
16.5400	17730
16.5600	17430
16.5800	17097
16.6000	17601
16.6200	17332
16.6400	17753
16.6600	17612
16.6800	17643
16.7000	17899
16.7200	17796
16.7400	17412
16.7600	17230
16.7800	17512
16.8000	17170
16.8200	17460
16.8400	17927
16.8600	17282
16.8800	17985
16.9000	17436
16.9200	17723
16.9400	17196
16.9600	17495
16.9800	17338
17.0000	17408
17.0200	17714
17.0400	17267
17.0600	17666
17.0800	17431
17.1000	17425
17.1200	17056
17.1400	17624
17.1600	17167
17.1800	17575
17.2000	17838
17.2200	17627
17.2400	17692
17.2600	17438
17.2800	17598
17.3000	16973
17.3200	17577
17.3400	17279
17.3600	17636
17.3800	17698
17.4000	17436
17.4200	17634
17.4400	17712
17.4600	17525
17.4800	17130
17.5000	17560
17.5200	17200
17.5400	17655
17.5600	17873
17.5800	17494
17.6000	17737
17.6200	17533
17.6400	17563
17.6600	17064
17.6800	17332
17.7000	17370
17.7200	17496
17.7400	18058
17.7600	17572
17.7800	17714
17.8000	17557
17.8200	17492
17.8400	17129
17.8600	17468
17.8800	17582
17.9000	17714
17.9200	17882
17.9400	17751
17.9600	17755
17.9800	17373
18.0000	17327
18.0200	16899
18.0400	17450
18.0600	17586
18.0800	17452
18.1000	17921
18.1200	17424
18.1400	17588
18.1600	17442
18.1800	17549
18.2000	17085
18.2200	17500
18.2400	17514
18.2600	17382
18.2800	18134
18.3000	17548
18.3200	17690
18.3400	17159
18.3600	17553
18.3800	17160
18.4000	17501
18.4200	17664
18.4400	17682
18.4600	18040
18.4800	17456
18.5000	17584
18.5200	17214
18.5400	17608
18.5600	17078
18.5800	17600
18.6000	17806
18.6200	17465
18.6400	18176
18.6600	17372
18.6800	17645
18.7000	17317
18.7200	17482
18.7400	17326
18.7600	17595
18.7800	17894
18.8000	17563
18.8200	17870
18.8400	17501
18.8600	17550
18.8800	17278
18.9000	17605
18.9200	17159
18.9400	17470
18.9600	17781
18.9800	17492
19.0000	18157
19.0200	17693
19.0400	17449
19.0600	17132
19.0800	17626
19.1000	17106
19.1200	17410
19.1400	17548
19.1600	17699
19.1800	17948
19.2000	17495
19.2200	17607
19.2400	17004
19.2600	17448
19.2800	17329
19.3000	17596
19.3200	18108
19.3400	17610
19.3600	17798
19.3800	17353
19.4000	17438
19.4200	17108
19.4400	17544
19.4600	17365
19.4800	17760
19.5000	17761
19.5200	17592
19.5400	17683
19.5600	17768
19.5800	17543
19.6000	16997
19.6200	17670
19.6400	17296
19.6600	17449
19.6800	17739
19.7000	17549
19.7200	17756
19.7400	17622
19.7600	17710
19.7800	16931
19.8000	17547
19.8200	17508
19.8400	17537
19.8600	17925
19.8800	17541
19.9000	17843
19.9200	17675
19.9400	17598
19.9600	16925
19.9800	17690
