0.0000	174734
0.0200	175689
0.0400	174410
0.0600	175595
0.0800	175001
0.1000	175561
0.1200	174343
0.1400	176070
0.1600	173964
0.1800	175786
0.2000	174670
0.2200	175719
0.2400	174187
0.2600	175316
0.2800	175117
0.3000	175220
0.3200	174794
0.3400	174977
0.3600	174470
0.3800	175664
0.4000	174460
0.4200	175632
0.4400	174450
0.4600	175344
0.4800	174196
0.5000	176100
0.5200	174021
0.5400	176024
0.5600	174248
0.5800	175628
0.6000	174240
0.6200	175536
0.6400	175030
0.6600	174922
0.6800	174769
0.7000	174931
0.7200	174513
0.7400	175216
0.7600	174643
0.7800	176228
0.8000	174479
0.8200	175760
0.8400	173957
0.8600	175682
0.8800	174175
0.9000	175371
0.9200	174962
0.9400	175294
0.9600	175523
0.9800	176159
1.0000	174650
1.0200	175049
1.0400	175283
1.0600	174971
1.0800	174592
1.1000	175625
1.1200	173674
1.1400	175294
1.1600	175118
1.1800	175198
1.2000	173881
1.2200	175621
1.2400	174149
1.2600	176023
1.2800	173809
1.3000	174872
1.3200	174093
1.3400	175703
1.3600	173512
1.3800	174656
1.4000	174274
1.4200	174977
1.4400	174280
1.4600	174812
1.4800	173774
1.5000	175093
1.5200	174875
1.5400	175181
1.5600	174127
1.5800	175734
1.6000	174780
1.6200	175563
1.6400	174197
1.6600	175194
1.6800	174255
1.7000	174923
1.7200	174304
1.7400	174457
1.7600	174124
1.7800	174695
1.8000	173849
1.8200	174558
1.8400	174044
1.8600	175313
1.8800	173808
1.9000	175766
1.9200	173612
1.9400	175794
1.9600	174291
1.9800	175096
2.0000	174101
2.0200	175693
2.0400	174665
2.0600	175434
2.0800	174305
2.1000	174750
2.1200	174225
2.1400	175129
2.1600	173941
2.1800	175204
2.2000	174203
2.2200	175065
2.2400	173258
2.2600	175821
2.2800	173984
2.3000	175970
2.3200	173069
2.3400	175378
2.3600	174226
2.3800	174564
2.4000	173837
2.4200	175243
2.4400	174723
2.4600	174498
2.4800	173407
2.5000	175030
2.5200	173556
2.5400	175222
2.5600	174384
2.5800	175511
2.6000	173968
2.6200	176488
2.6400	173116
2.6600	176119
2.6800	173808
2.7000	175175
2.7200	173472
2.7400	175124
2.7600	173841
2.7800	175220
2.8000	174571
2.8200	174205
2.8400	173652
2.8600	175283
2.8800	173563
2.9000	174832
2.9200	173683
2.9400	175101
2.9600	173946
2.9800	176166
3.0000	173503
3.0200	176261
3.0400	173522
3.0600	175659
3.0800	173166
3.1000	175233
3.1200	173517
3.1400	174585
3.1600	173888
3.1800	174629
3.2000	173000
3.2200	174425
3.2400	173483
3.2600	175573
3.2800	173923
3.3000	175215
3.3200	173615
3.3400	174979
3.3600	173490
3.3800	175072
3.4000	172735
3.4200	175199
3.4400	173173
3.4600	175045
3.4800	173477
3.5000	174521
3.5200	173965
3.5400	175218
3.5600	173900
3.5800	173925
3.6000	173088
3.6200	174773
3.6400	173843
3.6600	175071
3.6800	173503
3.7000	175659
3.7200	173730
3.7400	174881
3.7600	173326
3.7800	174601
3.8000	173237
3.8200	175303
3.8400	174255
3.8600	175564
3.8800	173811
3.9000	175087
3.9200	173354
3.9400	175781
3.9600	173877
3.9800	174834
4.0000	174517
4.0200	175491
4.0400	174016
4.0600	175304
4.0800	174662
4.1000	175400
4.1200	174591
4.1400	175104
4.1600	174893
4.1800	174524
4.2000	174273
4.2200	174662
4.2400	174073
4.2600	174582
4.2800	172775
4.3000	174771
4.3200	173073
4.3400	175458
4.3600	174379
4.3800	175418
4.4000	173099
4.4200	176185
4.4400	173412
4.4600	175082
4.4800	173694
4.5000	174697
4.5200	173779
4.5400	175306
4.5600	174610
4.5800	175525
4.6000	174148
4.6200	175620
4.6400	173933
4.6600	175438
4.6800	174230
4.7000	175248
4.7200	173309
4.7400	175984
4.7600	173141
4.7800	175392
4.8000	172545
4.8200	175286
4.8400	173453
4.8600	174975
4.8800	173931
4.9000	174979
4.9200	174539
4.9400	174522
4.9600	172931
4.9800	175124
5.0000	173287
5.0200	175240
5.0400	173243
5.0600	175345
5.0800	173419
5.1000	175548
5.1200	172538
5.1400	175094
5.1600	173028
5.1800	174266
5.2000	173589
5.2200	174544
5.2400	174202
5.2600	175183
5.2800	174118
5.3000	175035
5.3200	173977
5.3400	175700
5.3600	173643
5.3800	175432
5.4000	173909
5.4200	175737
5.4400	173467
5.4600	175625
5.4800	172350
5.5000	175764
5.5200	172649
5.5400	175067
5.5600	173043
5.5800	175302
5.6000	173203
5.6200	174604
5.6400	173406
5.6600	174527
5.6800	173147
5.7000	174522
5.7200	173749
5.7400	175084
5.7600	173621
5.7800	174963
5.8000	173695
5.8200	175273
5.8400	173790
5.8600	175254
5.8800	174303
5.9000	174630
5.9200	173841
5.9400	175106
5.9600	174234
5.9800	174311
6.0000	174297
6.0200	174544
6.0400	174291
6.0600	175218
6.0800	174210
6.1000	174630
6.1200	174442
6.1400	175501
6.1600	173665
6.1800	175579
6.2000	173783
6.2200	175539
6.2400	174001
6.2600	174579
6.2800	174605
6.3000	174980
6.3200	174974
6.3400	174488
6.3600	174503
6.3800	175458
6.4000	175239
6.4200	175662
6.4400	174463
6.4600	175857
6.4800	174284
6.5000	175784
6.5200	173365
6.5400	176039
6.5600	173572
6.5800	174642
6.6000	173602
6.6200	174860
6.6400	174182
6.6600	174724
6.6800	174054
6.7000	174871
6.7200	174667
6.7400	175560
6.7600	173829
6.7800	175889
6.8000	173743
6.8200	175125
6.8400	174243
6.8600	175467
6.8800	173525
6.9000	175463
6.9200	173341
6.9400	175817
6.9600	173192
6.9800	175337
7.0000	174017
7.0200	175541
7.0400	174314
7.0600	175255
7.0800	174624
7.1000	175532
7.1200	173603
7.1400	174504
7.1600	174149
7.1800	175049
7.2000	174343
7.2200	175292
7.2400	172851
7.2600	175665
7.2800	174029
7.3000	175205
7.3200	173607
7.3400	175445
7.3600	174378
7.3800	174622
7.4000	174518
7.4200	175004
7.4400	173941
7.4600	175825
7.4800	173571
7.5000	175544
7.5200	174123
7.5400	175143
7.5600	173121
7.5800	175092
7.6000	173411
7.6200	175370
7.6400	173924
7.6600	175440
7.6800	173634
7.7000	175999
7.7200	174291
7.7400	175329
7.7600	174718
7.7800	175407
7.8000	174855
7.8200	175857
7.8400	173865
7.8600	175953
7.8800	174494
7.9000	176178
7.9200	174175
7.9400	175415
7.9600	173557
7.9800	176095
8.0000	174112
8.0200	175285
8.0400	173930
8.0600	176045
8.0800	173975
8.1000	174945
8.1200	174743
8.1400	175241
8.1600	174103
8.1800	175024
8.2000	173979
8.2200	175591
8.2400	173873
8.2600	174818
8.2800	174077
8.3000	176122
8.3200	173651
8.3400	175395
8.3600	173253
8.3800	176249
8.4000	174588
8.4200	175702
8.4400	174432
8.4600	175430
8.4800	174706
8.5000	174747
8.5200	174111
8.5400	174956
8.5600	174171
8.5800	175039
8.6000	173758
8.6200	175526
8.6400	174157
8.6600	175526
8.6800	173307
8.7000	175211
8.7200	173474
8.7400	175292
8.7600	173421
8.7800	174763
8.8000	173820
8.8200	175084
8.8400	174166
8.8600	175130
8.8800	173296
8.9000	175086
8.9200	173720
8.9400	175328
8.9600	174190
8.9800	175576
9.0000	173391
9.0200	175898
9.0400	173596
9.0600	175115
9.0800	173898
9.1000	175171
9.1200	173440
9.1400	174843
9.1600	173760
9.1800	175470
9.2000	174180
9.2200	175241
9.2400	173645
9.2600	175883
9.2800	174097
9.3000	175743
9.3200	173248
9.3400	175919
9.3600	173585
9.3800	175941
9.4000	173228
9.4200	175493
9.4400	173685
9.4600	175237
9.4800	173438
9.5000	175044
9.5200	173764
9.5400	173921
9.5600	173808
9.5800	175044
9.6000	174302
9.6200	175262
9.6400	174178
9.6600	175386
9.6800	173689
9.7000	175183
9.7200	173418
9.7400	175871
9.7600	173678
9.7800	175753
9.8000	173831
9.8200	175601
9.8400	173621
9.8600	175205
9.8800	174176
9.9000	175119
9.9200	173817
9.9400	175234
9.9600	173836
9.9800	175076
10.0000	173916
10.0200	174758
10.0400	173843
10.0600	175525
10.0800	173650
10.1000	175571
10.1200	173061
10.1400	175082
10.1600	173325
10.1800	175503
10.2000	173738
10.2200	175085
10.2400	174428
10.2600	174962
10.2800	173915
10.3000	175159
10.3200	174539
10.3400	175846
10.3600	174146
10.3800	174871
10.4000	173806
10.4200	175970
10.4400	172863
10.4600	174711
10.4800	173381
10.5000	175238
10.5200	173659
10.5400	175447
10.5600	173885
10.5800	175020
10.6000	174038
10.6200	175361
10.6400	173659
10.6600	174801
10.6800	173549
10.7000	174948
10.7200	174253
10.7400	175864
10.7600	173493
10.7800	175486
10.8000	173840
10.8200	175118
10.8400	173548
10.8600	175177
10.8800	174387
10.9000	175652
10.9200	172985
10.9400	174935
10.9600	173754
10.9800	175381
11.0000	173385
11.0200	175666
11.0400	173641
11.0600	175714
11.0800	174235
11.1000	175228
11.1200	172965
11.1400	176474
11.1600	173013
11.1800	175329
11.2000	173455
11.2200	175022
11.2400	174383
11.2600	175750
11.2800	173567
11.3000	174927
11.3200	173530
11.3400	175151
11.3600	173869
11.3800	175269
11.4000	174043
11.4200	175996
11.4400	173184
11.4600	176648
11.4800	173944
11.5000	175393
11.5200	173822
11.5400	175521
11.5600	173786
11.5800	175541
11.6000	173767
11.6200	174769
11.6400	173922
11.6600	175372
11.6800	174656
11.7000	174810
11.7200	173703
11.7400	175635
11.7600	174043
11.7800	174983
11.8000	173896
11.8200	175857
11.8400	173494
11.8600	175996
11.8800	174469
11.9000	175643
11.9200	173874
11.9400	175799
11.9600	174280
11.9800	175261
12.0000	173557
12.0200	174519
12.0400	174312
12.0600	175524
12.0800	174026
12.1000	175049
12.1200	174627
12.1400	175955
12.1600	172958
12.1800	175606
12.2000	173581
12.2200	175912
12.2400	173637
12.2600	175216
12.2800	173374
12.3000	174975
12.3200	174372
12.3400	175693
12.3600	174898
12.3800	174824
12.4000	174177
12.4200	175647
12.4400	174066
12.4600	175009
12.4800	174053
12.5000	175132
12.5200	173621
12.5400	175576
12.5600	173812
12.5800	175638
12.6000	174022
12.6200	174910
12.6400	173863
12.6600	176156
12.6800	173791
12.7000	174994
12.7200	174679
12.7400	175519
12.7600	174500
12.7800	175961
12.8000	173900
12.8200	175760
12.8400	174267
12.8600	175515
12.8800	173765
12.9000	175852
12.9200	173931
12.9400	175394
12.9600	173369
12.9800	175016
13.0000	173582
13.0200	175417
13.0400	173740
13.0600	174993
13.0800	173648
13.1000	175569
13.1200	173811
13.1400	175583
13.1600	173656
13.1800	175497
13.2000	173575
13.2200	175316
13.2400	173576
13.2600	175627
13.2800	173761
13.3000	174880
13.3200	173824
13.3400	175070
13.3600	173469
13.3800	175462
13.4000	174037
13.4200	174436
13.4400	174501
13.4600	175244
13.4800	174381
13.5000	175349
13.5200	174516
13.5400	175566
13.5600	173981
13.5800	176284
13.6000	172938
13.6200	176338
13.6400	173507
13.6600	175209
13.6800	173870
13.7000	176394
13.7200	173657
13.7400	175723
13.7600	174295
13.7800	174351
13.8000	174825
13.8200	175227
13.8400	173955
13.8600	175127
13.8800	174723
13.9000	175558
13.9200	173919
13.9400	176048
13.9600	174236
13.9800	175798
14.0000	174648
14.0200	175611
14.0400	174528
14.0600	175117
14.0800	175003
14.1000	175164
14.1200	173862
14.1400	174686
14.1600	174030
14.1800	174868
14.2000	173996
14.2200	175412
14.2400	173606
14.2600	175788
14.2800	173540
14.3000	175601
14.3200	173212
14.3400	175450
14.3600	173156
14.3800	175646
14.4000	173472
14.4200	175126
14.4400	173862
14.4600	175215
14.4800	174035
14.5000	174851
14.5200	173468
14.5400	175788
14.5600	173769
14.5800	174992
14.6000	174817
14.6200	176131
14.6400	173371
14.6600	176220
14.6800	173434
14.7000	175177
14.7200	173853
14.7400	174878
14.7600	173973
14.7800	175507
14.8000	173851
14.8200	175321
14.8400	174579
14.8600	174936
14.8800	174275
14.9000	174395
14.9200	174519
14.9400	175317
14.9600	174341
14.9800	175935
15.0000	173941
15.0200	176358
15.0400	173812
15.0600	175529
15.0800	173219
15.1000	175871
15.1200	173958
15.1400	176001
15.1600	173510
15.1800	175342
15.2000	174685
15.2200	175141
15.2400	174321
15.2600	175635
15.2800	173623
15.3000	175413
15.3200	173821
15.3400	175486
15.3600	172864
15.3800	175423
15.4000	173637
15.4200	174611
15.4400	173161
15.4600	175370
15.4800	173332
15.5000	175656
15.5200	174293
15.5400	175364
15.5600	174128
15.5800	174907
15.6000	173577
15.6200	174911
15.6400	173916
15.6600	174712
15.6800	173519
15.7000	175528
15.7200	173944
15.7400	176097
15.7600	173769
15.7800	175265
15.8000	174873
15.8200	174504
15.8400	174328
15.8600	175430
15.8800	174437
15.9000	174621
15.9200	174356
15.9400	174155
15.9600	174354
15.9800	174739
16.0000	174346
16.0200	175172
16.0400	174231
16.0600	175773
16.0800	173917
16.1000	175876
16.1200	173890
16.1400	175062
16.1600	173846
16.1800	175181
16.2000	174120
16.2200	175782
16.2400	174905
16.2600	174223
16.2800	174444
16.3000	174732
16.3200	173790
16.3400	174770
16.3600	174155
16.3800	175539
16.4000	173848
16.4200	174794
16.4400	173298
16.4600	174590
16.4800	173907
16.5000	174866
16.5200	174079
16.5400	175749
16.5600	173686
16.5800	174563
16.6000	173454
16.6200	175185
16.6400	173514
16.6600	174725
16.6800	174012
16.7000	175211
16.7200	174028
16.7400	174953
16.7600	174515
16.7800	174860
16.8000	174134
16.8200	175327
16.8400	173370
16.8600	174360
16.8800	173684
16.9000	175305
16.9200	173385
16.9400	174353
16.9600	174427
16.9800	174673
17.0000	174651
17.0200	174821
17.0400	174382
17.0600	174532
17.0800	173980
17.1000	174989
17.1200	174727
17.1400	175381
17.1600	173774
17.1800	176034
17.2000	173782
17.2200	175075
17.2400	173794
17.2600	175176
17.2800	174174
17.3000	174908
17.3200	174192
17.3400	175000
17.3600	174207
17.3800	175042
17.4000	174038
17.4200	176002
17.4400	175349
17.4600	175490
17.4800	174551
17.5000	175792
17.5200	174331
17.5400	175715
17.5600	174060
17.5800	175415
17.6000	174713
17.6200	175185
17.6400	173998
17.6600	175785
17.6800	174252
17.7000	174960
17.7200	174646
17.7400	174952
17.7600	173924
17.7800	174859
17.8000	174485
17.8200	174738
17.8400	173820
17.8600	175064
17.8800	173651
17.9000	175644
17.9200	174256
17.9400	174795
17.9600	174172
17.9800	175218
18.0000	174095
18.0200	175350
18.0400	174420
18.0600	174892
18.0800	174576
18.1000	175418
18.1200	174693
18.1400	175758
18.1600	174271
18.1800	175886
18.2000	174460
18.2200	175264
18.2400	174541
18.2600	175764
18.2800	174095
18.3000	175085
18.3200	173477
18.3400	175430
18.3600	174502
18.3800	175591
18.4000	174973
18.4200	175196
18.4400	174806
18.4600	175348
18.4800	174968
18.5000	176495
18.5200	174663
18.5400	175981
18.5600	173989
18.5800	175615
18.6000	174510
18.6200	175114
18.6400	174295
18.6600	175667
18.6800	174591
18.7000	175856
18.7200	174498
18.7400	174889
18.7600	174875
18.7800	175345
18.8000	174462
18.8200	174358
18.8400	174076
18.8600	175475
18.8800	174072
18.9000	175522
18.9200	174451
18.9400	175651
18.9600	174667
18.9800	175088
19.0000	174148
19.0200	175422
19.0400	174784
19.0600	174203
19.0800	174477
19.1000	174278
19.1200	174374
19.1400	175008
19.1600	173188
19.1800	175537
19.2000	173850
19.2200	175267
19.2400	174647
19.2600	174801
19.2800	173967
19.3000	175034
19.3200	174712
19.3400	176539
19.3600	175446
19.3800	176587
19.4000	175026
19.4200	175580
19.4400	175435
19.4600	174960
19.4800	174811
19.5000	175388
19.5200	174394
19.5400	175345
19.5600	174639
19.5800	175632
19.6000	173923
19.6200	175401
19.6400	173457
19.6600	175247
19.6800	173727
19.7000	174972
19.7200	173709
19.7400	175451
19.7600	174018
19.7800	174280
19.8000	174679
19.8200	174619
19.8400	174470
19.8600	175079
19.8800	174390
19.9000	174631
19.9200	174587
19.9400	174891
19.9600	174191
19.9800	175810
