0.0000	321
0.0040	267
0.0080	157
0.0120	139
0.0160	113
0.0200	119
0.0240	121
0.0280	107
0.0320	127
0.0360	103
0.0400	102
0.0440	120
0.0480	113
0.0520	111
0.0560	107
0.0600	100
0.0640	98
0.0680	114
0.0720	102
0.0760	103
0.0800	98
0.0840	108
0.0880	96
0.0920	118
0.0960	105
0.1000	85
0.1040	88
0.1080	92
0.1120	94
0.1160	85
0.1200	95
0.1240	86
0.1280	87
0.1320	93
0.1360	85
0.1400	91
0.1440	100
0.1480	99
0.1520	89
0.1560	92
0.1600	96
0.1640	86
0.1680	101
0.1720	95
0.1760	92
0.1800	89
0.1840	93
0.1880	91
0.1920	85
0.1960	91
0.2000	86
0.2040	82
0.2080	95
0.2120	82
0.2160	86
0.2200	95
0.2240	88
0.2280	94
0.2320	90
0.2360	91
0.2400	92
0.2440	81
0.2480	95
0.2520	95
0.2560	85
0.2600	97
0.2640	89
0.2680	110
0.2720	84
0.2760	107
0.2800	84
0.2840	98
0.2880	90
0.2920	91
0.2960	95
0.3000	69
0.3040	95
0.3080	93
0.3120	86
0.3160	93
0.3200	88
0.3240	95
0.3280	91
0.3320	67
0.3360	93
0.3400	94
0.3440	74
0.3480	90
0.3520	91
0.3560	99
0.3600	75
0.3640	78
0.3680	86
0.3720	99
0.3760	83
0.3800	80
0.3840	79
0.3880	82
0.3920	87
0.3960	65
0.4000	95
0.4040	83
0.4080	84
0.4120	80
0.4160	77
0.4200	82
0.4240	92
0.4280	67
0.4320	82
0.4360	80
0.4400	95
0.4440	96
0.4480	82
0.4520	86
0.4560	69
0.4600	91
0.4640	67
0.4680	72
0.4720	77
0.4760	82
0.4800	67
0.4840	94
0.4880	82
0.4920	87
0.4960	91
0.5000	485
0.5040	517
0.5080	506
0.5120	509
0.5160	486
0.5200	504
0.5240	496
0.5280	518
0.5320	497
0.5360	515
0.5400	502
0.5440	484
0.5480	475
0.5520	506
0.5560	474
0.5600	512
0.5640	498
0.5680	472
0.5720	492
0.5760	483
0.5800	504
0.5840	530
0.5880	520
0.5920	519
0.5960	508
0.6000	521
0.6040	465
0.6080	491
0.6120	523
0.6160	508
0.6200	494
0.6240	498
0.6280	510
0.6320	502
0.6360	520
0.6400	497
0.6440	497
0.6480	493
0.6520	487
0.6560	489
0.6600	513
0.6640	470
0.6680	488
0.6720	530
0.6760	501
0.6800	537
0.6840	506
0.6880	519
0.6920	505
0.6960	539
0.7000	491
0.7040	516
0.7080	494
0.7120	516
0.7160	501
0.7200	485
0.7240	544
0.7280	476
0.7320	510
0.7360	477
0.7400	485
0.7440	456
0.7480	510
0.7520	504
0.7560	532
0.7600	462
0.7640	480
0.7680	533
0.7720	523
0.7760	487
0.7800	511
0.7840	508
0.7880	545
0.7920	541
0.7960	523
0.8000	524
0.8040	498
0.8080	508
0.8120	505
0.8160	480
0.8200	508
0.8240	488
0.8280	531
0.8320	483
0.8360	498
0.8400	514
0.8440	525
0.8480	498
0.8520	490
0.8560	499
0.8600	527
0.8640	513
0.8680	493
0.8720	495
0.8760	526
0.8800	515
0.8840	478
0.8880	493
0.8920	513
0.8960	499
0.9000	484
0.9040	512
0.9080	479
0.9120	474
0.9160	503
0.9200	495
0.9240	530
0.9280	495
0.9320	480
0.9360	527
0.9400	520
0.9440	479
0.9480	496
0.9520	500
0.9560	476
0.9600	495
0.9640	523
0.9680	485
0.9720	538
0.9760	496
0.9800	506
0.9840	477
0.9880	543
0.9920	520
0.9960	507
1.0000	330
1.0040	225
1.0080	133
1.0120	121
1.0160	95
1.0200	124
1.0240	86
1.0280	116
1.0320	102
1.0360	99
1.0400	107
1.0440	102
1.0480	94
1.0520	94
1.0560	111
1.0600	107
1.0640	92
1.0680	85
1.0720	98
1.0760	107
1.0800	83
1.0840	101
1.0880	84
1.0920	96
1.0960	92
1.1000	105
1.1040	79
1.1080	100
1.1120	87
1.1160	99
1.1200	90
1.1240	105
1.1280	92
1.1320	97
1.1360	81
1.1400	86
1.1440	85
1.1480	87
1.1520	94
1.1560	95
1.1600	87
1.1640	91
1.1680	81
1.1720	86
1.1760	101
1.1800	91
1.1840	79
1.1880	84
1.1920	78
1.1960	82
1.2000	86
1.2040	81
1.2080	91
1.2120	90
1.2160	97
1.2200	97
1.2240	94
1.2280	87
1.2320	82
1.2360	90
1.2400	110
1.2440	75
1.2480	90
1.2520	82
1.2560	87
1.2600	75
1.2640	88
1.2680	95
1.2720	95
1.2760	98
1.2800	101
1.2840	93
1.2880	88
1.2920	90
1.2960	67
1.3000	72
1.3040	91
1.3080	84
1.3120	84
1.3160	90
1.3200	101
1.3240	102
1.3280	92
1.3320	87
1.3360	87
1.3400	87
1.3440	81
1.3480	86
1.3520	72
1.3560	68
1.3600	99
1.3640	96
1.3680	103
1.3720	92
1.3760	91
1.3800	89
1.3840	79
1.3880	89
1.3920	90
1.3960	76
1.4000	84
1.4040	102
1.4080	71
1.4120	80
1.4160	73
1.4200	76
1.4240	86
1.4280	91
1.4320	108
1.4360	98
1.4400	95
1.4440	75
1.4480	96
1.4520	85
1.4560	78
1.4600	79
1.4640	87
1.4680	92
1.4720	75
1.4760	75
1.4800	75
1.4840	78
1.4880	87
1.4920	86
1.4960	71
1.5000	479
1.5040	476
1.5080	494
1.5120	505
1.5160	534
1.5200	518
1.5240	509
1.5280	484
1.5320	483
1.5360	529
1.5400	478
1.5440	475
1.5480	506
1.5520	485
1.5560	502
1.5600	485
1.5640	523
1.5680	496
1.5720	510
1.5760	481
1.5800	498
1.5840	534
1.5880	539
1.5920	471
1.5960	523
1.6000	510
1.6040	493
1.6080	492
1.6120	480
1.6160	520
1.6200	575
1.6240	491
1.6280	518
1.6320	541
1.6360	507
1.6400	492
1.6440	504
1.6480	447
1.6520	506
1.6560	503
1.6600	527
1.6640	510
1.6680	471
1.6720	531
1.6760	510
1.6800	508
1.6840	485
1.6880	521
1.6920	490
1.6960	508
1.7000	510
1.7040	504
1.7080	546
1.7120	493
1.7160	525
1.7200	511
1.7240	531
1.7280	499
1.7320	489
1.7360	505
1.7400	530
1.7440	519
1.7480	545
1.7520	486
1.7560	513
1.7600	501
1.7640	486
1.7680	516
1.7720	526
1.7760	499
1.7800	516
1.7840	506
1.7880	520
1.7920	526
1.7960	475
1.8000	506
1.8040	487
1.8080	506
1.8120	549
1.8160	528
1.8200	501
1.8240	495
1.8280	500
1.8320	480
1.8360	497
1.8400	518
1.8440	495
1.8480	478
1.8520	517
1.8560	507
1.8600	537
1.8640	515
1.8680	476
1.8720	482
1.8760	509
1.8800	501
1.8840	503
1.8880	478
1.8920	503
1.8960	492
1.9000	475
1.9040	534
1.9080	503
1.9120	494
1.9160	517
1.9200	514
1.9240	517
1.9280	483
1.9320	525
1.9360	537
1.9400	527
1.9440	473
1.9480	516
1.9520	489
1.9560	507
1.9600	512
1.9640	509
1.9680	533
1.9720	456
1.9760	508
1.9800	495
1.9840	529
1.9880	509
1.9920	481
1.9960	472
2.0000	300
2.0040	222
2.0080	161
2.0120	120
2.0160	105
2.0200	101
2.0240	98
2.0280	104
2.0320	105
2.0360	105
2.0400	108
2.0440	108
2.0480	106
2.0520	102
2.0560	94
2.0600	80
2.0640	102
2.0680	94
2.0720	115
2.0760	103
2.0800	110
2.0840	102
2.0880	106
2.0920	96
2.0960	93
2.1000	98
2.1040	102
2.1080	75
2.1120	79
2.1160	102
2.1200	79
2.1240	91
2.1280	96
2.1320	107
2.1360	97
2.1400	86
2.1440	89
2.1480	108
2.1520	85
2.1560	110
2.1600	95
2.1640	77
2.1680	88
2.1720	91
2.1760	116
2.1800	112
2.1840	77
2.1880	79
2.1920	98
2.1960	104
2.2000	93
2.2040	86
2.2080	78
2.2120	81
2.2160	74
2.2200	94
2.2240	69
2.2280	89
2.2320	89
2.2360	76
2.2400	97
2.2440	72
2.2480	96
2.2520	89
2.2560	78
2.2600	89
2.2640	99
2.2680	85
2.2720	109
2.2760	82
2.2800	91
2.2840	85
2.2880	74
2.2920	94
2.2960	98
2.3000	101
2.3040	98
2.3080	74
2.3120	83
2.3160	105
2.3200	107
2.3240	102
2.3280	77
2.3320	82
2.3360	93
2.3400	78
2.3440	96
2.3480	81
2.3520	95
2.3560	91
2.3600	90
2.3640	87
2.3680	99
2.3720	85
2.3760	80
2.3800	95
2.3840	91
2.3880	75
2.3920	84
2.3960	73
2.4000	84
2.4040	103
2.4080	86
2.4120	94
2.4160	80
2.4200	77
2.4240	94
2.4280	73
2.4320	83
2.4360	88
2.4400	81
2.4440	83
2.4480	84
2.4520	103
2.4560	68
2.4600	93
2.4640	104
2.4680	92
2.4720	107
2.4760	73
2.4800	78
2.4840	92
2.4880	96
2.4920	88
2.4960	87
2.5000	475
2.5040	475
2.5080	527
2.5120	477
2.5160	498
2.5200	499
2.5240	513
2.5280	486
2.5320	479
2.5360	488
2.5400	477
2.5440	506
2.5480	496
2.5520	491
2.5560	544
2.5600	528
2.5640	515
2.5680	505
2.5720	499
2.5760	500
2.5800	480
2.5840	490
2.5880	483
2.5920	500
2.5960	467
2.6000	480
2.6040	493
2.6080	514
2.6120	519
2.6160	530
2.6200	469
2.6240	542
2.6280	518
2.6320	515
2.6360	512
2.6400	552
2.6440	507
2.6480	548
2.6520	510
2.6560	527
2.6600	526
2.6640	509
2.6680	519
2.6720	512
2.6760	506
2.6800	487
2.6840	478
2.6880	539
2.6920	514
2.6960	486
2.7000	512
2.7040	533
2.7080	495
2.7120	498
2.7160	465
2.7200	530
2.7240	467
2.7280	477
2.7320	496
2.7360	517
2.7400	489
2.7440	503
2.7480	477
2.7520	525
2.7560	500
2.7600	532
2.7640	514
2.7680	511
2.7720	496
2.7760	503
2.7800	525
2.7840	517
2.7880	550
2.7920	498
2.7960	471
2.8000	548
2.8040	521
2.8080	513
2.8120	519
2.8160	490
2.8200	499
2.8240	503
2.8280	512
2.8320	480
2.8360	489
2.8400	514
2.8440	530
2.8480	499
2.8520	518
2.8560	495
2.8600	530
2.8640	521
2.8680	494
2.8720	493
2.8760	510
2.8800	486
2.8840	477
2.8880	509
2.8920	483
2.8960	482
2.9000	518
2.9040	467
2.9080	502
2.9120	517
2.9160	458
2.9200	497
2.9240	492
2.9280	522
2.9320	512
2.9360	549
2.9400	503
2.9440	519
2.9480	503
2.9520	519
2.9560	475
2.9600	494
2.9640	479
2.9680	477
2.9720	527
2.9760	512
2.9800	510
2.9840	543
2.9880	496
2.9920	514
2.9960	487
3.0000	285
3.0040	196
3.0080	158
3.0120	98
3.0160	97
3.0200	98
3.0240	98
3.0280	95
3.0320	99
3.0360	93
3.0400	93
3.0440	96
3.0480	90
3.0520	99
3.0560	111
3.0600	87
3.0640	85
3.0680	91
3.0720	89
3.0760	99
3.0800	88
3.0840	76
3.0880	101
3.0920	98
3.0960	101
3.1000	101
3.1040	98
3.1080	93
3.1120	88
3.1160	102
3.1200	105
3.1240	77
3.1280	85
3.1320	96
3.1360	98
3.1400	94
3.1440	92
3.1480	74
3.1520	91
3.1560	76
3.1600	77
3.1640	102
3.1680	77
3.1720	97
3.1760	100
3.1800	94
3.1840	78
3.1880	89
3.1920	74
3.1960	99
3.2000	92
3.2040	83
3.2080	85
3.2120	109
3.2160	85
3.2200	76
3.2240	84
3.2280	84
3.2320	93
3.2360	80
3.2400	87
3.2440	94
3.2480	79
3.2520	84
3.2560	79
3.2600	82
3.2640	82
3.2680	83
3.2720	68
3.2760	84
3.2800	84
3.2840	86
3.2880	83
3.2920	75
3.2960	81
3.3000	84
3.3040	82
3.3080	82
3.3120	82
3.3160	95
3.3200	91
3.3240	68
3.3280	84
3.3320	83
3.3360	73
3.3400	94
3.3440	75
3.3480	78
3.3520	98
3.3560	80
3.3600	78
3.3640	84
3.3680	78
3.3720	79
3.3760	93
3.3800	87
3.3840	79
3.3880	96
3.3920	88
3.3960	84
3.4000	74
3.4040	80
3.4080	89
3.4120	85
3.4160	82
3.4200	86
3.4240	81
3.4280	76
3.4320	103
3.4360	88
3.4400	86
3.4440	73
3.4480	84
3.4520	94
3.4560	91
3.4600	88
3.4640	84
3.4680	86
3.4720	87
3.4760	78
3.4800	83
3.4840	71
3.4880	79
3.4920	77
3.4960	89
3.5000	493
3.5040	541
3.5080	515
3.5120	509
3.5160	498
3.5200	490
3.5240	512
3.5280	500
3.5320	469
3.5360	515
3.5400	502
3.5440	521
3.5480	492
3.5520	494
3.5560	515
3.5600	519
3.5640	524
3.5680	497
3.5720	558
3.5760	518
3.5800	514
3.5840	519
3.5880	509
3.5920	519
3.5960	509
3.6000	507
3.6040	500
3.6080	467
3.6120	516
3.6160	518
3.6200	524
3.6240	484
3.6280	502
3.6320	524
3.6360	527
3.6400	499
3.6440	487
3.6480	505
3.6520	483
3.6560	527
3.6600	510
3.6640	534
3.6680	503
3.6720	504
3.6760	492
3.6800	534
3.6840	492
3.6880	497
3.6920	529
3.6960	551
3.7000	500
3.7040	499
3.7080	466
3.7120	506
3.7160	496
3.7200	530
3.7240	510
3.7280	517
3.7320	478
3.7360	498
3.7400	497
3.7440	510
3.7480	486
3.7520	516
3.7560	468
3.7600	523
3.7640	493
3.7680	499
3.7720	448
3.7760	521
3.7800	507
3.7840	501
3.7880	489
3.7920	519
3.7960	483
3.8000	534
3.8040	509
3.8080	487
3.8120	510
3.8160	551
3.8200	497
3.8240	483
3.8280	537
3.8320	504
3.8360	511
3.8400	518
3.8440	489
3.8480	502
3.8520	506
3.8560	503
3.8600	495
3.8640	514
3.8680	510
3.8720	496
3.8760	495
3.8800	531
3.8840	483
3.8880	479
3.8920	518
3.8960	507
3.9000	479
3.9040	471
3.9080	472
3.9120	482
3.9160	490
3.9200	500
3.9240	492
3.9280	540
3.9320	490
3.9360	488
3.9400	501
3.9440	502
3.9480	486
3.9520	500
3.9560	539
3.9600	484
3.9640	489
3.9680	511
3.9720	498
3.9760	491
3.9800	528
3.9840	520
3.9880	506
3.9920	526
3.9960	504
4.0000	291
4.0040	204
4.0080	159
4.0120	114
4.0160	106
4.0200	95
4.0240	90
4.0280	86
4.0320	93
4.0360	102
4.0400	84
4.0440	86
4.0480	107
4.0520	82
4.0560	104
4.0600	86
4.0640	83
4.0680	83
4.0720	83
4.0760	100
4.0800	93
4.0840	125
4.0880	118
4.0920	92
4.0960	103
4.1000	87
4.1040	89
4.1080	91
4.1120	101
4.1160	71
4.1200	91
4.1240	90
4.1280	93
4.1320	97
4.1360	82
4.1400	90
4.1440	78
4.1480	114
4.1520	94
4.1560	96
4.1600	95
4.1640	82
4.1680	92
4.1720	89
4.1760	99
4.1800	83
4.1840	100
4.1880	82
4.1920	96
4.1960	90
4.2000	77
4.2040	99
4.2080	95
4.2120	83
4.2160	98
4.2200	85
4.2240	94
4.2280	82
4.2320	84
4.2360	100
4.2400	81
4.2440	79
4.2480	83
4.2520	82
4.2560	90
4.2600	92
4.2640	83
4.2680	77
4.2720	89
4.2760	81
4.2800	91
4.2840	86
4.2880	84
4.2920	92
4.2960	81
4.3000	79
4.3040	82
4.3080	89
4.3120	84
4.3160	74
4.3200	84
4.3240	94
4.3280	91
4.3320	79
4.3360	88
4.3400	68
4.3440	81
4.3480	95
4.3520	81
4.3560	79
4.3600	74
4.3640	80
4.3680	79
4.3720	99
4.3760	71
4.3800	89
4.3840	90
4.3880	84
4.3920	94
4.3960	89
4.4000	87
4.4040	94
4.4080	95
4.4120	96
4.4160	90
4.4200	73
4.4240	96
4.4280	64
4.4320	75
4.4360	86
4.4400	81
4.4440	99
4.4480	87
4.4520	94
4.4560	76
4.4600	77
4.4640	83
4.4680	80
4.4720	82
4.4760	100
4.4800	85
4.4840	88
4.4880	92
4.4920	103
4.4960	77
4.5000	488
4.5040	486
4.5080	499
4.5120	505
4.5160	530
4.5200	475
4.5240	514
4.5280	540
4.5320	516
4.5360	497
4.5400	487
4.5440	486
4.5480	501
4.5520	508
4.5560	503
4.5600	513
4.5640	502
4.5680	514
4.5720	498
4.5760	497
4.5800	500
4.5840	521
4.5880	484
4.5920	543
4.5960	490
4.6000	518
4.6040	476
4.6080	494
4.6120	537
4.6160	481
4.6200	510
4.6240	473
4.6280	529
4.6320	514
4.6360	519
4.6400	486
4.6440	535
4.6480	545
4.6520	511
4.6560	501
4.6600	479
4.6640	504
4.6680	493
4.6720	523
4.6760	542
4.6800	517
4.6840	533
4.6880	465
4.6920	511
4.6960	535
4.7000	490
4.7040	489
4.7080	494
4.7120	521
4.7160	494
4.7200	508
4.7240	469
4.7280	504
4.7320	488
4.7360	526
4.7400	535
4.7440	486
4.7480	503
4.7520	489
4.7560	525
4.7600	526
4.7640	493
4.7680	495
4.7720	507
4.7760	475
4.7800	486
4.7840	489
4.7880	485
4.7920	530
4.7960	501
4.8000	519
4.8040	498
4.8080	517
4.8120	507
4.8160	508
4.8200	519
4.8240	508
4.8280	484
4.8320	462
4.8360	503
4.8400	501
4.8440	521
4.8480	512
4.8520	520
4.8560	497
4.8600	518
4.8640	516
4.8680	506
4.8720	520
4.8760	512
4.8800	505
4.8840	505
4.8880	510
4.8920	495
4.8960	519
4.9000	513
4.9040	500
4.9080	538
4.9120	533
4.9160	492
4.9200	548
4.9240	481
4.9280	506
4.9320	494
4.9360	496
4.9400	525
4.9440	494
4.9480	521
4.9520	505
4.9560	518
4.9600	491
4.9640	529
4.9680	529
4.9720	489
4.9760	489
4.9800	502
4.9840	486
4.9880	495
4.9920	495
4.9960	477
5.0000	283
5.0040	185
5.0080	141
5.0120	102
5.0160	93
5.0200	95
5.0240	98
5.0280	98
5.0320	107
5.0360	93
5.0400	99
5.0440	81
5.0480	86
5.0520	91
5.0560	101
5.0600	95
5.0640	88
5.0680	95
5.0720	77
5.0760	86
5.0800	100
5.0840	87
5.0880	81
5.0920	97
5.0960	80
5.1000	80
5.1040	78
5.1080	86
5.1120	82
5.1160	85
5.1200	79
5.1240	85
5.1280	86
5.1320	98
5.1360	109
5.1400	84
5.1440	75
5.1480	97
5.1520	68
5.1560	102
5.1600	96
5.1640	90
5.1680	75
5.1720	82
5.1760	92
5.1800	94
5.1840	86
5.1880	85
5.1920	93
5.1960	89
5.2000	75
5.2040	72
5.2080	72
5.2120	82
5.2160	90
5.2200	90
5.2240	84
5.2280	87
5.2320	91
5.2360	91
5.2400	74
5.2440	80
5.2480	65
5.2520	101
5.2560	90
5.2600	74
5.2640	82
5.2680	81
5.2720	85
5.2760	82
5.2800	58
5.2840	87
5.2880	74
5.2920	82
5.2960	78
5.3000	73
5.3040	101
5.3080	92
5.3120	82
5.3160	80
5.3200	83
5.3240	78
5.3280	84
5.3320	78
5.3360	66
5.3400	76
5.3440	90
5.3480	70
5.3520	74
5.3560	72
5.3600	77
5.3640	88
5.3680	82
5.3720	78
5.3760	69
5.3800	77
5.3840	75
5.3880	84
5.3920	93
5.3960	84
5.4000	85
5.4040	86
5.4080	90
5.4120	72
5.4160	95
5.4200	80
5.4240	86
5.4280	80
5.4320	71
5.4360	70
5.4400	79
5.4440	79
5.4480	66
5.4520	76
5.4560	87
5.4600	74
5.4640	89
5.4680	72
5.4720	73
5.4760	77
5.4800	73
5.4840	80
5.4880	86
5.4920	81
5.4960	77
5.5000	478
5.5040	503
5.5080	554
5.5120	538
5.5160	529
5.5200	509
5.5240	510
5.5280	484
5.5320	525
5.5360	497
5.5400	499
5.5440	502
5.5480	506
5.5520	487
5.5560	482
5.5600	513
5.5640	505
5.5680	476
5.5720	491
5.5760	478
5.5800	506
5.5840	499
5.5880	551
5.5920	493
5.5960	469
5.6000	508
5.6040	481
5.6080	488
5.6120	500
5.6160	555
5.6200	487
5.6240	507
5.6280	489
5.6320	509
5.6360	480
5.6400	524
5.6440	517
5.6480	458
5.6520	475
5.6560	509
5.6600	508
5.6640	517
5.6680	530
5.6720	516
5.6760	498
5.6800	494
5.6840	537
5.6880	483
5.6920	501
5.6960	498
5.7000	530
5.7040	533
5.7080	505
5.7120	482
5.7160	502
5.7200	516
5.7240	512
5.7280	528
5.7320	485
5.7360	494
5.7400	516
5.7440	517
5.7480	480
5.7520	525
5.7560	500
5.7600	530
5.7640	516
5.7680	502
5.7720	513
5.7760	519
5.7800	491
5.7840	507
5.7880	484
5.7920	484
5.7960	484
5.8000	510
5.8040	525
5.8080	507
5.8120	486
5.8160	531
5.8200	487
5.8240	494
5.8280	539
5.8320	537
5.8360	496
5.8400	529
5.8440	509
5.8480	488
5.8520	518
5.8560	504
5.8600	491
5.8640	496
5.8680	527
5.8720	501
5.8760	492
5.8800	481
5.8840	477
5.8880	536
5.8920	524
5.8960	504
5.9000	512
5.9040	520
5.9080	503
5.9120	511
5.9160	508
5.9200	472
5.9240	503
5.9280	511
5.9320	500
5.9360	484
5.9400	508
5.9440	490
5.9480	495
5.9520	505
5.9560	485
5.9600	523
5.9640	506
5.9680	503
5.9720	499
5.9760	515
5.9800	546
5.9840	512
5.9880	515
5.9920	464
5.9960	527
6.0000	294
6.0040	228
6.0080	129
6.0120	102
6.0160	90
6.0200	95
6.0240	93
6.0280	93
6.0320	97
6.0360	84
6.0400	70
6.0440	109
6.0480	92
6.0520	92
6.0560	97
6.0600	86
6.0640	107
6.0680	104
6.0720	78
6.0760	88
6.0800	83
6.0840	93
6.0880	91
6.0920	102
6.0960	82
6.1000	78
6.1040	79
6.1080	91
6.1120	85
6.1160	79
6.1200	89
6.1240	80
6.1280	89
6.1320	85
6.1360	99
6.1400	92
6.1440	81
6.1480	85
6.1520	77
6.1560	88
6.1600	99
6.1640	82
6.1680	80
6.1720	83
6.1760	92
6.1800	99
6.1840	83
6.1880	82
6.1920	89
6.1960	81
6.2000	96
6.2040	71
6.2080	108
6.2120	81
6.2160	78
6.2200	87
6.2240	94
6.2280	84
6.2320	92
6.2360	87
6.2400	74
6.2440	86
6.2480	82
6.2520	69
6.2560	69
6.2600	66
6.2640	84
6.2680	89
6.2720	91
6.2760	84
6.2800	86
6.2840	91
6.2880	102
6.2920	73
6.2960	75
6.3000	93
6.3040	75
6.3080	84
6.3120	78
6.3160	77
6.3200	81
6.3240	78
6.3280	84
6.3320	73
6.3360	88
6.3400	91
6.3440	80
6.3480	77
6.3520	66
6.3560	79
6.3600	88
6.3640	66
6.3680	74
6.3720	84
6.3760	80
6.3800	78
6.3840	88
6.3880	69
6.3920	79
6.3960	80
6.4000	88
6.4040	96
6.4080	79
6.4120	82
6.4160	75
6.4200	88
6.4240	85
6.4280	67
6.4320	87
6.4360	60
6.4400	79
6.4440	101
6.4480	85
6.4520	88
6.4560	78
6.4600	85
6.4640	96
6.4680	85
6.4720	79
6.4760	92
6.4800	81
6.4840	74
6.4880	76
6.4920	77
6.4960	98
6.5000	525
6.5040	525
6.5080	519
6.5120	521
6.5160	511
6.5200	533
6.5240	512
6.5280	488
6.5320	466
6.5360	515
6.5400	469
6.5440	479
6.5480	504
6.5520	499
6.5560	534
6.5600	542
6.5640	483
6.5680	548
6.5720	490
6.5760	503
6.5800	501
6.5840	481
6.5880	502
6.5920	503
6.5960	513
6.6000	528
6.6040	512
6.6080	476
6.6120	515
6.6160	505
6.6200	507
6.6240	503
6.6280	495
6.6320	496
6.6360	516
6.6400	493
6.6440	475
6.6480	550
6.6520	465
6.6560	487
6.6600	558
6.6640	519
6.6680	507
6.6720	475
6.6760	524
6.6800	493
6.6840	516
6.6880	514
6.6920	522
6.6960	531
6.7000	486
6.7040	509
6.7080	514
6.7120	471
6.7160	508
6.7200	489
6.7240	506
6.7280	498
6.7320	497
6.7360	520
6.7400	507
6.7440	482
6.7480	571
6.7520	497
6.7560	461
6.7600	525
6.7640	485
6.7680	507
6.7720	502
6.7760	505
6.7800	511
6.7840	511
6.7880	527
6.7920	484
6.7960	509
6.8000	495
6.8040	491
6.8080	487
6.8120	520
6.8160	536
6.8200	501
6.8240	521
6.8280	494
6.8320	504
6.8360	500
6.8400	500
6.8440	493
6.8480	489
6.8520	495
6.8560	514
6.8600	483
6.8640	527
6.8680	488
6.8720	494
6.8760	486
6.8800	481
6.8840	521
6.8880	513
6.8920	493
6.8960	497
6.9000	491
6.9040	475
6.9080	516
6.9120	503
6.9160	488
6.9200	516
6.9240	522
6.9280	474
6.9320	498
6.9360	509
6.9400	501
6.9440	479
6.9480	495
6.9520	510
6.9560	505
6.9600	535
6.9640	502
6.9680	530
6.9720	510
6.9760	507
6.9800	572
6.9840	489
6.9880	493
6.9920	486
6.9960	494
7.0000	324
7.0040	223
7.0080	139
7.0120	103
7.0160	103
7.0200	106
7.0240	89
7.0280	89
7.0320	108
7.0360	108
7.0400	92
7.0440	95
7.0480	97
7.0520	89
7.0560	93
7.0600	97
7.0640	101
7.0680	104
7.0720	95
7.0760	100
7.0800	97
7.0840	89
7.0880	70
7.0920	69
7.0960	78
7.1000	98
7.1040	85
7.1080	82
7.1120	91
7.1160	105
7.1200	99
7.1240	100
7.1280	83
7.1320	88
7.1360	75
7.1400	86
7.1440	98
7.1480	101
7.1520	92
7.1560	84
7.1600	96
7.1640	80
7.1680	91
7.1720	78
7.1760	93
7.1800	90
7.1840	91
7.1880	65
7.1920	83
7.1960	82
7.2000	97
7.2040	65
7.2080	79
7.2120	97
7.2160	78
7.2200	66
7.2240	85
7.2280	79
7.2320	67
7.2360	91
7.2400	81
7.2440	83
7.2480	83
7.2520	86
7.2560	88
7.2600	95
7.2640	71
7.2680	92
7.2720	83
7.2760	75
7.2800	75
7.2840	81
7.2880	89
7.2920	99
7.2960	86
7.3000	89
7.3040	70
7.3080	86
7.3120	79
7.3160	78
7.3200	92
7.3240	80
7.3280	78
7.3320	80
7.3360	87
7.3400	99
7.3440	67
7.3480	74
7.3520	75
7.3560	100
7.3600	76
7.3640	62
7.3680	99
7.3720	74
7.3760	80
7.3800	72
7.3840	71
7.3880	79
7.3920	84
7.3960	87
7.4000	88
7.4040	74
7.4080	68
7.4120	77
7.4160	81
7.4200	80
7.4240	77
7.4280	91
7.4320	73
7.4360	74
7.4400	85
7.4440	73
7.4480	81
7.4520	78
7.4560	79
7.4600	78
7.4640	106
7.4680	76
7.4720	77
7.4760	96
7.4800	89
7.4840	69
7.4880	71
7.4920	84
7.4960	88
7.5000	485
7.5040	523
7.5080	515
7.5120	520
7.5160	511
7.5200	527
7.5240	503
7.5280	523
7.5320	518
7.5360	535
7.5400	490
7.5440	522
7.5480	540
7.5520	475
7.5560	515
7.5600	501
7.5640	470
7.5680	511
7.5720	496
7.5760	534
7.5800	465
7.5840	488
7.5880	499
7.5920	480
7.5960	524
7.6000	525
7.6040	505
7.6080	509
7.6120	490
7.6160	464
7.6200	512
7.6240	535
7.6280	493
7.6320	542
7.6360	462
7.6400	491
7.6440	511
7.6480	513
7.6520	499
7.6560	527
7.6600	474
7.6640	522
7.6680	505
7.6720	521
7.6760	517
7.6800	536
7.6840	513
7.6880	478
7.6920	495
7.6960	469
7.7000	503
7.7040	529
7.7080	524
7.7120	519
7.7160	538
7.7200	526
7.7240	477
7.7280	517
7.7320	484
7.7360	524
7.7400	532
7.7440	470
7.7480	493
7.7520	492
7.7560	488
7.7600	512
7.7640	467
7.7680	530
7.7720	527
7.7760	508
7.7800	489
7.7840	496
7.7880	518
7.7920	508
7.7960	501
7.8000	495
7.8040	523
7.8080	519
7.8120	500
7.8160	510
7.8200	495
7.8240	453
7.8280	496
7.8320	521
7.8360	528
7.8400	523
7.8440	538
7.8480	495
7.8520	514
7.8560	491
7.8600	543
7.8640	490
7.8680	516
7.8720	516
7.8760	523
7.8800	542
7.8840	517
7.8880	510
7.8920	490
7.8960	531
7.9000	511
7.9040	538
7.9080	468
7.9120	492
7.9160	514
7.9200	523
7.9240	511
7.9280	518
7.9320	481
7.9360	473
7.9400	531
7.9440	497
7.9480	504
7.9520	510
7.9560	520
7.9600	505
7.9640	467
7.9680	507
7.9720	516
7.9760	508
7.9800	512
7.9840	511
7.9880	485
7.9920	479
7.9960	514
8.0000	305
8.0040	195
8.0080	123
8.0120	102
8.0160	90
8.0200	98
8.0240	115
8.0280	92
8.0320	101
8.0360	83
8.0400	91
8.0440	94
8.0480	89
8.0520	100
8.0560	97
8.0600	91
8.0640	102
8.0680	105
8.0720	92
8.0760	86
8.0800	107
8.0840	105
8.0880	82
8.0920	88
8.0960	92
8.1000	89
8.1040	93
8.1080	95
8.1120	94
8.1160	102
8.1200	83
8.1240	90
8.1280	88
8.1320	80
8.1360	93
8.1400	93
8.1440	89
8.1480	77
8.1520	84
8.1560	88
8.1600	92
8.1640	74
8.1680	84
8.1720	84
8.1760	86
8.1800	86
8.1840	87
8.1880	99
8.1920	102
8.1960	85
8.2000	72
8.2040	85
8.2080	85
8.2120	109
8.2160	83
8.2200	87
8.2240	83
8.2280	86
8.2320	98
8.2360	80
8.2400	92
8.2440	83
8.2480	77
8.2520	90
8.2560	89
8.2600	90
8.2640	85
8.2680	90
8.2720	89
8.2760	96
8.2800	78
8.2840	93
8.2880	65
8.2920	81
8.2960	90
8.3000	90
8.3040	85
8.3080	77
8.3120	80
8.3160	108
8.3200	88
8.3240	78
8.3280	73
8.3320	86
8.3360	79
8.3400	96
8.3440	102
8.3480	94
8.3520	74
8.3560	114
8.3600	67
8.3640	80
8.3680	93
8.3720	91
8.3760	103
8.3800	87
8.3840	83
8.3880	65
8.3920	75
8.3960	107
8.4000	81
8.4040	70
8.4080	98
8.4120	81
8.4160	80
8.4200	86
8.4240	107
8.4280	90
8.4320	82
8.4360	67
8.4400	84
8.4440	82
8.4480	74
8.4520	99
8.4560	78
8.4600	85
8.4640	89
8.4680	73
8.4720	95
8.4760	72
8.4800	82
8.4840	97
8.4880	88
8.4920	81
8.4960	86
8.5000	472
8.5040	514
8.5080	522
8.5120	506
8.5160	512
8.5200	514
8.5240	507
8.5280	475
8.5320	518
8.5360	478
8.5400	468
8.5440	492
8.5480	518
8.5520	488
8.5560	502
8.5600	484
8.5640	539
8.5680	547
8.5720	499
8.5760	523
8.5800	484
8.5840	562
8.5880	498
8.5920	502
8.5960	536
8.6000	469
8.6040	504
8.6080	508
8.6120	507
8.6160	482
8.6200	521
8.6240	501
8.6280	498
8.6320	514
8.6360	508
8.6400	499
8.6440	504
8.6480	491
8.6520	499
8.6560	512
8.6600	468
8.6640	506
8.6680	477
8.6720	504
8.6760	555
8.6800	515
8.6840	506
8.6880	467
8.6920	491
8.6960	464
8.7000	496
8.7040	503
8.7080	492
8.7120	488
8.7160	520
8.7200	511
8.7240	521
8.7280	469
8.7320	524
8.7360	496
8.7400	510
8.7440	509
8.7480	507
8.7520	463
8.7560	495
8.7600	510
8.7640	494
8.7680	536
8.7720	492
8.7760	561
8.7800	529
8.7840	496
8.7880	522
8.7920	526
8.7960	523
8.8000	482
8.8040	513
8.8080	494
8.8120	497
8.8160	524
8.8200	499
8.8240	545
8.8280	467
8.8320	541
8.8360	493
8.8400	511
8.8440	485
8.8480	535
8.8520	489
8.8560	502
8.8600	489
8.8640	511
8.8680	495
8.8720	507
8.8760	568
8.8800	524
8.8840	498
8.8880	505
8.8920	495
8.8960	478
8.9000	528
8.9040	509
8.9080	522
8.9120	516
8.9160	522
8.9200	528
8.9240	531
8.9280	528
8.9320	505
8.9360	492
8.9400	488
8.9440	517
8.9480	506
8.9520	523
8.9560	511
8.9600	499
8.9640	471
8.9680	541
8.9720	482
8.9760	515
8.9800	520
8.9840	532
8.9880	524
8.9920	486
8.9960	515
9.0000	303
9.0040	224
9.0080	162
9.0120	119
9.0160	93
9.0200	98
9.0240	111
9.0280	111
9.0320	99
9.0360	88
9.0400	96
9.0440	76
9.0480	97
9.0520	98
9.0560	99
9.0600	86
9.0640	76
9.0680	94
9.0720	100
9.0760	87
9.0800	76
9.0840	93
9.0880	89
9.0920	83
9.0960	79
9.1000	105
9.1040	88
9.1080	93
9.1120	95
9.1160	96
9.1200	83
9.1240	90
9.1280	111
9.1320	94
9.1360	98
9.1400	95
9.1440	92
9.1480	93
9.1520	92
9.1560	111
9.1600	91
9.1640	88
9.1680	97
9.1720	76
9.1760	80
9.1800	87
9.1840	103
9.1880	80
9.1920	99
9.1960	80
9.2000	84
9.2040	93
9.2080	86
9.2120	82
9.2160	94
9.2200	80
9.2240	75
9.2280	89
9.2320	92
9.2360	111
9.2400	80
9.2440	90
9.2480	92
9.2520	77
9.2560	101
9.2600	107
9.2640	94
9.2680	100
9.2720	87
9.2760	89
9.2800	73
9.2840	82
9.2880	88
9.2920	85
9.2960	82
9.3000	70
9.3040	84
9.3080	89
9.3120	88
9.3160	74
9.3200	71
9.3240	77
9.3280	92
9.3320	96
9.3360	79
9.3400	94
9.3440	72
9.3480	78
9.3520	90
9.3560	76
9.3600	83
9.3640	97
9.3680	77
9.3720	85
9.3760	73
9.3800	79
9.3840	90
9.3880	90
9.3920	77
9.3960	73
9.4000	90
9.4040	96
9.4080	78
9.4120	91
9.4160	76
9.4200	100
9.4240	69
9.4280	77
9.4320	80
9.4360	74
9.4400	87
9.4440	88
9.4480	102
9.4520	72
9.4560	80
9.4600	101
9.4640	83
9.4680	86
9.4720	84
9.4760	79
9.4800	89
9.4840	86
9.4880	90
9.4920	80
9.4960	74
9.5000	506
9.5040	522
9.5080	491
9.5120	497
9.5160	545
9.5200	515
9.5240	521
9.5280	490
9.5320	503
9.5360	504
9.5400	521
9.5440	502
9.5480	487
9.5520	513
9.5560	508
9.5600	472
9.5640	497
9.5680	502
9.5720	525
9.5760	515
9.5800	500
9.5840	513
9.5880	493
9.5920	510
9.5960	468
9.6000	512
9.6040	518
9.6080	469
9.6120	497
9.6160	549
9.6200	501
9.6240	522
9.6280	507
9.6320	530
9.6360	516
9.6400	503
9.6440	491
9.6480	514
9.6520	497
9.6560	491
9.6600	472
9.6640	488
9.6680	503
9.6720	471
9.6760	492
9.6800	536
9.6840	496
9.6880	514
9.6920	515
9.6960	472
9.7000	534
9.7040	487
9.7080	475
9.7120	473
9.7160	518
9.7200	496
9.7240	499
9.7280	476
9.7320	495
9.7360	499
9.7400	495
9.7440	523
9.7480	493
9.7520	486
9.7560	509
9.7600	496
9.7640	478
9.7680	514
9.7720	529
9.7760	512
9.7800	519
9.7840	510
9.7880	542
9.7920	497
9.7960	503
9.8000	480
9.8040	511
9.8080	495
9.8120	504
9.8160	512
9.8200	515
9.8240	537
9.8280	499
9.8320	479
9.8360	508
9.8400	498
9.8440	510
9.8480	511
9.8520	507
9.8560	553
9.8600	506
9.8640	494
9.8680	484
9.8720	491
9.8760	520
9.8800	500
9.8840	455
9.8880	511
9.8920	523
9.8960	518
9.9000	514
9.9040	550
9.9080	467
9.9120	544
9.9160	508
9.9200	531
9.9240	499
9.9280	488
9.9320	538
9.9360	482
9.9400	505
9.9440	498
9.9480	514
9.9520	483
9.9560	497
9.9600	496
9.9640	517
9.9680	504
9.9720	530
9.9760	505
9.9800	493
9.9840	479
9.9880	492
9.9920	506
9.9960	532
10.0000	306
10.0040	218
10.0080	139
10.0120	103
10.0160	105
10.0200	116
10.0240	101
10.0280	137
10.0320	91
10.0360	79
10.0400	107
10.0440	110
10.0480	101
10.0520	93
10.0560	114
10.0600	108
10.0640	85
10.0680	108
10.0720	97
10.0760	96
10.0800	112
10.0840	98
10.0880	88
10.0920	92
10.0960	87
10.1000	92
10.1040	89
10.1080	82
10.1120	96
10.1160	91
10.1200	93
10.1240	88
10.1280	100
10.1320	98
10.1360	94
10.1400	93
10.1440	95
10.1480	101
10.1520	83
10.1560	83
10.1600	84
10.1640	85
10.1680	94
10.1720	78
10.1760	92
10.1800	97
10.1840	79
10.1880	89
10.1920	76
10.1960	85
10.2000	101
10.2040	77
10.2080	86
10.2120	81
10.2160	80
10.2200	97
10.2240	92
10.2280	117
10.2320	110
10.2360	86
10.2400	74
10.2440	93
10.2480	89
10.2520	86
10.2560	104
10.2600	96
10.2640	77
10.2680	83
10.2720	89
10.2760	96
10.2800	85
10.2840	90
10.2880	85
10.2920	84
10.2960	79
10.3000	94
10.3040	93
10.3080	91
10.3120	82
10.3160	85
10.3200	71
10.3240	96
10.3280	79
10.3320	86
10.3360	88
10.3400	82
10.3440	101
10.3480	67
10.3520	81
10.3560	87
10.3600	76
10.3640	98
10.3680	84
10.3720	92
10.3760	87
10.3800	84
10.3840	81
10.3880	76
10.3920	79
10.3960	93
10.4000	76
10.4040	87
10.4080	97
10.4120	85
10.4160	100
10.4200	100
10.4240	84
10.4280	74
10.4320	82
10.4360	91
10.4400	74
10.4440	87
10.4480	68
10.4520	95
10.4560	107
10.4600	93
10.4640	76
10.4680	87
10.4720	95
10.4760	79
10.4800	79
10.4840	89
10.4880	94
10.4920	86
10.4960	85
10.5000	517
10.5040	482
10.5080	499
10.5120	511
10.5160	493
10.5200	481
10.5240	520
10.5280	502
10.5320	532
10.5360	502
10.5400	537
10.5440	540
10.5480	503
10.5520	485
10.5560	502
10.5600	503
10.5640	515
10.5680	460
10.5720	482
10.5760	526
10.5800	491
10.5840	496
10.5880	512
10.5920	486
10.5960	498
10.6000	488
10.6040	516
10.6080	454
10.6120	497
10.6160	498
10.6200	484
10.6240	500
10.6280	491
10.6320	488
10.6360	471
10.6400	515
10.6440	526
10.6480	498
10.6520	486
10.6560	537
10.6600	510
10.6640	494
10.6680	511
10.6720	519
10.6760	511
10.6800	500
10.6840	518
10.6880	557
10.6920	513
10.6960	509
10.7000	515
10.7040	529
10.7080	482
10.7120	510
10.7160	521
10.7200	499
10.7240	522
10.7280	470
10.7320	517
10.7360	506
10.7400	492
10.7440	504
10.7480	540
10.7520	495
10.7560	535
10.7600	512
10.7640	491
10.7680	529
10.7720	512
10.7760	472
10.7800	484
10.7840	514
10.7880	494
10.7920	484
10.7960	498
10.8000	510
10.8040	513
10.8080	504
10.8120	480
10.8160	484
10.8200	466
10.8240	503
10.8280	521
10.8320	542
10.8360	495
10.8400	532
10.8440	492
10.8480	497
10.8520	485
10.8560	525
10.8600	505
10.8640	496
10.8680	495
10.8720	471
10.8760	526
10.8800	502
10.8840	563
10.8880	479
10.8920	528
10.8960	492
10.9000	543
10.9040	477
10.9080	520
10.9120	499
10.9160	559
10.9200	525
10.9240	506
10.9280	486
10.9320	481
10.9360	562
10.9400	474
10.9440	482
10.9480	521
10.9520	519
10.9560	537
10.9600	472
10.9640	483
10.9680	480
10.9720	510
10.9760	503
10.9800	525
10.9840	504
10.9880	495
10.9920	490
10.9960	514
11.0000	280
11.0040	221
11.0080	165
11.0120	116
11.0160	112
11.0200	108
11.0240	84
11.0280	83
11.0320	117
11.0360	92
11.0400	117
11.0440	110
11.0480	100
11.0520	108
11.0560	101
11.0600	93
11.0640	83
11.0680	91
11.0720	101
11.0760	94
11.0800	96
11.0840	104
11.0880	89
11.0920	96
11.0960	91
11.1000	97
11.1040	83
11.1080	95
11.1120	85
11.1160	90
11.1200	95
11.1240	90
11.1280	92
11.1320	86
11.1360	86
11.1400	81
11.1440	77
11.1480	73
11.1520	78
11.1560	88
11.1600	91
11.1640	87
11.1680	99
11.1720	88
11.1760	101
11.1800	75
11.1840	95
11.1880	79
11.1920	91
11.1960	87
11.2000	79
11.2040	90
11.2080	83
11.2120	107
11.2160	100
11.2200	87
11.2240	90
11.2280	77
11.2320	83
11.2360	87
11.2400	90
11.2440	89
11.2480	81
11.2520	76
11.2560	98
11.2600	98
11.2640	96
11.2680	93
11.2720	81
11.2760	98
11.2800	80
11.2840	78
11.2880	89
11.2920	84
11.2960	109
11.3000	79
11.3040	85
11.3080	91
11.3120	77
11.3160	85
11.3200	103
11.3240	82
11.3280	88
11.3320	83
11.3360	66
11.3400	74
11.3440	90
11.3480	86
11.3520	87
11.3560	96
11.3600	73
11.3640	68
11.3680	77
11.3720	98
11.3760	77
11.3800	80
11.3840	75
11.3880	86
11.3920	75
11.3960	84
11.4000	87
11.4040	77
11.4080	84
11.4120	97
11.4160	78
11.4200	99
11.4240	85
11.4280	88
11.4320	76
11.4360	88
11.4400	76
11.4440	86
11.4480	103
11.4520	69
11.4560	99
11.4600	93
11.4640	80
11.4680	92
11.4720	83
11.4760	88
11.4800	92
11.4840	89
11.4880	67
11.4920	75
11.4960	89
11.5000	468
11.5040	536
11.5080	472
11.5120	503
11.5160	517
11.5200	482
11.5240	477
11.5280	499
11.5320	509
11.5360	472
11.5400	514
11.5440	516
11.5480	500
11.5520	523
11.5560	503
11.5600	506
11.5640	489
11.5680	532
11.5720	530
11.5760	502
11.5800	462
11.5840	486
11.5880	525
11.5920	482
11.5960	483
11.6000	528
11.6040	493
11.6080	499
11.6120	504
11.6160	517
11.6200	482
11.6240	500
11.6280	499
11.6320	510
11.6360	473
11.6400	539
11.6440	504
11.6480	491
11.6520	516
11.6560	518
11.6600	496
11.6640	500
11.6680	507
11.6720	500
11.6760	491
11.6800	491
11.6840	515
11.6880	494
11.6920	457
11.6960	511
11.7000	525
11.7040	513
11.7080	509
11.7120	507
11.7160	491
11.7200	471
11.7240	464
11.7280	502
11.7320	494
11.7360	500
11.7400	505
11.7440	498
11.7480	496
11.7520	505
11.7560	474
11.7600	499
11.7640	495
11.7680	510
11.7720	525
11.7760	495
11.7800	514
11.7840	527
11.7880	517
11.7920	498
11.7960	523
11.8000	507
11.8040	525
11.8080	543
11.8120	473
11.8160	521
11.8200	492
11.8240	501
11.8280	482
11.8320	489
11.8360	509
11.8400	471
11.8440	518
11.8480	532
11.8520	486
11.8560	517
11.8600	525
11.8640	522
11.8680	536
11.8720	494
11.8760	485
11.8800	469
11.8840	493
11.8880	506
11.8920	462
11.8960	515
11.9000	486
11.9040	505
11.9080	526
11.9120	519
11.9160	507
11.9200	482
11.9240	529
11.9280	488
11.9320	503
11.9360	507
11.9400	487
11.9440	487
11.9480	490
11.9520	514
11.9560	502
11.9600	494
11.9640	514
11.9680	513
11.9720	507
11.9760	498
11.9800	525
11.9840	496
11.9880	517
11.9920	503
11.9960	528
12.0000	288
12.0040	197
12.0080	142
12.0120	146
12.0160	99
12.0200	116
12.0240	101
12.0280	110
12.0320	121
12.0360	95
12.0400	107
12.0440	112
12.0480	101
12.0520	107
12.0560	107
12.0600	81
12.0640	95
12.0680	91
12.0720	92
12.0760	88
12.0800	95
12.0840	104
12.0880	97
12.0920	86
12.0960	106
12.1000	97
12.1040	103
12.1080	96
12.1120	100
12.1160	85
12.1200	90
12.1240	91
12.1280	85
12.1320	92
12.1360	92
12.1400	98
12.1440	77
12.1480	97
12.1520	96
12.1560	91
12.1600	84
12.1640	84
12.1680	87
12.1720	78
12.1760	98
12.1800	95
12.1840	85
12.1880	75
12.1920	97
12.1960	87
12.2000	96
12.2040	91
12.2080	86
12.2120	98
12.2160	92
12.2200	93
12.2240	90
12.2280	95
12.2320	78
12.2360	85
12.2400	92
12.2440	64
12.2480	101
12.2520	89
12.2560	98
12.2600	83
12.2640	89
12.2680	80
12.2720	81
12.2760	81
12.2800	99
12.2840	85
12.2880	71
12.2920	73
12.2960	80
12.3000	76
12.3040	91
12.3080	85
12.3120	90
12.3160	89
12.3200	82
12.3240	79
12.3280	84
12.3320	88
12.3360	88
12.3400	107
12.3440	73
12.3480	83
12.3520	83
12.3560	81
12.3600	80
12.3640	85
12.3680	89
12.3720	75
12.3760	68
12.3800	86
12.3840	96
12.3880	77
12.3920	85
12.3960	87
12.4000	109
12.4040	98
12.4080	92
12.4120	80
12.4160	83
12.4200	87
12.4240	69
12.4280	97
12.4320	97
12.4360	97
12.4400	90
12.4440	67
12.4480	88
12.4520	90
12.4560	82
12.4600	84
12.4640	86
12.4680	84
12.4720	80
12.4760	91
12.4800	83
12.4840	75
12.4880	89
12.4920	99
12.4960	82
12.5000	459
12.5040	525
12.5080	473
12.5120	523
12.5160	451
12.5200	511
12.5240	493
12.5280	514
12.5320	500
12.5360	523
12.5400	507
12.5440	547
12.5480	519
12.5520	511
12.5560	475
12.5600	544
12.5640	515
12.5680	472
12.5720	544
12.5760	511
12.5800	489
12.5840	530
12.5880	500
12.5920	488
12.5960	504
12.6000	514
12.6040	480
12.6080	526
12.6120	491
12.6160	523
12.6200	528
12.6240	485
12.6280	494
12.6320	491
12.6360	487
12.6400	493
12.6440	492
12.6480	474
12.6520	525
12.6560	528
12.6600	531
12.6640	527
12.6680	524
12.6720	508
12.6760	560
12.6800	467
12.6840	516
12.6880	508
12.6920	486
12.6960	488
12.7000	497
12.7040	495
12.7080	498
12.7120	518
12.7160	542
12.7200	517
12.7240	500
12.7280	544
12.7320	468
12.7360	497
12.7400	479
12.7440	520
12.7480	477
12.7520	502
12.7560	503
12.7600	512
12.7640	513
12.7680	512
12.7720	512
12.7760	529
12.7800	508
12.7840	500
12.7880	533
12.7920	483
12.7960	512
12.8000	469
12.8040	530
12.8080	532
12.8120	492
12.8160	488
12.8200	558
12.8240	492
12.8280	506
12.8320	531
12.8360	540
12.8400	513
12.8440	508
12.8480	481
12.8520	556
12.8560	544
12.8600	508
12.8640	478
12.8680	510
12.8720	549
12.8760	488
12.8800	514
12.8840	500
12.8880	499
12.8920	479
12.8960	480
12.9000	531
12.9040	523
12.9080	503
12.9120	497
12.9160	547
12.9200	489
12.9240	526
12.9280	489
12.9320	512
12.9360	520
12.9400	517
12.9440	524
12.9480	484
12.9520	512
12.9560	511
12.9600	507
12.9640	533
12.9680	486
12.9720	524
12.9760	485
12.9800	519
12.9840	468
12.9880	479
12.9920	536
12.9960	530
13.0000	293
13.0040	213
13.0080	151
13.0120	123
13.0160	105
13.0200	98
13.0240	106
13.0280	97
13.0320	112
13.0360	101
13.0400	120
13.0440	107
13.0480	99
13.0520	112
13.0560	95
13.0600	90
13.0640	108
13.0680	86
13.0720	99
13.0760	116
13.0800	89
13.0840	99
13.0880	83
13.0920	102
13.0960	82
13.1000	72
13.1040	89
13.1080	86
13.1120	83
13.1160	94
13.1200	92
13.1240	100
13.1280	77
13.1320	91
13.1360	99
13.1400	90
13.1440	88
13.1480	74
13.1520	95
13.1560	95
13.1600	85
13.1640	81
13.1680	85
13.1720	81
13.1760	102
13.1800	94
13.1840	97
13.1880	79
13.1920	106
13.1960	98
13.2000	100
13.2040	72
13.2080	84
13.2120	108
13.2160	77
13.2200	97
13.2240	89
13.2280	86
13.2320	90
13.2360	82
13.2400	90
13.2440	96
13.2480	86
13.2520	93
13.2560	96
13.2600	94
13.2640	95
13.2680	86
13.2720	104
13.2760	88
13.2800	82
13.2840	103
13.2880	88
13.2920	80
13.2960	67
13.3000	96
13.3040	100
13.3080	75
13.3120	91
13.3160	71
13.3200	75
13.3240	64
13.3280	82
13.3320	89
13.3360	98
13.3400	78
13.3440	89
13.3480	85
13.3520	96
13.3560	84
13.3600	87
13.3640	90
13.3680	74
13.3720	88
13.3760	84
13.3800	83
13.3840	84
13.3880	80
13.3920	80
13.3960	87
13.4000	73
13.4040	76
13.4080	79
13.4120	73
13.4160	79
13.4200	87
13.4240	80
13.4280	80
13.4320	75
13.4360	87
13.4400	92
13.4440	79
13.4480	91
13.4520	77
13.4560	69
13.4600	97
13.4640	69
13.4680	83
13.4720	91
13.4760	83
13.4800	94
13.4840	88
13.4880	88
13.4920	96
13.4960	67
13.5000	514
13.5040	483
13.5080	523
13.5120	515
13.5160	492
13.5200	490
13.5240	475
13.5280	523
13.5320	475
13.5360	522
13.5400	528
13.5440	504
13.5480	478
13.5520	484
13.5560	497
13.5600	496
13.5640	474
13.5680	501
13.5720	489
13.5760	543
13.5800	497
13.5840	479
13.5880	528
13.5920	533
13.5960	509
13.6000	505
13.6040	473
13.6080	536
13.6120	502
13.6160	522
13.6200	504
13.6240	489
13.6280	520
13.6320	503
13.6360	512
13.6400	495
13.6440	490
13.6480	505
13.6520	477
13.6560	495
13.6600	521
13.6640	543
13.6680	510
13.6720	492
13.6760	494
13.6800	540
13.6840	496
13.6880	522
13.6920	515
13.6960	537
13.7000	519
13.7040	479
13.7080	505
13.7120	494
13.7160	519
13.7200	498
13.7240	518
13.7280	479
13.7320	514
13.7360	511
13.7400	523
13.7440	497
13.7480	490
13.7520	484
13.7560	505
13.7600	509
13.7640	521
13.7680	526
13.7720	483
13.7760	475
13.7800	474
13.7840	499
13.7880	519
13.7920	508
13.7960	533
13.8000	473
13.8040	533
13.8080	484
13.8120	518
13.8160	498
13.8200	502
13.8240	500
13.8280	482
13.8320	493
13.8360	525
13.8400	508
13.8440	495
13.8480	498
13.8520	506
13.8560	469
13.8600	496
13.8640	505
13.8680	465
13.8720	490
13.8760	531
13.8800	456
13.8840	523
13.8880	486
13.8920	507
13.8960	462
13.9000	492
13.9040	510
13.9080	487
13.9120	499
13.9160	509
13.9200	505
13.9240	476
13.9280	529
13.9320	490
13.9360	499
13.9400	500
13.9440	505
13.9480	492
13.9520	477
13.9560	492
13.9600	512
13.9640	511
13.9680	528
13.9720	520
13.9760	492
13.9800	505
13.9840	485
13.9880	544
13.9920	528
13.9960	521
14.0000	294
14.0040	213
14.0080	159
14.0120	130
14.0160	100
14.0200	107
14.0240	111
14.0280	131
14.0320	111
14.0360	107
14.0400	117
14.0440	97
14.0480	94
14.0520	109
14.0560	98
14.0600	97
14.0640	95
14.0680	105
14.0720	106
14.0760	93
14.0800	88
14.0840	104
14.0880	92
14.0920	94
14.0960	92
14.1000	95
14.1040	92
14.1080	94
14.1120	106
14.1160	101
14.1200	91
14.1240	87
14.1280	91
14.1320	87
14.1360	90
14.1400	95
14.1440	92
14.1480	87
14.1520	91
14.1560	95
14.1600	89
14.1640	94
14.1680	83
14.1720	106
14.1760	109
14.1800	93
14.1840	101
14.1880	113
14.1920	107
14.1960	79
14.2000	83
14.2040	76
14.2080	81
14.2120	88
14.2160	113
14.2200	92
14.2240	82
14.2280	91
14.2320	70
14.2360	84
14.2400	81
14.2440	88
14.2480	97
14.2520	81
14.2560	93
14.2600	98
14.2640	93
14.2680	94
14.2720	81
14.2760	69
14.2800	85
14.2840	103
14.2880	77
14.2920	94
14.2960	84
14.3000	92
14.3040	86
14.3080	95
14.3120	88
14.3160	82
14.3200	99
14.3240	96
14.3280	95
14.3320	83
14.3360	88
14.3400	91
14.3440	81
14.3480	88
14.3520	87
14.3560	82
14.3600	103
14.3640	94
14.3680	80
14.3720	99
14.3760	81
14.3800	63
14.3840	87
14.3880	88
14.3920	78
14.3960	85
14.4000	86
14.4040	89
14.4080	94
14.4120	86
14.4160	78
14.4200	90
14.4240	88
14.4280	92
14.4320	106
14.4360	68
14.4400	75
14.4440	89
14.4480	77
14.4520	85
14.4560	79
14.4600	90
14.4640	101
14.4680	87
14.4720	80
14.4760	81
14.4800	91
14.4840	83
14.4880	79
14.4920	74
14.4960	64
14.5000	475
14.5040	511
14.5080	523
14.5120	514
14.5160	545
14.5200	511
14.5240	514
14.5280	500
14.5320	496
14.5360	488
14.5400	482
14.5440	527
14.5480	475
14.5520	504
14.5560	506
14.5600	509
14.5640	472
14.5680	500
14.5720	502
14.5760	473
14.5800	488
14.5840	481
14.5880	542
14.5920	522
14.5960	501
14.6000	494
14.6040	532
14.6080	520
14.6120	507
14.6160	504
14.6200	466
14.6240	510
14.6280	539
14.6320	506
14.6360	513
14.6400	494
14.6440	518
14.6480	527
14.6520	481
14.6560	498
14.6600	473
14.6640	524
14.6680	509
14.6720	508
14.6760	503
14.6800	480
14.6840	514
14.6880	475
14.6920	521
14.6960	491
14.7000	526
14.7040	524
14.7080	456
14.7120	549
14.7160	519
14.7200	481
14.7240	478
14.7280	476
14.7320	501
14.7360	507
14.7400	514
14.7440	488
14.7480	468
14.7520	506
14.7560	490
14.7600	494
14.7640	528
14.7680	484
14.7720	531
14.7760	507
14.7800	528
14.7840	499
14.7880	491
14.7920	535
14.7960	523
14.8000	539
14.8040	488
14.8080	503
14.8120	496
14.8160	477
14.8200	501
14.8240	512
14.8280	493
14.8320	490
14.8360	492
14.8400	492
14.8440	501
14.8480	526
14.8520	487
14.8560	490
14.8600	480
14.8640	517
14.8680	448
14.8720	536
14.8760	482
14.8800	515
14.8840	508
14.8880	509
14.8920	532
14.8960	521
14.9000	553
14.9040	491
14.9080	553
14.9120	478
14.9160	532
14.9200	465
14.9240	507
14.9280	502
14.9320	467
14.9360	513
14.9400	506
14.9440	507
14.9480	488
14.9520	552
14.9560	486
14.9600	492
14.9640	504
14.9680	506
14.9720	520
14.9760	515
14.9800	490
14.9840	515
14.9880	482
14.9920	481
14.9960	510
15.0000	303
15.0040	212
15.0080	151
15.0120	104
15.0160	103
15.0200	119
15.0240	96
15.0280	100
15.0320	111
15.0360	92
15.0400	102
15.0440	117
15.0480	92
15.0520	108
15.0560	105
15.0600	103
15.0640	102
15.0680	94
15.0720	88
15.0760	92
15.0800	100
15.0840	100
15.0880	109
15.0920	97
15.0960	100
15.1000	95
15.1040	92
15.1080	93
15.1120	91
15.1160	103
15.1200	91
15.1240	94
15.1280	99
15.1320	107
15.1360	85
15.1400	70
15.1440	89
15.1480	76
15.1520	93
15.1560	91
15.1600	123
15.1640	75
15.1680	85
15.1720	105
15.1760	82
15.1800	87
15.1840	82
15.1880	96
15.1920	84
15.1960	87
15.2000	91
15.2040	100
15.2080	94
15.2120	89
15.2160	84
15.2200	96
15.2240	90
15.2280	93
15.2320	88
15.2360	99
15.2400	87
15.2440	98
15.2480	95
15.2520	76
15.2560	85
15.2600	103
15.2640	88
15.2680	94
15.2720	85
15.2760	97
15.2800	94
15.2840	80
15.2880	89
15.2920	79
15.2960	88
15.3000	78
15.3040	94
15.3080	87
15.3120	77
15.3160	74
15.3200	81
15.3240	91
15.3280	71
15.3320	70
15.3360	87
15.3400	94
15.3440	83
15.3480	92
15.3520	98
15.3560	93
15.3600	83
15.3640	77
15.3680	79
15.3720	88
15.3760	87
15.3800	75
15.3840	86
15.3880	98
15.3920	86
15.3960	75
15.4000	76
15.4040	86
15.4080	91
15.4120	80
15.4160	81
15.4200	69
15.4240	86
15.4280	87
15.4320	101
15.4360	81
15.4400	99
15.4440	84
15.4480	72
15.4520	86
15.4560	84
15.4600	77
15.4640	87
15.4680	99
15.4720	87
15.4760	83
15.4800	76
15.4840	85
15.4880	74
15.4920	108
15.4960	92
15.5000	482
15.5040	517
15.5080	546
15.5120	491
15.5160	492
15.5200	499
15.5240	504
15.5280	475
15.5320	502
15.5360	478
15.5400	511
15.5440	550
15.5480	527
15.5520	506
15.5560	536
15.5600	519
15.5640	488
15.5680	491
15.5720	506
15.5760	512
15.5800	513
15.5840	506
15.5880	478
15.5920	514
15.5960	480
15.6000	515
15.6040	497
15.6080	524
15.6120	478
15.6160	502
15.6200	480
15.6240	498
15.6280	508
15.6320	472
15.6360	493
15.6400	498
15.6440	494
15.6480	563
15.6520	504
15.6560	512
15.6600	530
15.6640	486
15.6680	495
15.6720	545
15.6760	507
15.6800	496
15.6840	477
15.6880	495
15.6920	483
15.6960	510
15.7000	505
15.7040	516
15.7080	559
15.7120	518
15.7160	515
15.7200	532
15.7240	464
15.7280	536
15.7320	504
15.7360	502
15.7400	475
15.7440	526
15.7480	510
15.7520	486
15.7560	488
15.7600	461
15.7640	513
15.7680	513
15.7720	507
15.7760	535
15.7800	489
15.7840	513
15.7880	513
15.7920	484
15.7960	498
15.8000	482
15.8040	489
15.8080	502
15.8120	482
15.8160	514
15.8200	502
15.8240	497
15.8280	506
15.8320	518
15.8360	499
15.8400	500
15.8440	486
15.8480	514
15.8520	503
15.8560	487
15.8600	518
15.8640	530
15.8680	479
15.8720	515
15.8760	533
15.8800	492
15.8840	536
15.8880	503
15.8920	529
15.8960	512
15.9000	483
15.9040	509
15.9080	513
15.9120	486
15.9160	495
15.9200	499
15.9240	522
15.9280	462
15.9320	483
15.9360	528
15.9400	519
15.9440	472
15.9480	494
15.9520	496
15.9560	512
15.9600	487
15.9640	489
15.9680	501
15.9720	511
15.9760	521
15.9800	484
15.9840	537
15.9880	514
15.9920	494
15.9960	517
16.0000	300
16.0040	214
16.0080	135
16.0120	125
16.0160	111
16.0200	110
16.0240	96
16.0280	112
16.0320	88
16.0360	99
16.0400	103
16.0440	104
16.0480	113
16.0520	109
16.0560	100
16.0600	100
16.0640	99
16.0680	89
16.0720	93
16.0760	102
16.0800	88
16.0840	98
16.0880	110
16.0920	85
16.0960	84
16.1000	108
16.1040	104
16.1080	91
16.1120	82
16.1160	103
16.1200	98
16.1240	93
16.1280	102
16.1320	96
16.1360	74
16.1400	101
16.1440	90
16.1480	78
16.1520	89
16.1560	90
16.1600	91
16.1640	90
16.1680	95
16.1720	87
16.1760	93
16.1800	93
16.1840	99
16.1880	77
16.1920	91
16.1960	90
16.2000	85
16.2040	83
16.2080	89
16.2120	81
16.2160	97
16.2200	91
16.2240	103
16.2280	81
16.2320	94
16.2360	83
16.2400	82
16.2440	74
16.2480	102
16.2520	91
16.2560	83
16.2600	74
16.2640	85
16.2680	84
16.2720	90
16.2760	78
16.2800	88
16.2840	99
16.2880	94
16.2920	88
16.2960	77
16.3000	81
16.3040	90
16.3080	82
16.3120	87
16.3160	80
16.3200	86
16.3240	69
16.3280	80
16.3320	101
16.3360	86
16.3400	99
16.3440	63
16.3480	75
16.3520	78
16.3560	82
16.3600	86
16.3640	89
16.3680	87
16.3720	99
16.3760	96
16.3800	78
16.3840	77
16.3880	85
16.3920	70
16.3960	72
16.4000	72
16.4040	83
16.4080	95
16.4120	68
16.4160	71
16.4200	83
16.4240	75
16.4280	89
16.4320	89
16.4360	84
16.4400	88
16.4440	70
16.4480	67
16.4520	94
16.4560	80
16.4600	70
16.4640	62
16.4680	75
16.4720	96
16.4760	84
16.4800	89
16.4840	86
16.4880	75
16.4920	64
16.4960	80
16.5000	511
16.5040	525
16.5080	515
16.5120	461
16.5160	495
16.5200	500
16.5240	509
16.5280	522
16.5320	458
16.5360	491
16.5400	500
16.5440	477
16.5480	534
16.5520	484
16.5560	519
16.5600	478
16.5640	519
16.5680	536
16.5720	516
16.5760	500
16.5800	499
16.5840	501
16.5880	485
16.5920	484
16.5960	511
16.6000	492
16.6040	511
16.6080	486
16.6120	501
16.6160	524
16.6200	508
16.6240	511
16.6280	524
16.6320	488
16.6360	459
16.6400	497
16.6440	492
16.6480	528
16.6520	558
16.6560	481
16.6600	504
16.6640	496
16.6680	516
16.6720	472
16.6760	467
16.6800	508
16.6840	513
16.6880	544
16.6920	497
16.6960	524
16.7000	442
16.7040	552
16.7080	514
16.7120	487
16.7160	494
16.7200	504
16.7240	516
16.7280	495
16.7320	506
16.7360	495
16.7400	504
16.7440	483
16.7480	526
16.7520	530
16.7560	539
16.7600	541
16.7640	529
16.7680	474
16.7720	506
16.7760	515
16.7800	513
16.7840	449
16.7880	528
16.7920	488
16.7960	496
16.8000	494
16.8040	504
16.8080	503
16.8120	474
16.8160	489
16.8200	542
16.8240	494
16.8280	518
16.8320	483
16.8360	492
16.8400	525
16.8440	474
16.8480	500
16.8520	484
16.8560	519
16.8600	500
16.8640	509
16.8680	503
16.8720	500
16.8760	548
16.8800	503
16.8840	533
16.8880	502
16.8920	501
16.8960	478
16.9000	495
16.9040	523
16.9080	500
16.9120	521
16.9160	488
16.9200	497
16.9240	486
16.9280	517
16.9320	493
16.9360	528
16.9400	505
16.9440	539
16.9480	475
16.9520	472
16.9560	504
16.9600	504
16.9640	500
16.9680	512
16.9720	526
16.9760	525
16.9800	510
16.9840	517
16.9880	499
16.9920	489
16.9960	531
17.0000	311
17.0040	194
17.0080	138
17.0120	102
17.0160	94
17.0200	111
17.0240	89
17.0280	114
17.0320	93
17.0360	95
17.0400	85
17.0440	95
17.0480	88
17.0520	88
17.0560	118
17.0600	79
17.0640	86
17.0680	73
17.0720	84
17.0760	87
17.0800	101
17.0840	102
17.0880	76
17.0920	101
17.0960	94
17.1000	73
17.1040	93
17.1080	72
17.1120	96
17.1160	80
17.1200	104
17.1240	74
17.1280	82
17.1320	95
17.1360	95
17.1400	90
17.1440	101
17.1480	89
17.1520	85
17.1560	83
17.1600	86
17.1640	85
17.1680	98
17.1720	80
17.1760	83
17.1800	90
17.1840	86
17.1880	90
17.1920	91
17.1960	82
17.2000	102
17.2040	84
17.2080	82
17.2120	75
17.2160	90
17.2200	71
17.2240	86
17.2280	94
17.2320	75
17.2360	71
17.2400	85
17.2440	85
17.2480	99
17.2520	95
17.2560	66
17.2600	80
17.2640	76
17.2680	65
17.2720	83
17.2760	82
17.2800	93
17.2840	86
17.2880	72
17.2920	82
17.2960	66
17.3000	87
17.3040	79
17.3080	91
17.3120	75
17.3160	88
17.3200	86
17.3240	71
17.3280	92
17.3320	100
17.3360	76
17.3400	78
17.3440	88
17.3480	80
17.3520	76
17.3560	82
17.3600	94
17.3640	76
17.3680	71
17.3720	78
17.3760	80
17.3800	85
17.3840	79
17.3880	89
17.3920	85
17.3960	76
17.4000	106
17.4040	85
17.4080	85
17.4120	72
17.4160	72
17.4200	74
17.4240	69
17.4280	89
17.4320	71
17.4360	64
17.4400	81
17.4440	86
17.4480	88
17.4520	85
17.4560	72
17.4600	76
17.4640	72
17.4680	77
17.4720	79
17.4760	63
17.4800	61
17.4840	76
17.4880	70
17.4920	67
17.4960	93
17.5000	504
17.5040	496
17.5080	494
17.5120	500
17.5160	510
17.5200	483
17.5240	506
17.5280	549
17.5320	495
17.5360	516
17.5400	513
17.5440	495
17.5480	478
17.5520	481
17.5560	473
17.5600	520
17.5640	514
17.5680	487
17.5720	495
17.5760	500
17.5800	519
17.5840	500
17.5880	527
17.5920	514
17.5960	484
17.6000	503
17.6040	517
17.6080	506
17.6120	484
17.6160	513
17.6200	505
17.6240	539
17.6280	500
17.6320	509
17.6360	498
17.6400	492
17.6440	519
17.6480	502
17.6520	499
17.6560	532
17.6600	534
17.6640	511
17.6680	499
17.6720	490
17.6760	505
17.6800	489
17.6840	552
17.6880	521
17.6920	508
17.6960	522
17.7000	527
17.7040	494
17.7080	489
17.7120	512
17.7160	480
17.7200	491
17.7240	507
17.7280	507
17.7320	516
17.7360	502
17.7400	561
17.7440	495
17.7480	484
17.7520	513
17.7560	482
17.7600	491
17.7640	492
17.7680	490
17.7720	519
17.7760	494
17.7800	507
17.7840	485
17.7880	476
17.7920	499
17.7960	502
17.8000	507
17.8040	481
17.8080	498
17.8120	478
17.8160	493
17.8200	528
17.8240	498
17.8280	497
17.8320	517
17.8360	480
17.8400	497
17.8440	516
17.8480	527
17.8520	463
17.8560	505
17.8600	494
17.8640	481
17.8680	483
17.8720	513
17.8760	510
17.8800	470
17.8840	501
17.8880	503
17.8920	494
17.8960	536
17.9000	507
17.9040	518
17.9080	516
17.9120	498
17.9160	503
17.9200	519
17.9240	499
17.9280	504
17.9320	492
17.9360	505
17.9400	492
17.9440	485
17.9480	453
17.9520	504
17.9560	508
17.9600	517
17.9640	502
17.9680	493
17.9720	523
17.9760	493
17.9800	519
17.9840	485
17.9880	487
17.9920	463
17.9960	510
18.0000	277
18.0040	210
18.0080	166
18.0120	113
18.0160	109
18.0200	110
18.0240	108
18.0280	101
18.0320	110
18.0360	100
18.0400	104
18.0440	89
18.0480	106
18.0520	95
18.0560	96
18.0600	107
18.0640	109
18.0680	104
18.0720	109
18.0760	92
18.0800	101
18.0840	102
18.0880	93
18.0920	80
18.0960	96
18.1000	88
18.1040	91
18.1080	104
18.1120	79
18.1160	85
18.1200	84
18.1240	95
18.1280	85
18.1320	94
18.1360	77
18.1400	95
18.1440	107
18.1480	97
18.1520	88
18.1560	83
18.1600	91
18.1640	84
18.1680	113
18.1720	93
18.1760	79
18.1800	74
18.1840	88
18.1880	84
18.1920	76
18.1960	99
18.2000	76
18.2040	90
18.2080	78
18.2120	78
18.2160	79
18.2200	94
18.2240	84
18.2280	80
18.2320	98
18.2360	73
18.2400	86
18.2440	67
18.2480	73
18.2520	93
18.2560	82
18.2600	79
18.2640	84
18.2680	75
18.2720	90
18.2760	69
18.2800	95
18.2840	89
18.2880	75
18.2920	77
18.2960	97
18.3000	78
18.3040	82
18.3080	74
18.3120	89
18.3160	95
18.3200	90
18.3240	95
18.3280	74
18.3320	83
18.3360	79
18.3400	87
18.3440	84
18.3480	93
18.3520	82
18.3560	97
18.3600	77
18.3640	83
18.3680	86
18.3720	61
18.3760	76
18.3800	58
18.3840	78
18.3880	82
18.3920	71
18.3960	90
18.4000	79
18.4040	80
18.4080	68
18.4120	84
18.4160	72
18.4200	73
18.4240	105
18.4280	89
18.4320	89
18.4360	78
18.4400	76
18.4440	87
18.4480	68
18.4520	78
18.4560	72
18.4600	78
18.4640	69
18.4680	72
18.4720	72
18.4760	80
18.4800	94
18.4840	75
18.4880	74
18.4920	70
18.4960	80
18.5000	486
18.5040	499
18.5080	482
18.5120	478
18.5160	509
18.5200	505
18.5240	519
18.5280	482
18.5320	544
18.5360	473
18.5400	492
18.5440	485
18.5480	523
18.5520	539
18.5560	495
18.5600	501
18.5640	489
18.5680	502
18.5720	505
18.5760	473
18.5800	494
18.5840	455
18.5880	515
18.5920	506
18.5960	515
18.6000	516
18.6040	510
18.6080	515
18.6120	512
18.6160	490
18.6200	531
18.6240	482
18.6280	502
18.6320	507
18.6360	517
18.6400	524
18.6440	515
18.6480	549
18.6520	494
18.6560	510
18.6600	470
18.6640	516
18.6680	518
18.6720	479
18.6760	516
18.6800	448
18.6840	513
18.6880	520
18.6920	484
18.6960	516
18.7000	546
18.7040	476
18.7080	487
18.7120	534
18.7160	496
18.7200	540
18.7240	515
18.7280	521
18.7320	525
18.7360	501
18.7400	495
18.7440	494
18.7480	510
18.7520	535
18.7560	481
18.7600	515
18.7640	479
18.7680	469
18.7720	534
18.7760	498
18.7800	530
18.7840	504
18.7880	517
18.7920	464
18.7960	507
18.8000	519
18.8040	522
18.8080	495
18.8120	507
18.8160	514
18.8200	507
18.8240	484
18.8280	486
18.8320	520
18.8360	520
18.8400	523
18.8440	527
18.8480	524
18.8520	504
18.8560	494
18.8600	520
18.8640	484
18.8680	522
18.8720	486
18.8760	541
18.8800	529
18.8840	447
18.8880	527
18.8920	496
18.8960	550
18.9000	538
18.9040	549
18.9080	506
18.9120	542
18.9160	529
18.9200	503
18.9240	498
18.9280	537
18.9320	534
18.9360	471
18.9400	511
18.9440	479
18.9480	496
18.9520	469
18.9560	470
18.9600	478
18.9640	499
18.9680	506
18.9720	510
18.9760	518
18.9800	497
18.9840	512
18.9880	497
18.9920	554
18.9960	526
19.0000	308
19.0040	192
19.0080	120
19.0120	114
19.0160	110
19.0200	114
19.0240	95
19.0280	94
19.0320	91
19.0360	97
19.0400	104
19.0440	100
19.0480	91
19.0520	92
19.0560	87
19.0600	101
19.0640	81
19.0680	99
19.0720	89
19.0760	80
19.0800	80
19.0840	74
19.0880	74
19.0920	94
19.0960	99
19.1000	83
19.1040	63
19.1080	86
19.1120	106
19.1160	83
19.1200	99
19.1240	99
19.1280	86
19.1320	86
19.1360	83
19.1400	78
19.1440	74
19.1480	92
19.1520	81
19.1560	77
19.1600	96
19.1640	82
19.1680	76
19.1720	94
19.1760	76
19.1800	90
19.1840	70
19.1880	86
19.1920	83
19.1960	84
19.2000	86
19.2040	72
19.2080	75
19.2120	90
19.2160	96
19.2200	78
19.2240	68
19.2280	93
19.2320	78
19.2360	79
19.2400	88
19.2440	86
19.2480	80
19.2520	102
19.2560	75
19.2600	62
19.2640	80
19.2680	87
19.2720	76
19.2760	80
19.2800	92
19.2840	71
19.2880	76
19.2920	84
19.2960	90
19.3000	82
19.3040	92
19.3080	79
19.3120	74
19.3160	69
19.3200	86
19.3240	81
19.3280	88
19.3320	80
19.3360	86
19.3400	84
19.3440	66
19.3480	72
19.3520	81
19.3560	86
19.3600	77
19.3640	69
19.3680	82
19.3720	77
19.3760	81
19.3800	91
19.3840	68
19.3880	79
19.3920	76
19.3960	74
19.4000	79
19.4040	83
19.4080	76
19.4120	81
19.4160	88
19.4200	85
19.4240	88
19.4280	76
19.4320	80
19.4360	82
19.4400	74
19.4440	79
19.4480	80
19.4520	81
19.4560	80
19.4600	82
19.4640	86
19.4680	86
19.4720	79
19.4760	92
19.4800	70
19.4840	82
19.4880	70
19.4920	73
19.4960	86
19.5000	511
19.5040	503
19.5080	500
19.5120	482
19.5160	522
19.5200	511
19.5240	491
19.5280	476
19.5320	529
19.5360	506
19.5400	542
19.5440	474
19.5480	488
19.5520	536
19.5560	541
19.5600	524
19.5640	524
19.5680	487
19.5720	504
19.5760	484
19.5800	511
19.5840	482
19.5880	507
19.5920	529
19.5960	479
19.6000	446
19.6040	519
19.6080	512
19.6120	515
19.6160	521
19.6200	470
19.6240	508
19.6280	487
19.6320	488
19.6360	483
19.6400	470
19.6440	532
19.6480	488
19.6520	480
19.6560	480
19.6600	500
19.6640	515
19.6680	504
19.6720	480
19.6760	499
19.6800	490
19.6840	504
19.6880	526
19.6920	498
19.6960	513
19.7000	482
19.7040	494
19.7080	525
19.7120	539
19.7160	523
19.7200	512
19.7240	488
19.7280	516
19.7320	535
19.7360	468
19.7400	511
19.7440	487
19.7480	492
19.7520	507
19.7560	526
19.7600	496
19.7640	539
19.7680	487
19.7720	498
19.7760	503
19.7800	531
19.7840	507
19.7880	481
19.7920	513
19.7960	487
19.8000	534
19.8040	511
19.8080	470
19.8120	491
19.8160	499
19.8200	468
19.8240	527
19.8280	488
19.8320	462
19.8360	471
19.8400	500
19.8440	495
19.8480	482
19.8520	537
19.8560	527
19.8600	483
19.8640	511
19.8680	530
19.8720	475
19.8760	487
19.8800	513
19.8840	534
19.8880	461
19.8920	513
19.8960	471
19.9000	532
19.9040	484
19.9080	497
19.9120	492
19.9160	527
19.9200	510
19.9240	524
19.9280	516
19.9320	506
19.9360	497
19.9400	467
19.9440	454
19.9480	490
19.9520	536
19.9560	521
19.9600	493
19.9640	502
19.9680	465
19.9720	513
19.9760	496
19.9800	527
19.9840	503
19.9880	504
19.9920	527
19.9960	489
