0.0000	310
0.0050	206
0.0100	124
0.0150	102
0.0200	120
0.0250	111
0.0300	101
0.0350	115
0.0400	124
0.0450	106
0.0500	98
0.0550	113
0.0600	97
0.0650	99
0.0700	102
0.0750	92
0.0800	90
0.0850	95
0.0900	98
0.0950	90
0.1000	119
0.1050	101
0.1100	108
0.1150	89
0.1200	99
0.1250	84
0.1300	103
0.1350	99
0.1400	86
0.1450	99
0.1500	107
0.1550	116
0.1600	101
0.1650	97
0.1700	119
0.1750	112
0.1800	81
0.1850	96
0.1900	95
0.1950	98
0.2000	103
0.2050	105
0.2100	95
0.2150	85
0.2200	86
0.2250	105
0.2300	112
0.2350	87
0.2400	82
0.2450	90
0.2500	100
0.2550	84
0.2600	74
0.2650	82
0.2700	82
0.2750	95
0.2800	94
0.2850	93
0.2900	95
0.2950	79
0.3000	92
0.3050	68
0.3100	87
0.3150	92
0.3200	92
0.3250	101
0.3300	101
0.3350	98
0.3400	85
0.3450	90
0.3500	92
0.3550	87
0.3600	89
0.3650	93
0.3700	122
0.3750	88
0.3800	103
0.3850	94
0.3900	88
0.3950	91
0.4000	79
0.4050	88
0.4100	87
0.4150	80
0.4200	84
0.4250	95
0.4300	78
0.4350	100
0.4400	80
0.4450	80
0.4500	91
0.4550	90
0.4600	100
0.4650	97
0.4700	90
0.4750	91
0.4800	97
0.4850	80
0.4900	93
0.4950	99
0.5000	470
0.5050	506
0.5100	477
0.5150	484
0.5200	506
0.5250	516
0.5300	501
0.5350	508
0.5400	503
0.5450	522
0.5500	505
0.5550	487
0.5600	501
0.5650	487
0.5700	514
0.5750	510
0.5800	533
0.5850	482
0.5900	515
0.5950	504
0.6000	546
0.6050	467
0.6100	489
0.6150	520
0.6200	490
0.6250	508
0.6300	473
0.6350	485
0.6400	496
0.6450	520
0.6500	499
0.6550	517
0.6600	497
0.6650	519
0.6700	510
0.6750	527
0.6800	518
0.6850	465
0.6900	490
0.6950	501
0.7000	480
0.7050	503
0.7100	507
0.7150	525
0.7200	509
0.7250	466
0.7300	495
0.7350	504
0.7400	500
0.7450	498
0.7500	504
0.7550	491
0.7600	502
0.7650	532
0.7700	511
0.7750	497
0.7800	485
0.7850	472
0.7900	490
0.7950	519
0.8000	511
0.8050	509
0.8100	506
0.8150	485
0.8200	512
0.8250	516
0.8300	504
0.8350	522
0.8400	500
0.8450	506
0.8500	476
0.8550	488
0.8600	516
0.8650	547
0.8700	509
0.8750	531
0.8800	519
0.8850	529
0.8900	534
0.8950	538
0.9000	549
0.9050	498
0.9100	523
0.9150	519
0.9200	521
0.9250	472
0.9300	514
0.9350	490
0.9400	503
0.9450	470
0.9500	469
0.9550	475
0.9600	477
0.9650	510
0.9700	510
0.9750	467
0.9800	530
0.9850	511
0.9900	519
0.9950	465
1.0000	321
1.0050	197
1.0100	136
1.0150	134
1.0200	118
1.0250	97
1.0300	134
1.0350	130
1.0400	113
1.0450	102
1.0500	104
1.0550	121
1.0600	109
1.0650	108
1.0700	111
1.0750	122
1.0800	94
1.0850	87
1.0900	111
1.0950	111
1.1000	100
1.1050	87
1.1100	99
1.1150	91
1.1200	107
1.1250	101
1.1300	97
1.1350	107
1.1400	101
1.1450	90
1.1500	98
1.1550	104
1.1600	95
1.1650	111
1.1700	81
1.1750	83
1.1800	100
1.1850	88
1.1900	89
1.1950	95
1.2000	95
1.2050	95
1.2100	101
1.2150	101
1.2200	87
1.2250	89
1.2300	91
1.2350	95
1.2400	102
1.2450	89
1.2500	97
1.2550	102
1.2600	97
1.2650	92
1.2700	101
1.2750	96
1.2800	110
1.2850	84
1.2900	95
1.2950	97
1.3000	96
1.3050	96
1.3100	88
1.3150	106
1.3200	73
1.3250	88
1.3300	92
1.3350	110
1.3400	107
1.3450	105
1.3500	108
1.3550	105
1.3600	104
1.3650	99
1.3700	94
1.3750	99
1.3800	105
1.3850	94
1.3900	110
1.3950	103
1.4000	87
1.4050	108
1.4100	93
1.4150	102
1.4200	92
1.4250	78
1.4300	96
1.4350	81
1.4400	72
1.4450	82
1.4500	78
1.4550	87
1.4600	85
1.4650	80
1.4700	90
1.4750	80
1.4800	94
1.4850	93
1.4900	84
1.4950	99
1.5000	435
1.5050	481
1.5100	479
1.5150	520
1.5200	537
1.5250	552
1.5300	530
1.5350	492
1.5400	490
1.5450	541
1.5500	505
1.5550	485
1.5600	510
1.5650	519
1.5700	483
1.5750	509
1.5800	521
1.5850	503
1.5900	508
1.5950	485
1.6000	509
1.6050	527
1.6100	484
1.6150	488
1.6200	540
1.6250	493
1.6300	507
1.6350	514
1.6400	518
1.6450	508
1.6500	522
1.6550	482
1.6600	490
1.6650	490
1.6700	507
1.6750	506
1.6800	514
1.6850	534
1.6900	511
1.6950	513
1.7000	496
1.7050	508
1.7100	476
1.7150	492
1.7200	486
1.7250	508
1.7300	517
1.7350	461
1.7400	504
1.7450	491
1.7500	509
1.7550	494
1.7600	486
1.7650	502
1.7700	508
1.7750	480
1.7800	484
1.7850	456
1.7900	487
1.7950	517
1.8000	519
1.8050	487
1.8100	495
1.8150	514
1.8200	527
1.8250	507
1.8300	483
1.8350	504
1.8400	528
1.8450	488
1.8500	474
1.8550	519
1.8600	488
1.8650	497
1.8700	488
1.8750	536
1.8800	514
1.8850	455
1.8900	558
1.8950	487
1.9000	505
1.9050	514
1.9100	514
1.9150	503
1.9200	546
1.9250	483
1.9300	536
1.9350	552
1.9400	499
1.9450	502
1.9500	524
1.9550	508
1.9600	520
1.9650	506
1.9700	495
1.9750	495
1.9800	500
1.9850	473
1.9900	493
1.9950	477
2.0000	293
2.0050	206
2.0100	135
2.0150	111
2.0200	95
2.0250	104
2.0300	93
2.0350	92
2.0400	92
2.0450	120
2.0500	103
2.0550	98
2.0600	104
2.0650	112
2.0700	92
2.0750	104
2.0800	111
2.0850	94
2.0900	107
2.0950	86
2.1000	107
2.1050	89
2.1100	96
2.1150	86
2.1200	107
2.1250	84
2.1300	81
2.1350	90
2.1400	92
2.1450	98
2.1500	103
2.1550	123
2.1600	80
2.1650	99
2.1700	107
2.1750	93
2.1800	89
2.1850	79
2.1900	78
2.1950	82
2.2000	104
2.2050	85
2.2100	79
2.2150	91
2.2200	88
2.2250	86
2.2300	94
2.2350	81
2.2400	74
2.2450	92
2.2500	86
2.2550	88
2.2600	101
2.2650	83
2.2700	80
2.2750	84
2.2800	96
2.2850	60
2.2900	92
2.2950	98
2.3000	68
2.3050	93
2.3100	75
2.3150	93
2.3200	86
2.3250	79
2.3300	101
2.3350	75
2.3400	95
2.3450	76
2.3500	88
2.3550	81
2.3600	94
2.3650	86
2.3700	78
2.3750	84
2.3800	89
2.3850	83
2.3900	91
2.3950	85
2.4000	64
2.4050	87
2.4100	96
2.4150	81
2.4200	78
2.4250	75
2.4300	82
2.4350	91
2.4400	94
2.4450	93
2.4500	95
2.4550	75
2.4600	83
2.4650	100
2.4700	73
2.4750	89
2.4800	80
2.4850	87
2.4900	90
2.4950	74
2.5000	534
2.5050	491
2.5100	491
2.5150	485
2.5200	511
2.5250	546
2.5300	516
2.5350	520
2.5400	508
2.5450	487
2.5500	482
2.5550	505
2.5600	522
2.5650	466
2.5700	482
2.5750	515
2.5800	498
2.5850	502
2.5900	512
2.5950	480
2.6000	472
2.6050	498
2.6100	539
2.6150	526
2.6200	492
2.6250	540
2.6300	517
2.6350	511
2.6400	550
2.6450	525
2.6500	502
2.6550	492
2.6600	525
2.6650	498
2.6700	494
2.6750	499
2.6800	486
2.6850	513
2.6900	498
2.6950	539
2.7000	521
2.7050	498
2.7100	531
2.7150	480
2.7200	472
2.7250	497
2.7300	493
2.7350	464
2.7400	488
2.7450	470
2.7500	497
2.7550	495
2.7600	527
2.7650	510
2.7700	527
2.7750	537
2.7800	518
2.7850	515
2.7900	511
2.7950	523
2.8000	507
2.8050	525
2.8100	535
2.8150	523
2.8200	499
2.8250	513
2.8300	525
2.8350	493
2.8400	493
2.8450	542
2.8500	483
2.8550	518
2.8600	474
2.8650	484
2.8700	470
2.8750	507
2.8800	502
2.8850	497
2.8900	452
2.8950	493
2.9000	493
2.9050	513
2.9100	530
2.9150	495
2.9200	504
2.9250	498
2.9300	503
2.9350	496
2.9400	527
2.9450	529
2.9500	481
2.9550	499
2.9600	489
2.9650	471
2.9700	526
2.9750	528
2.9800	498
2.9850	502
2.9900	521
2.9950	541
3.0000	273
3.0050	176
3.0100	138
3.0150	132
3.0200	109
3.0250	127
3.0300	98
3.0350	110
3.0400	97
3.0450	91
3.0500	108
3.0550	100
3.0600	88
3.0650	94
3.0700	86
3.0750	94
3.0800	79
3.0850	93
3.0900	89
3.0950	92
3.1000	95
3.1050	82
3.1100	76
3.1150	110
3.1200	83
3.1250	96
3.1300	87
3.1350	85
3.1400	96
3.1450	87
3.1500	84
3.1550	74
3.1600	87
3.1650	81
3.1700	81
3.1750	95
3.1800	66
3.1850	84
3.1900	87
3.1950	83
3.2000	74
3.2050	72
3.2100	78
3.2150	73
3.2200	92
3.2250	91
3.2300	91
3.2350	94
3.2400	75
3.2450	75
3.2500	80
3.2550	76
3.2600	66
3.2650	84
3.2700	91
3.2750	68
3.2800	83
3.2850	88
3.2900	89
3.2950	84
3.3000	74
3.3050	88
3.3100	82
3.3150	73
3.3200	99
3.3250	80
3.3300	80
3.3350	94
3.3400	86
3.3450	79
3.3500	83
3.3550	80
3.3600	72
3.3650	92
3.3700	87
3.3750	99
3.3800	77
3.3850	93
3.3900	80
3.3950	77
3.4000	97
3.4050	88
3.4100	85
3.4150	64
3.4200	68
3.4250	70
3.4300	77
3.4350	79
3.4400	83
3.4450	61
3.4500	85
3.4550	88
3.4600	83
3.4650	77
3.4700	71
3.4750	75
3.4800	95
3.4850	85
3.4900	74
3.4950	74
3.5000	519
3.5050	529
3.5100	509
3.5150	515
3.5200	483
3.5250	480
3.5300	500
3.5350	506
3.5400	527
3.5450	475
3.5500	515
3.5550	535
3.5600	520
3.5650	517
3.5700	549
3.5750	520
3.5800	499
3.5850	475
3.5900	494
3.5950	478
3.6000	514
3.6050	493
3.6100	511
3.6150	482
3.6200	536
3.6250	506
3.6300	486
3.6350	506
3.6400	514
3.6450	531
3.6500	522
3.6550	507
3.6600	524
3.6650	506
3.6700	486
3.6750	503
3.6800	498
3.6850	525
3.6900	511
3.6950	499
3.7000	469
3.7050	521
3.7100	523
3.7150	482
3.7200	522
3.7250	491
3.7300	527
3.7350	479
3.7400	465
3.7450	514
3.7500	530
3.7550	551
3.7600	482
3.7650	457
3.7700	504
3.7750	513
3.7800	496
3.7850	481
3.7900	494
3.7950	511
3.8000	531
3.8050	478
3.8100	524
3.8150	501
3.8200	511
3.8250	503
3.8300	512
3.8350	517
3.8400	514
3.8450	555
3.8500	531
3.8550	471
3.8600	489
3.8650	522
3.8700	527
3.8750	503
3.8800	490
3.8850	530
3.8900	494
3.8950	533
3.9000	502
3.9050	495
3.9100	507
3.9150	499
3.9200	533
3.9250	531
3.9300	476
3.9350	494
3.9400	493
3.9450	505
3.9500	524
3.9550	483
3.9600	511
3.9650	493
3.9700	475
3.9750	499
3.9800	498
3.9850	514
3.9900	506
3.9950	509
4.0000	324
4.0050	239
4.0100	145
4.0150	135
4.0200	107
4.0250	133
4.0300	125
4.0350	121
4.0400	112
4.0450	108
4.0500	111
4.0550	124
4.0600	98
4.0650	111
4.0700	109
4.0750	120
4.0800	118
4.0850	99
4.0900	111
4.0950	104
4.1000	111
4.1050	118
4.1100	96
4.1150	101
4.1200	95
4.1250	110
4.1300	117
4.1350	88
4.1400	104
4.1450	122
4.1500	111
4.1550	96
4.1600	101
4.1650	102
4.1700	111
4.1750	95
4.1800	89
4.1850	121
4.1900	99
4.1950	101
4.2000	99
4.2050	94
4.2100	83
4.2150	114
4.2200	101
4.2250	100
4.2300	115
4.2350	95
4.2400	107
4.2450	97
4.2500	105
4.2550	79
4.2600	81
4.2650	91
4.2700	113
4.2750	89
4.2800	94
4.2850	100
4.2900	107
4.2950	86
4.3000	87
4.3050	84
4.3100	93
4.3150	99
4.3200	104
4.3250	106
4.3300	87
4.3350	90
4.3400	92
4.3450	95
4.3500	96
4.3550	100
4.3600	95
4.3650	102
4.3700	83
4.3750	91
4.3800	98
4.3850	102
4.3900	92
4.3950	89
4.4000	88
4.4050	101
4.4100	98
4.4150	91
4.4200	83
4.4250	99
4.4300	77
4.4350	92
4.4400	95
4.4450	75
4.4500	94
4.4550	82
4.4600	101
4.4650	93
4.4700	87
4.4750	91
4.4800	93
4.4850	89
4.4900	88
4.4950	78
4.5000	457
4.5050	496
4.5100	495
4.5150	486
4.5200	482
4.5250	471
4.5300	509
4.5350	516
4.5400	492
4.5450	488
4.5500	472
4.5550	487
4.5600	502
4.5650	492
4.5700	545
4.5750	518
4.5800	514
4.5850	522
4.5900	487
4.5950	517
4.6000	526
4.6050	480
4.6100	495
4.6150	474
4.6200	534
4.6250	513
4.6300	495
4.6350	507
4.6400	516
4.6450	513
4.6500	513
4.6550	494
4.6600	496
4.6650	514
4.6700	516
4.6750	519
4.6800	510
4.6850	503
4.6900	532
4.6950	535
4.7000	487
4.7050	527
4.7100	501
4.7150	501
4.7200	498
4.7250	513
4.7300	500
4.7350	535
4.7400	480
4.7450	553
4.7500	487
4.7550	508
4.7600	517
4.7650	481
4.7700	465
4.7750	496
4.7800	535
4.7850	522
4.7900	527
4.7950	493
4.8000	520
4.8050	491
4.8100	504
4.8150	469
4.8200	509
4.8250	485
4.8300	492
4.8350	478
4.8400	470
4.8450	497
4.8500	482
4.8550	493
4.8600	542
4.8650	487
4.8700	466
4.8750	495
4.8800	519
4.8850	515
4.8900	502
4.8950	487
4.9000	499
4.9050	502
4.9100	501
4.9150	538
4.9200	506
4.9250	529
4.9300	475
4.9350	521
4.9400	517
4.9450	481
4.9500	490
4.9550	514
4.9600	510
4.9650	503
4.9700	502
4.9750	459
4.9800	518
4.9850	496
4.9900	517
4.9950	539
5.0000	322
5.0050	225
5.0100	147
5.0150	119
5.0200	127
5.0250	131
5.0300	120
5.0350	104
5.0400	105
5.0450	117
5.0500	113
5.0550	138
5.0600	142
5.0650	151
5.0700	170
5.0750	145
5.0800	155
5.0850	161
5.0900	141
5.0950	143
5.1000	116
5.1050	116
5.1100	72
5.1150	70
5.1200	73
5.1250	79
5.1300	76
5.1350	73
5.1400	92
5.1450	91
5.1500	88
5.1550	89
5.1600	82
5.1650	70
5.1700	78
5.1750	71
5.1800	59
5.1850	68
5.1900	55
5.1950	69
5.2000	70
5.2050	59
5.2100	90
5.2150	78
5.2200	82
5.2250	70
5.2300	85
5.2350	94
5.2400	79
5.2450	81
5.2500	84
5.2550	79
5.2600	79
5.2650	66
5.2700	65
5.2750	68
5.2800	68
5.2850	70
5.2900	67
5.2950	61
5.3000	55
5.3050	77
5.3100	60
5.3150	76
5.3200	67
5.3250	63
5.3300	77
5.3350	56
5.3400	63
5.3450	68
5.3500	65
5.3550	64
5.3600	74
5.3650	75
5.3700	69
5.3750	67
5.3800	67
5.3850	80
5.3900	70
5.3950	61
5.4000	58
5.4050	70
5.4100	45
5.4150	59
5.4200	60
5.4250	58
5.4300	63
5.4350	53
5.4400	58
5.4450	50
5.4500	56
5.4550	57
5.4600	54
5.4650	56
5.4700	61
5.4750	61
5.4800	56
5.4850	56
5.4900	54
5.4950	66
5.5000	531
5.5050	481
5.5100	509
5.5150	503
5.5200	521
5.5250	528
5.5300	517
5.5350	525
5.5400	506
5.5450	483
5.5500	484
5.5550	481
5.5600	518
5.5650	506
5.5700	506
5.5750	506
5.5800	490
5.5850	478
5.5900	509
5.5950	444
5.6000	517
5.6050	483
5.6100	498
5.6150	493
5.6200	519
5.6250	467
5.6300	527
5.6350	514
5.6400	493
5.6450	512
5.6500	488
5.6550	492
5.6600	499
5.6650	499
5.6700	483
5.6750	525
5.6800	518
5.6850	524
5.6900	494
5.6950	506
5.7000	513
5.7050	521
5.7100	538
5.7150	521
5.7200	521
5.7250	470
5.7300	513
5.7350	456
5.7400	489
5.7450	527
5.7500	500
5.7550	503
5.7600	492
5.7650	555
5.7700	522
5.7750	528
5.7800	483
5.7850	519
5.7900	518
5.7950	503
5.8000	547
5.8050	502
5.8100	488
5.8150	498
5.8200	519
5.8250	525
5.8300	511
5.8350	529
5.8400	497
5.8450	486
5.8500	482
5.8550	468
5.8600	483
5.8650	500
5.8700	527
5.8750	524
5.8800	515
5.8850	488
5.8900	487
5.8950	526
5.9000	502
5.9050	550
5.9100	487
5.9150	450
5.9200	537
5.9250	512
5.9300	520
5.9350	474
5.9400	532
5.9450	513
5.9500	471
5.9550	479
5.9600	524
5.9650	506
5.9700	531
5.9750	486
5.9800	483
5.9850	527
5.9900	520
5.9950	508
6.0000	259
6.0050	145
6.0100	82
6.0150	59
6.0200	73
6.0250	79
6.0300	67
6.0350	80
6.0400	75
6.0450	72
6.0500	78
6.0550	59
6.0600	61
6.0650	81
6.0700	78
6.0750	76
6.0800	65
6.0850	73
6.0900	78
6.0950	61
6.1000	66
6.1050	66
6.1100	74
6.1150	56
6.1200	61
6.1250	62
6.1300	57
6.1350	72
6.1400	79
6.1450	52
6.1500	63
6.1550	63
6.1600	75
6.1650	64
6.1700	67
6.1750	74
6.1800	56
6.1850	61
6.1900	60
6.1950	45
6.2000	66
6.2050	67
6.2100	64
6.2150	56
6.2200	52
6.2250	63
6.2300	55
6.2350	51
6.2400	59
6.2450	42
6.2500	55
6.2550	68
6.2600	70
6.2650	67
6.2700	63
6.2750	54
6.2800	69
6.2850	63
6.2900	45
6.2950	66
6.3000	57
6.3050	67
6.3100	65
6.3150	68
6.3200	65
6.3250	54
6.3300	59
6.3350	71
6.3400	66
6.3450	55
6.3500	59
6.3550	63
6.3600	64
6.3650	54
6.3700	55
6.3750	64
6.3800	70
6.3850	59
6.3900	66
6.3950	69
6.4000	73
6.4050	56
6.4100	57
6.4150	76
6.4200	64
6.4250	70
6.4300	62
6.4350	61
6.4400	73
6.4450	75
6.4500	74
6.4550	57
6.4600	63
6.4650	80
6.4700	56
6.4750	54
6.4800	63
6.4850	56
6.4900	49
6.4950	67
6.5000	472
6.5050	535
6.5100	470
6.5150	496
6.5200	475
6.5250	491
6.5300	509
6.5350	465
6.5400	507
6.5450	522
6.5500	548
6.5550	512
6.5600	476
6.5650	504
6.5700	477
6.5750	496
6.5800	515
6.5850	544
6.5900	471
6.5950	538
6.6000	476
6.6050	508
6.6100	509
6.6150	480
6.6200	497
6.6250	519
6.6300	511
6.6350	478
6.6400	512
6.6450	526
6.6500	500
6.6550	467
6.6600	461
6.6650	504
6.6700	523
6.6750	473
6.6800	528
6.6850	501
6.6900	502
6.6950	488
6.7000	513
6.7050	444
6.7100	531
6.7150	529
6.7200	489
6.7250	486
6.7300	515
6.7350	543
6.7400	525
6.7450	469
6.7500	500
6.7550	504
6.7600	488
6.7650	466
6.7700	499
6.7750	510
6.7800	534
6.7850	523
6.7900	544
6.7950	485
6.8000	539
6.8050	506
6.8100	530
6.8150	518
6.8200	492
6.8250	496
6.8300	475
6.8350	502
6.8400	487
6.8450	504
6.8500	495
6.8550	480
6.8600	456
6.8650	533
6.8700	496
6.8750	521
6.8800	485
6.8850	521
6.8900	464
6.8950	490
6.9000	514
6.9050	533
6.9100	508
6.9150	534
6.9200	519
6.9250	539
6.9300	508
6.9350	509
6.9400	487
6.9450	488
6.9500	472
6.9550	497
6.9600	484
6.9650	513
6.9700	523
6.9750	511
6.9800	498
6.9850	514
6.9900	486
6.9950	487
7.0000	263
7.0050	135
7.0100	97
7.0150	75
7.0200	84
7.0250	86
7.0300	68
7.0350	65
7.0400	77
7.0450	65
7.0500	82
7.0550	64
7.0600	72
7.0650	79
7.0700	75
7.0750	72
7.0800	87
7.0850	78
7.0900	71
7.0950	77
7.1000	77
7.1050	57
7.1100	89
7.1150	76
7.1200	80
7.1250	87
7.1300	77
7.1350	85
7.1400	86
7.1450	108
7.1500	80
7.1550	100
7.1600	77
7.1650	77
7.1700	74
7.1750	78
7.1800	89
7.1850	86
7.1900	84
7.1950	82
7.2000	78
7.2050	78
7.2100	87
7.2150	72
7.2200	90
7.2250	81
7.2300	81
7.2350	79
7.2400	72
7.2450	63
7.2500	75
7.2550	70
7.2600	62
7.2650	94
7.2700	68
7.2750	65
7.2800	67
7.2850	90
7.2900	72
7.2950	72
7.3000	78
7.3050	59
7.3100	47
7.3150	69
7.3200	71
7.3250	60
7.3300	51
7.3350	65
7.3400	63
7.3450	65
7.3500	46
7.3550	62
7.3600	76
7.3650	54
7.3700	58
7.3750	58
7.3800	57
7.3850	69
7.3900	44
7.3950	77
7.4000	56
7.4050	62
7.4100	49
7.4150	54
7.4200	47
7.4250	51
7.4300	60
7.4350	56
7.4400	51
7.4450	57
7.4500	53
7.4550	64
7.4600	83
7.4650	67
7.4700	67
7.4750	70
7.4800	81
7.4850	76
7.4900	59
7.4950	60
7.5000	489
7.5050	481
7.5100	505
7.5150	510
7.5200	530
7.5250	520
7.5300	518
7.5350	494
7.5400	526
7.5450	471
7.5500	500
7.5550	512
7.5600	504
7.5650	513
7.5700	505
7.5750	498
7.5800	481
7.5850	470
7.5900	459
7.5950	474
7.6000	515
7.6050	484
7.6100	519
7.6150	509
7.6200	488
7.6250	511
7.6300	500
7.6350	513
7.6400	523
7.6450	526
7.6500	494
7.6550	487
7.6600	498
7.6650	511
7.6700	480
7.6750	449
7.6800	473
7.6850	480
7.6900	499
7.6950	516
7.7000	498
7.7050	543
7.7100	521
7.7150	534
7.7200	483
7.7250	508
7.7300	493
7.7350	492
7.7400	535
7.7450	478
7.7500	529
7.7550	517
7.7600	480
7.7650	481
7.7700	526
7.7750	476
7.7800	462
7.7850	541
7.7900	496
7.7950	490
7.8000	511
7.8050	522
7.8100	495
7.8150	471
7.8200	523
7.8250	510
7.8300	462
7.8350	529
7.8400	481
7.8450	509
7.8500	510
7.8550	483
7.8600	545
7.8650	499
7.8700	483
7.8750	519
7.8800	477
7.8850	480
7.8900	498
7.8950	484
7.9000	493
7.9050	447
7.9100	510
7.9150	468
7.9200	521
7.9250	516
7.9300	512
7.9350	532
7.9400	498
7.9450	482
7.9500	505
7.9550	502
7.9600	528
7.9650	510
7.9700	531
7.9750	510
7.9800	502
7.9850	517
7.9900	513
7.9950	528
8.0000	297
8.0050	191
8.0100	114
8.0150	102
8.0200	75
8.0250	70
8.0300	77
8.0350	86
8.0400	76
8.0450	77
8.0500	91
8.0550	83
8.0600	81
8.0650	69
8.0700	76
8.0750	77
8.0800	78
8.0850	77
8.0900	78
8.0950	66
8.1000	55
8.1050	76
8.1100	57
8.1150	82
8.1200	58
8.1250	73
8.1300	70
8.1350	75
8.1400	66
8.1450	70
8.1500	65
8.1550	59
8.1600	78
8.1650	64
8.1700	72
8.1750	71
8.1800	67
8.1850	69
8.1900	62
8.1950	73
8.2000	71
8.2050	74
8.2100	78
8.2150	67
8.2200	71
8.2250	76
8.2300	74
8.2350	68
8.2400	63
8.2450	66
8.2500	70
8.2550	75
8.2600	62
8.2650	73
8.2700	85
8.2750	69
8.2800	80
8.2850	73
8.2900	73
8.2950	77
8.3000	52
8.3050	79
8.3100	70
8.3150	82
8.3200	77
8.3250	66
8.3300	76
8.3350	70
8.3400	84
8.3450	84
8.3500	65
8.3550	77
8.3600	87
8.3650	60
8.3700	79
8.3750	63
8.3800	83
8.3850	66
8.3900	56
8.3950	76
8.4000	59
8.4050	68
8.4100	71
8.4150	52
8.4200	74
8.4250	61
8.4300	68
8.4350	71
8.4400	59
8.4450	73
8.4500	67
8.4550	75
8.4600	60
8.4650	71
8.4700	54
8.4750	66
8.4800	61
8.4850	55
8.4900	54
8.4950	70
8.5000	516
8.5050	512
8.5100	509
8.5150	521
8.5200	502
8.5250	490
8.5300	468
8.5350	515
8.5400	531
8.5450	495
8.5500	509
8.5550	505
8.5600	501
8.5650	479
8.5700	519
8.5750	463
8.5800	530
8.5850	496
8.5900	497
8.5950	505
8.6000	489
8.6050	506
8.6100	518
8.6150	537
8.6200	503
8.6250	519
8.6300	504
8.6350	513
8.6400	508
8.6450	486
8.6500	497
8.6550	500
8.6600	529
8.6650	512
8.6700	506
8.6750	539
8.6800	494
8.6850	480
8.6900	531
8.6950	506
8.7000	506
8.7050	516
8.7100	480
8.7150	475
8.7200	499
8.7250	482
8.7300	500
8.7350	514
8.7400	487
8.7450	508
8.7500	555
8.7550	514
8.7600	480
8.7650	496
8.7700	508
8.7750	498
8.7800	517
8.7850	501
8.7900	511
8.7950	481
8.8000	497
8.8050	508
8.8100	500
8.8150	492
8.8200	523
8.8250	509
8.8300	497
8.8350	488
8.8400	502
8.8450	493
8.8500	532
8.8550	511
8.8600	494
8.8650	514
8.8700	494
8.8750	503
8.8800	505
8.8850	525
8.8900	493
8.8950	528
8.9000	478
8.9050	514
8.9100	505
8.9150	524
8.9200	507
8.9250	519
8.9300	494
8.9350	518
8.9400	508
8.9450	510
8.9500	489
8.9550	495
8.9600	483
8.9650	496
8.9700	508
8.9750	489
8.9800	496
8.9850	519
8.9900	514
8.9950	516
9.0000	286
9.0050	172
9.0100	105
9.0150	97
9.0200	97
9.0250	94
9.0300	97
9.0350	89
9.0400	87
9.0450	84
9.0500	75
9.0550	90
9.0600	95
9.0650	81
9.0700	70
9.0750	69
9.0800	73
9.0850	77
9.0900	78
9.0950	85
9.1000	77
9.1050	74
9.1100	77
9.1150	76
9.1200	66
9.1250	77
9.1300	64
9.1350	74
9.1400	90
9.1450	80
9.1500	59
9.1550	65
9.1600	73
9.1650	79
9.1700	75
9.1750	69
9.1800	71
9.1850	78
9.1900	54
9.1950	79
9.2000	74
9.2050	64
9.2100	70
9.2150	64
9.2200	67
9.2250	77
9.2300	60
9.2350	58
9.2400	60
9.2450	67
9.2500	65
9.2550	63
9.2600	60
9.2650	66
9.2700	67
9.2750	71
9.2800	59
9.2850	60
9.2900	65
9.2950	62
9.3000	82
9.3050	62
9.3100	88
9.3150	73
9.3200	58
9.3250	79
9.3300	67
9.3350	73
9.3400	72
9.3450	71
9.3500	63
9.3550	83
9.3600	65
9.3650	75
9.3700	59
9.3750	72
9.3800	58
9.3850	56
9.3900	66
9.3950	72
9.4000	65
9.4050	77
9.4100	68
9.4150	62
9.4200	66
9.4250	67
9.4300	84
9.4350	72
9.4400	68
9.4450	80
9.4500	65
9.4550	70
9.4600	79
9.4650	75
9.4700	65
9.4750	69
9.4800	72
9.4850	66
9.4900	66
9.4950	64
9.5000	509
9.5050	520
9.5100	486
9.5150	528
9.5200	483
9.5250	490
9.5300	496
9.5350	521
9.5400	481
9.5450	459
9.5500	514
9.5550	505
9.5600	521
9.5650	483
9.5700	539
9.5750	491
9.5800	518
9.5850	478
9.5900	493
9.5950	518
9.6000	501
9.6050	474
9.6100	513
9.6150	489
9.6200	494
9.6250	498
9.6300	479
9.6350	509
9.6400	509
9.6450	501
9.6500	482
9.6550	508
9.6600	502
9.6650	494
9.6700	492
9.6750	488
9.6800	517
9.6850	486
9.6900	499
9.6950	508
9.7000	534
9.7050	510
9.7100	492
9.7150	498
9.7200	483
9.7250	484
9.7300	485
9.7350	510
9.7400	540
9.7450	544
9.7500	492
9.7550	529
9.7600	478
9.7650	471
9.7700	497
9.7750	499
9.7800	503
9.7850	510
9.7900	498
9.7950	496
9.8000	539
9.8050	502
9.8100	510
9.8150	484
9.8200	487
9.8250	519
9.8300	482
9.8350	510
9.8400	502
9.8450	498
9.8500	525
9.8550	516
9.8600	489
9.8650	514
9.8700	540
9.8750	520
9.8800	505
9.8850	501
9.8900	516
9.8950	536
9.9000	518
9.9050	504
9.9100	521
9.9150	507
9.9200	506
9.9250	452
9.9300	537
9.9350	521
9.9400	511
9.9450	500
9.9500	515
9.9550	478
9.9600	475
9.9650	488
9.9700	483
9.9750	481
9.9800	468
9.9850	518
9.9900	487
9.9950	473
10.0000	283
10.0050	167
10.0100	121
10.0150	90
10.0200	94
10.0250	78
10.0300	92
10.0350	79
10.0400	76
10.0450	74
10.0500	73
10.0550	69
10.0600	76
10.0650	78
10.0700	67
10.0750	82
10.0800	88
10.0850	74
10.0900	74
10.0950	74
10.1000	90
10.1050	69
10.1100	64
10.1150	78
10.1200	72
10.1250	72
10.1300	61
10.1350	69
10.1400	63
10.1450	70
10.1500	58
10.1550	67
10.1600	88
10.1650	62
10.1700	71
10.1750	92
10.1800	61
10.1850	73
10.1900	63
10.1950	58
10.2000	81
10.2050	71
10.2100	77
10.2150	69
10.2200	55
10.2250	69
10.2300	73
10.2350	77
10.2400	58
10.2450	59
10.2500	67
10.2550	68
10.2600	65
10.2650	62
10.2700	50
10.2750	71
10.2800	60
10.2850	75
10.2900	51
10.2950	67
10.3000	72
10.3050	67
10.3100	89
10.3150	60
10.3200	65
10.3250	81
10.3300	70
10.3350	75
10.3400	81
10.3450	74
10.3500	69
10.3550	75
10.3600	72
10.3650	67
10.3700	71
10.3750	76
10.3800	77
10.3850	77
10.3900	65
10.3950	79
10.4000	64
10.4050	64
10.4100	54
10.4150	81
10.4200	72
10.4250	80
10.4300	59
10.4350	84
10.4400	63
10.4450	63
10.4500	68
10.4550	68
10.4600	63
10.4650	81
10.4700	63
10.4750	62
10.4800	67
10.4850	80
10.4900	63
10.4950	62
10.5000	491
10.5050	518
10.5100	508
10.5150	487
10.5200	506
10.5250	524
10.5300	506
10.5350	522
10.5400	503
10.5450	517
10.5500	506
10.5550	473
10.5600	533
10.5650	497
10.5700	483
10.5750	528
10.5800	489
10.5850	482
10.5900	514
10.5950	492
10.6000	523
10.6050	545
10.6100	530
10.6150	481
10.6200	473
10.6250	515
10.6300	506
10.6350	473
10.6400	486
10.6450	513
10.6500	507
10.6550	505
10.6600	518
10.6650	495
10.6700	472
10.6750	509
10.6800	492
10.6850	497
10.6900	452
10.6950	497
10.7000	513
10.7050	518
10.7100	501
10.7150	466
10.7200	525
10.7250	509
10.7300	491
10.7350	481
10.7400	483
10.7450	494
10.7500	523
10.7550	473
10.7600	534
10.7650	509
10.7700	534
10.7750	497
10.7800	503
10.7850	494
10.7900	529
10.7950	482
10.8000	494
10.8050	498
10.8100	508
10.8150	476
10.8200	520
10.8250	504
10.8300	483
10.8350	511
10.8400	515
10.8450	484
10.8500	510
10.8550	502
10.8600	517
10.8650	523
10.8700	502
10.8750	506
10.8800	512
10.8850	524
10.8900	459
10.8950	498
10.9000	499
10.9050	498
10.9100	481
10.9150	508
10.9200	502
10.9250	536
10.9300	477
10.9350	556
10.9400	490
10.9450	494
10.9500	546
10.9550	513
10.9600	535
10.9650	525
10.9700	518
10.9750	497
10.9800	510
10.9850	489
10.9900	480
10.9950	471
11.0000	302
11.0050	176
11.0100	108
11.0150	96
11.0200	79
11.0250	110
11.0300	110
11.0350	109
11.0400	110
11.0450	88
11.0500	113
11.0550	106
11.0600	90
11.0650	81
11.0700	93
11.0750	89
11.0800	90
11.0850	97
11.0900	109
11.0950	96
11.1000	88
11.1050	87
11.1100	98
11.1150	96
11.1200	70
11.1250	88
11.1300	88
11.1350	83
11.1400	98
11.1450	85
11.1500	79
11.1550	102
11.1600	89
11.1650	84
11.1700	84
11.1750	80
11.1800	87
11.1850	79
11.1900	91
11.1950	86
11.2000	82
11.2050	90
11.2100	82
11.2150	84
11.2200	76
11.2250	100
11.2300	80
11.2350	79
11.2400	88
11.2450	95
11.2500	81
11.2550	86
11.2600	85
11.2650	82
11.2700	71
11.2750	77
11.2800	80
11.2850	77
11.2900	85
11.2950	72
11.3000	78
11.3050	82
11.3100	71
11.3150	89
11.3200	69
11.3250	91
11.3300	99
11.3350	89
11.3400	85
11.3450	99
11.3500	84
11.3550	73
11.3600	78
11.3650	78
11.3700	89
11.3750	72
11.3800	70
11.3850	103
11.3900	90
11.3950	93
11.4000	87
11.4050	77
11.4100	90
11.4150	94
11.4200	84
11.4250	97
11.4300	81
11.4350	82
11.4400	87
11.4450	75
11.4500	81
11.4550	89
11.4600	80
11.4650	82
11.4700	94
11.4750	70
11.4800	79
11.4850	77
11.4900	70
11.4950	82
11.5000	453
11.5050	507
11.5100	505
11.5150	528
11.5200	525
11.5250	526
11.5300	493
11.5350	504
11.5400	504
11.5450	512
11.5500	514
11.5550	485
11.5600	499
11.5650	489
11.5700	504
11.5750	467
11.5800	479
11.5850	469
11.5900	505
11.5950	452
11.6000	500
11.6050	543
11.6100	530
11.6150	493
11.6200	471
11.6250	530
11.6300	510
11.6350	514
11.6400	512
11.6450	498
11.6500	513
11.6550	518
11.6600	505
11.6650	474
11.6700	452
11.6750	504
11.6800	501
11.6850	498
11.6900	537
11.6950	528
11.7000	520
11.7050	508
11.7100	500
11.7150	493
11.7200	469
11.7250	542
11.7300	474
11.7350	491
11.7400	490
11.7450	496
11.7500	531
11.7550	501
11.7600	496
11.7650	487
11.7700	504
11.7750	488
11.7800	511
11.7850	530
11.7900	511
11.7950	520
11.8000	551
11.8050	483
11.8100	488
11.8150	508
11.8200	490
11.8250	492
11.8300	489
11.8350	478
11.8400	492
11.8450	528
11.8500	515
11.8550	501
11.8600	478
11.8650	500
11.8700	502
11.8750	503
11.8800	514
11.8850	522
11.8900	526
11.8950	507
11.9000	493
11.9050	492
11.9100	516
11.9150	515
11.9200	494
11.9250	500
11.9300	495
11.9350	539
11.9400	460
11.9450	483
11.9500	510
11.9550	488
11.9600	532
11.9650	499
11.9700	504
11.9750	502
11.9800	499
11.9850	507
11.9900	516
11.9950	515
12.0000	294
12.0050	175
12.0100	124
12.0150	101
12.0200	93
12.0250	99
12.0300	100
12.0350	89
12.0400	98
12.0450	86
12.0500	113
12.0550	80
12.0600	87
12.0650	85
12.0700	82
12.0750	65
12.0800	80
12.0850	95
12.0900	90
12.0950	76
12.1000	97
12.1050	86
12.1100	90
12.1150	81
12.1200	79
12.1250	80
12.1300	75
12.1350	88
12.1400	83
12.1450	94
12.1500	80
12.1550	83
12.1600	92
12.1650	79
12.1700	107
12.1750	82
12.1800	76
12.1850	89
12.1900	84
12.1950	87
12.2000	91
12.2050	86
12.2100	87
12.2150	73
12.2200	93
12.2250	84
12.2300	73
12.2350	83
12.2400	72
12.2450	70
12.2500	82
12.2550	75
12.2600	75
12.2650	75
12.2700	75
12.2750	60
12.2800	83
12.2850	71
12.2900	72
12.2950	71
12.3000	80
12.3050	78
12.3100	76
12.3150	80
12.3200	55
12.3250	78
12.3300	69
12.3350	88
12.3400	65
12.3450	57
12.3500	76
12.3550	75
12.3600	63
12.3650	82
12.3700	87
12.3750	75
12.3800	68
12.3850	70
12.3900	76
12.3950	80
12.4000	69
12.4050	77
12.4100	75
12.4150	78
12.4200	74
12.4250	70
12.4300	87
12.4350	70
12.4400	92
12.4450	80
12.4500	75
12.4550	77
12.4600	73
12.4650	76
12.4700	69
12.4750	90
12.4800	67
12.4850	90
12.4900	81
12.4950	83
12.5000	482
12.5050	503
12.5100	529
12.5150	494
12.5200	458
12.5250	511
12.5300	477
12.5350	503
12.5400	498
12.5450	478
12.5500	476
12.5550	493
12.5600	510
12.5650	493
12.5700	508
12.5750	507
12.5800	545
12.5850	498
12.5900	498
12.5950	505
12.6000	501
12.6050	488
12.6100	494
12.6150	483
12.6200	495
12.6250	541
12.6300	494
12.6350	503
12.6400	546
12.6450	486
12.6500	508
12.6550	461
12.6600	517
12.6650	463
12.6700	488
12.6750	522
12.6800	515
12.6850	482
12.6900	513
12.6950	516
12.7000	478
12.7050	526
12.7100	473
12.7150	539
12.7200	507
12.7250	518
12.7300	520
12.7350	505
12.7400	491
12.7450	520
12.7500	470
12.7550	512
12.7600	463
12.7650	515
12.7700	506
12.7750	498
12.7800	524
12.7850	527
12.7900	496
12.7950	539
12.8000	468
12.8050	524
12.8100	554
12.8150	481
12.8200	530
12.8250	506
12.8300	478
12.8350	506
12.8400	473
12.8450	495
12.8500	522
12.8550	481
12.8600	506
12.8650	493
12.8700	508
12.8750	498
12.8800	507
12.8850	469
12.8900	524
12.8950	551
12.9000	515
12.9050	481
12.9100	513
12.9150	516
12.9200	534
12.9250	490
12.9300	519
12.9350	539
12.9400	484
12.9450	523
12.9500	490
12.9550	457
12.9600	510
12.9650	463
12.9700	488
12.9750	505
12.9800	548
12.9850	502
12.9900	526
12.9950	506
13.0000	292
13.0050	157
13.0100	120
13.0150	105
13.0200	86
13.0250	101
13.0300	80
13.0350	78
13.0400	99
13.0450	76
13.0500	96
13.0550	80
13.0600	96
13.0650	82
13.0700	98
13.0750	90
13.0800	77
13.0850	74
13.0900	88
13.0950	70
13.1000	76
13.1050	78
13.1100	79
13.1150	84
13.1200	76
13.1250	75
13.1300	73
13.1350	72
13.1400	66
13.1450	73
13.1500	66
13.1550	66
13.1600	95
13.1650	82
13.1700	73
13.1750	80
13.1800	69
13.1850	80
13.1900	77
13.1950	67
13.2000	78
13.2050	67
13.2100	91
13.2150	76
13.2200	89
13.2250	67
13.2300	79
13.2350	72
13.2400	85
13.2450	76
13.2500	81
13.2550	80
13.2600	62
13.2650	73
13.2700	68
13.2750	75
13.2800	79
13.2850	74
13.2900	69
13.2950	79
13.3000	73
13.3050	77
13.3100	58
13.3150	70
13.3200	62
13.3250	83
13.3300	84
13.3350	69
13.3400	73
13.3450	79
13.3500	64
13.3550	79
13.3600	79
13.3650	73
13.3700	76
13.3750	69
13.3800	62
13.3850	79
13.3900	69
13.3950	67
13.4000	75
13.4050	70
13.4100	83
13.4150	78
13.4200	62
13.4250	75
13.4300	62
13.4350	68
13.4400	67
13.4450	79
13.4500	78
13.4550	84
13.4600	86
13.4650	64
13.4700	71
13.4750	74
13.4800	83
13.4850	64
13.4900	81
13.4950	56
13.5000	487
13.5050	473
13.5100	530
13.5150	483
13.5200	525
13.5250	516
13.5300	497
13.5350	446
13.5400	521
13.5450	501
13.5500	497
13.5550	493
13.5600	468
13.5650	507
13.5700	553
13.5750	503
13.5800	533
13.5850	524
13.5900	523
13.5950	537
13.6000	491
13.6050	497
13.6100	514
13.6150	525
13.6200	521
13.6250	434
13.6300	497
13.6350	542
13.6400	495
13.6450	530
13.6500	515
13.6550	515
13.6600	508
13.6650	517
13.6700	531
13.6750	492
13.6800	466
13.6850	526
13.6900	489
13.6950	511
13.7000	505
13.7050	531
13.7100	493
13.7150	517
13.7200	525
13.7250	519
13.7300	526
13.7350	497
13.7400	502
13.7450	523
13.7500	521
13.7550	508
13.7600	487
13.7650	530
13.7700	518
13.7750	506
13.7800	464
13.7850	476
13.7900	462
13.7950	496
13.8000	509
13.8050	537
13.8100	507
13.8150	540
13.8200	470
13.8250	502
13.8300	500
13.8350	522
13.8400	464
13.8450	499
13.8500	516
13.8550	499
13.8600	497
13.8650	499
13.8700	520
13.8750	503
13.8800	488
13.8850	504
13.8900	564
13.8950	508
13.9000	522
13.9050	535
13.9100	528
13.9150	466
13.9200	493
13.9250	491
13.9300	440
13.9350	513
13.9400	494
13.9450	462
13.9500	508
13.9550	482
13.9600	470
13.9650	476
13.9700	504
13.9750	504
13.9800	542
13.9850	504
13.9900	506
13.9950	525
14.0000	296
14.0050	178
14.0100	122
14.0150	93
14.0200	101
14.0250	103
14.0300	85
14.0350	96
14.0400	93
14.0450	85
14.0500	82
14.0550	68
14.0600	81
14.0650	79
14.0700	79
14.0750	86
14.0800	77
14.0850	78
14.0900	64
14.0950	76
14.1000	79
14.1050	90
14.1100	90
14.1150	81
14.1200	63
14.1250	93
14.1300	72
14.1350	84
14.1400	78
14.1450	90
14.1500	62
14.1550	86
14.1600	97
14.1650	75
14.1700	69
14.1750	72
14.1800	69
14.1850	71
14.1900	69
14.1950	74
14.2000	100
14.2050	87
14.2100	77
14.2150	63
14.2200	71
14.2250	82
14.2300	77
14.2350	91
14.2400	74
14.2450	80
14.2500	78
14.2550	82
14.2600	81
14.2650	63
14.2700	81
14.2750	63
14.2800	80
14.2850	83
14.2900	78
14.2950	71
14.3000	66
14.3050	72
14.3100	72
14.3150	75
14.3200	73
14.3250	71
14.3300	61
14.3350	57
14.3400	78
14.3450	65
14.3500	70
14.3550	71
14.3600	76
14.3650	64
14.3700	74
14.3750	68
14.3800	72
14.3850	64
14.3900	79
14.3950	74
14.4000	72
14.4050	85
14.4100	59
14.4150	76
14.4200	74
14.4250	72
14.4300	73
14.4350	69
14.4400	59
14.4450	77
14.4500	58
14.4550	77
14.4600	65
14.4650	69
14.4700	68
14.4750	77
14.4800	66
14.4850	78
14.4900	63
14.4950	58
14.5000	447
14.5050	476
14.5100	498
14.5150	481
14.5200	465
14.5250	494
14.5300	504
14.5350	501
14.5400	486
14.5450	481
14.5500	507
14.5550	498
14.5600	543
14.5650	553
14.5700	498
14.5750	490
14.5800	491
14.5850	504
14.5900	519
14.5950	522
14.6000	519
14.6050	486
14.6100	504
14.6150	524
14.6200	468
14.6250	487
14.6300	495
14.6350	491
14.6400	524
14.6450	504
14.6500	500
14.6550	497
14.6600	495
14.6650	500
14.6700	477
14.6750	509
14.6800	503
14.6850	486
14.6900	491
14.6950	534
14.7000	490
14.7050	497
14.7100	498
14.7150	535
14.7200	504
14.7250	497
14.7300	528
14.7350	523
14.7400	529
14.7450	545
14.7500	539
14.7550	506
14.7600	511
14.7650	497
14.7700	490
14.7750	504
14.7800	493
14.7850	517
14.7900	504
14.7950	524
14.8000	484
14.8050	526
14.8100	466
14.8150	499
14.8200	521
14.8250	518
14.8300	505
14.8350	508
14.8400	488
14.8450	520
14.8500	516
14.8550	530
14.8600	480
14.8650	507
14.8700	457
14.8750	507
14.8800	517
14.8850	479
14.8900	509
14.8950	492
14.9000	518
14.9050	527
14.9100	495
14.9150	498
14.9200	493
14.9250	503
14.9300	519
14.9350	493
14.9400	495
14.9450	510
14.9500	515
14.9550	501
14.9600	543
14.9650	520
14.9700	512
14.9750	513
14.9800	502
14.9850	492
14.9900	508
14.9950	517
15.0000	307
15.0050	194
15.0100	121
15.0150	87
15.0200	101
15.0250	83
15.0300	84
15.0350	79
15.0400	87
15.0450	90
15.0500	96
15.0550	81
15.0600	85
15.0650	91
15.0700	76
15.0750	105
15.0800	78
15.0850	79
15.0900	88
15.0950	75
15.1000	85
15.1050	75
15.1100	84
15.1150	87
15.1200	78
15.1250	80
15.1300	88
15.1350	73
15.1400	70
15.1450	84
15.1500	81
15.1550	65
15.1600	85
15.1650	69
15.1700	85
15.1750	81
15.1800	88
15.1850	65
15.1900	73
15.1950	71
15.2000	72
15.2050	77
15.2100	71
15.2150	91
15.2200	68
15.2250	74
15.2300	71
15.2350	83
15.2400	82
15.2450	80
15.2500	67
15.2550	70
15.2600	78
15.2650	70
15.2700	82
15.2750	86
15.2800	64
15.2850	86
15.2900	74
15.2950	74
15.3000	76
15.3050	64
15.3100	67
15.3150	89
15.3200	70
15.3250	73
15.3300	89
15.3350	76
15.3400	68
15.3450	75
15.3500	85
15.3550	97
15.3600	70
15.3650	65
15.3700	66
15.3750	62
15.3800	62
15.3850	63
15.3900	71
15.3950	71
15.4000	85
15.4050	69
15.4100	73
15.4150	73
15.4200	69
15.4250	69
15.4300	58
15.4350	73
15.4400	80
15.4450	67
15.4500	78
15.4550	67
15.4600	69
15.4650	65
15.4700	94
15.4750	70
15.4800	81
15.4850	70
15.4900	58
15.4950	82
15.5000	449
15.5050	540
15.5100	559
15.5150	503
15.5200	519
15.5250	491
15.5300	490
15.5350	473
15.5400	530
15.5450	510
15.5500	510
15.5550	523
15.5600	463
15.5650	486
15.5700	498
15.5750	558
15.5800	523
15.5850	482
15.5900	499
15.5950	498
15.6000	493
15.6050	523
15.6100	474
15.6150	513
15.6200	533
15.6250	504
15.6300	485
15.6350	511
15.6400	524
15.6450	505
15.6500	490
15.6550	518
15.6600	520
15.6650	498
15.6700	496
15.6750	497
15.6800	500
15.6850	513
15.6900	503
15.6950	491
15.7000	507
15.7050	493
15.7100	508
15.7150	493
15.7200	460
15.7250	516
15.7300	474
15.7350	491
15.7400	469
15.7450	492
15.7500	519
15.7550	530
15.7600	518
15.7650	508
15.7700	502
15.7750	522
15.7800	534
15.7850	501
15.7900	469
15.7950	518
15.8000	520
15.8050	495
15.8100	486
15.8150	520
15.8200	494
15.8250	533
15.8300	511
15.8350	522
15.8400	493
15.8450	506
15.8500	511
15.8550	521
15.8600	477
15.8650	515
15.8700	492
15.8750	518
15.8800	505
15.8850	505
15.8900	514
15.8950	487
15.9000	527
15.9050	511
15.9100	496
15.9150	487
15.9200	464
15.9250	519
15.9300	513
15.9350	534
15.9400	493
15.9450	499
15.9500	488
15.9550	479
15.9600	505
15.9650	523
15.9700	511
15.9750	539
15.9800	512
15.9850	518
15.9900	503
15.9950	528
16.0000	294
16.0050	178
16.0100	105
16.0150	108
16.0200	78
16.0250	74
16.0300	89
16.0350	90
16.0400	76
16.0450	81
16.0500	82
16.0550	75
16.0600	77
16.0650	77
16.0700	81
16.0750	76
16.0800	81
16.0850	65
16.0900	80
16.0950	80
16.1000	99
16.1050	83
16.1100	82
16.1150	80
16.1200	72
16.1250	72
16.1300	79
16.1350	84
16.1400	78
16.1450	74
16.1500	71
16.1550	79
16.1600	84
16.1650	77
16.1700	80
16.1750	58
16.1800	76
16.1850	77
16.1900	92
16.1950	61
16.2000	67
16.2050	80
16.2100	76
16.2150	76
16.2200	76
16.2250	73
16.2300	77
16.2350	73
16.2400	67
16.2450	66
16.2500	84
16.2550	85
16.2600	68
16.2650	74
16.2700	67
16.2750	74
16.2800	70
16.2850	70
16.2900	85
16.2950	70
16.3000	80
16.3050	77
16.3100	64
16.3150	54
16.3200	65
16.3250	65
16.3300	66
16.3350	73
16.3400	70
16.3450	69
16.3500	63
16.3550	76
16.3600	68
16.3650	69
16.3700	62
16.3750	70
16.3800	73
16.3850	63
16.3900	68
16.3950	73
16.4000	79
16.4050	73
16.4100	77
16.4150	73
16.4200	75
16.4250	69
16.4300	76
16.4350	63
16.4400	54
16.4450	59
16.4500	72
16.4550	79
16.4600	71
16.4650	70
16.4700	54
16.4750	73
16.4800	72
16.4850	59
16.4900	67
16.4950	60
16.5000	450
16.5050	511
16.5100	524
16.5150	503
16.5200	524
16.5250	505
16.5300	473
16.5350	502
16.5400	531
16.5450	546
16.5500	493
16.5550	529
16.5600	528
16.5650	528
16.5700	492
16.5750	520
16.5800	505
16.5850	516
16.5900	499
16.5950	494
16.6000	524
16.6050	476
16.6100	528
16.6150	494
16.6200	530
16.6250	525
16.6300	496
16.6350	492
16.6400	486
16.6450	511
16.6500	496
16.6550	525
16.6600	534
16.6650	506
16.6700	490
16.6750	477
16.6800	497
16.6850	510
16.6900	482
16.6950	532
16.7000	525
16.7050	491
16.7100	479
16.7150	512
16.7200	529
16.7250	528
16.7300	503
16.7350	546
16.7400	494
16.7450	506
16.7500	465
16.7550	503
16.7600	480
16.7650	510
16.7700	517
16.7750	492
16.7800	495
16.7850	520
16.7900	486
16.7950	499
16.8000	491
16.8050	501
16.8100	480
16.8150	518
16.8200	521
16.8250	481
16.8300	548
16.8350	508
16.8400	512
16.8450	494
16.8500	515
16.8550	479
16.8600	514
16.8650	509
16.8700	495
16.8750	511
16.8800	516
16.8850	509
16.8900	503
16.8950	469
16.9000	481
16.9050	514
16.9100	490
16.9150	506
16.9200	531
16.9250	562
16.9300	514
16.9350	489
16.9400	530
16.9450	500
16.9500	522
16.9550	488
16.9600	468
16.9650	487
16.9700	485
16.9750	505
16.9800	483
16.9850	497
16.9900	489
16.9950	525
17.0000	251
17.0050	187
17.0100	106
17.0150	87
17.0200	78
17.0250	79
17.0300	94
17.0350	86
17.0400	96
17.0450	88
17.0500	74
17.0550	90
17.0600	74
17.0650	77
17.0700	84
17.0750	76
17.0800	78
17.0850	66
17.0900	57
17.0950	78
17.1000	78
17.1050	61
17.1100	85
17.1150	74
17.1200	86
17.1250	79
17.1300	67
17.1350	62
17.1400	66
17.1450	61
17.1500	85
17.1550	74
17.1600	66
17.1650	56
17.1700	69
17.1750	56
17.1800	81
17.1850	64
17.1900	82
17.1950	70
17.2000	61
17.2050	76
17.2100	65
17.2150	73
17.2200	76
17.2250	78
17.2300	71
17.2350	63
17.2400	61
17.2450	61
17.2500	58
17.2550	91
17.2600	78
17.2650	73
17.2700	62
17.2750	76
17.2800	80
17.2850	65
17.2900	66
17.2950	72
17.3000	84
17.3050	62
17.3100	74
17.3150	75
17.3200	71
17.3250	54
17.3300	70
17.3350	72
17.3400	65
17.3450	66
17.3500	68
17.3550	52
17.3600	67
17.3650	73
17.3700	72
17.3750	65
17.3800	62
17.3850	63
17.3900	73
17.3950	76
17.4000	71
17.4050	71
17.4100	79
17.4150	61
17.4200	73
17.4250	70
17.4300	71
17.4350	73
17.4400	58
17.4450	69
17.4500	53
17.4550	47
17.4600	62
17.4650	56
17.4700	67
17.4750	64
17.4800	72
17.4850	83
17.4900	69
17.4950	79
17.5000	499
17.5050	489
17.5100	526
17.5150	502
17.5200	512
17.5250	473
17.5300	508
17.5350	442
17.5400	471
17.5450	482
17.5500	513
17.5550	495
17.5600	552
17.5650	491
17.5700	498
17.5750	488
17.5800	533
17.5850	524
17.5900	531
17.5950	462
17.6000	492
17.6050	504
17.6100	479
17.6150	537
17.6200	540
17.6250	520
17.6300	520
17.6350	498
17.6400	550
17.6450	574
17.6500	492
17.6550	528
17.6600	522
17.6650	499
17.6700	500
17.6750	501
17.6800	494
17.6850	504
17.6900	505
17.6950	531
17.7000	497
17.7050	553
17.7100	539
17.7150	509
17.7200	514
17.7250	500
17.7300	503
17.7350	516
17.7400	546
17.7450	498
17.7500	489
17.7550	500
17.7600	483
17.7650	528
17.7700	520
17.7750	500
17.7800	513
17.7850	489
17.7900	502
17.7950	482
17.8000	520
17.8050	505
17.8100	503
17.8150	499
17.8200	509
17.8250	529
17.8300	482
17.8350	477
17.8400	519
17.8450	483
17.8500	519
17.8550	521
17.8600	470
17.8650	504
17.8700	502
17.8750	501
17.8800	521
17.8850	526
17.8900	498
17.8950	530
17.9000	514
17.9050	495
17.9100	512
17.9150	534
17.9200	516
17.9250	504
17.9300	471
17.9350	527
17.9400	540
17.9450	522
17.9500	497
17.9550	515
17.9600	507
17.9650	470
17.9700	513
17.9750	489
17.9800	527
17.9850	457
17.9900	500
17.9950	503
18.0000	259
18.0050	168
18.0100	106
18.0150	107
18.0200	87
18.0250	78
18.0300	73
18.0350	87
18.0400	101
18.0450	101
18.0500	87
18.0550	87
18.0600	82
18.0650	77
18.0700	89
18.0750	79
18.0800	80
18.0850	85
18.0900	74
18.0950	88
18.1000	75
18.1050	72
18.1100	82
18.1150	76
18.1200	87
18.1250	64
18.1300	69
18.1350	84
18.1400	74
18.1450	83
18.1500	84
18.1550	66
18.1600	56
18.1650	70
18.1700	84
18.1750	83
18.1800	68
18.1850	69
18.1900	88
18.1950	83
18.2000	71
18.2050	86
18.2100	75
18.2150	75
18.2200	68
18.2250	84
18.2300	69
18.2350	74
18.2400	65
18.2450	74
18.2500	74
18.2550	72
18.2600	69
18.2650	71
18.2700	78
18.2750	70
18.2800	71
18.2850	64
18.2900	74
18.2950	73
18.3000	67
18.3050	75
18.3100	88
18.3150	78
18.3200	75
18.3250	74
18.3300	66
18.3350	65
18.3400	79
18.3450	73
18.3500	63
18.3550	82
18.3600	71
18.3650	65
18.3700	53
18.3750	65
18.3800	64
18.3850	72
18.3900	46
18.3950	69
18.4000	62
18.4050	61
18.4100	60
18.4150	59
18.4200	67
18.4250	79
18.4300	55
18.4350	70
18.4400	90
18.4450	75
18.4500	60
18.4550	58
18.4600	74
18.4650	70
18.4700	79
18.4750	78
18.4800	78
18.4850	64
18.4900	69
18.4950	61
18.5000	512
18.5050	516
18.5100	502
18.5150	486
18.5200	509
18.5250	500
18.5300	538
18.5350	488
18.5400	465
18.5450	510
18.5500	495
18.5550	491
18.5600	497
18.5650	510
18.5700	510
18.5750	514
18.5800	513
18.5850	516
18.5900	520
18.5950	524
18.6000	496
18.6050	485
18.6100	478
18.6150	497
18.6200	521
18.6250	545
18.6300	484
18.6350	487
18.6400	491
18.6450	500
18.6500	523
18.6550	530
18.6600	487
18.6650	524
18.6700	495
18.6750	494
18.6800	536
18.6850	503
18.6900	500
18.6950	473
18.7000	504
18.7050	517
18.7100	489
18.7150	463
18.7200	493
18.7250	536
18.7300	529
18.7350	519
18.7400	502
18.7450	524
18.7500	506
18.7550	501
18.7600	509
18.7650	518
18.7700	503
18.7750	533
18.7800	518
18.7850	482
18.7900	459
18.7950	492
18.8000	530
18.8050	527
18.8100	500
18.8150	524
18.8200	502
18.8250	475
18.8300	507
18.8350	501
18.8400	487
18.8450	459
18.8500	498
18.8550	517
18.8600	505
18.8650	509
18.8700	513
18.8750	461
18.8800	478
18.8850	486
18.8900	519
18.8950	507
18.9000	500
18.9050	520
18.9100	495
18.9150	489
18.9200	537
18.9250	506
18.9300	515
18.9350	481
18.9400	483
18.9450	503
18.9500	493
18.9550	520
18.9600	511
18.9650	490
18.9700	473
18.9750	503
18.9800	505
18.9850	503
18.9900	488
18.9950	476
19.0000	300
19.0050	157
19.0100	113
19.0150	104
19.0200	103
19.0250	86
19.0300	85
19.0350	88
19.0400	74
19.0450	65
19.0500	87
19.0550	80
19.0600	72
19.0650	69
19.0700	80
19.0750	59
19.0800	70
19.0850	88
19.0900	68
19.0950	73
19.1000	81
19.1050	71
19.1100	81
19.1150	71
19.1200	63
19.1250	75
19.1300	69
19.1350	55
19.1400	72
19.1450	68
19.1500	83
19.1550	64
19.1600	70
19.1650	76
19.1700	78
19.1750	56
19.1800	73
19.1850	69
19.1900	52
19.1950	75
19.2000	65
19.2050	54
19.2100	81
19.2150	71
19.2200	77
19.2250	84
19.2300	57
19.2350	72
19.2400	76
19.2450	63
19.2500	66
19.2550	73
19.2600	74
19.2650	69
19.2700	65
19.2750	79
19.2800	55
19.2850	64
19.2900	76
19.2950	69
19.3000	74
19.3050	77
19.3100	77
19.3150	71
19.3200	70
19.3250	75
19.3300	62
19.3350	69
19.3400	72
19.3450	69
19.3500	64
19.3550	63
19.3600	56
19.3650	76
19.3700	71
19.3750	64
19.3800	69
19.3850	75
19.3900	58
19.3950	67
19.4000	63
19.4050	64
19.4100	61
19.4150	61
19.4200	69
19.4250	57
19.4300	69
19.4350	63
19.4400	84
19.4450	59
19.4500	60
19.4550	64
19.4600	56
19.4650	71
19.4700	67
19.4750	53
19.4800	63
19.4850	69
19.4900	61
19.4950	67
19.5000	482
19.5050	524
19.5100	501
19.5150	513
19.5200	476
19.5250	514
19.5300	506
19.5350	485
19.5400	495
19.5450	512
19.5500	520
19.5550	556
19.5600	515
19.5650	497
19.5700	521
19.5750	514
19.5800	511
19.5850	492
19.5900	486
19.5950	498
19.6000	501
19.6050	492
19.6100	513
19.6150	518
19.6200	523
19.6250	501
19.6300	517
19.6350	493
19.6400	530
19.6450	488
19.6500	486
19.6550	495
19.6600	514
19.6650	507
19.6700	535
19.6750	488
19.6800	487
19.6850	492
19.6900	476
19.6950	518
19.7000	512
19.7050	502
19.7100	527
19.7150	471
19.7200	486
19.7250	519
19.7300	496
19.7350	488
19.7400	492
19.7450	516
19.7500	518
19.7550	499
19.7600	504
19.7650	487
19.7700	486
19.7750	491
19.7800	500
19.7850	494
19.7900	510
19.7950	473
19.8000	503
19.8050	500
19.8100	499
19.8150	483
19.8200	470
19.8250	479
19.8300	486
19.8350	510
19.8400	501
19.8450	521
19.8500	490
19.8550	523
19.8600	493
19.8650	485
19.8700	489
19.8750	525
19.8800	488
19.8850	530
19.8900	495
19.8950	500
19.9000	504
19.9050	488
19.9100	508
19.9150	512
19.9200	534
19.9250	519
19.9300	496
19.9350	491
19.9400	509
19.9450	498
19.9500	511
19.9550	508
19.9600	493
19.9650	545
19.9700	505
19.9750	510
19.9800	519
19.9850	515
19.9900	501
19.9950	503
