0.0000	297
0.0050	195
0.0100	125
0.0150	103
0.0200	493
0.0250	488
0.0300	513
0.0350	510
0.0400	284
0.0450	205
0.0500	133
0.0550	99
0.0600	482
0.0650	505
0.0700	461
0.0750	465
0.0800	276
0.0850	197
0.0900	124
0.0950	94
0.1000	481
0.1050	503
0.1100	494
0.1150	458
0.1200	286
0.1250	195
0.1300	129
0.1350	95
0.1400	506
0.1450	459
0.1500	467
0.1550	497
0.1600	314
0.1650	190
0.1700	120
0.1750	104
0.1800	479
0.1850	530
0.1900	502
0.1950	462
0.2000	287
0.2050	183
0.2100	142
0.2150	103
0.2200	480
0.2250	530
0.2300	507
0.2350	505
0.2400	292
0.2450	166
0.2500	113
0.2550	99
0.2600	477
0.2650	519
0.2700	474
0.2750	512
0.2800	277
0.2850	208
0.2900	122
0.2950	81
0.3000	461
0.3050	487
0.3100	540
0.3150	526
0.3200	281
0.3250	196
0.3300	124
0.3350	91
0.3400	511
0.3450	488
0.3500	495
0.3550	521
0.3600	287
0.3650	193
0.3700	128
0.3750	113
0.3800	476
0.3850	501
0.3900	480
0.3950	454
0.4000	274
0.4050	201
0.4100	107
0.4150	98
0.4200	471
0.4250	521
0.4300	510
0.4350	519
0.4400	274
0.4450	164
0.4500	113
0.4550	101
0.4600	510
0.4650	512
0.4700	487
0.4750	507
0.4800	296
0.4850	164
0.4900	115
0.4950	122
0.5000	516
0.5050	511
0.5100	492
0.5150	472
0.5200	276
0.5250	163
0.5300	135
0.5350	116
0.5400	502
0.5450	534
0.5500	479
0.5550	508
0.5600	294
0.5650	183
0.5700	113
0.5750	110
0.5800	472
0.5850	511
0.5900	485
0.5950	452
0.6000	295
0.6050	186
0.6100	126
0.6150	95
0.6200	458
0.6250	507
0.6300	496
0.6350	476
0.6400	296
0.6450	191
0.6500	118
0.6550	94
0.6600	489
0.6650	492
0.6700	495
0.6750	549
0.6800	305
0.6850	189
0.6900	116
0.6950	112
0.7000	534
0.7050	519
0.7100	488
0.7150	488
0.7200	295
0.7250	193
0.7300	126
0.7350	113
0.7400	476
0.7450	503
0.7500	499
0.7550	520
0.7600	287
0.7650	180
0.7700	115
0.7750	102
0.7800	480
0.7850	499
0.7900	487
0.7950	525
0.8000	257
0.8050	168
0.8100	125
0.8150	89
0.8200	493
0.8250	509
0.8300	478
0.8350	492
0.8400	288
0.8450	161
0.8500	124
0.8550	84
0.8600	522
0.8650	517
0.8700	457
0.8750	462
0.8800	275
0.8850	182
0.8900	113
0.8950	106
0.9000	483
0.9050	477
0.9100	535
0.9150	492
0.9200	296
0.9250	184
0.9300	116
0.9350	97
0.9400	515
0.9450	519
0.9500	490
0.9550	516
0.9600	267
0.9650	218
0.9700	110
0.9750	88
0.9800	480
0.9850	488
0.9900	522
0.9950	501
1.0000	270
1.0050	203
1.0100	116
1.0150	96
1.0200	461
1.0250	477
1.0300	518
1.0350	511
1.0400	286
1.0450	176
1.0500	117
1.0550	111
1.0600	493
1.0650	478
1.0700	504
1.0750	520
1.0800	265
1.0850	190
1.0900	109
1.0950	110
1.1000	534
1.1050	515
1.1100	472
1.1150	513
1.1200	294
1.1250	191
1.1300	115
1.1350	116
1.1400	510
1.1450	528
1.1500	508
1.1550	456
1.1600	289
1.1650	171
1.1700	107
1.1750	101
1.1800	536
1.1850	544
1.1900	494
1.1950	527
1.2000	303
1.2050	164
1.2100	137
1.2150	111
1.2200	476
1.2250	514
1.2300	486
1.2350	489
1.2400	285
1.2450	175
1.2500	125
1.2550	81
1.2600	468
1.2650	519
1.2700	506
1.2750	529
1.2800	281
1.2850	195
1.2900	115
1.2950	94
1.3000	498
1.3050	474
1.3100	487
1.3150	503
1.3200	272
1.3250	181
1.3300	136
1.3350	103
1.3400	458
1.3450	492
1.3500	483
1.3550	492
1.3600	282
1.3650	187
1.3700	107
1.3750	113
1.3800	503
1.3850	511
1.3900	521
1.3950	513
1.4000	253
1.4050	188
1.4100	123
1.4150	91
1.4200	487
1.4250	522
1.4300	504
1.4350	515
1.4400	261
1.4450	181
1.4500	136
1.4550	121
1.4600	485
1.4650	509
1.4700	486
1.4750	500
1.4800	274
1.4850	187
1.4900	119
1.4950	95
1.5000	479
1.5050	478
1.5100	535
1.5150	486
1.5200	284
1.5250	195
1.5300	115
1.5350	80
1.5400	498
1.5450	500
1.5500	519
1.5550	518
1.5600	276
1.5650	173
1.5700	124
1.5750	115
1.5800	483
1.5850	532
1.5900	527
1.5950	525
1.6000	270
1.6050	176
1.6100	118
1.6150	92
1.6200	482
1.6250	526
1.6300	524
1.6350	487
1.6400	280
1.6450	189
1.6500	128
1.6550	94
1.6600	515
1.6650	502
1.6700	505
1.6750	485
1.6800	271
1.6850	171
1.6900	114
1.6950	101
1.7000	519
1.7050	514
1.7100	511
1.7150	502
1.7200	272
1.7250	202
1.7300	124
1.7350	108
1.7400	471
1.7450	497
1.7500	509
1.7550	468
1.7600	301
1.7650	165
1.7700	128
1.7750	101
1.7800	471
1.7850	472
1.7900	506
1.7950	520
1.8000	272
1.8050	195
1.8100	104
1.8150	106
1.8200	488
1.8250	548
1.8300	493
1.8350	498
1.8400	291
1.8450	180
1.8500	101
1.8550	93
1.8600	491
1.8650	479
1.8700	490
1.8750	498
1.8800	287
1.8850	187
1.8900	120
1.8950	100
1.9000	511
1.9050	523
1.9100	480
1.9150	512
1.9200	253
1.9250	153
1.9300	109
1.9350	73
1.9400	515
1.9450	495
1.9500	516
1.9550	538
1.9600	309
1.9650	187
1.9700	99
1.9750	111
1.9800	525
1.9850	513
1.9900	481
1.9950	506
2.0000	280
2.0050	138
2.0100	114
2.0150	98
2.0200	475
2.0250	496
2.0300	502
2.0350	461
2.0400	254
2.0450	152
2.0500	133
2.0550	101
2.0600	467
2.0650	464
2.0700	489
2.0750	484
2.0800	264
2.0850	190
2.0900	110
2.0950	108
2.1000	518
2.1050	523
2.1100	502
2.1150	552
2.1200	273
2.1250	198
2.1300	119
2.1350	110
2.1400	491
2.1450	503
2.1500	483
2.1550	504
2.1600	289
2.1650	183
2.1700	115
2.1750	102
2.1800	491
2.1850	479
2.1900	481
2.1950	517
2.2000	301
2.2050	164
2.2100	104
2.2150	107
2.2200	468
2.2250	500
2.2300	494
2.2350	474
2.2400	262
2.2450	176
2.2500	125
2.2550	82
2.2600	496
2.2650	507
2.2700	486
2.2750	506
2.2800	267
2.2850	165
2.2900	115
2.2950	106
2.3000	442
2.3050	520
2.3100	505
2.3150	505
2.3200	274
2.3250	165
2.3300	104
2.3350	83
2.3400	450
2.3450	492
2.3500	504
2.3550	512
2.3600	272
2.3650	188
2.3700	126
2.3750	96
2.3800	484
2.3850	534
2.3900	512
2.3950	502
2.4000	291
2.4050	165
2.4100	101
2.4150	97
2.4200	464
2.4250	471
2.4300	496
2.4350	524
2.4400	281
2.4450	174
2.4500	118
2.4550	107
2.4600	471
2.4650	483
2.4700	513
2.4750	493
2.4800	267
2.4850	198
2.4900	117
2.4950	109
2.5000	507
2.5050	471
2.5100	490
2.5150	501
2.5200	286
2.5250	164
2.5300	130
2.5350	109
2.5400	457
2.5450	521
2.5500	470
2.5550	493
2.5600	292
2.5650	195
2.5700	117
2.5750	93
2.5800	500
2.5850	485
2.5900	519
2.5950	512
2.6000	267
2.6050	192
2.6100	108
2.6150	96
2.6200	498
2.6250	546
2.6300	502
2.6350	526
2.6400	275
2.6450	169
2.6500	113
2.6550	79
2.6600	507
2.6650	495
2.6700	539
2.6750	511
2.6800	268
2.6850	172
2.6900	121
2.6950	106
2.7000	487
2.7050	508
2.7100	486
2.7150	495
2.7200	253
2.7250	182
2.7300	101
2.7350	96
2.7400	461
2.7450	529
2.7500	538
2.7550	567
2.7600	283
2.7650	203
2.7700	112
2.7750	99
2.7800	524
2.7850	512
2.7900	523
2.7950	513
2.8000	287
2.8050	173
2.8100	113
2.8150	100
2.8200	471
2.8250	541
2.8300	453
2.8350	515
2.8400	290
2.8450	176
2.8500	118
2.8550	105
2.8600	521
2.8650	500
2.8700	478
2.8750	469
2.8800	271
2.8850	157
2.8900	108
2.8950	83
2.9000	513
2.9050	522
2.9100	506
2.9150	490
2.9200	310
2.9250	175
2.9300	110
2.9350	100
2.9400	507
2.9450	508
2.9500	497
2.9550	505
2.9600	315
2.9650	164
2.9700	110
2.9750	105
2.9800	518
2.9850	507
2.9900	484
2.9950	520
3.0000	291
3.0050	191
3.0100	132
3.0150	84
3.0200	506
3.0250	487
3.0300	498
3.0350	478
3.0400	265
3.0450	173
3.0500	111
3.0550	91
3.0600	540
3.0650	482
3.0700	496
3.0750	506
3.0800	316
3.0850	163
3.0900	118
3.0950	109
3.1000	471
3.1050	514
3.1100	512
3.1150	475
3.1200	283
3.1250	161
3.1300	108
3.1350	101
3.1400	463
3.1450	519
3.1500	483
3.1550	509
3.1600	249
3.1650	164
3.1700	110
3.1750	98
3.1800	505
3.1850	507
3.1900	500
3.1950	495
3.2000	298
3.2050	188
3.2100	114
3.2150	106
3.2200	515
3.2250	526
3.2300	496
3.2350	454
3.2400	300
3.2450	174
3.2500	135
3.2550	100
3.2600	490
3.2650	473
3.2700	512
3.2750	517
3.2800	275
3.2850	198
3.2900	112
3.2950	88
3.3000	469
3.3050	494
3.3100	510
3.3150	485
3.3200	277
3.3250	178
3.3300	113
3.3350	108
3.3400	498
3.3450	511
3.3500	496
3.3550	562
3.3600	263
3.3650	155
3.3700	118
3.3750	93
3.3800	511
3.3850	521
3.3900	508
3.3950	510
3.4000	264
3.4050	173
3.4100	115
3.4150	99
3.4200	493
3.4250	503
3.4300	498
3.4350	523
3.4400	266
3.4450	175
3.4500	107
3.4550	101
3.4600	463
3.4650	491
3.4700	541
3.4750	494
3.4800	265
3.4850	182
3.4900	120
3.4950	88
3.5000	478
3.5050	523
3.5100	540
3.5150	519
3.5200	261
3.5250	181
3.5300	131
3.5350	114
3.5400	524
3.5450	455
3.5500	536
3.5550	509
3.5600	274
3.5650	172
3.5700	106
3.5750	88
3.5800	484
3.5850	453
3.5900	524
3.5950	492
3.6000	286
3.6050	189
3.6100	120
3.6150	97
3.6200	484
3.6250	510
3.6300	506
3.6350	517
3.6400	279
3.6450	172
3.6500	120
3.6550	109
3.6600	517
3.6650	499
3.6700	503
3.6750	517
3.6800	281
3.6850	170
3.6900	133
3.6950	116
3.7000	504
3.7050	519
3.7100	489
3.7150	482
3.7200	280
3.7250	183
3.7300	122
3.7350	101
3.7400	525
3.7450	495
3.7500	502
3.7550	497
3.7600	288
3.7650	185
3.7700	121
3.7750	116
3.7800	475
3.7850	518
3.7900	507
3.7950	498
3.8000	298
3.8050	196
3.8100	117
3.8150	115
3.8200	481
3.8250	512
3.8300	495
3.8350	550
3.8400	308
3.8450	171
3.8500	116
3.8550	105
3.8600	491
3.8650	462
3.8700	478
3.8750	516
3.8800	279
3.8850	180
3.8900	119
3.8950	95
3.9000	500
3.9050	492
3.9100	527
3.9150	480
3.9200	281
3.9250	168
3.9300	126
3.9350	87
3.9400	482
3.9450	527
3.9500	487
3.9550	525
3.9600	272
3.9650	192
3.9700	132
3.9750	86
3.9800	501
3.9850	506
3.9900	526
3.9950	495
4.0000	280
4.0050	180
4.0100	143
4.0150	92
4.0200	491
4.0250	501
4.0300	515
4.0350	500
4.0400	285
4.0450	145
4.0500	116
4.0550	114
4.0600	469
4.0650	469
4.0700	496
4.0750	510
4.0800	301
4.0850	183
4.0900	104
4.0950	108
4.1000	468
4.1050	509
4.1100	502
4.1150	487
4.1200	281
4.1250	194
4.1300	120
4.1350	98
4.1400	500
4.1450	504
4.1500	510
4.1550	519
4.1600	267
4.1650	168
4.1700	109
4.1750	94
4.1800	496
4.1850	519
4.1900	529
4.1950	502
4.2000	294
4.2050	170
4.2100	116
4.2150	85
4.2200	503
4.2250	512
4.2300	505
4.2350	513
4.2400	286
4.2450	190
4.2500	126
4.2550	97
4.2600	494
4.2650	504
4.2700	469
4.2750	474
4.2800	263
4.2850	167
4.2900	130
4.2950	93
4.3000	457
4.3050	514
4.3100	487
4.3150	519
4.3200	265
4.3250	176
4.3300	117
4.3350	85
4.3400	531
4.3450	493
4.3500	492
4.3550	485
4.3600	285
4.3650	168
4.3700	116
4.3750	112
4.3800	486
4.3850	494
4.3900	499
4.3950	500
4.4000	248
4.4050	193
4.4100	97
4.4150	89
4.4200	497
4.4250	537
4.4300	540
4.4350	487
4.4400	282
4.4450	157
4.4500	127
4.4550	105
4.4600	481
4.4650	512
4.4700	550
4.4750	525
4.4800	275
4.4850	162
4.4900	118
4.4950	94
4.5000	526
4.5050	526
4.5100	528
4.5150	493
4.5200	258
4.5250	154
4.5300	112
4.5350	104
4.5400	445
4.5450	510
4.5500	526
4.5550	512
4.5600	264
4.5650	179
4.5700	123
4.5750	108
4.5800	524
4.5850	521
4.5900	484
4.5950	486
4.6000	257
4.6050	180
4.6100	112
4.6150	86
4.6200	492
4.6250	499
4.6300	481
4.6350	508
4.6400	282
4.6450	209
4.6500	116
4.6550	104
4.6600	506
4.6650	525
4.6700	541
4.6750	503
4.6800	260
4.6850	175
4.6900	102
4.6950	108
4.7000	488
4.7050	476
4.7100	505
4.7150	513
4.7200	297
4.7250	163
4.7300	101
4.7350	114
4.7400	478
4.7450	509
4.7500	498
4.7550	523
4.7600	271
4.7650	166
4.7700	115
4.7750	114
4.7800	492
4.7850	495
4.7900	527
4.7950	513
4.8000	279
4.8050	180
4.8100	112
4.8150	108
4.8200	470
4.8250	490
4.8300	512
4.8350	515
4.8400	270
4.8450	164
4.8500	95
4.8550	106
4.8600	517
4.8650	532
4.8700	486
4.8750	490
4.8800	273
4.8850	164
4.8900	128
4.8950	103
4.9000	481
4.9050	486
4.9100	488
4.9150	488
4.9200	259
4.9250	188
4.9300	119
4.9350	91
4.9400	505
4.9450	503
4.9500	508
4.9550	506
4.9600	284
4.9650	190
4.9700	120
4.9750	98
4.9800	501
4.9850	533
4.9900	509
4.9950	519
5.0000	267
5.0050	201
5.0100	105
5.0150	106
5.0200	505
5.0250	515
5.0300	464
5.0350	492
5.0400	270
5.0450	174
5.0500	122
5.0550	92
5.0600	492
5.0650	521
5.0700	495
5.0750	502
5.0800	251
5.0850	166
5.0900	119
5.0950	87
5.1000	522
5.1050	485
5.1100	534
5.1150	519
5.1200	273
5.1250	162
5.1300	104
5.1350	97
5.1400	472
5.1450	503
5.1500	511
5.1550	505
5.1600	296
5.1650	175
5.1700	118
5.1750	94
5.1800	488
5.1850	485
5.1900	502
5.1950	518
5.2000	298
5.2050	167
5.2100	108
5.2150	101
5.2200	479
5.2250	491
5.2300	485
5.2350	519
5.2400	261
5.2450	161
5.2500	122
5.2550	92
5.2600	485
5.2650	485
5.2700	529
5.2750	485
5.2800	262
5.2850	180
5.2900	119
5.2950	93
5.3000	488
5.3050	459
5.3100	522
5.3150	477
5.3200	291
5.3250	182
5.3300	113
5.3350	89
5.3400	482
5.3450	463
5.3500	506
5.3550	510
5.3600	291
5.3650	170
5.3700	139
5.3750	112
5.3800	456
5.3850	515
5.3900	513
5.3950	515
5.4000	237
5.4050	182
5.4100	102
5.4150	90
5.4200	513
5.4250	463
5.4300	492
5.4350	494
5.4400	264
5.4450	196
5.4500	115
5.4550	89
5.4600	488
5.4650	522
5.4700	495
5.4750	468
5.4800	285
5.4850	181
5.4900	127
5.4950	91
5.5000	500
5.5050	481
5.5100	540
5.5150	510
5.5200	253
5.5250	153
5.5300	105
5.5350	99
5.5400	474
5.5450	536
5.5500	523
5.5550	506
5.5600	262
5.5650	186
5.5700	119
5.5750	105
5.5800	523
5.5850	486
5.5900	561
5.5950	500
5.6000	304
5.6050	210
5.6100	97
5.6150	88
5.6200	454
5.6250	503
5.6300	493
5.6350	525
5.6400	267
5.6450	185
5.6500	110
5.6550	106
5.6600	516
5.6650	509
5.6700	527
5.6750	524
5.6800	316
5.6850	178
5.6900	109
5.6950	92
5.7000	491
5.7050	506
5.7100	518
5.7150	530
5.7200	283
5.7250	177
5.7300	121
5.7350	88
5.7400	494
5.7450	514
5.7500	467
5.7550	524
5.7600	269
5.7650	191
5.7700	104
5.7750	96
5.7800	466
5.7850	517
5.7900	538
5.7950	488
5.8000	272
5.8050	173
5.8100	118
5.8150	65
5.8200	511
5.8250	490
5.8300	471
5.8350	516
5.8400	291
5.8450	166
5.8500	112
5.8550	83
5.8600	467
5.8650	492
5.8700	504
5.8750	512
5.8800	266
5.8850	184
5.8900	117
5.8950	80
5.9000	522
5.9050	514
5.9100	473
5.9150	503
5.9200	281
5.9250	162
5.9300	108
5.9350	98
5.9400	496
5.9450	484
5.9500	501
5.9550	543
5.9600	261
5.9650	189
5.9700	106
5.9750	89
5.9800	474
5.9850	461
5.9900	534
5.9950	504
6.0000	247
6.0050	165
6.0100	126
6.0150	111
6.0200	541
6.0250	517
6.0300	492
6.0350	519
6.0400	268
6.0450	167
6.0500	94
6.0550	88
6.0600	485
6.0650	512
6.0700	521
6.0750	521
6.0800	267
6.0850	176
6.0900	123
6.0950	99
6.1000	482
6.1050	523
6.1100	500
6.1150	464
6.1200	293
6.1250	178
6.1300	110
6.1350	103
6.1400	490
6.1450	512
6.1500	506
6.1550	514
6.1600	265
6.1650	169
6.1700	119
6.1750	134
6.1800	509
6.1850	490
6.1900	516
6.1950	499
6.2000	273
6.2050	187
6.2100	121
6.2150	92
6.2200	482
6.2250	527
6.2300	471
6.2350	513
6.2400	288
6.2450	191
6.2500	112
6.2550	110
6.2600	485
6.2650	508
6.2700	529
6.2750	545
6.2800	276
6.2850	155
6.2900	129
6.2950	106
6.3000	491
6.3050	529
6.3100	510
6.3150	476
6.3200	287
6.3250	174
6.3300	142
6.3350	99
6.3400	528
6.3450	516
6.3500	519
6.3550	499
6.3600	282
6.3650	198
6.3700	131
6.3750	93
6.3800	522
6.3850	488
6.3900	496
6.3950	509
6.4000	305
6.4050	182
6.4100	137
6.4150	106
6.4200	478
6.4250	507
6.4300	508
6.4350	503
6.4400	284
6.4450	178
6.4500	131
6.4550	106
6.4600	464
6.4650	482
6.4700	531
6.4750	481
6.4800	266
6.4850	192
6.4900	125
6.4950	93
6.5000	503
6.5050	551
6.5100	477
6.5150	531
6.5200	279
6.5250	171
6.5300	130
6.5350	111
6.5400	475
6.5450	526
6.5500	514
6.5550	509
6.5600	287
6.5650	170
6.5700	113
6.5750	92
6.5800	505
6.5850	522
6.5900	521
6.5950	567
6.6000	264
6.6050	171
6.6100	120
6.6150	95
6.6200	473
6.6250	490
6.6300	500
6.6350	508
6.6400	295
6.6450	172
6.6500	114
6.6550	114
6.6600	479
6.6650	497
6.6700	520
6.6750	521
6.6800	290
6.6850	213
6.6900	130
6.6950	119
6.7000	473
6.7050	525
6.7100	470
6.7150	499
6.7200	328
6.7250	187
6.7300	130
6.7350	129
6.7400	496
6.7450	497
6.7500	508
6.7550	478
6.7600	300
6.7650	198
6.7700	126
6.7750	102
6.7800	493
6.7850	525
6.7900	507
6.7950	528
6.8000	309
6.8050	204
6.8100	121
6.8150	121
6.8200	520
6.8250	529
6.8300	537
6.8350	503
6.8400	294
6.8450	184
6.8500	132
6.8550	108
6.8600	511
6.8650	488
6.8700	493
6.8750	472
6.8800	274
6.8850	182
6.8900	127
6.8950	95
6.9000	462
6.9050	507
6.9100	489
6.9150	521
6.9200	312
6.9250	181
6.9300	130
6.9350	92
6.9400	495
6.9450	516
6.9500	543
6.9550	522
6.9600	266
6.9650	162
6.9700	109
6.9750	112
6.9800	481
6.9850	544
6.9900	513
6.9950	525
7.0000	249
7.0050	169
7.0100	119
7.0150	97
7.0200	526
7.0250	510
7.0300	505
7.0350	544
7.0400	299
7.0450	159
7.0500	121
7.0550	97
7.0600	519
7.0650	490
7.0700	468
7.0750	444
7.0800	256
7.0850	172
7.0900	122
7.0950	92
7.1000	512
7.1050	524
7.1100	515
7.1150	488
7.1200	262
7.1250	168
7.1300	133
7.1350	89
7.1400	544
7.1450	512
7.1500	497
7.1550	508
7.1600	248
7.1650	177
7.1700	104
7.1750	104
7.1800	521
7.1850	473
7.1900	507
7.1950	504
7.2000	259
7.2050	190
7.2100	134
7.2150	102
7.2200	453
7.2250	514
7.2300	542
7.2350	519
7.2400	282
7.2450	203
7.2500	104
7.2550	98
7.2600	521
7.2650	527
7.2700	506
7.2750	531
7.2800	271
7.2850	178
7.2900	115
7.2950	100
7.3000	522
7.3050	488
7.3100	480
7.3150	520
7.3200	258
7.3250	199
7.3300	125
7.3350	98
7.3400	491
7.3450	537
7.3500	495
7.3550	500
7.3600	273
7.3650	184
7.3700	108
7.3750	91
7.3800	499
7.3850	522
7.3900	538
7.3950	499
7.4000	290
7.4050	185
7.4100	122
7.4150	110
7.4200	517
7.4250	532
7.4300	513
7.4350	490
7.4400	291
7.4450	191
7.4500	118
7.4550	106
7.4600	482
7.4650	474
7.4700	529
7.4750	465
7.4800	254
7.4850	191
7.4900	113
7.4950	114
7.5000	472
7.5050	506
7.5100	517
7.5150	524
7.5200	318
7.5250	203
7.5300	123
7.5350	103
7.5400	484
7.5450	489
7.5500	511
7.5550	513
7.5600	299
7.5650	164
7.5700	109
7.5750	97
7.5800	516
7.5850	544
7.5900	488
7.5950	556
7.6000	273
7.6050	191
7.6100	117
7.6150	108
7.6200	501
7.6250	508
7.6300	512
7.6350	481
7.6400	269
7.6450	179
7.6500	120
7.6550	97
7.6600	446
7.6650	492
7.6700	530
7.6750	511
7.6800	309
7.6850	230
7.6900	116
7.6950	105
7.7000	494
7.7050	559
7.7100	516
7.7150	481
7.7200	280
7.7250	211
7.7300	137
7.7350	122
7.7400	490
7.7450	499
7.7500	568
7.7550	498
7.7600	286
7.7650	201
7.7700	132
7.7750	112
7.7800	494
7.7850	519
7.7900	485
7.7950	519
7.8000	307
7.8050	185
7.8100	143
7.8150	108
7.8200	490
7.8250	534
7.8300	515
7.8350	473
7.8400	277
7.8450	179
7.8500	95
7.8550	117
7.8600	468
7.8650	527
7.8700	484
7.8750	485
7.8800	272
7.8850	176
7.8900	110
7.8950	97
7.9000	484
7.9050	511
7.9100	526
7.9150	522
7.9200	268
7.9250	158
7.9300	102
7.9350	73
7.9400	483
7.9450	459
7.9500	512
7.9550	526
7.9600	261
7.9650	188
7.9700	103
7.9750	80
7.9800	486
7.9850	490
7.9900	499
7.9950	507
8.0000	278
8.0050	162
8.0100	102
8.0150	105
8.0200	511
8.0250	532
8.0300	483
8.0350	504
8.0400	278
8.0450	150
8.0500	105
8.0550	103
8.0600	479
8.0650	525
8.0700	505
8.0750	501
8.0800	283
8.0850	161
8.0900	111
8.0950	104
8.1000	501
8.1050	502
8.1100	493
8.1150	514
8.1200	265
8.1250	175
8.1300	112
8.1350	115
8.1400	512
8.1450	494
8.1500	533
8.1550	520
8.1600	271
8.1650	163
8.1700	122
8.1750	84
8.1800	478
8.1850	514
8.1900	508
8.1950	501
8.2000	255
8.2050	176
8.2100	132
8.2150	102
8.2200	523
8.2250	478
8.2300	499
8.2350	442
8.2400	264
8.2450	156
8.2500	101
8.2550	87
8.2600	496
8.2650	502
8.2700	511
8.2750	486
8.2800	268
8.2850	189
8.2900	104
8.2950	89
8.3000	458
8.3050	527
8.3100	499
8.3150	518
8.3200	273
8.3250	172
8.3300	130
8.3350	86
8.3400	468
8.3450	510
8.3500	471
8.3550	499
8.3600	287
8.3650	149
8.3700	110
8.3750	74
8.3800	506
8.3850	522
8.3900	506
8.3950	468
8.4000	251
8.4050	184
8.4100	118
8.4150	95
8.4200	495
8.4250	505
8.4300	544
8.4350	461
8.4400	259
8.4450	162
8.4500	85
8.4550	81
8.4600	481
8.4650	508
8.4700	519
8.4750	488
8.4800	289
8.4850	178
8.4900	115
8.4950	77
8.5000	494
8.5050	494
8.5100	499
8.5150	495
8.5200	270
8.5250	179
8.5300	109
8.5350	92
8.5400	479
8.5450	514
8.5500	533
8.5550	532
8.5600	282
8.5650	169
8.5700	116
8.5750	104
8.5800	471
8.5850	489
8.5900	520
8.5950	513
8.6000	261
8.6050	188
8.6100	98
8.6150	98
8.6200	497
8.6250	473
8.6300	507
8.6350	506
8.6400	287
8.6450	164
8.6500	103
8.6550	86
8.6600	519
8.6650	516
8.6700	509
8.6750	514
8.6800	225
8.6850	173
8.6900	94
8.6950	103
8.7000	502
8.7050	507
8.7100	507
8.7150	512
8.7200	272
8.7250	177
8.7300	112
8.7350	94
8.7400	508
8.7450	491
8.7500	528
8.7550	535
8.7600	288
8.7650	163
8.7700	110
8.7750	88
8.7800	534
8.7850	492
8.7900	519
8.7950	496
8.8000	278
8.8050	161
8.8100	95
8.8150	92
8.8200	514
8.8250	512
8.8300	521
8.8350	481
8.8400	264
8.8450	151
8.8500	114
8.8550	98
8.8600	496
8.8650	519
8.8700	506
8.8750	538
8.8800	268
8.8850	162
8.8900	111
8.8950	98
8.9000	498
8.9050	506
8.9100	500
8.9150	477
8.9200	259
8.9250	150
8.9300	113
8.9350	97
8.9400	495
8.9450	499
8.9500	505
8.9550	497
8.9600	257
8.9650	180
8.9700	114
8.9750	88
8.9800	514
8.9850	524
8.9900	506
8.9950	493
9.0000	267
9.0050	190
9.0100	101
9.0150	96
9.0200	479
9.0250	510
9.0300	503
9.0350	499
9.0400	269
9.0450	174
9.0500	106
9.0550	96
9.0600	468
9.0650	490
9.0700	500
9.0750	510
9.0800	264
9.0850	180
9.0900	112
9.0950	113
9.1000	513
9.1050	505
9.1100	547
9.1150	502
9.1200	269
9.1250	183
9.1300	108
9.1350	88
9.1400	474
9.1450	482
9.1500	501
9.1550	512
9.1600	278
9.1650	181
9.1700	99
9.1750	101
9.1800	494
9.1850	482
9.1900	473
9.1950	511
9.2000	267
9.2050	155
9.2100	121
9.2150	92
9.2200	460
9.2250	529
9.2300	514
9.2350	496
9.2400	278
9.2450	175
9.2500	117
9.2550	103
9.2600	500
9.2650	521
9.2700	499
9.2750	475
9.2800	270
9.2850	166
9.2900	92
9.2950	96
9.3000	500
9.3050	490
9.3100	496
9.3150	481
9.3200	257
9.3250	179
9.3300	124
9.3350	112
9.3400	544
9.3450	490
9.3500	513
9.3550	498
9.3600	257
9.3650	171
9.3700	113
9.3750	99
9.3800	467
9.3850	490
9.3900	483
9.3950	517
9.4000	271
9.4050	178
9.4100	129
9.4150	87
9.4200	513
9.4250	491
9.4300	511
9.4350	487
9.4400	263
9.4450	170
9.4500	120
9.4550	87
9.4600	485
9.4650	522
9.4700	495
9.4750	466
9.4800	260
9.4850	180
9.4900	102
9.4950	83
9.5000	482
9.5050	497
9.5100	503
9.5150	507
9.5200	288
9.5250	178
9.5300	104
9.5350	74
9.5400	470
9.5450	494
9.5500	525
9.5550	494
9.5600	249
9.5650	170
9.5700	105
9.5750	80
9.5800	495
9.5850	530
9.5900	508
9.5950	502
9.6000	292
9.6050	157
9.6100	119
9.6150	88
9.6200	502
9.6250	527
9.6300	486
9.6350	503
9.6400	270
9.6450	147
9.6500	108
9.6550	80
9.6600	507
9.6650	471
9.6700	502
9.6750	472
9.6800	249
9.6850	163
9.6900	109
9.6950	96
9.7000	510
9.7050	492
9.7100	470
9.7150	557
9.7200	250
9.7250	154
9.7300	111
9.7350	71
9.7400	512
9.7450	500
9.7500	501
9.7550	520
9.7600	290
9.7650	169
9.7700	112
9.7750	99
9.7800	481
9.7850	531
9.7900	459
9.7950	541
9.8000	278
9.8050	164
9.8100	108
9.8150	78
9.8200	501
9.8250	488
9.8300	482
9.8350	528
9.8400	265
9.8450	179
9.8500	105
9.8550	90
9.8600	492
9.8650	489
9.8700	508
9.8750	486
9.8800	253
9.8850	151
9.8900	115
9.8950	83
9.9000	528
9.9050	494
9.9100	493
9.9150	503
9.9200	280
9.9250	189
9.9300	92
9.9350	90
9.9400	490
9.9450	488
9.9500	509
9.9550	513
9.9600	248
9.9650	193
9.9700	112
9.9750	82
9.9800	472
9.9850	486
9.9900	547
9.9950	498
10.0000	289
10.0050	182
10.0100	96
10.0150	96
10.0200	488
10.0250	551
10.0300	480
10.0350	496
10.0400	276
10.0450	162
10.0500	104
10.0550	102
10.0600	497
10.0650	494
10.0700	478
10.0750	527
10.0800	297
10.0850	156
10.0900	97
10.0950	85
10.1000	495
10.1050	488
10.1100	485
10.1150	502
10.1200	297
10.1250	138
10.1300	108
10.1350	95
10.1400	487
10.1450	516
10.1500	493
10.1550	495
10.1600	280
10.1650	153
10.1700	90
10.1750	98
10.1800	466
10.1850	479
10.1900	483
10.1950	480
10.2000	264
10.2050	154
10.2100	103
10.2150	86
10.2200	454
10.2250	495
10.2300	458
10.2350	489
10.2400	260
10.2450	166
10.2500	94
10.2550	83
10.2600	495
10.2650	516
10.2700	492
10.2750	518
10.2800	294
10.2850	168
10.2900	113
10.2950	81
10.3000	510
10.3050	522
10.3100	500
10.3150	531
10.3200	280
10.3250	157
10.3300	108
10.3350	96
10.3400	521
10.3450	491
10.3500	517
10.3550	517
10.3600	290
10.3650	156
10.3700	98
10.3750	89
10.3800	501
10.3850	509
10.3900	526
10.3950	561
10.4000	251
10.4050	173
10.4100	98
10.4150	76
10.4200	510
10.4250	502
10.4300	429
10.4350	516
10.4400	253
10.4450	157
10.4500	106
10.4550	114
10.4600	499
10.4650	485
10.4700	508
10.4750	491
10.4800	265
10.4850	160
10.4900	99
10.4950	95
10.5000	474
10.5050	534
10.5100	478
10.5150	497
10.5200	270
10.5250	179
10.5300	120
10.5350	89
10.5400	468
10.5450	493
10.5500	521
10.5550	536
10.5600	262
10.5650	179
10.5700	109
10.5750	92
10.5800	466
10.5850	516
10.5900	515
10.5950	521
10.6000	258
10.6050	133
10.6100	90
10.6150	86
10.6200	526
10.6250	471
10.6300	483
10.6350	505
10.6400	285
10.6450	158
10.6500	101
10.6550	97
10.6600	488
10.6650	479
10.6700	521
10.6750	490
10.6800	257
10.6850	188
10.6900	100
10.6950	85
10.7000	466
10.7050	552
10.7100	512
10.7150	501
10.7200	265
10.7250	158
10.7300	122
10.7350	91
10.7400	490
10.7450	533
10.7500	496
10.7550	488
10.7600	277
10.7650	161
10.7700	116
10.7750	87
10.7800	490
10.7850	483
10.7900	542
10.7950	517
10.8000	266
10.8050	173
10.8100	98
10.8150	98
10.8200	502
10.8250	520
10.8300	498
10.8350	472
10.8400	258
10.8450	143
10.8500	107
10.8550	85
10.8600	531
10.8650	543
10.8700	490
10.8750	532
10.8800	249
10.8850	185
10.8900	114
10.8950	87
10.9000	506
10.9050	518
10.9100	478
10.9150	517
10.9200	274
10.9250	165
10.9300	105
10.9350	85
10.9400	509
10.9450	483
10.9500	504
10.9550	474
10.9600	292
10.9650	162
10.9700	133
10.9750	82
10.9800	493
10.9850	465
10.9900	486
10.9950	486
11.0000	282
11.0050	190
11.0100	102
11.0150	101
11.0200	462
11.0250	512
11.0300	547
11.0350	502
11.0400	270
11.0450	164
11.0500	98
11.0550	82
11.0600	477
11.0650	513
11.0700	506
11.0750	491
11.0800	248
11.0850	176
11.0900	105
11.0950	96
11.1000	492
11.1050	488
11.1100	492
11.1150	511
11.1200	263
11.1250	147
11.1300	119
11.1350	77
11.1400	485
11.1450	481
11.1500	472
11.1550	481
11.1600	264
11.1650	176
11.1700	107
11.1750	104
11.1800	458
11.1850	484
11.1900	545
11.1950	493
11.2000	271
11.2050	169
11.2100	89
11.2150	108
11.2200	478
11.2250	501
11.2300	525
11.2350	482
11.2400	260
11.2450	179
11.2500	98
11.2550	92
11.2600	484
11.2650	466
11.2700	484
11.2750	531
11.2800	312
11.2850	166
11.2900	111
11.2950	80
11.3000	521
11.3050	472
11.3100	544
11.3150	535
11.3200	269
11.3250	169
11.3300	113
11.3350	105
11.3400	462
11.3450	522
11.3500	536
11.3550	510
11.3600	259
11.3650	176
11.3700	121
11.3750	85
11.3800	472
11.3850	492
11.3900	479
11.3950	520
11.4000	264
11.4050	184
11.4100	117
11.4150	83
11.4200	528
11.4250	511
11.4300	533
11.4350	502
11.4400	274
11.4450	175
11.4500	89
11.4550	99
11.4600	489
11.4650	501
11.4700	516
11.4750	496
11.4800	289
11.4850	163
11.4900	100
11.4950	91
11.5000	470
11.5050	472
11.5100	506
11.5150	536
11.5200	281
11.5250	160
11.5300	118
11.5350	93
11.5400	504
11.5450	514
11.5500	500
11.5550	539
11.5600	259
11.5650	165
11.5700	98
11.5750	89
11.5800	472
11.5850	486
11.5900	503
11.5950	496
11.6000	257
11.6050	157
11.6100	111
11.6150	120
11.6200	479
11.6250	489
11.6300	490
11.6350	500
11.6400	286
11.6450	182
11.6500	117
11.6550	107
11.6600	484
11.6650	514
11.6700	461
11.6750	521
11.6800	251
11.6850	168
11.6900	98
11.6950	93
11.7000	478
11.7050	471
11.7100	476
11.7150	479
11.7200	275
11.7250	185
11.7300	118
11.7350	98
11.7400	503
11.7450	530
11.7500	498
11.7550	509
11.7600	267
11.7650	172
11.7700	112
11.7750	97
11.7800	478
11.7850	531
11.7900	520
11.7950	495
11.8000	268
11.8050	196
11.8100	116
11.8150	86
11.8200	492
11.8250	490
11.8300	508
11.8350	543
11.8400	277
11.8450	172
11.8500	101
11.8550	76
11.8600	497
11.8650	498
11.8700	496
11.8750	535
11.8800	299
11.8850	144
11.8900	100
11.8950	90
11.9000	480
11.9050	514
11.9100	525
11.9150	536
11.9200	271
11.9250	168
11.9300	115
11.9350	85
11.9400	496
11.9450	540
11.9500	506
11.9550	484
11.9600	279
11.9650	172
11.9700	100
11.9750	82
11.9800	473
11.9850	523
11.9900	504
11.9950	456
12.0000	274
12.0050	183
12.0100	91
12.0150	77
12.0200	469
12.0250	513
12.0300	504
12.0350	529
12.0400	279
12.0450	162
12.0500	115
12.0550	85
12.0600	508
12.0650	512
12.0700	473
12.0750	471
12.0800	279
12.0850	160
12.0900	105
12.0950	84
12.1000	499
12.1050	527
12.1100	484
12.1150	533
12.1200	290
12.1250	159
12.1300	108
12.1350	82
12.1400	506
12.1450	534
12.1500	524
12.1550	490
12.1600	244
12.1650	183
12.1700	98
12.1750	90
12.1800	489
12.1850	502
12.1900	507
12.1950	521
12.2000	266
12.2050	160
12.2100	114
12.2150	92
12.2200	521
12.2250	480
12.2300	490
12.2350	487
12.2400	258
12.2450	166
12.2500	128
12.2550	78
12.2600	484
12.2650	497
12.2700	545
12.2750	507
12.2800	289
12.2850	167
12.2900	98
12.2950	85
12.3000	479
12.3050	494
12.3100	497
12.3150	520
12.3200	276
12.3250	177
12.3300	98
12.3350	90
12.3400	467
12.3450	467
12.3500	497
12.3550	515
12.3600	248
12.3650	151
12.3700	118
12.3750	110
12.3800	484
12.3850	509
12.3900	499
12.3950	500
12.4000	277
12.4050	177
12.4100	116
12.4150	106
12.4200	513
12.4250	510
12.4300	487
12.4350	492
12.4400	283
12.4450	165
12.4500	125
12.4550	97
12.4600	459
12.4650	517
12.4700	501
12.4750	530
12.4800	244
12.4850	182
12.4900	87
12.4950	105
12.5000	475
12.5050	504
12.5100	477
12.5150	503
12.5200	250
12.5250	155
12.5300	105
12.5350	98
12.5400	514
12.5450	458
12.5500	492
12.5550	482
12.5600	262
12.5650	166
12.5700	104
12.5750	96
12.5800	510
12.5850	512
12.5900	500
12.5950	509
12.6000	274
12.6050	170
12.6100	87
12.6150	86
12.6200	468
12.6250	511
12.6300	488
12.6350	493
12.6400	262
12.6450	158
12.6500	128
12.6550	81
12.6600	510
12.6650	487
12.6700	506
12.6750	509
12.6800	288
12.6850	169
12.6900	106
12.6950	85
12.7000	502
12.7050	512
12.7100	514
12.7150	512
12.7200	251
12.7250	139
12.7300	90
12.7350	90
12.7400	479
12.7450	495
12.7500	514
12.7550	525
12.7600	270
12.7650	165
12.7700	89
12.7750	80
12.7800	490
12.7850	485
12.7900	537
12.7950	518
12.8000	267
12.8050	170
12.8100	105
12.8150	84
12.8200	483
12.8250	547
12.8300	490
12.8350	523
12.8400	299
12.8450	174
12.8500	115
12.8550	76
12.8600	474
12.8650	534
12.8700	515
12.8750	486
12.8800	258
12.8850	196
12.8900	119
12.8950	75
12.9000	499
12.9050	500
12.9100	486
12.9150	485
12.9200	263
12.9250	171
12.9300	81
12.9350	67
12.9400	498
12.9450	453
12.9500	453
12.9550	521
12.9600	288
12.9650	168
12.9700	104
12.9750	90
12.9800	503
12.9850	498
12.9900	506
12.9950	552
13.0000	252
13.0050	176
13.0100	125
13.0150	84
13.0200	457
13.0250	472
13.0300	510
13.0350	505
13.0400	236
13.0450	168
13.0500	91
13.0550	88
13.0600	461
13.0650	475
13.0700	503
13.0750	523
13.0800	246
13.0850	169
13.0900	104
13.0950	97
13.1000	500
13.1050	492
13.1100	478
13.1150	508
13.1200	275
13.1250	184
13.1300	110
13.1350	93
13.1400	479
13.1450	525
13.1500	480
13.1550	509
13.1600	290
13.1650	176
13.1700	109
13.1750	89
13.1800	520
13.1850	521
13.1900	487
13.1950	523
13.2000	232
13.2050	181
13.2100	121
13.2150	83
13.2200	503
13.2250	513
13.2300	485
13.2350	478
13.2400	246
13.2450	192
13.2500	113
13.2550	101
13.2600	493
13.2650	508
13.2700	509
13.2750	509
13.2800	239
13.2850	156
13.2900	109
13.2950	109
13.3000	484
13.3050	499
13.3100	488
13.3150	496
13.3200	279
13.3250	155
13.3300	102
13.3350	107
13.3400	503
13.3450	502
13.3500	507
13.3550	501
13.3600	292
13.3650	169
13.3700	108
13.3750	71
13.3800	491
13.3850	507
13.3900	504
13.3950	516
13.4000	283
13.4050	170
13.4100	97
13.4150	90
13.4200	478
13.4250	520
13.4300	481
13.4350	543
13.4400	281
13.4450	163
13.4500	121
13.4550	109
13.4600	502
13.4650	520
13.4700	486
13.4750	487
13.4800	291
13.4850	161
13.4900	100
13.4950	86
13.5000	486
13.5050	471
13.5100	497
13.5150	503
13.5200	231
13.5250	197
13.5300	111
13.5350	83
13.5400	510
13.5450	503
13.5500	507
13.5550	500
13.5600	272
13.5650	180
13.5700	119
13.5750	99
13.5800	481
13.5850	497
13.5900	485
13.5950	521
13.6000	280
13.6050	156
13.6100	118
13.6150	97
13.6200	524
13.6250	457
13.6300	481
13.6350	520
13.6400	292
13.6450	178
13.6500	93
13.6550	78
13.6600	491
13.6650	534
13.6700	498
13.6750	471
13.6800	267
13.6850	177
13.6900	129
13.6950	100
13.7000	506
13.7050	514
13.7100	522
13.7150	478
13.7200	274
13.7250	180
13.7300	91
13.7350	90
13.7400	500
13.7450	517
13.7500	527
13.7550	485
13.7600	269
13.7650	167
13.7700	115
13.7750	95
13.7800	481
13.7850	490
13.7900	507
13.7950	510
13.8000	271
13.8050	178
13.8100	95
13.8150	93
13.8200	542
13.8250	526
13.8300	516
13.8350	511
13.8400	309
13.8450	182
13.8500	127
13.8550	90
13.8600	510
13.8650	537
13.8700	505
13.8750	494
13.8800	257
13.8850	185
13.8900	112
13.8950	89
13.9000	492
13.9050	520
13.9100	478
13.9150	490
13.9200	276
13.9250	169
13.9300	102
13.9350	96
13.9400	503
13.9450	506
13.9500	561
13.9550	497
13.9600	243
13.9650	175
13.9700	124
13.9750	81
13.9800	495
13.9850	518
13.9900	491
13.9950	517
14.0000	300
14.0050	162
14.0100	119
14.0150	76
14.0200	508
14.0250	519
14.0300	491
14.0350	443
14.0400	261
14.0450	182
14.0500	115
14.0550	96
14.0600	486
14.0650	503
14.0700	502
14.0750	484
14.0800	244
14.0850	163
14.0900	108
14.0950	91
14.1000	509
14.1050	505
14.1100	486
14.1150	531
14.1200	270
14.1250	155
14.1300	120
14.1350	80
14.1400	496
14.1450	523
14.1500	501
14.1550	519
14.1600	261
14.1650	170
14.1700	115
14.1750	91
14.1800	521
14.1850	516
14.1900	519
14.1950	467
14.2000	254
14.2050	159
14.2100	104
14.2150	62
14.2200	497
14.2250	509
14.2300	488
14.2350	473
14.2400	308
14.2450	162
14.2500	115
14.2550	82
14.2600	478
14.2650	497
14.2700	493
14.2750	543
14.2800	298
14.2850	176
14.2900	130
14.2950	87
14.3000	495
14.3050	505
14.3100	519
14.3150	483
14.3200	268
14.3250	175
14.3300	92
14.3350	95
14.3400	507
14.3450	530
14.3500	518
14.3550	502
14.3600	272
14.3650	180
14.3700	93
14.3750	88
14.3800	459
14.3850	523
14.3900	503
14.3950	528
14.4000	275
14.4050	137
14.4100	100
14.4150	94
14.4200	495
14.4250	537
14.4300	481
14.4350	546
14.4400	269
14.4450	198
14.4500	95
14.4550	86
14.4600	488
14.4650	526
14.4700	499
14.4750	507
14.4800	264
14.4850	164
14.4900	97
14.4950	78
14.5000	506
14.5050	473
14.5100	506
14.5150	532
14.5200	289
14.5250	168
14.5300	107
14.5350	81
14.5400	524
14.5450	523
14.5500	515
14.5550	512
14.5600	258
14.5650	154
14.5700	97
14.5750	91
14.5800	529
14.5850	494
14.5900	516
14.5950	512
14.6000	252
14.6050	186
14.6100	107
14.6150	85
14.6200	511
14.6250	504
14.6300	475
14.6350	516
14.6400	257
14.6450	137
14.6500	86
14.6550	96
14.6600	495
14.6650	509
14.6700	502
14.6750	517
14.6800	281
14.6850	157
14.6900	89
14.6950	87
14.7000	524
14.7050	493
14.7100	515
14.7150	544
14.7200	293
14.7250	153
14.7300	126
14.7350	99
14.7400	502
14.7450	501
14.7500	497
14.7550	509
14.7600	287
14.7650	179
14.7700	107
14.7750	106
14.7800	497
14.7850	531
14.7900	501
14.7950	535
14.8000	273
14.8050	182
14.8100	103
14.8150	82
14.8200	493
14.8250	513
14.8300	505
14.8350	507
14.8400	274
14.8450	169
14.8500	113
14.8550	88
14.8600	526
14.8650	489
14.8700	531
14.8750	498
14.8800	270
14.8850	149
14.8900	105
14.8950	107
14.9000	528
14.9050	559
14.9100	459
14.9150	508
14.9200	234
14.9250	155
14.9300	115
14.9350	92
14.9400	487
14.9450	487
14.9500	500
14.9550	472
14.9600	268
14.9650	164
14.9700	105
14.9750	98
14.9800	436
14.9850	494
14.9900	489
14.9950	475
15.0000	272
15.0050	162
15.0100	102
15.0150	79
15.0200	505
15.0250	530
15.0300	485
15.0350	490
15.0400	264
15.0450	175
15.0500	123
15.0550	99
15.0600	507
15.0650	516
15.0700	534
15.0750	481
15.0800	280
15.0850	175
15.0900	125
15.0950	111
15.1000	475
15.1050	508
15.1100	517
15.1150	515
15.1200	293
15.1250	186
15.1300	116
15.1350	100
15.1400	491
15.1450	526
15.1500	457
15.1550	538
15.1600	267
15.1650	164
15.1700	97
15.1750	90
15.1800	515
15.1850	497
15.1900	524
15.1950	535
15.2000	260
15.2050	159
15.2100	109
15.2150	83
15.2200	539
15.2250	479
15.2300	493
15.2350	461
15.2400	241
15.2450	173
15.2500	92
15.2550	85
15.2600	495
15.2650	510
15.2700	479
15.2750	501
15.2800	244
15.2850	154
15.2900	94
15.2950	75
15.3000	464
15.3050	523
15.3100	465
15.3150	525
15.3200	271
15.3250	147
15.3300	107
15.3350	89
15.3400	501
15.3450	509
15.3500	514
15.3550	506
15.3600	280
15.3650	187
15.3700	93
15.3750	93
15.3800	515
15.3850	513
15.3900	520
15.3950	490
15.4000	284
15.4050	179
15.4100	101
15.4150	90
15.4200	488
15.4250	507
15.4300	505
15.4350	486
15.4400	250
15.4450	170
15.4500	102
15.4550	102
15.4600	514
15.4650	517
15.4700	495
15.4750	514
15.4800	266
15.4850	184
15.4900	100
15.4950	91
15.5000	473
15.5050	506
15.5100	530
15.5150	534
15.5200	278
15.5250	148
15.5300	104
15.5350	103
15.5400	504
15.5450	514
15.5500	481
15.5550	534
15.5600	266
15.5650	164
15.5700	112
15.5750	92
15.5800	508
15.5850	508
15.5900	488
15.5950	529
15.6000	288
15.6050	156
15.6100	93
15.6150	86
15.6200	467
15.6250	516
15.6300	524
15.6350	492
15.6400	268
15.6450	174
15.6500	127
15.6550	88
15.6600	515
15.6650	544
15.6700	486
15.6750	502
15.6800	251
15.6850	174
15.6900	108
15.6950	92
15.7000	515
15.7050	524
15.7100	481
15.7150	523
15.7200	266
15.7250	155
15.7300	101
15.7350	84
15.7400	511
15.7450	516
15.7500	489
15.7550	485
15.7600	268
15.7650	179
15.7700	107
15.7750	83
15.7800	492
15.7850	491
15.7900	497
15.7950	505
15.8000	262
15.8050	167
15.8100	106
15.8150	81
15.8200	450
15.8250	503
15.8300	498
15.8350	476
15.8400	267
15.8450	167
15.8500	85
15.8550	75
15.8600	507
15.8650	486
15.8700	494
15.8750	509
15.8800	273
15.8850	157
15.8900	114
15.8950	74
15.9000	487
15.9050	501
15.9100	534
15.9150	512
15.9200	280
15.9250	141
15.9300	121
15.9350	82
15.9400	446
15.9450	510
15.9500	467
15.9550	487
15.9600	254
15.9650	154
15.9700	102
15.9750	80
15.9800	486
15.9850	505
15.9900	507
15.9950	523
16.0000	273
16.0050	166
16.0100	80
16.0150	69
16.0200	506
16.0250	524
16.0300	539
16.0350	537
16.0400	299
16.0450	159
16.0500	92
16.0550	86
16.0600	506
16.0650	469
16.0700	530
16.0750	513
16.0800	251
16.0850	178
16.0900	97
16.0950	89
16.1000	488
16.1050	502
16.1100	506
16.1150	555
16.1200	247
16.1250	175
16.1300	103
16.1350	76
16.1400	483
16.1450	493
16.1500	501
16.1550	496
16.1600	295
16.1650	152
16.1700	101
16.1750	100
16.1800	507
16.1850	519
16.1900	477
16.1950	528
16.2000	269
16.2050	161
16.2100	104
16.2150	80
16.2200	467
16.2250	503
16.2300	492
16.2350	460
16.2400	254
16.2450	165
16.2500	97
16.2550	89
16.2600	486
16.2650	513
16.2700	488
16.2750	491
16.2800	275
16.2850	162
16.2900	107
16.2950	83
16.3000	487
16.3050	488
16.3100	494
16.3150	524
16.3200	268
16.3250	174
16.3300	97
16.3350	96
16.3400	509
16.3450	491
16.3500	516
16.3550	503
16.3600	275
16.3650	157
16.3700	95
16.3750	86
16.3800	485
16.3850	492
16.3900	521
16.3950	472
16.4000	262
16.4050	171
16.4100	119
16.4150	92
16.4200	516
16.4250	509
16.4300	490
16.4350	511
16.4400	278
16.4450	166
16.4500	96
16.4550	101
16.4600	516
16.4650	512
16.4700	486
16.4750	488
16.4800	264
16.4850	174
16.4900	111
16.4950	98
16.5000	526
16.5050	492
16.5100	494
16.5150	529
16.5200	259
16.5250	166
16.5300	104
16.5350	97
16.5400	495
16.5450	486
16.5500	486
16.5550	529
16.5600	295
16.5650	178
16.5700	94
16.5750	89
16.5800	509
16.5850	491
16.5900	480
16.5950	483
16.6000	279
16.6050	149
16.6100	92
16.6150	79
16.6200	492
16.6250	489
16.6300	506
16.6350	543
16.6400	256
16.6450	146
16.6500	118
16.6550	83
16.6600	496
16.6650	504
16.6700	495
16.6750	505
16.6800	231
16.6850	184
16.6900	101
16.6950	93
16.7000	489
16.7050	498
16.7100	496
16.7150	513
16.7200	261
16.7250	167
16.7300	101
16.7350	86
16.7400	494
16.7450	486
16.7500	480
16.7550	504
16.7600	245
16.7650	167
16.7700	100
16.7750	85
16.7800	526
16.7850	496
16.7900	516
16.7950	514
16.8000	267
16.8050	172
16.8100	116
16.8150	88
16.8200	514
16.8250	486
16.8300	524
16.8350	561
16.8400	248
16.8450	172
16.8500	105
16.8550	84
16.8600	510
16.8650	534
16.8700	461
16.8750	532
16.8800	259
16.8850	161
16.8900	125
16.8950	82
16.9000	470
16.9050	504
16.9100	507
16.9150	472
16.9200	270
16.9250	146
16.9300	103
16.9350	71
16.9400	491
16.9450	518
16.9500	538
16.9550	489
16.9600	263
16.9650	174
16.9700	121
16.9750	97
16.9800	494
16.9850	537
16.9900	470
16.9950	492
17.0000	285
17.0050	167
17.0100	123
17.0150	60
17.0200	512
17.0250	484
17.0300	500
17.0350	500
17.0400	275
17.0450	156
17.0500	121
17.0550	92
17.0600	498
17.0650	512
17.0700	534
17.0750	481
17.0800	282
17.0850	156
17.0900	117
17.0950	89
17.1000	496
17.1050	527
17.1100	496
17.1150	480
17.1200	272
17.1250	187
17.1300	108
17.1350	95
17.1400	467
17.1450	484
17.1500	525
17.1550	547
17.1600	285
17.1650	182
17.1700	112
17.1750	93
17.1800	467
17.1850	454
17.1900	502
17.1950	509
17.2000	241
17.2050	151
17.2100	103
17.2150	93
17.2200	534
17.2250	515
17.2300	481
17.2350	513
17.2400	274
17.2450	173
17.2500	97
17.2550	119
17.2600	519
17.2650	517
17.2700	483
17.2750	547
17.2800	255
17.2850	155
17.2900	111
17.2950	96
17.3000	510
17.3050	522
17.3100	489
17.3150	532
17.3200	263
17.3250	183
17.3300	100
17.3350	96
17.3400	501
17.3450	537
17.3500	496
17.3550	478
17.3600	277
17.3650	156
17.3700	111
17.3750	90
17.3800	497
17.3850	487
17.3900	492
17.3950	506
17.4000	273
17.4050	163
17.4100	115
17.4150	79
17.4200	494
17.4250	528
17.4300	521
17.4350	474
17.4400	269
17.4450	153
17.4500	103
17.4550	99
17.4600	484
17.4650	510
17.4700	496
17.4750	507
17.4800	257
17.4850	170
17.4900	109
17.4950	104
17.5000	475
17.5050	497
17.5100	514
17.5150	508
17.5200	265
17.5250	164
17.5300	112
17.5350	88
17.5400	469
17.5450	482
17.5500	505
17.5550	503
17.5600	274
17.5650	158
17.5700	111
17.5750	82
17.5800	514
17.5850	473
17.5900	527
17.5950	471
17.6000	285
17.6050	185
17.6100	116
17.6150	87
17.6200	507
17.6250	571
17.6300	493
17.6350	502
17.6400	283
17.6450	175
17.6500	119
17.6550	98
17.6600	485
17.6650	501
17.6700	521
17.6750	494
17.6800	246
17.6850	161
17.6900	106
17.6950	93
17.7000	520
17.7050	520
17.7100	475
17.7150	519
17.7200	282
17.7250	169
17.7300	115
17.7350	103
17.7400	481
17.7450	503
17.7500	519
17.7550	520
17.7600	258
17.7650	142
17.7700	103
17.7750	101
17.7800	500
17.7850	497
17.7900	462
17.7950	547
17.8000	267
17.8050	154
17.8100	100
17.8150	98
17.8200	539
17.8250	518
17.8300	499
17.8350	476
17.8400	286
17.8450	183
17.8500	110
17.8550	92
17.8600	491
17.8650	507
17.8700	523
17.8750	503
17.8800	264
17.8850	183
17.8900	107
17.8950	91
17.9000	505
17.9050	487
17.9100	489
17.9150	515
17.9200	266
17.9250	165
17.9300	104
17.9350	95
17.9400	493
17.9450	519
17.9500	517
17.9550	478
17.9600	274
17.9650	160
17.9700	106
17.9750	95
17.9800	507
17.9850	484
17.9900	502
17.9950	473
18.0000	260
18.0050	172
18.0100	98
18.0150	103
18.0200	478
18.0250	485
18.0300	513
18.0350	479
18.0400	247
18.0450	183
18.0500	112
18.0550	86
18.0600	519
18.0650	488
18.0700	504
18.0750	467
18.0800	282
18.0850	171
18.0900	100
18.0950	98
18.1000	491
18.1050	513
18.1100	496
18.1150	493
18.1200	288
18.1250	167
18.1300	123
18.1350	94
18.1400	539
18.1450	497
18.1500	492
18.1550	522
18.1600	279
18.1650	174
18.1700	114
18.1750	83
18.1800	499
18.1850	510
18.1900	472
18.1950	487
18.2000	282
18.2050	177
18.2100	110
18.2150	73
18.2200	529
18.2250	504
18.2300	548
18.2350	514
18.2400	250
18.2450	164
18.2500	118
18.2550	84
18.2600	451
18.2650	500
18.2700	506
18.2750	457
18.2800	260
18.2850	177
18.2900	103
18.2950	100
18.3000	518
18.3050	489
18.3100	496
18.3150	506
18.3200	275
18.3250	155
18.3300	98
18.3350	89
18.3400	452
18.3450	519
18.3500	513
18.3550	497
18.3600	229
18.3650	149
18.3700	89
18.3750	96
18.3800	480
18.3850	521
18.3900	500
18.3950	539
18.4000	256
18.4050	157
18.4100	115
18.4150	91
18.4200	523
18.4250	500
18.4300	474
18.4350	494
18.4400	259
18.4450	155
18.4500	99
18.4550	96
18.4600	493
18.4650	516
18.4700	509
18.4750	487
18.4800	278
18.4850	145
18.4900	99
18.4950	85
18.5000	465
18.5050	486
18.5100	441
18.5150	502
18.5200	261
18.5250	164
18.5300	102
18.5350	91
18.5400	509
18.5450	511
18.5500	522
18.5550	518
18.5600	267
18.5650	148
18.5700	107
18.5750	87
18.5800	470
18.5850	533
18.5900	497
18.5950	494
18.6000	270
18.6050	148
18.6100	82
18.6150	96
18.6200	509
18.6250	517
18.6300	488
18.6350	497
18.6400	280
18.6450	177
18.6500	118
18.6550	92
18.6600	477
18.6650	468
18.6700	475
18.6750	520
18.6800	277
18.6850	149
18.6900	109
18.6950	79
18.7000	506
18.7050	507
18.7100	546
18.7150	517
18.7200	270
18.7250	172
18.7300	101
18.7350	99
18.7400	487
18.7450	510
18.7500	528
18.7550	488
18.7600	258
18.7650	155
18.7700	93
18.7750	93
18.7800	476
18.7850	516
18.7900	507
18.7950	487
18.8000	272
18.8050	167
18.8100	108
18.8150	88
18.8200	512
18.8250	499
18.8300	546
18.8350	514
18.8400	258
18.8450	175
18.8500	102
18.8550	90
18.8600	486
18.8650	520
18.8700	521
18.8750	513
18.8800	264
18.8850	143
18.8900	99
18.8950	86
18.9000	537
18.9050	499
18.9100	505
18.9150	515
18.9200	266
18.9250	153
18.9300	133
18.9350	77
18.9400	457
18.9450	510
18.9500	479
18.9550	511
18.9600	259
18.9650	181
18.9700	105
18.9750	108
18.9800	477
18.9850	527
18.9900	472
18.9950	509
19.0000	263
19.0050	170
19.0100	100
19.0150	77
19.0200	470
19.0250	506
19.0300	497
19.0350	500
19.0400	260
19.0450	174
19.0500	95
19.0550	89
19.0600	461
19.0650	510
19.0700	463
19.0750	547
19.0800	268
19.0850	142
19.0900	98
19.0950	110
19.1000	490
19.1050	509
19.1100	448
19.1150	474
19.1200	282
19.1250	169
19.1300	116
19.1350	86
19.1400	471
19.1450	475
19.1500	508
19.1550	478
19.1600	275
19.1650	163
19.1700	100
19.1750	90
19.1800	493
19.1850	506
19.1900	467
19.1950	524
19.2000	254
19.2050	171
19.2100	113
19.2150	86
19.2200	468
19.2250	500
19.2300	476
19.2350	527
19.2400	279
19.2450	150
19.2500	104
19.2550	90
19.2600	531
19.2650	521
19.2700	461
19.2750	528
19.2800	238
19.2850	177
19.2900	83
19.2950	106
19.3000	484
19.3050	514
19.3100	519
19.3150	513
19.3200	273
19.3250	191
19.3300	99
19.3350	90
19.3400	487
19.3450	483
19.3500	517
19.3550	485
19.3600	281
19.3650	193
19.3700	103
19.3750	88
19.3800	524
19.3850	525
19.3900	496
19.3950	499
19.4000	266
19.4050	170
19.4100	98
19.4150	85
19.4200	510
19.4250	480
19.4300	508
19.4350	509
19.4400	260
19.4450	139
19.4500	117
19.4550	99
19.4600	510
19.4650	523
19.4700	496
19.4750	508
19.4800	253
19.4850	144
19.4900	123
19.4950	98
19.5000	481
19.5050	539
19.5100	509
19.5150	514
19.5200	276
19.5250	157
19.5300	119
19.5350	98
19.5400	500
19.5450	502
19.5500	502
19.5550	509
19.5600	243
19.5650	159
19.5700	107
19.5750	96
19.5800	472
19.5850	518
19.5900	490
19.5950	501
19.6000	255
19.6050	166
19.6100	88
19.6150	100
19.6200	458
19.6250	436
19.6300	465
19.6350	490
19.6400	258
19.6450	156
19.6500	91
19.6550	102
19.6600	479
19.6650	546
19.6700	493
19.6750	524
19.6800	288
19.6850	180
19.6900	122
19.6950	93
19.7000	486
19.7050	493
19.7100	525
19.7150	520
19.7200	254
19.7250	179
19.7300	108
19.7350	80
19.7400	489
19.7450	468
19.7500	537
19.7550	471
19.7600	258
19.7650	187
19.7700	104
19.7750	93
19.7800	510
19.7850	527
19.7900	506
19.7950	480
19.8000	270
19.8050	167
19.8100	103
19.8150	93
19.8200	527
19.8250	508
19.8300	498
19.8350	471
19.8400	286
19.8450	159
19.8500	112
19.8550	89
19.8600	485
19.8650	524
19.8700	491
19.8750	495
19.8800	260
19.8850	168
19.8900	103
19.8950	93
19.9000	484
19.9050	499
19.9100	526
19.9150	528
19.9200	261
19.9250	151
19.9300	110
19.9350	72
19.9400	455
19.9450	457
19.9500	545
19.9550	512
19.9600	247
19.9650	158
19.9700	95
19.9750	81
19.9800	481
19.9850	488
19.9900	523
19.9950	523
