0.0000	344
0.0050	212
0.0100	122
0.0150	508
0.0200	516
0.0250	244
0.0300	187
0.0350	133
0.0400	497
0.0450	501
0.0500	253
0.0550	191
0.0600	108
0.0650	516
0.0700	500
0.0750	272
0.0800	160
0.0850	101
0.0900	509
0.0950	494
0.1000	241
0.1050	180
0.1100	106
0.1150	496
0.1200	498
0.1250	235
0.1300	209
0.1350	112
0.1400	505
0.1450	512
0.1500	235
0.1550	165
0.1600	100
0.1650	463
0.1700	541
0.1750	241
0.1800	186
0.1850	109
0.1900	493
0.1950	501
0.2000	234
0.2050	176
0.2100	109
0.2150	527
0.2200	507
0.2250	260
0.2300	175
0.2350	117
0.2400	531
0.2450	521
0.2500	220
0.2550	189
0.2600	140
0.2650	508
0.2700	501
0.2750	269
0.2800	164
0.2850	110
0.2900	522
0.2950	501
0.3000	215
0.3050	161
0.3100	115
0.3150	474
0.3200	488
0.3250	273
0.3300	177
0.3350	127
0.3400	495
0.3450	509
0.3500	245
0.3550	163
0.3600	117
0.3650	524
0.3700	512
0.3750	241
0.3800	161
0.3850	114
0.3900	531
0.3950	531
0.4000	259
0.4050	151
0.4100	108
0.4150	534
0.4200	482
0.4250	275
0.4300	156
0.4350	116
0.4400	528
0.4450	492
0.4500	247
0.4550	176
0.4600	100
0.4650	557
0.4700	480
0.4750	269
0.4800	171
0.4850	94
0.4900	492
0.4950	499
0.5000	229
0.5050	155
0.5100	114
0.5150	522
0.5200	513
0.5250	226
0.5300	174
0.5350	113
0.5400	483
0.5450	522
0.5500	231
0.5550	161
0.5600	106
0.5650	475
0.5700	476
0.5750	240
0.5800	164
0.5850	109
0.5900	515
0.5950	494
0.6000	261
0.6050	170
0.6100	112
0.6150	499
0.6200	488
0.6250	239
0.6300	164
0.6350	100
0.6400	515
0.6450	487
0.6500	249
0.6550	149
0.6600	119
0.6650	542
0.6700	469
0.6750	242
0.6800	163
0.6850	104
0.6900	499
0.6950	466
0.7000	251
0.7050	177
0.7100	111
0.7150	515
0.7200	494
0.7250	252
0.7300	186
0.7350	106
0.7400	499
0.7450	495
0.7500	222
0.7550	169
0.7600	89
0.7650	531
0.7700	486
0.7750	246
0.7800	185
0.7850	118
0.7900	465
0.7950	496
0.8000	253
0.8050	179
0.8100	127
0.8150	503
0.8200	493
0.8250	224
0.8300	172
0.8350	102
0.8400	518
0.8450	500
0.8500	237
0.8550	144
0.8600	107
0.8650	488
0.8700	509
0.8750	219
0.8800	167
0.8850	97
0.8900	481
0.8950	516
0.9000	231
0.9050	173
0.9100	124
0.9150	485
0.9200	491
0.9250	238
0.9300	187
0.9350	99
0.9400	483
0.9450	512
0.9500	237
0.9550	164
0.9600	105
0.9650	521
0.9700	507
0.9750	221
0.9800	178
0.9850	119
0.9900	536
0.9950	501
1.0000	242
1.0050	165
1.0100	121
1.0150	502
1.0200	509
1.0250	229
1.0300	175
1.0350	123
1.0400	489
1.0450	521
1.0500	246
1.0550	179
1.0600	117
1.0650	499
1.0700	492
1.0750	253
1.0800	199
1.0850	119
1.0900	478
1.0950	542
1.1000	233
1.1050	164
1.1100	101
1.1150	536
1.1200	490
1.1250	251
1.1300	162
1.1350	104
1.1400	515
1.1450	516
1.1500	237
1.1550	156
1.1600	97
1.1650	507
1.1700	493
1.1750	243
1.1800	170
1.1850	112
1.1900	510
1.1950	489
1.2000	241
1.2050	156
1.2100	102
1.2150	516
1.2200	490
1.2250	252
1.2300	166
1.2350	127
1.2400	524
1.2450	513
1.2500	230
1.2550	183
1.2600	126
1.2650	492
1.2700	493
1.2750	226
1.2800	174
1.2850	100
1.2900	501
1.2950	497
1.3000	257
1.3050	169
1.3100	90
1.3150	462
1.3200	501
1.3250	250
1.3300	183
1.3350	112
1.3400	500
1.3450	488
1.3500	254
1.3550	193
1.3600	121
1.3650	503
1.3700	533
1.3750	260
1.3800	175
1.3850	120
1.3900	502
1.3950	509
1.4000	268
1.4050	165
1.4100	110
1.4150	471
1.4200	502
1.4250	266
1.4300	157
1.4350	131
1.4400	490
1.4450	460
1.4500	236
1.4550	161
1.4600	113
1.4650	496
1.4700	521
1.4750	223
1.4800	177
1.4850	112
1.4900	528
1.4950	484
1.5000	257
1.5050	167
1.5100	114
1.5150	501
1.5200	485
1.5250	273
1.5300	180
1.5350	115
1.5400	510
1.5450	511
1.5500	246
1.5550	161
1.5600	92
1.5650	489
1.5700	507
1.5750	231
1.5800	157
1.5850	106
1.5900	522
1.5950	523
1.6000	253
1.6050	178
1.6100	118
1.6150	516
1.6200	479
1.6250	240
1.6300	184
1.6350	120
1.6400	500
1.6450	489
1.6500	254
1.6550	177
1.6600	117
1.6650	535
1.6700	479
1.6750	239
1.6800	197
1.6850	124
1.6900	494
1.6950	548
1.7000	255
1.7050	175
1.7100	113
1.7150	476
1.7200	515
1.7250	237
1.7300	175
1.7350	118
1.7400	488
1.7450	517
1.7500	249
1.7550	195
1.7600	126
1.7650	499
1.7700	510
1.7750	273
1.7800	184
1.7850	116
1.7900	481
1.7950	485
1.8000	251
1.8050	160
1.8100	105
1.8150	502
1.8200	495
1.8250	233
1.8300	179
1.8350	124
1.8400	527
1.8450	502
1.8500	279
1.8550	176
1.8600	90
1.8650	554
1.8700	502
1.8750	237
1.8800	163
1.8850	98
1.8900	527
1.8950	506
1.9000	235
1.9050	174
1.9100	117
1.9150	507
1.9200	515
1.9250	264
1.9300	170
1.9350	117
1.9400	522
1.9450	519
1.9500	223
1.9550	159
1.9600	119
1.9650	502
1.9700	501
1.9750	255
1.9800	189
1.9850	108
1.9900	519
1.9950	514
2.0000	248
2.0050	157
2.0100	113
2.0150	490
2.0200	504
2.0250	249
2.0300	192
2.0350	100
2.0400	485
2.0450	482
2.0500	236
2.0550	163
2.0600	123
2.0650	496
2.0700	542
2.0750	250
2.0800	171
2.0850	96
2.0900	500
2.0950	488
2.1000	234
2.1050	169
2.1100	138
2.1150	508
2.1200	482
2.1250	231
2.1300	176
2.1350	120
2.1400	531
2.1450	556
2.1500	256
2.1550	178
2.1600	111
2.1650	487
2.1700	487
2.1750	266
2.1800	177
2.1850	100
2.1900	512
2.1950	480
2.2000	229
2.2050	157
2.2100	104
2.2150	504
2.2200	500
2.2250	231
2.2300	164
2.2350	107
2.2400	529
2.2450	509
2.2500	259
2.2550	161
2.2600	128
2.2650	486
2.2700	509
2.2750	253
2.2800	174
2.2850	116
2.2900	499
2.2950	497
2.3000	259
2.3050	178
2.3100	115
2.3150	519
2.3200	495
2.3250	235
2.3300	153
2.3350	115
2.3400	500
2.3450	506
2.3500	236
2.3550	165
2.3600	130
2.3650	514
2.3700	467
2.3750	225
2.3800	159
2.3850	112
2.3900	514
2.3950	504
2.4000	230
2.4050	167
2.4100	92
2.4150	496
2.4200	474
2.4250	258
2.4300	160
2.4350	105
2.4400	514
2.4450	479
2.4500	222
2.4550	171
2.4600	99
2.4650	517
2.4700	496
2.4750	265
2.4800	186
2.4850	112
2.4900	464
2.4950	496
2.5000	269
2.5050	200
2.5100	116
2.5150	530
2.5200	509
2.5250	227
2.5300	171
2.5350	119
2.5400	489
2.5450	509
2.5500	230
2.5550	169
2.5600	109
2.5650	480
2.5700	535
2.5750	246
2.5800	159
2.5850	105
2.5900	486
2.5950	492
2.6000	276
2.6050	184
2.6100	124
2.6150	499
2.6200	518
2.6250	233
2.6300	169
2.6350	106
2.6400	486
2.6450	543
2.6500	243
2.6550	165
2.6600	97
2.6650	512
2.6700	470
2.6750	225
2.6800	160
2.6850	124
2.6900	534
2.6950	468
2.7000	238
2.7050	159
2.7100	101
2.7150	486
2.7200	512
2.7250	232
2.7300	157
2.7350	96
2.7400	500
2.7450	513
2.7500	225
2.7550	149
2.7600	107
2.7650	519
2.7700	518
2.7750	215
2.7800	152
2.7850	117
2.7900	483
2.7950	503
2.8000	225
2.8050	169
2.8100	126
2.8150	531
2.8200	483
2.8250	250
2.8300	174
2.8350	96
2.8400	493
2.8450	511
2.8500	227
2.8550	176
2.8600	103
2.8650	482
2.8700	499
2.8750	231
2.8800	165
2.8850	123
2.8900	548
2.8950	514
2.9000	247
2.9050	180
2.9100	112
2.9150	476
2.9200	521
2.9250	266
2.9300	154
2.9350	91
2.9400	513
2.9450	473
2.9500	239
2.9550	160
2.9600	103
2.9650	511
2.9700	512
2.9750	254
2.9800	176
2.9850	112
2.9900	468
2.9950	497
3.0000	230
3.0050	151
3.0100	111
3.0150	509
3.0200	477
3.0250	228
3.0300	180
3.0350	95
3.0400	485
3.0450	495
3.0500	240
3.0550	142
3.0600	107
3.0650	494
3.0700	510
3.0750	225
3.0800	163
3.0850	98
3.0900	515
3.0950	511
3.1000	242
3.1050	170
3.1100	110
3.1150	503
3.1200	524
3.1250	235
3.1300	180
3.1350	106
3.1400	504
3.1450	520
3.1500	234
3.1550	162
3.1600	113
3.1650	540
3.1700	511
3.1750	253
3.1800	150
3.1850	119
3.1900	475
3.1950	524
3.2000	233
3.2050	163
3.2100	122
3.2150	468
3.2200	488
3.2250	265
3.2300	178
3.2350	109
3.2400	508
3.2450	518
3.2500	245
3.2550	169
3.2600	106
3.2650	512
3.2700	496
3.2750	231
3.2800	154
3.2850	112
3.2900	491
3.2950	468
3.3000	236
3.3050	184
3.3100	108
3.3150	506
3.3200	536
3.3250	226
3.3300	161
3.3350	117
3.3400	503
3.3450	476
3.3500	234
3.3550	163
3.3600	99
3.3650	510
3.3700	503
3.3750	251
3.3800	149
3.3850	101
3.3900	517
3.3950	524
3.4000	269
3.4050	170
3.4100	108
3.4150	500
3.4200	492
3.4250	245
3.4300	175
3.4350	120
3.4400	496
3.4450	531
3.4500	245
3.4550	154
3.4600	99
3.4650	498
3.4700	503
3.4750	249
3.4800	165
3.4850	108
3.4900	516
3.4950	541
3.5000	239
3.5050	176
3.5100	114
3.5150	484
3.5200	511
3.5250	254
3.5300	181
3.5350	106
3.5400	506
3.5450	489
3.5500	249
3.5550	147
3.5600	105
3.5650	491
3.5700	514
3.5750	263
3.5800	152
3.5850	117
3.5900	478
3.5950	518
3.6000	244
3.6050	193
3.6100	93
3.6150	472
3.6200	516
3.6250	242
3.6300	161
3.6350	106
3.6400	491
3.6450	482
3.6500	242
3.6550	162
3.6600	116
3.6650	488
3.6700	542
3.6750	232
3.6800	163
3.6850	113
3.6900	482
3.6950	500
3.7000	239
3.7050	152
3.7100	102
3.7150	487
3.7200	504
3.7250	201
3.7300	156
3.7350	96
3.7400	476
3.7450	519
3.7500	218
3.7550	159
3.7600	114
3.7650	509
3.7700	541
3.7750	203
3.7800	177
3.7850	109
3.7900	497
3.7950	521
3.8000	238
3.8050	178
3.8100	111
3.8150	502
3.8200	483
3.8250	241
3.8300	183
3.8350	110
3.8400	483
3.8450	505
3.8500	245
3.8550	172
3.8600	95
3.8650	467
3.8700	478
3.8750	235
3.8800	177
3.8850	113
3.8900	505
3.8950	537
3.9000	232
3.9050	166
3.9100	84
3.9150	485
3.9200	482
3.9250	222
3.9300	151
3.9350	125
3.9400	517
3.9450	525
3.9500	238
3.9550	164
3.9600	110
3.9650	530
3.9700	487
3.9750	246
3.9800	157
3.9850	102
3.9900	520
3.9950	476
4.0000	277
4.0050	165
4.0100	107
4.0150	512
4.0200	502
4.0250	272
4.0300	167
4.0350	107
4.0400	517
4.0450	493
4.0500	219
4.0550	148
4.0600	89
4.0650	515
4.0700	476
4.0750	221
4.0800	155
4.0850	117
4.0900	494
4.0950	532
4.1000	235
4.1050	183
4.1100	127
4.1150	554
4.1200	518
4.1250	247
4.1300	161
4.1350	122
4.1400	493
4.1450	512
4.1500	220
4.1550	145
4.1600	106
4.1650	512
4.1700	516
4.1750	235
4.1800	174
4.1850	108
4.1900	495
4.1950	491
4.2000	233
4.2050	190
4.2100	104
4.2150	499
4.2200	470
4.2250	254
4.2300	188
4.2350	99
4.2400	530
4.2450	492
4.2500	235
4.2550	147
4.2600	120
4.2650	499
4.2700	486
4.2750	260
4.2800	143
4.2850	111
4.2900	501
4.2950	481
4.3000	230
4.3050	158
4.3100	107
4.3150	484
4.3200	503
4.3250	259
4.3300	184
4.3350	97
4.3400	535
4.3450	508
4.3500	237
4.3550	159
4.3600	88
4.3650	484
4.3700	492
4.3750	232
4.3800	172
4.3850	105
4.3900	522
4.3950	491
4.4000	232
4.4050	178
4.4100	99
4.4150	489
4.4200	496
4.4250	228
4.4300	145
4.4350	83
4.4400	523
4.4450	526
4.4500	218
4.4550	174
4.4600	114
4.4650	548
4.4700	500
4.4750	221
4.4800	157
4.4850	111
4.4900	501
4.4950	494
4.5000	227
4.5050	158
4.5100	118
4.5150	522
4.5200	498
4.5250	221
4.5300	175
4.5350	109
4.5400	486
4.5450	506
4.5500	228
4.5550	159
4.5600	99
4.5650	496
4.5700	491
4.5750	242
4.5800	148
4.5850	105
4.5900	490
4.5950	498
4.6000	225
4.6050	174
4.6100	112
4.6150	530
4.6200	496
4.6250	237
4.6300	189
4.6350	98
4.6400	511
4.6450	510
4.6500	232
4.6550	170
4.6600	95
4.6650	498
4.6700	475
4.6750	256
4.6800	177
4.6850	103
4.6900	492
4.6950	472
4.7000	265
4.7050	163
4.7100	115
4.7150	537
4.7200	480
4.7250	248
4.7300	166
4.7350	115
4.7400	502
4.7450	523
4.7500	270
4.7550	164
4.7600	120
4.7650	523
4.7700	493
4.7750	241
4.7800	143
4.7850	102
4.7900	506
4.7950	510
4.8000	243
4.8050	175
4.8100	126
4.8150	503
4.8200	492
4.8250	221
4.8300	169
4.8350	113
4.8400	489
4.8450	490
4.8500	256
4.8550	157
4.8600	132
4.8650	491
4.8700	508
4.8750	250
4.8800	167
4.8850	101
4.8900	540
4.8950	510
4.9000	240
4.9050	179
4.9100	114
4.9150	503
4.9200	481
4.9250	235
4.9300	168
4.9350	109
4.9400	517
4.9450	463
4.9500	236
4.9550	174
4.9600	105
4.9650	515
4.9700	507
4.9750	223
4.9800	183
4.9850	116
4.9900	481
4.9950	506
5.0000	236
5.0050	163
5.0100	120
5.0150	527
5.0200	531
5.0250	256
5.0300	147
5.0350	116
5.0400	525
5.0450	499
5.0500	253
5.0550	162
5.0600	77
5.0650	523
5.0700	513
5.0750	233
5.0800	160
5.0850	102
5.0900	505
5.0950	482
5.1000	246
5.1050	172
5.1100	93
5.1150	513
5.1200	467
5.1250	252
5.1300	160
5.1350	117
5.1400	518
5.1450	496
5.1500	239
5.1550	178
5.1600	112
5.1650	514
5.1700	493
5.1750	243
5.1800	147
5.1850	112
5.1900	512
5.1950	497
5.2000	244
5.2050	171
5.2100	97
5.2150	511
5.2200	498
5.2250	274
5.2300	161
5.2350	116
5.2400	553
5.2450	486
5.2500	247
5.2550	184
5.2600	104
5.2650	503
5.2700	492
5.2750	226
5.2800	150
5.2850	95
5.2900	543
5.2950	494
5.3000	242
5.3050	158
5.3100	122
5.3150	470
5.3200	478
5.3250	253
5.3300	168
5.3350	112
5.3400	507
5.3450	496
5.3500	232
5.3550	174
5.3600	105
5.3650	508
5.3700	475
5.3750	245
5.3800	171
5.3850	119
5.3900	544
5.3950	480
5.4000	236
5.4050	173
5.4100	107
5.4150	485
5.4200	511
5.4250	227
5.4300	130
5.4350	101
5.4400	513
5.4450	488
5.4500	216
5.4550	190
5.4600	104
5.4650	496
5.4700	520
5.4750	233
5.4800	170
5.4850	109
5.4900	482
5.4950	504
5.5000	241
5.5050	155
5.5100	116
5.5150	544
5.5200	483
5.5250	223
5.5300	169
5.5350	107
5.5400	517
5.5450	529
5.5500	257
5.5550	168
5.5600	112
5.5650	523
5.5700	494
5.5750	235
5.5800	165
5.5850	99
5.5900	464
5.5950	503
5.6000	237
5.6050	162
5.6100	95
5.6150	508
5.6200	496
5.6250	194
5.6300	160
5.6350	104
5.6400	529
5.6450	499
5.6500	215
5.6550	155
5.6600	108
5.6650	495
5.6700	521
5.6750	227
5.6800	177
5.6850	99
5.6900	478
5.6950	506
5.7000	220
5.7050	158
5.7100	97
5.7150	488
5.7200	525
5.7250	251
5.7300	168
5.7350	104
5.7400	525
5.7450	499
5.7500	237
5.7550	176
5.7600	106
5.7650	517
5.7700	540
5.7750	223
5.7800	149
5.7850	107
5.7900	489
5.7950	502
5.8000	259
5.8050	184
5.8100	119
5.8150	507
5.8200	519
5.8250	213
5.8300	179
5.8350	103
5.8400	482
5.8450	508
5.8500	237
5.8550	183
5.8600	124
5.8650	516
5.8700	516
5.8750	234
5.8800	158
5.8850	101
5.8900	540
5.8950	517
5.9000	252
5.9050	170
5.9100	103
5.9150	487
5.9200	521
5.9250	235
5.9300	149
5.9350	93
5.9400	489
5.9450	461
5.9500	243
5.9550	150
5.9600	105
5.9650	498
5.9700	524
5.9750	222
5.9800	148
5.9850	108
5.9900	477
5.9950	509
6.0000	252
6.0050	132
6.0100	106
6.0150	528
6.0200	483
6.0250	221
6.0300	154
6.0350	108
6.0400	519
6.0450	501
6.0500	242
6.0550	171
6.0600	109
6.0650	539
6.0700	494
6.0750	267
6.0800	154
6.0850	92
6.0900	491
6.0950	484
6.1000	241
6.1050	155
6.1100	130
6.1150	481
6.1200	506
6.1250	243
6.1300	163
6.1350	135
6.1400	519
6.1450	509
6.1500	219
6.1550	158
6.1600	131
6.1650	507
6.1700	512
6.1750	237
6.1800	152
6.1850	115
6.1900	495
6.1950	514
6.2000	251
6.2050	172
6.2100	103
6.2150	489
6.2200	488
6.2250	238
6.2300	153
6.2350	112
6.2400	497
6.2450	510
6.2500	239
6.2550	177
6.2600	121
6.2650	481
6.2700	520
6.2750	243
6.2800	156
6.2850	117
6.2900	526
6.2950	540
6.3000	234
6.3050	163
6.3100	107
6.3150	475
6.3200	507
6.3250	244
6.3300	190
6.3350	99
6.3400	511
6.3450	463
6.3500	224
6.3550	173
6.3600	112
6.3650	498
6.3700	509
6.3750	237
6.3800	160
6.3850	116
6.3900	470
6.3950	491
6.4000	232
6.4050	180
6.4100	125
6.4150	487
6.4200	492
6.4250	248
6.4300	185
6.4350	99
6.4400	469
6.4450	492
6.4500	231
6.4550	165
6.4600	109
6.4650	488
6.4700	455
6.4750	231
6.4800	170
6.4850	97
6.4900	518
6.4950	522
6.5000	227
6.5050	177
6.5100	92
6.5150	474
6.5200	492
6.5250	241
6.5300	171
6.5350	103
6.5400	578
6.5450	519
6.5500	231
6.5550	147
6.5600	111
6.5650	472
6.5700	536
6.5750	229
6.5800	173
6.5850	110
6.5900	519
6.5950	572
6.6000	221
6.6050	149
6.6100	104
6.6150	498
6.6200	503
6.6250	225
6.6300	173
6.6350	84
6.6400	540
6.6450	488
6.6500	244
6.6550	164
6.6600	99
6.6650	513
6.6700	485
6.6750	235
6.6800	163
6.6850	98
6.6900	500
6.6950	495
6.7000	237
6.7050	152
6.7100	109
6.7150	525
6.7200	498
6.7250	259
6.7300	159
6.7350	115
6.7400	513
6.7450	481
6.7500	241
6.7550	172
6.7600	104
6.7650	492
6.7700	514
6.7750	219
6.7800	163
6.7850	95
6.7900	525
6.7950	493
6.8000	262
6.8050	177
6.8100	117
6.8150	475
6.8200	508
6.8250	225
6.8300	157
6.8350	107
6.8400	479
6.8450	508
6.8500	240
6.8550	176
6.8600	128
6.8650	474
6.8700	519
6.8750	232
6.8800	156
6.8850	100
6.8900	510
6.8950	546
6.9000	239
6.9050	165
6.9100	104
6.9150	486
6.9200	528
6.9250	238
6.9300	144
6.9350	120
6.9400	492
6.9450	531
6.9500	248
6.9550	158
6.9600	123
6.9650	517
6.9700	454
6.9750	248
6.9800	134
6.9850	102
6.9900	474
6.9950	492
7.0000	226
7.0050	175
7.0100	114
7.0150	511
7.0200	486
7.0250	226
7.0300	177
7.0350	121
7.0400	488
7.0450	497
7.0500	255
7.0550	176
7.0600	89
7.0650	504
7.0700	477
7.0750	243
7.0800	192
7.0850	116
7.0900	521
7.0950	468
7.1000	228
7.1050	170
7.1100	124
7.1150	486
7.1200	528
7.1250	223
7.1300	172
7.1350	106
7.1400	487
7.1450	472
7.1500	254
7.1550	168
7.1600	116
7.1650	489
7.1700	521
7.1750	227
7.1800	153
7.1850	105
7.1900	483
7.1950	522
7.2000	230
7.2050	165
7.2100	111
7.2150	479
7.2200	510
7.2250	241
7.2300	152
7.2350	115
7.2400	493
7.2450	483
7.2500	255
7.2550	160
7.2600	112
7.2650	543
7.2700	527
7.2750	249
7.2800	165
7.2850	117
7.2900	513
7.2950	496
7.3000	249
7.3050	167
7.3100	116
7.3150	505
7.3200	482
7.3250	226
7.3300	162
7.3350	113
7.3400	471
7.3450	524
7.3500	224
7.3550	169
7.3600	114
7.3650	496
7.3700	493
7.3750	257
7.3800	148
7.3850	116
7.3900	520
7.3950	508
7.4000	269
7.4050	175
7.4100	99
7.4150	518
7.4200	491
7.4250	255
7.4300	165
7.4350	94
7.4400	498
7.4450	530
7.4500	245
7.4550	184
7.4600	112
7.4650	465
7.4700	489
7.4750	258
7.4800	175
7.4850	114
7.4900	500
7.4950	478
7.5000	240
7.5050	162
7.5100	112
7.5150	518
7.5200	509
7.5250	267
7.5300	164
7.5350	118
7.5400	497
7.5450	473
7.5500	234
7.5550	164
7.5600	98
7.5650	527
7.5700	521
7.5750	220
7.5800	165
7.5850	110
7.5900	533
7.5950	547
7.6000	239
7.6050	153
7.6100	89
7.6150	509
7.6200	495
7.6250	240
7.6300	175
7.6350	106
7.6400	504
7.6450	487
7.6500	246
7.6550	152
7.6600	118
7.6650	527
7.6700	490
7.6750	244
7.6800	169
7.6850	123
7.6900	521
7.6950	473
7.7000	243
7.7050	166
7.7100	101
7.7150	520
7.7200	506
7.7250	237
7.7300	160
7.7350	96
7.7400	478
7.7450	503
7.7500	240
7.7550	166
7.7600	102
7.7650	521
7.7700	506
7.7750	259
7.7800	170
7.7850	84
7.7900	503
7.7950	520
7.8000	245
7.8050	161
7.8100	91
7.8150	535
7.8200	534
7.8250	237
7.8300	159
7.8350	114
7.8400	565
7.8450	497
7.8500	236
7.8550	175
7.8600	110
7.8650	516
7.8700	488
7.8750	230
7.8800	174
7.8850	116
7.8900	536
7.8950	523
7.9000	242
7.9050	134
7.9100	88
7.9150	509
7.9200	510
7.9250	236
7.9300	147
7.9350	119
7.9400	548
7.9450	521
7.9500	256
7.9550	167
7.9600	110
7.9650	495
7.9700	481
7.9750	245
7.9800	180
7.9850	100
7.9900	486
7.9950	520
8.0000	234
8.0050	158
8.0100	118
8.0150	479
8.0200	494
8.0250	229
8.0300	163
8.0350	94
8.0400	531
8.0450	519
8.0500	216
8.0550	153
8.0600	90
8.0650	541
8.0700	461
8.0750	218
8.0800	157
8.0850	105
8.0900	467
8.0950	534
8.1000	237
8.1050	172
8.1100	98
8.1150	521
8.1200	477
8.1250	232
8.1300	145
8.1350	100
8.1400	505
8.1450	514
8.1500	233
8.1550	151
8.1600	92
8.1650	488
8.1700	524
8.1750	231
8.1800	184
8.1850	117
8.1900	508
8.1950	527
8.2000	238
8.2050	195
8.2100	98
8.2150	500
8.2200	491
8.2250	261
8.2300	173
8.2350	101
8.2400	490
8.2450	504
8.2500	237
8.2550	187
8.2600	133
8.2650	506
8.2700	537
8.2750	220
8.2800	140
8.2850	94
8.2900	533
8.2950	520
8.3000	251
8.3050	149
8.3100	112
8.3150	532
8.3200	509
8.3250	245
8.3300	167
8.3350	118
8.3400	509
8.3450	476
8.3500	222
8.3550	167
8.3600	93
8.3650	502
8.3700	513
8.3750	228
8.3800	170
8.3850	101
8.3900	519
8.3950	516
8.4000	220
8.4050	169
8.4100	134
8.4150	498
8.4200	487
8.4250	234
8.4300	160
8.4350	114
8.4400	522
8.4450	506
8.4500	251
8.4550	179
8.4600	130
8.4650	510
8.4700	518
8.4750	281
8.4800	167
8.4850	114
8.4900	537
8.4950	501
8.5000	235
8.5050	161
8.5100	102
8.5150	509
8.5200	549
8.5250	257
8.5300	182
8.5350	116
8.5400	496
8.5450	497
8.5500	242
8.5550	172
8.5600	119
8.5650	542
8.5700	484
8.5750	245
8.5800	188
8.5850	134
8.5900	530
8.5950	508
8.6000	261
8.6050	162
8.6100	142
8.6150	513
8.6200	493
8.6250	251
8.6300	193
8.6350	107
8.6400	499
8.6450	523
8.6500	241
8.6550	172
8.6600	131
8.6650	517
8.6700	492
8.6750	268
8.6800	194
8.6850	118
8.6900	515
8.6950	514
8.7000	235
8.7050	173
8.7100	118
8.7150	478
8.7200	506
8.7250	275
8.7300	198
8.7350	121
8.7400	514
8.7450	514
8.7500	278
8.7550	170
8.7600	130
8.7650	493
8.7700	483
8.7750	277
8.7800	178
8.7850	120
8.7900	513
8.7950	476
8.8000	270
8.8050	181
8.8100	124
8.8150	491
8.8200	487
8.8250	252
8.8300	195
8.8350	124
8.8400	464
8.8450	484
8.8500	226
8.8550	167
8.8600	111
8.8650	494
8.8700	506
8.8750	244
8.8800	197
8.8850	110
8.8900	483
8.8950	510
8.9000	266
8.9050	186
8.9100	126
8.9150	509
8.9200	500
8.9250	241
8.9300	170
8.9350	122
8.9400	489
8.9450	492
8.9500	228
8.9550	204
8.9600	123
8.9650	463
8.9700	491
8.9750	236
8.9800	182
8.9850	115
8.9900	491
8.9950	531
9.0000	223
9.0050	171
9.0100	122
9.0150	497
9.0200	496
9.0250	249
9.0300	180
9.0350	119
9.0400	522
9.0450	497
9.0500	249
9.0550	152
9.0600	131
9.0650	509
9.0700	480
9.0750	249
9.0800	182
9.0850	128
9.0900	491
9.0950	520
9.1000	221
9.1050	165
9.1100	124
9.1150	495
9.1200	504
9.1250	233
9.1300	202
9.1350	115
9.1400	499
9.1450	490
9.1500	241
9.1550	156
9.1600	113
9.1650	502
9.1700	492
9.1750	232
9.1800	163
9.1850	101
9.1900	472
9.1950	497
9.2000	257
9.2050	141
9.2100	95
9.2150	506
9.2200	480
9.2250	225
9.2300	182
9.2350	115
9.2400	462
9.2450	498
9.2500	259
9.2550	163
9.2600	99
9.2650	497
9.2700	535
9.2750	246
9.2800	160
9.2850	109
9.2900	501
9.2950	520
9.3000	214
9.3050	171
9.3100	101
9.3150	513
9.3200	489
9.3250	244
9.3300	171
9.3350	111
9.3400	507
9.3450	535
9.3500	232
9.3550	158
9.3600	108
9.3650	594
9.3700	513
9.3750	230
9.3800	174
9.3850	139
9.3900	505
9.3950	462
9.4000	246
9.4050	166
9.4100	111
9.4150	488
9.4200	545
9.4250	256
9.4300	188
9.4350	97
9.4400	504
9.4450	527
9.4500	242
9.4550	189
9.4600	109
9.4650	552
9.4700	487
9.4750	237
9.4800	180
9.4850	129
9.4900	504
9.4950	507
9.5000	252
9.5050	162
9.5100	97
9.5150	498
9.5200	518
9.5250	232
9.5300	172
9.5350	123
9.5400	491
9.5450	505
9.5500	232
9.5550	175
9.5600	102
9.5650	512
9.5700	515
9.5750	237
9.5800	203
9.5850	117
9.5900	489
9.5950	455
9.6000	233
9.6050	164
9.6100	110
9.6150	489
9.6200	491
9.6250	241
9.6300	187
9.6350	106
9.6400	496
9.6450	511
9.6500	241
9.6550	180
9.6600	120
9.6650	489
9.6700	514
9.6750	222
9.6800	192
9.6850	104
9.6900	495
9.6950	491
9.7000	246
9.7050	137
9.7100	110
9.7150	461
9.7200	508
9.7250	251
9.7300	182
9.7350	120
9.7400	493
9.7450	515
9.7500	233
9.7550	150
9.7600	99
9.7650	538
9.7700	504
9.7750	258
9.7800	179
9.7850	137
9.7900	485
9.7950	523
9.8000	251
9.8050	155
9.8100	107
9.8150	501
9.8200	510
9.8250	223
9.8300	164
9.8350	119
9.8400	477
9.8450	500
9.8500	253
9.8550	156
9.8600	95
9.8650	502
9.8700	499
9.8750	264
9.8800	151
9.8850	116
9.8900	531
9.8950	483
9.9000	230
9.9050	156
9.9100	113
9.9150	491
9.9200	503
9.9250	228
9.9300	177
9.9350	124
9.9400	492
9.9450	505
9.9500	240
9.9550	165
9.9600	115
9.9650	481
9.9700	485
9.9750	232
9.9800	187
9.9850	109
9.9900	519
9.9950	502
10.0000	252
10.0050	155
10.0100	99
10.0150	508
10.0200	514
10.0250	235
10.0300	167
10.0350	123
10.0400	527
10.0450	525
10.0500	248
10.0550	183
10.0600	114
10.0650	483
10.0700	498
10.0750	229
10.0800	153
10.0850	97
10.0900	501
10.0950	511
10.1000	226
10.1050	192
10.1100	97
10.1150	523
10.1200	496
10.1250	261
10.1300	172
10.1350	112
10.1400	497
10.1450	499
10.1500	246
10.1550	135
10.1600	111
10.1650	495
10.1700	508
10.1750	231
10.1800	169
10.1850	102
10.1900	488
10.1950	492
10.2000	232
10.2050	184
10.2100	107
10.2150	528
10.2200	489
10.2250	220
10.2300	146
10.2350	122
10.2400	479
10.2450	463
10.2500	229
10.2550	181
10.2600	97
10.2650	507
10.2700	519
10.2750	243
10.2800	171
10.2850	114
10.2900	502
10.2950	525
10.3000	253
10.3050	161
10.3100	95
10.3150	483
10.3200	494
10.3250	235
10.3300	160
10.3350	115
10.3400	485
10.3450	494
10.3500	237
10.3550	162
10.3600	98
10.3650	502
10.3700	506
10.3750	251
10.3800	175
10.3850	91
10.3900	507
10.3950	503
10.4000	220
10.4050	167
10.4100	127
10.4150	552
10.4200	507
10.4250	252
10.4300	163
10.4350	121
10.4400	508
10.4450	495
10.4500	230
10.4550	151
10.4600	113
10.4650	471
10.4700	530
10.4750	230
10.4800	182
10.4850	127
10.4900	489
10.4950	495
10.5000	242
10.5050	164
10.5100	102
10.5150	529
10.5200	529
10.5250	240
10.5300	161
10.5350	110
10.5400	507
10.5450	532
10.5500	242
10.5550	165
10.5600	115
10.5650	491
10.5700	508
10.5750	249
10.5800	185
10.5850	100
10.5900	499
10.5950	517
10.6000	260
10.6050	152
10.6100	105
10.6150	509
10.6200	488
10.6250	248
10.6300	175
10.6350	97
10.6400	490
10.6450	503
10.6500	264
10.6550	168
10.6600	120
10.6650	518
10.6700	523
10.6750	229
10.6800	171
10.6850	118
10.6900	464
10.6950	515
10.7000	275
10.7050	170
10.7100	108
10.7150	495
10.7200	509
10.7250	236
10.7300	157
10.7350	104
10.7400	514
10.7450	525
10.7500	222
10.7550	176
10.7600	96
10.7650	538
10.7700	522
10.7750	263
10.7800	173
10.7850	118
10.7900	500
10.7950	485
10.8000	231
10.8050	169
10.8100	103
10.8150	500
10.8200	497
10.8250	235
10.8300	159
10.8350	99
10.8400	493
10.8450	487
10.8500	249
10.8550	189
10.8600	113
10.8650	529
10.8700	479
10.8750	216
10.8800	167
10.8850	107
10.8900	496
10.8950	539
10.9000	235
10.9050	171
10.9100	109
10.9150	518
10.9200	458
10.9250	248
10.9300	167
10.9350	106
10.9400	528
10.9450	462
10.9500	244
10.9550	159
10.9600	89
10.9650	511
10.9700	537
10.9750	248
10.9800	168
10.9850	99
10.9900	510
10.9950	495
11.0000	250
11.0050	138
11.0100	116
11.0150	493
11.0200	519
11.0250	209
11.0300	157
11.0350	91
11.0400	488
11.0450	496
11.0500	246
11.0550	155
11.0600	108
11.0650	507
11.0700	483
11.0750	230
11.0800	133
11.0850	121
11.0900	480
11.0950	521
11.1000	224
11.1050	143
11.1100	97
11.1150	486
11.1200	522
11.1250	248
11.1300	153
11.1350	92
11.1400	530
11.1450	501
11.1500	230
11.1550	166
11.1600	111
11.1650	501
11.1700	500
11.1750	247
11.1800	157
11.1850	122
11.1900	521
11.1950	490
11.2000	240
11.2050	161
11.2100	116
11.2150	479
11.2200	501
11.2250	226
11.2300	158
11.2350	99
11.2400	484
11.2450	534
11.2500	241
11.2550	156
11.2600	108
11.2650	523
11.2700	500
11.2750	231
11.2800	164
11.2850	120
11.2900	551
11.2950	501
11.3000	221
11.3050	164
11.3100	122
11.3150	497
11.3200	498
11.3250	265
11.3300	177
11.3350	104
11.3400	482
11.3450	497
11.3500	224
11.3550	183
11.3600	104
11.3650	525
11.3700	508
11.3750	206
11.3800	173
11.3850	108
11.3900	530
11.3950	512
11.4000	237
11.4050	160
11.4100	119
11.4150	533
11.4200	523
11.4250	236
11.4300	163
11.4350	96
11.4400	532
11.4450	548
11.4500	238
11.4550	154
11.4600	107
11.4650	522
11.4700	518
11.4750	248
11.4800	154
11.4850	94
11.4900	512
11.4950	513
11.5000	231
11.5050	149
11.5100	102
11.5150	540
11.5200	438
11.5250	223
11.5300	154
11.5350	117
11.5400	506
11.5450	496
11.5500	240
11.5550	172
11.5600	100
11.5650	485
11.5700	505
11.5750	227
11.5800	149
11.5850	120
11.5900	537
11.5950	518
11.6000	227
11.6050	162
11.6100	105
11.6150	531
11.6200	480
11.6250	229
11.6300	186
11.6350	112
11.6400	509
11.6450	525
11.6500	231
11.6550	155
11.6600	91
11.6650	518
11.6700	454
11.6750	233
11.6800	168
11.6850	122
11.6900	480
11.6950	530
11.7000	259
11.7050	148
11.7100	115
11.7150	523
11.7200	480
11.7250	258
11.7300	153
11.7350	116
11.7400	536
11.7450	521
11.7500	229
11.7550	158
11.7600	95
11.7650	515
11.7700	479
11.7750	240
11.7800	174
11.7850	104
11.7900	518
11.7950	573
11.8000	223
11.8050	160
11.8100	116
11.8150	524
11.8200	509
11.8250	230
11.8300	153
11.8350	123
11.8400	499
11.8450	516
11.8500	227
11.8550	166
11.8600	115
11.8650	507
11.8700	503
11.8750	241
11.8800	155
11.8850	111
11.8900	502
11.8950	517
11.9000	213
11.9050	174
11.9100	98
11.9150	521
11.9200	509
11.9250	255
11.9300	169
11.9350	108
11.9400	465
11.9450	503
11.9500	256
11.9550	152
11.9600	81
11.9650	507
11.9700	503
11.9750	248
11.9800	163
11.9850	98
11.9900	506
11.9950	500
12.0000	217
12.0050	156
12.0100	100
12.0150	540
12.0200	506
12.0250	246
12.0300	146
12.0350	95
12.0400	532
12.0450	475
12.0500	217
12.0550	156
12.0600	104
12.0650	552
12.0700	517
12.0750	225
12.0800	160
12.0850	100
12.0900	502
12.0950	538
12.1000	207
12.1050	164
12.1100	87
12.1150	498
12.1200	524
12.1250	235
12.1300	160
12.1350	100
12.1400	493
12.1450	524
12.1500	250
12.1550	149
12.1600	112
12.1650	497
12.1700	522
12.1750	238
12.1800	152
12.1850	103
12.1900	504
12.1950	508
12.2000	238
12.2050	175
12.2100	99
12.2150	513
12.2200	493
12.2250	245
12.2300	166
12.2350	93
12.2400	508
12.2450	504
12.2500	219
12.2550	158
12.2600	103
12.2650	499
12.2700	464
12.2750	223
12.2800	163
12.2850	113
12.2900	528
12.2950	532
12.3000	199
12.3050	154
12.3100	111
12.3150	513
12.3200	515
12.3250	233
12.3300	164
12.3350	115
12.3400	550
12.3450	498
12.3500	244
12.3550	174
12.3600	120
12.3650	490
12.3700	520
12.3750	240
12.3800	152
12.3850	107
12.3900	530
12.3950	508
12.4000	227
12.4050	144
12.4100	104
12.4150	501
12.4200	505
12.4250	237
12.4300	163
12.4350	120
12.4400	471
12.4450	458
12.4500	258
12.4550	151
12.4600	118
12.4650	486
12.4700	512
12.4750	259
12.4800	147
12.4850	94
12.4900	524
12.4950	470
12.5000	236
12.5050	171
12.5100	108
12.5150	512
12.5200	507
12.5250	252
12.5300	159
12.5350	98
12.5400	522
12.5450	549
12.5500	235
12.5550	170
12.5600	118
12.5650	500
12.5700	499
12.5750	250
12.5800	155
12.5850	114
12.5900	503
12.5950	490
12.6000	227
12.6050	180
12.6100	108
12.6150	507
12.6200	496
12.6250	243
12.6300	184
12.6350	99
12.6400	498
12.6450	506
12.6500	229
12.6550	145
12.6600	107
12.6650	503
12.6700	505
12.6750	251
12.6800	167
12.6850	109
12.6900	508
12.6950	485
12.7000	239
12.7050	157
12.7100	88
12.7150	519
12.7200	488
12.7250	244
12.7300	182
12.7350	117
12.7400	507
12.7450	512
12.7500	254
12.7550	183
12.7600	96
12.7650	512
12.7700	483
12.7750	248
12.7800	162
12.7850	106
12.7900	510
12.7950	499
12.8000	242
12.8050	172
12.8100	114
12.8150	509
12.8200	503
12.8250	235
12.8300	173
12.8350	105
12.8400	516
12.8450	488
12.8500	246
12.8550	131
12.8600	95
12.8650	534
12.8700	481
12.8750	225
12.8800	169
12.8850	99
12.8900	484
12.8950	524
12.9000	232
12.9050	165
12.9100	94
12.9150	515
12.9200	534
12.9250	234
12.9300	175
12.9350	103
12.9400	472
12.9450	477
12.9500	235
12.9550	169
12.9600	106
12.9650	496
12.9700	506
12.9750	243
12.9800	145
12.9850	107
12.9900	513
12.9950	507
13.0000	221
13.0050	193
13.0100	107
13.0150	492
13.0200	485
13.0250	219
13.0300	163
13.0350	104
13.0400	466
13.0450	528
13.0500	244
13.0550	155
13.0600	112
13.0650	523
13.0700	542
13.0750	214
13.0800	149
13.0850	119
13.0900	496
13.0950	492
13.1000	247
13.1050	151
13.1100	106
13.1150	538
13.1200	504
13.1250	253
13.1300	168
13.1350	129
13.1400	498
13.1450	533
13.1500	229
13.1550	138
13.1600	120
13.1650	476
13.1700	492
13.1750	239
13.1800	174
13.1850	93
13.1900	571
13.1950	517
13.2000	240
13.2050	155
13.2100	113
13.2150	518
13.2200	501
13.2250	205
13.2300	172
13.2350	104
13.2400	515
13.2450	536
13.2500	229
13.2550	165
13.2600	118
13.2650	461
13.2700	454
13.2750	242
13.2800	166
13.2850	94
13.2900	510
13.2950	479
13.3000	226
13.3050	155
13.3100	102
13.3150	528
13.3200	520
13.3250	247
13.3300	174
13.3350	107
13.3400	489
13.3450	531
13.3500	243
13.3550	143
13.3600	121
13.3650	506
13.3700	531
13.3750	232
13.3800	171
13.3850	107
13.3900	472
13.3950	552
13.4000	221
13.4050	179
13.4100	106
13.4150	525
13.4200	514
13.4250	231
13.4300	149
13.4350	118
13.4400	541
13.4450	487
13.4500	230
13.4550	174
13.4600	112
13.4650	535
13.4700	494
13.4750	257
13.4800	172
13.4850	97
13.4900	511
13.4950	495
13.5000	216
13.5050	156
13.5100	126
13.5150	493
13.5200	520
13.5250	201
13.5300	163
13.5350	94
13.5400	497
13.5450	520
13.5500	241
13.5550	166
13.5600	100
13.5650	483
13.5700	493
13.5750	247
13.5800	156
13.5850	111
13.5900	491
13.5950	502
13.6000	233
13.6050	149
13.6100	93
13.6150	532
13.6200	487
13.6250	236
13.6300	169
13.6350	85
13.6400	496
13.6450	506
13.6500	211
13.6550	158
13.6600	110
13.6650	503
13.6700	449
13.6750	246
13.6800	151
13.6850	123
13.6900	480
13.6950	489
13.7000	231
13.7050	166
13.7100	87
13.7150	495
13.7200	510
13.7250	238
13.7300	156
13.7350	112
13.7400	491
13.7450	475
13.7500	236
13.7550	171
13.7600	106
13.7650	489
13.7700	485
13.7750	245
13.7800	149
13.7850	101
13.7900	527
13.7950	471
13.8000	216
13.8050	159
13.8100	100
13.8150	541
13.8200	551
13.8250	268
13.8300	161
13.8350	103
13.8400	513
13.8450	500
13.8500	230
13.8550	163
13.8600	123
13.8650	495
13.8700	547
13.8750	230
13.8800	153
13.8850	99
13.8900	496
13.8950	484
13.9000	217
13.9050	156
13.9100	100
13.9150	492
13.9200	483
13.9250	213
13.9300	170
13.9350	115
13.9400	482
13.9450	568
13.9500	199
13.9550	152
13.9600	99
13.9650	526
13.9700	514
13.9750	236
13.9800	171
13.9850	99
13.9900	490
13.9950	502
14.0000	212
14.0050	172
14.0100	107
14.0150	502
14.0200	480
14.0250	232
14.0300	144
14.0350	94
14.0400	553
14.0450	476
14.0500	235
14.0550	161
14.0600	114
14.0650	497
14.0700	525
14.0750	252
14.0800	147
14.0850	104
14.0900	493
14.0950	475
14.1000	227
14.1050	160
14.1100	103
14.1150	532
14.1200	505
14.1250	208
14.1300	154
14.1350	103
14.1400	525
14.1450	541
14.1500	234
14.1550	151
14.1600	112
14.1650	518
14.1700	510
14.1750	259
14.1800	169
14.1850	123
14.1900	516
14.1950	523
14.2000	233
14.2050	159
14.2100	118
14.2150	502
14.2200	524
14.2250	234
14.2300	155
14.2350	108
14.2400	484
14.2450	510
14.2500	198
14.2550	169
14.2600	113
14.2650	509
14.2700	525
14.2750	236
14.2800	169
14.2850	101
14.2900	502
14.2950	487
14.3000	219
14.3050	173
14.3100	107
14.3150	500
14.3200	513
14.3250	249
14.3300	168
14.3350	108
14.3400	525
14.3450	521
14.3500	248
14.3550	190
14.3600	102
14.3650	499
14.3700	501
14.3750	222
14.3800	152
14.3850	105
14.3900	448
14.3950	496
14.4000	244
14.4050	150
14.4100	82
14.4150	510
14.4200	505
14.4250	236
14.4300	198
14.4350	109
14.4400	492
14.4450	535
14.4500	246
14.4550	181
14.4600	101
14.4650	501
14.4700	534
14.4750	238
14.4800	166
14.4850	104
14.4900	482
14.4950	512
14.5000	214
14.5050	164
14.5100	120
14.5150	482
14.5200	498
14.5250	231
14.5300	161
14.5350	100
14.5400	488
14.5450	490
14.5500	255
14.5550	151
14.5600	98
14.5650	506
14.5700	453
14.5750	225
14.5800	147
14.5850	88
14.5900	484
14.5950	494
14.6000	239
14.6050	165
14.6100	105
14.6150	488
14.6200	484
14.6250	255
14.6300	146
14.6350	118
14.6400	501
14.6450	541
14.6500	239
14.6550	178
14.6600	95
14.6650	492
14.6700	510
14.6750	249
14.6800	161
14.6850	118
14.6900	516
14.6950	480
14.7000	236
14.7050	164
14.7100	123
14.7150	507
14.7200	556
14.7250	252
14.7300	169
14.7350	105
14.7400	476
14.7450	491
14.7500	228
14.7550	156
14.7600	108
14.7650	514
14.7700	512
14.7750	226
14.7800	150
14.7850	90
14.7900	517
14.7950	534
14.8000	230
14.8050	158
14.8100	104
14.8150	467
14.8200	501
14.8250	236
14.8300	166
14.8350	105
14.8400	481
14.8450	480
14.8500	246
14.8550	167
14.8600	106
14.8650	492
14.8700	553
14.8750	237
14.8800	181
14.8850	94
14.8900	529
14.8950	489
14.9000	252
14.9050	166
14.9100	104
14.9150	463
14.9200	528
14.9250	239
14.9300	147
14.9350	131
14.9400	504
14.9450	521
14.9500	222
14.9550	157
14.9600	106
14.9650	545
14.9700	492
14.9750	225
14.9800	179
14.9850	103
14.9900	497
14.9950	511
15.0000	221
15.0050	189
15.0100	97
15.0150	521
15.0200	524
15.0250	218
15.0300	159
15.0350	118
15.0400	500
15.0450	514
15.0500	217
15.0550	157
15.0600	105
15.0650	532
15.0700	528
15.0750	228
15.0800	166
15.0850	95
15.0900	493
15.0950	480
15.1000	251
15.1050	162
15.1100	101
15.1150	521
15.1200	523
15.1250	252
15.1300	169
15.1350	99
15.1400	514
15.1450	504
15.1500	223
15.1550	158
15.1600	97
15.1650	517
15.1700	488
15.1750	245
15.1800	182
15.1850	122
15.1900	522
15.1950	514
15.2000	206
15.2050	160
15.2100	105
15.2150	489
15.2200	488
15.2250	211
15.2300	163
15.2350	103
15.2400	487
15.2450	468
15.2500	236
15.2550	159
15.2600	108
15.2650	527
15.2700	513
15.2750	243
15.2800	169
15.2850	102
15.2900	529
15.2950	505
15.3000	238
15.3050	152
15.3100	107
15.3150	482
15.3200	541
15.3250	241
15.3300	171
15.3350	119
15.3400	516
15.3450	510
15.3500	232
15.3550	155
15.3600	97
15.3650	510
15.3700	537
15.3750	223
15.3800	169
15.3850	95
15.3900	465
15.3950	533
15.4000	251
15.4050	151
15.4100	101
15.4150	532
15.4200	486
15.4250	229
15.4300	159
15.4350	118
15.4400	501
15.4450	528
15.4500	221
15.4550	147
15.4600	106
15.4650	518
15.4700	530
15.4750	224
15.4800	159
15.4850	106
15.4900	511
15.4950	496
15.5000	237
15.5050	144
15.5100	99
15.5150	519
15.5200	503
15.5250	249
15.5300	163
15.5350	91
15.5400	509
15.5450	518
15.5500	237
15.5550	156
15.5600	104
15.5650	484
15.5700	484
15.5750	244
15.5800	152
15.5850	134
15.5900	522
15.5950	528
15.6000	239
15.6050	179
15.6100	105
15.6150	493
15.6200	551
15.6250	238
15.6300	164
15.6350	115
15.6400	488
15.6450	511
15.6500	244
15.6550	167
15.6600	98
15.6650	483
15.6700	525
15.6750	233
15.6800	164
15.6850	103
15.6900	505
15.6950	492
15.7000	240
15.7050	146
15.7100	117
15.7150	506
15.7200	470
15.7250	212
15.7300	160
15.7350	97
15.7400	492
15.7450	537
15.7500	233
15.7550	187
15.7600	116
15.7650	520
15.7700	467
15.7750	220
15.7800	140
15.7850	101
15.7900	521
15.7950	493
15.8000	233
15.8050	166
15.8100	104
15.8150	486
15.8200	514
15.8250	249
15.8300	173
15.8350	91
15.8400	471
15.8450	485
15.8500	219
15.8550	146
15.8600	87
15.8650	510
15.8700	533
15.8750	227
15.8800	151
15.8850	129
15.8900	528
15.8950	480
15.9000	244
15.9050	155
15.9100	100
15.9150	507
15.9200	475
15.9250	238
15.9300	160
15.9350	115
15.9400	495
15.9450	494
15.9500	238
15.9550	155
15.9600	118
15.9650	469
15.9700	526
15.9750	218
15.9800	182
15.9850	106
15.9900	491
15.9950	469
16.0000	238
16.0050	162
16.0100	102
16.0150	508
16.0200	501
16.0250	241
16.0300	166
16.0350	101
16.0400	481
16.0450	494
16.0500	249
16.0550	132
16.0600	104
16.0650	466
16.0700	529
16.0750	228
16.0800	166
16.0850	99
16.0900	502
16.0950	479
16.1000	251
16.1050	148
16.1100	117
16.1150	508
16.1200	494
16.1250	219
16.1300	146
16.1350	122
16.1400	485
16.1450	521
16.1500	232
16.1550	153
16.1600	107
16.1650	534
16.1700	505
16.1750	231
16.1800	173
16.1850	122
16.1900	501
16.1950	502
16.2000	212
16.2050	160
16.2100	112
16.2150	491
16.2200	511
16.2250	235
16.2300	159
16.2350	93
16.2400	496
16.2450	514
16.2500	233
16.2550	164
16.2600	98
16.2650	506
16.2700	483
16.2750	218
16.2800	160
16.2850	98
16.2900	498
16.2950	481
16.3000	222
16.3050	158
16.3100	97
16.3150	529
16.3200	489
16.3250	248
16.3300	155
16.3350	101
16.3400	493
16.3450	476
16.3500	257
16.3550	156
16.3600	90
16.3650	493
16.3700	535
16.3750	242
16.3800	168
16.3850	100
16.3900	527
16.3950	499
16.4000	228
16.4050	160
16.4100	110
16.4150	488
16.4200	447
16.4250	215
16.4300	179
16.4350	105
16.4400	462
16.4450	473
16.4500	223
16.4550	184
16.4600	121
16.4650	513
16.4700	503
16.4750	255
16.4800	164
16.4850	103
16.4900	529
16.4950	514
16.5000	241
16.5050	150
16.5100	84
16.5150	512
16.5200	450
16.5250	217
16.5300	145
16.5350	98
16.5400	465
16.5450	505
16.5500	225
16.5550	161
16.5600	107
16.5650	493
16.5700	506
16.5750	225
16.5800	170
16.5850	106
16.5900	513
16.5950	513
16.6000	265
16.6050	150
16.6100	104
16.6150	524
16.6200	483
16.6250	240
16.6300	183
16.6350	91
16.6400	511
16.6450	506
16.6500	247
16.6550	150
16.6600	105
16.6650	497
16.6700	516
16.6750	211
16.6800	164
16.6850	115
16.6900	530
16.6950	471
16.7000	224
16.7050	168
16.7100	103
16.7150	507
16.7200	566
16.7250	256
16.7300	144
16.7350	96
16.7400	514
16.7450	498
16.7500	225
16.7550	143
16.7600	107
16.7650	507
16.7700	506
16.7750	280
16.7800	151
16.7850	113
16.7900	482
16.7950	511
16.8000	228
16.8050	139
16.8100	95
16.8150	489
16.8200	545
16.8250	239
16.8300	163
16.8350	77
16.8400	495
16.8450	470
16.8500	226
16.8550	145
16.8600	105
16.8650	476
16.8700	502
16.8750	229
16.8800	163
16.8850	104
16.8900	475
16.8950	504
16.9000	243
16.9050	181
16.9100	94
16.9150	458
16.9200	512
16.9250	251
16.9300	150
16.9350	99
16.9400	472
16.9450	494
16.9500	231
16.9550	155
16.9600	111
16.9650	466
16.9700	516
16.9750	208
16.9800	154
16.9850	104
16.9900	510
16.9950	521
17.0000	227
17.0050	164
17.0100	118
17.0150	499
17.0200	497
17.0250	219
17.0300	149
17.0350	82
17.0400	512
17.0450	529
17.0500	233
17.0550	174
17.0600	75
17.0650	498
17.0700	478
17.0750	190
17.0800	146
17.0850	97
17.0900	502
17.0950	496
17.1000	245
17.1050	149
17.1100	99
17.1150	499
17.1200	498
17.1250	249
17.1300	133
17.1350	97
17.1400	495
17.1450	535
17.1500	216
17.1550	164
17.1600	96
17.1650	544
17.1700	486
17.1750	237
17.1800	174
17.1850	98
17.1900	519
17.1950	488
17.2000	234
17.2050	171
17.2100	107
17.2150	482
17.2200	522
17.2250	207
17.2300	156
17.2350	107
17.2400	467
17.2450	512
17.2500	236
17.2550	159
17.2600	111
17.2650	507
17.2700	515
17.2750	249
17.2800	141
17.2850	89
17.2900	491
17.2950	506
17.3000	218
17.3050	157
17.3100	105
17.3150	518
17.3200	538
17.3250	217
17.3300	155
17.3350	111
17.3400	504
17.3450	511
17.3500	246
17.3550	149
17.3600	105
17.3650	488
17.3700	491
17.3750	237
17.3800	170
17.3850	105
17.3900	494
17.3950	541
17.4000	234
17.4050	165
17.4100	117
17.4150	464
17.4200	495
17.4250	248
17.4300	148
17.4350	116
17.4400	499
17.4450	471
17.4500	248
17.4550	154
17.4600	105
17.4650	501
17.4700	531
17.4750	236
17.4800	172
17.4850	98
17.4900	484
17.4950	542
17.5000	236
17.5050	145
17.5100	100
17.5150	495
17.5200	542
17.5250	238
17.5300	149
17.5350	100
17.5400	548
17.5450	510
17.5500	243
17.5550	169
17.5600	104
17.5650	497
17.5700	482
17.5750	235
17.5800	146
17.5850	80
17.5900	498
17.5950	527
17.6000	222
17.6050	162
17.6100	105
17.6150	531
17.6200	508
17.6250	243
17.6300	140
17.6350	111
17.6400	516
17.6450	522
17.6500	242
17.6550	149
17.6600	108
17.6650	493
17.6700	471
17.6750	238
17.6800	148
17.6850	109
17.6900	494
17.6950	462
17.7000	239
17.7050	130
17.7100	102
17.7150	496
17.7200	499
17.7250	228
17.7300	142
17.7350	100
17.7400	495
17.7450	505
17.7500	246
17.7550	150
17.7600	100
17.7650	482
17.7700	489
17.7750	213
17.7800	168
17.7850	105
17.7900	505
17.7950	522
17.8000	219
17.8050	171
17.8100	92
17.8150	515
17.8200	481
17.8250	232
17.8300	155
17.8350	91
17.8400	504
17.8450	504
17.8500	229
17.8550	157
17.8600	111
17.8650	523
17.8700	513
17.8750	227
17.8800	157
17.8850	96
17.8900	497
17.8950	535
17.9000	195
17.9050	138
17.9100	105
17.9150	526
17.9200	474
17.9250	185
17.9300	156
17.9350	97
17.9400	517
17.9450	507
17.9500	237
17.9550	149
17.9600	99
17.9650	497
17.9700	519
17.9750	251
17.9800	142
17.9850	111
17.9900	525
17.9950	516
18.0000	228
18.0050	161
18.0100	105
18.0150	463
18.0200	508
18.0250	219
18.0300	149
18.0350	100
18.0400	521
18.0450	530
18.0500	240
18.0550	156
18.0600	120
18.0650	495
18.0700	500
18.0750	224
18.0800	158
18.0850	111
18.0900	507
18.0950	501
18.1000	257
18.1050	148
18.1100	105
18.1150	488
18.1200	501
18.1250	206
18.1300	155
18.1350	104
18.1400	532
18.1450	476
18.1500	260
18.1550	153
18.1600	100
18.1650	501
18.1700	508
18.1750	210
18.1800	175
18.1850	109
18.1900	524
18.1950	519
18.2000	241
18.2050	167
18.2100	103
18.2150	496
18.2200	488
18.2250	228
18.2300	148
18.2350	109
18.2400	504
18.2450	516
18.2500	235
18.2550	148
18.2600	114
18.2650	489
18.2700	498
18.2750	251
18.2800	172
18.2850	103
18.2900	494
18.2950	482
18.3000	218
18.3050	163
18.3100	87
18.3150	508
18.3200	494
18.3250	244
18.3300	188
18.3350	91
18.3400	490
18.3450	507
18.3500	239
18.3550	170
18.3600	116
18.3650	485
18.3700	469
18.3750	239
18.3800	152
18.3850	105
18.3900	488
18.3950	497
18.4000	233
18.4050	175
18.4100	106
18.4150	484
18.4200	521
18.4250	228
18.4300	155
18.4350	115
18.4400	495
18.4450	466
18.4500	224
18.4550	168
18.4600	123
18.4650	496
18.4700	498
18.4750	206
18.4800	138
18.4850	122
18.4900	502
18.4950	518
18.5000	213
18.5050	167
18.5100	115
18.5150	526
18.5200	499
18.5250	235
18.5300	162
18.5350	105
18.5400	491
18.5450	514
18.5500	256
18.5550	165
18.5600	90
18.5650	479
18.5700	531
18.5750	216
18.5800	151
18.5850	94
18.5900	489
18.5950	495
18.6000	234
18.6050	180
18.6100	80
18.6150	481
18.6200	534
18.6250	243
18.6300	163
18.6350	111
18.6400	508
18.6450	462
18.6500	229
18.6550	145
18.6600	105
18.6650	524
18.6700	533
18.6750	198
18.6800	149
18.6850	105
18.6900	484
18.6950	536
18.7000	223
18.7050	157
18.7100	89
18.7150	518
18.7200	481
18.7250	209
18.7300	148
18.7350	107
18.7400	471
18.7450	488
18.7500	218
18.7550	151
18.7600	90
18.7650	491
18.7700	476
18.7750	244
18.7800	175
18.7850	104
18.7900	506
18.7950	520
18.8000	244
18.8050	161
18.8100	109
18.8150	483
18.8200	498
18.8250	235
18.8300	172
18.8350	100
18.8400	526
18.8450	505
18.8500	229
18.8550	127
18.8600	100
18.8650	461
18.8700	492
18.8750	227
18.8800	141
18.8850	109
18.8900	491
18.8950	508
18.9000	223
18.9050	142
18.9100	123
18.9150	518
18.9200	525
18.9250	213
18.9300	152
18.9350	82
18.9400	483
18.9450	501
18.9500	228
18.9550	162
18.9600	93
18.9650	474
18.9700	526
18.9750	222
18.9800	147
18.9850	89
18.9900	538
18.9950	516
19.0000	230
19.0050	166
19.0100	90
19.0150	510
19.0200	516
19.0250	231
19.0300	139
19.0350	116
19.0400	471
19.0450	506
19.0500	236
19.0550	153
19.0600	110
19.0650	497
19.0700	475
19.0750	228
19.0800	159
19.0850	94
19.0900	500
19.0950	499
19.1000	219
19.1050	168
19.1100	100
19.1150	509
19.1200	483
19.1250	246
19.1300	158
19.1350	114
19.1400	510
19.1450	480
19.1500	214
19.1550	161
19.1600	106
19.1650	511
19.1700	500
19.1750	206
19.1800	161
19.1850	95
19.1900	510
19.1950	518
19.2000	224
19.2050	153
19.2100	104
19.2150	516
19.2200	434
19.2250	215
19.2300	154
19.2350	107
19.2400	500
19.2450	500
19.2500	216
19.2550	158
19.2600	91
19.2650	503
19.2700	508
19.2750	213
19.2800	167
19.2850	97
19.2900	505
19.2950	518
19.3000	228
19.3050	135
19.3100	112
19.3150	468
19.3200	508
19.3250	224
19.3300	139
19.3350	93
19.3400	536
19.3450	452
19.3500	206
19.3550	158
19.3600	103
19.3650	510
19.3700	530
19.3750	242
19.3800	153
19.3850	91
19.3900	497
19.3950	510
19.4000	232
19.4050	149
19.4100	98
19.4150	511
19.4200	513
19.4250	208
19.4300	151
19.4350	97
19.4400	520
19.4450	515
19.4500	245
19.4550	164
19.4600	80
19.4650	510
19.4700	514
19.4750	245
19.4800	159
19.4850	104
19.4900	532
19.4950	510
19.5000	235
19.5050	132
19.5100	83
19.5150	528
19.5200	502
19.5250	222
19.5300	154
19.5350	92
19.5400	493
19.5450	498
19.5500	228
19.5550	144
19.5600	97
19.5650	482
19.5700	508
19.5750	253
19.5800	138
19.5850	103
19.5900	507
19.5950	515
19.6000	235
19.6050	152
19.6100	99
19.6150	492
19.6200	485
19.6250	210
19.6300	142
19.6350	86
19.6400	498
19.6450	525
19.6500	212
19.6550	160
19.6600	119
19.6650	498
19.6700	523
19.6750	213
19.6800	160
19.6850	103
19.6900	517
19.6950	519
19.7000	227
19.7050	171
19.7100	97
19.7150	471
19.7200	507
19.7250	228
19.7300	161
19.7350	67
19.7400	492
19.7450	461
19.7500	213
19.7550	170
19.7600	110
19.7650	502
19.7700	526
19.7750	231
19.7800	138
19.7850	95
19.7900	487
19.7950	553
19.8000	205
19.8050	153
19.8100	92
19.8150	473
19.8200	519
19.8250	236
19.8300	162
19.8350	94
19.8400	491
19.8450	532
19.8500	236
19.8550	163
19.8600	101
19.8650	516
19.8700	489
19.8750	230
19.8800	151
19.8850	100
19.8900	490
19.8950	504
19.9000	221
19.9050	143
19.9100	97
19.9150	525
19.9200	501
19.9250	202
19.9300	170
19.9350	100
19.9400	522
19.9450	500
19.9500	248
19.9550	139
19.9600	89
19.9650	464
19.9700	503
19.9750	224
19.9800	175
19.9850	93
19.9900	479
19.9950	508
