0.0000	321
0.0050	480
0.0100	222
0.0150	491
0.0200	185
0.0250	524
0.0300	186
0.0350	482
0.0400	191
0.0450	459
0.0500	160
0.0550	502
0.0600	204
0.0650	521
0.0700	187
0.0750	521
0.0800	194
0.0850	534
0.0900	185
0.0950	496
0.1000	162
0.1050	505
0.1100	154
0.1150	486
0.1200	175
0.1250	503
0.1300	171
0.1350	480
0.1400	182
0.1450	529
0.1500	167
0.1550	512
0.1600	158
0.1650	478
0.1700	167
0.1750	500
0.1800	194
0.1850	489
0.1900	169
0.1950	533
0.2000	201
0.2050	491
0.2100	187
0.2150	508
0.2200	190
0.2250	511
0.2300	172
0.2350	491
0.2400	188
0.2450	499
0.2500	172
0.2550	504
0.2600	193
0.2650	517
0.2700	178
0.2750	501
0.2800	178
0.2850	502
0.2900	194
0.2950	493
0.3000	197
0.3050	491
0.3100	182
0.3150	491
0.3200	178
0.3250	482
0.3300	185
0.3350	475
0.3400	207
0.3450	487
0.3500	189
0.3550	519
0.3600	178
0.3650	462
0.3700	171
0.3750	501
0.3800	201
0.3850	504
0.3900	205
0.3950	472
0.4000	173
0.4050	479
0.4100	193
0.4150	463
0.4200	186
0.4250	525
0.4300	155
0.4350	517
0.4400	166
0.4450	520
0.4500	184
0.4550	495
0.4600	183
0.4650	485
0.4700	170
0.4750	490
0.4800	175
0.4850	509
0.4900	162
0.4950	489
0.5000	179
0.5050	480
0.5100	163
0.5150	468
0.5200	186
0.5250	453
0.5300	192
0.5350	496
0.5400	172
0.5450	478
0.5500	157
0.5550	491
0.5600	187
0.5650	476
0.5700	185
0.5750	502
0.5800	176
0.5850	501
0.5900	203
0.5950	483
0.6000	183
0.6050	492
0.6100	183
0.6150	492
0.6200	179
0.6250	495
0.6300	168
0.6350	512
0.6400	189
0.6450	526
0.6500	171
0.6550	503
0.6600	160
0.6650	471
0.6700	191
0.6750	494
0.6800	163
0.6850	456
0.6900	181
0.6950	467
0.7000	171
0.7050	487
0.7100	164
0.7150	439
0.7200	184
0.7250	483
0.7300	180
0.7350	515
0.7400	152
0.7450	517
0.7500	166
0.7550	497
0.7600	172
0.7650	521
0.7700	177
0.7750	498
0.7800	165
0.7850	453
0.7900	152
0.7950	473
0.8000	162
0.8050	522
0.8100	165
0.8150	478
0.8200	191
0.8250	488
0.8300	169
0.8350	517
0.8400	180
0.8450	467
0.8500	171
0.8550	527
0.8600	188
0.8650	460
0.8700	181
0.8750	458
0.8800	160
0.8850	491
0.8900	165
0.8950	482
0.9000	187
0.9050	525
0.9100	184
0.9150	540
0.9200	168
0.9250	487
0.9300	157
0.9350	487
0.9400	184
0.9450	473
0.9500	178
0.9550	525
0.9600	168
0.9650	504
0.9700	156
0.9750	479
0.9800	193
0.9850	518
0.9900	170
0.9950	494
1.0000	179
1.0050	484
1.0100	181
1.0150	497
1.0200	169
1.0250	489
1.0300	163
1.0350	470
1.0400	183
1.0450	497
1.0500	162
1.0550	458
1.0600	159
1.0650	506
1.0700	157
1.0750	488
1.0800	152
1.0850	506
1.0900	172
1.0950	498
1.1000	157
1.1050	471
1.1100	180
1.1150	513
1.1200	190
1.1250	492
1.1300	172
1.1350	496
1.1400	187
1.1450	511
1.1500	166
1.1550	499
1.1600	161
1.1650	480
1.1700	172
1.1750	479
1.1800	167
1.1850	477
1.1900	163
1.1950	455
1.2000	182
1.2050	474
1.2100	175
1.2150	495
1.2200	178
1.2250	491
1.2300	174
1.2350	505
1.2400	167
1.2450	498
1.2500	171
1.2550	530
1.2600	173
1.2650	522
1.2700	184
1.2750	498
1.2800	181
1.2850	522
1.2900	177
1.2950	427
1.3000	182
1.3050	525
1.3100	203
1.3150	499
1.3200	161
1.3250	474
1.3300	169
1.3350	483
1.3400	171
1.3450	460
1.3500	181
1.3550	509
1.3600	183
1.3650	443
1.3700	152
1.3750	493
1.3800	168
1.3850	518
1.3900	167
1.3950	491
1.4000	171
1.4050	472
1.4100	172
1.4150	502
1.4200	181
1.4250	481
1.4300	179
1.4350	502
1.4400	174
1.4450	494
1.4500	155
1.4550	459
1.4600	176
1.4650	515
1.4700	187
1.4750	512
1.4800	152
1.4850	491
1.4900	158
1.4950	494
1.5000	178
1.5050	489
1.5100	186
1.5150	485
1.5200	189
1.5250	501
1.5300	162
1.5350	475
1.5400	169
1.5450	449
1.5500	183
1.5550	521
1.5600	173
1.5650	493
1.5700	162
1.5750	464
1.5800	183
1.5850	524
1.5900	188
1.5950	496
1.6000	186
1.6050	494
1.6100	183
1.6150	528
1.6200	177
1.6250	498
1.6300	193
1.6350	467
1.6400	177
1.6450	494
1.6500	175
1.6550	482
1.6600	161
1.6650	531
1.6700	176
1.6750	495
1.6800	171
1.6850	488
1.6900	183
1.6950	510
1.7000	173
1.7050	452
1.7100	183
1.7150	490
1.7200	174
1.7250	520
1.7300	180
1.7350	504
1.7400	185
1.7450	494
1.7500	143
1.7550	475
1.7600	180
1.7650	501
1.7700	188
1.7750	529
1.7800	188
1.7850	442
1.7900	162
1.7950	510
1.8000	175
1.8050	487
1.8100	162
1.8150	480
1.8200	165
1.8250	513
1.8300	185
1.8350	446
1.8400	182
1.8450	469
1.8500	191
1.8550	474
1.8600	147
1.8650	463
1.8700	183
1.8750	485
1.8800	157
1.8850	518
1.8900	163
1.8950	494
1.9000	180
1.9050	478
1.9100	190
1.9150	491
1.9200	173
1.9250	490
1.9300	191
1.9350	492
1.9400	192
1.9450	499
1.9500	171
1.9550	483
1.9600	175
1.9650	475
1.9700	164
1.9750	503
1.9800	172
1.9850	492
1.9900	180
1.9950	472
2.0000	175
2.0050	498
2.0100	161
2.0150	468
2.0200	171
2.0250	484
2.0300	176
2.0350	502
2.0400	167
2.0450	513
2.0500	161
2.0550	493
2.0600	178
2.0650	493
2.0700	155
2.0750	430
2.0800	153
2.0850	505
2.0900	194
2.0950	479
2.1000	155
2.1050	491
2.1100	165
2.1150	475
2.1200	172
2.1250	499
2.1300	189
2.1350	463
2.1400	184
2.1450	496
2.1500	163
2.1550	471
2.1600	160
2.1650	492
2.1700	176
2.1750	468
2.1800	177
2.1850	507
2.1900	176
2.1950	513
2.2000	206
2.2050	520
2.2100	185
2.2150	497
2.2200	179
2.2250	475
2.2300	169
2.2350	472
2.2400	205
2.2450	514
2.2500	159
2.2550	465
2.2600	160
2.2650	530
2.2700	173
2.2750	475
2.2800	200
2.2850	508
2.2900	152
2.2950	516
2.3000	182
2.3050	512
2.3100	151
2.3150	493
2.3200	178
2.3250	546
2.3300	177
2.3350	530
2.3400	168
2.3450	483
2.3500	202
2.3550	483
2.3600	163
2.3650	484
2.3700	180
2.3750	489
2.3800	184
2.3850	499
2.3900	152
2.3950	489
2.4000	170
2.4050	498
2.4100	174
2.4150	455
2.4200	175
2.4250	468
2.4300	150
2.4350	512
2.4400	172
2.4450	502
2.4500	156
2.4550	502
2.4600	177
2.4650	496
2.4700	182
2.4750	502
2.4800	148
2.4850	515
2.4900	173
2.4950	492
2.5000	172
2.5050	506
2.5100	167
2.5150	452
2.5200	161
2.5250	509
2.5300	158
2.5350	460
2.5400	177
2.5450	492
2.5500	168
2.5550	514
2.5600	179
2.5650	517
2.5700	165
2.5750	544
2.5800	189
2.5850	514
2.5900	146
2.5950	499
2.6000	164
2.6050	503
2.6100	182
2.6150	497
2.6200	175
2.6250	499
2.6300	190
2.6350	508
2.6400	168
2.6450	486
2.6500	151
2.6550	502
2.6600	181
2.6650	506
2.6700	166
2.6750	462
2.6800	172
2.6850	486
2.6900	172
2.6950	507
2.7000	170
2.7050	492
2.7100	159
2.7150	488
2.7200	171
2.7250	500
2.7300	170
2.7350	462
2.7400	158
2.7450	507
2.7500	180
2.7550	474
2.7600	161
2.7650	512
2.7700	195
2.7750	469
2.7800	155
2.7850	469
2.7900	142
2.7950	492
2.8000	176
2.8050	505
2.8100	173
2.8150	478
2.8200	189
2.8250	511
2.8300	191
2.8350	499
2.8400	193
2.8450	473
2.8500	169
2.8550	468
2.8600	170
2.8650	467
2.8700	169
2.8750	468
2.8800	170
2.8850	482
2.8900	159
2.8950	527
2.9000	154
2.9050	511
2.9100	182
2.9150	463
2.9200	173
2.9250	506
2.9300	168
2.9350	477
2.9400	154
2.9450	499
2.9500	178
2.9550	494
2.9600	202
2.9650	484
2.9700	174
2.9750	486
2.9800	165
2.9850	464
2.9900	167
2.9950	493
3.0000	162
3.0050	485
3.0100	169
3.0150	468
3.0200	183
3.0250	505
3.0300	150
3.0350	474
3.0400	148
3.0450	507
3.0500	153
3.0550	521
3.0600	158
3.0650	480
3.0700	158
3.0750	453
3.0800	172
3.0850	490
3.0900	182
3.0950	466
3.1000	192
3.1050	498
3.1100	176
3.1150	471
3.1200	183
3.1250	482
3.1300	199
3.1350	489
3.1400	157
3.1450	460
3.1500	164
3.1550	490
3.1600	176
3.1650	478
3.1700	167
3.1750	503
3.1800	178
3.1850	541
3.1900	161
3.1950	508
3.2000	181
3.2050	481
3.2100	165
3.2150	491
3.2200	165
3.2250	504
3.2300	185
3.2350	512
3.2400	162
3.2450	502
3.2500	177
3.2550	466
3.2600	164
3.2650	560
3.2700	175
3.2750	470
3.2800	211
3.2850	493
3.2900	128
3.2950	463
3.3000	172
3.3050	508
3.3100	169
3.3150	481
3.3200	163
3.3250	538
3.3300	159
3.3350	496
3.3400	177
3.3450	515
3.3500	171
3.3550	480
3.3600	165
3.3650	506
3.3700	183
3.3750	498
3.3800	169
3.3850	507
3.3900	153
3.3950	495
3.4000	171
3.4050	525
3.4100	163
3.4150	468
3.4200	190
3.4250	525
3.4300	198
3.4350	480
3.4400	153
3.4450	505
3.4500	193
3.4550	502
3.4600	163
3.4650	522
3.4700	176
3.4750	514
3.4800	167
3.4850	491
3.4900	175
3.4950	515
3.5000	178
3.5050	505
3.5100	180
3.5150	463
3.5200	173
3.5250	491
3.5300	159
3.5350	476
3.5400	169
3.5450	526
3.5500	165
3.5550	470
3.5600	198
3.5650	491
3.5700	173
3.5750	534
3.5800	185
3.5850	487
3.5900	159
3.5950	459
3.6000	191
3.6050	525
3.6100	162
3.6150	467
3.6200	169
3.6250	483
3.6300	176
3.6350	477
3.6400	164
3.6450	510
3.6500	172
3.6550	534
3.6600	185
3.6650	530
3.6700	180
3.6750	478
3.6800	135
3.6850	451
3.6900	163
3.6950	460
3.7000	147
3.7050	490
3.7100	154
3.7150	510
3.7200	168
3.7250	529
3.7300	167
3.7350	500
3.7400	177
3.7450	505
3.7500	161
3.7550	464
3.7600	175
3.7650	505
3.7700	172
3.7750	473
3.7800	193
3.7850	477
3.7900	156
3.7950	494
3.8000	158
3.8050	510
3.8100	172
3.8150	470
3.8200	172
3.8250	505
3.8300	168
3.8350	493
3.8400	204
3.8450	500
3.8500	199
3.8550	472
3.8600	169
3.8650	452
3.8700	160
3.8750	497
3.8800	165
3.8850	493
3.8900	148
3.8950	473
3.9000	157
3.9050	488
3.9100	168
3.9150	515
3.9200	160
3.9250	500
3.9300	177
3.9350	475
3.9400	182
3.9450	507
3.9500	190
3.9550	459
3.9600	149
3.9650	488
3.9700	183
3.9750	479
3.9800	162
3.9850	490
3.9900	169
3.9950	496
4.0000	161
4.0050	511
4.0100	185
4.0150	474
4.0200	192
4.0250	473
4.0300	176
4.0350	489
4.0400	184
4.0450	504
4.0500	157
4.0550	498
4.0600	174
4.0650	497
4.0700	149
4.0750	479
4.0800	148
4.0850	441
4.0900	178
4.0950	481
4.1000	168
4.1050	481
4.1100	167
4.1150	504
4.1200	199
4.1250	481
4.1300	158
4.1350	456
4.1400	179
4.1450	502
4.1500	160
4.1550	480
4.1600	176
4.1650	478
4.1700	186
4.1750	471
4.1800	181
4.1850	492
4.1900	151
4.1950	512
4.2000	166
4.2050	547
4.2100	197
4.2150	537
4.2200	170
4.2250	474
4.2300	146
4.2350	479
4.2400	154
4.2450	477
4.2500	177
4.2550	495
4.2600	164
4.2650	501
4.2700	174
4.2750	495
4.2800	203
4.2850	506
4.2900	169
4.2950	489
4.3000	164
4.3050	500
4.3100	163
4.3150	483
4.3200	170
4.3250	517
4.3300	162
4.3350	485
4.3400	176
4.3450	460
4.3500	166
4.3550	503
4.3600	153
4.3650	490
4.3700	173
4.3750	516
4.3800	158
4.3850	450
4.3900	164
4.3950	510
4.4000	147
4.4050	493
4.4100	172
4.4150	511
4.4200	164
4.4250	491
4.4300	179
4.4350	502
4.4400	170
4.4450	461
4.4500	159
4.4550	522
4.4600	179
4.4650	486
4.4700	159
4.4750	505
4.4800	181
4.4850	489
4.4900	174
4.4950	503
4.5000	178
4.5050	496
4.5100	167
4.5150	435
4.5200	161
4.5250	496
4.5300	189
4.5350	472
4.5400	194
4.5450	481
4.5500	175
4.5550	482
4.5600	190
4.5650	490
4.5700	192
4.5750	471
4.5800	174
4.5850	520
4.5900	183
4.5950	460
4.6000	187
4.6050	482
4.6100	151
4.6150	506
4.6200	171
4.6250	497
4.6300	182
4.6350	510
4.6400	168
4.6450	481
4.6500	194
4.6550	492
4.6600	179
4.6650	485
4.6700	172
4.6750	506
4.6800	160
4.6850	516
4.6900	177
4.6950	503
4.7000	156
4.7050	519
4.7100	179
4.7150	481
4.7200	177
4.7250	483
4.7300	169
4.7350	501
4.7400	172
4.7450	499
4.7500	196
4.7550	520
4.7600	171
4.7650	478
4.7700	172
4.7750	492
4.7800	186
4.7850	517
4.7900	184
4.7950	508
4.8000	187
4.8050	498
4.8100	167
4.8150	474
4.8200	161
4.8250	519
4.8300	168
4.8350	475
4.8400	190
4.8450	480
4.8500	195
4.8550	490
4.8600	174
4.8650	486
4.8700	169
4.8750	471
4.8800	179
4.8850	490
4.8900	155
4.8950	496
4.9000	164
4.9050	486
4.9100	147
4.9150	508
4.9200	162
4.9250	520
4.9300	166
4.9350	463
4.9400	164
4.9450	470
4.9500	176
4.9550	505
4.9600	164
4.9650	483
4.9700	181
4.9750	503
4.9800	172
4.9850	533
4.9900	183
4.9950	509
5.0000	185
5.0050	472
5.0100	151
5.0150	498
5.0200	169
5.0250	539
5.0300	175
5.0350	490
5.0400	169
5.0450	489
5.0500	159
5.0550	507
5.0600	178
5.0650	493
5.0700	168
5.0750	511
5.0800	182
5.0850	526
5.0900	169
5.0950	450
5.1000	177
5.1050	483
5.1100	156
5.1150	528
5.1200	163
5.1250	513
5.1300	155
5.1350	513
5.1400	177
5.1450	518
5.1500	162
5.1550	467
5.1600	178
5.1650	495
5.1700	160
5.1750	494
5.1800	190
5.1850	462
5.1900	179
5.1950	504
5.2000	173
5.2050	505
5.2100	171
5.2150	505
5.2200	168
5.2250	514
5.2300	158
5.2350	482
5.2400	173
5.2450	484
5.2500	160
5.2550	493
5.2600	171
5.2650	475
5.2700	189
5.2750	485
5.2800	195
5.2850	472
5.2900	164
5.2950	493
5.3000	212
5.3050	504
5.3100	168
5.3150	517
5.3200	184
5.3250	482
5.3300	170
5.3350	528
5.3400	157
5.3450	499
5.3500	176
5.3550	466
5.3600	181
5.3650	500
5.3700	146
5.3750	512
5.3800	159
5.3850	490
5.3900	169
5.3950	493
5.4000	174
5.4050	489
5.4100	177
5.4150	498
5.4200	193
5.4250	461
5.4300	161
5.4350	504
5.4400	179
5.4450	442
5.4500	175
5.4550	521
5.4600	176
5.4650	458
5.4700	152
5.4750	499
5.4800	173
5.4850	503
5.4900	159
5.4950	488
5.5000	164
5.5050	518
5.5100	165
5.5150	534
5.5200	165
5.5250	521
5.5300	171
5.5350	474
5.5400	170
5.5450	472
5.5500	178
5.5550	494
5.5600	187
5.5650	480
5.5700	163
5.5750	498
5.5800	178
5.5850	462
5.5900	151
5.5950	490
5.6000	193
5.6050	496
5.6100	173
5.6150	491
5.6200	155
5.6250	484
5.6300	174
5.6350	472
5.6400	179
5.6450	470
5.6500	161
5.6550	481
5.6600	143
5.6650	410
5.6700	159
5.6750	479
5.6800	174
5.6850	476
5.6900	176
5.6950	511
5.7000	175
5.7050	513
5.7100	171
5.7150	462
5.7200	170
5.7250	498
5.7300	194
5.7350	519
5.7400	175
5.7450	505
5.7500	177
5.7550	501
5.7600	170
5.7650	488
5.7700	166
5.7750	484
5.7800	164
5.7850	479
5.7900	169
5.7950	523
5.8000	187
5.8050	503
5.8100	156
5.8150	479
5.8200	187
5.8250	518
5.8300	190
5.8350	516
5.8400	180
5.8450	501
5.8500	171
5.8550	463
5.8600	192
5.8650	516
5.8700	154
5.8750	478
5.8800	180
5.8850	472
5.8900	182
5.8950	490
5.9000	181
5.9050	507
5.9100	138
5.9150	509
5.9200	163
5.9250	491
5.9300	141
5.9350	484
5.9400	170
5.9450	500
5.9500	181
5.9550	522
5.9600	186
5.9650	480
5.9700	155
5.9750	501
5.9800	157
5.9850	511
5.9900	162
5.9950	518
6.0000	189
6.0050	515
6.0100	189
6.0150	496
6.0200	172
6.0250	473
6.0300	179
6.0350	511
6.0400	154
6.0450	487
6.0500	173
6.0550	501
6.0600	169
6.0650	530
6.0700	153
6.0750	487
6.0800	162
6.0850	497
6.0900	159
6.0950	522
6.1000	161
6.1050	486
6.1100	158
6.1150	492
6.1200	183
6.1250	508
6.1300	171
6.1350	489
6.1400	155
6.1450	507
6.1500	161
6.1550	514
6.1600	178
6.1650	510
6.1700	185
6.1750	503
6.1800	177
6.1850	521
6.1900	157
6.1950	450
6.2000	156
6.2050	470
6.2100	153
6.2150	499
6.2200	187
6.2250	492
6.2300	172
6.2350	499
6.2400	171
6.2450	503
6.2500	177
6.2550	520
6.2600	171
6.2650	487
6.2700	150
6.2750	525
6.2800	159
6.2850	495
6.2900	172
6.2950	465
6.3000	169
6.3050	487
6.3100	173
6.3150	488
6.3200	153
6.3250	487
6.3300	174
6.3350	498
6.3400	149
6.3450	480
6.3500	184
6.3550	461
6.3600	164
6.3650	471
6.3700	185
6.3750	450
6.3800	163
6.3850	516
6.3900	172
6.3950	491
6.4000	177
6.4050	508
6.4100	163
6.4150	498
6.4200	186
6.4250	503
6.4300	158
6.4350	453
6.4400	182
6.4450	508
6.4500	180
6.4550	494
6.4600	159
6.4650	483
6.4700	154
6.4750	516
6.4800	167
6.4850	476
6.4900	166
6.4950	511
6.5000	170
6.5050	477
6.5100	180
6.5150	473
6.5200	164
6.5250	488
6.5300	176
6.5350	479
6.5400	169
6.5450	494
6.5500	154
6.5550	500
6.5600	171
6.5650	487
6.5700	176
6.5750	493
6.5800	156
6.5850	471
6.5900	152
6.5950	499
6.6000	171
6.6050	504
6.6100	203
6.6150	462
6.6200	167
6.6250	531
6.6300	168
6.6350	505
6.6400	171
6.6450	506
6.6500	183
6.6550	480
6.6600	164
6.6650	474
6.6700	173
6.6750	504
6.6800	164
6.6850	496
6.6900	161
6.6950	456
6.7000	163
6.7050	491
6.7100	185
6.7150	460
6.7200	171
6.7250	500
6.7300	156
6.7350	484
6.7400	170
6.7450	488
6.7500	190
6.7550	509
6.7600	178
6.7650	480
6.7700	149
6.7750	476
6.7800	174
6.7850	506
6.7900	188
6.7950	484
6.8000	179
6.8050	533
6.8100	175
6.8150	508
6.8200	183
6.8250	538
6.8300	183
6.8350	532
6.8400	159
6.8450	500
6.8500	167
6.8550	484
6.8600	174
6.8650	505
6.8700	153
6.8750	521
6.8800	178
6.8850	496
6.8900	171
6.8950	531
6.9000	179
6.9050	540
6.9100	162
6.9150	457
6.9200	173
6.9250	481
6.9300	144
6.9350	467
6.9400	184
6.9450	481
6.9500	153
6.9550	531
6.9600	174
6.9650	476
6.9700	149
6.9750	473
6.9800	193
6.9850	516
6.9900	186
6.9950	482
7.0000	185
7.0050	475
7.0100	157
7.0150	472
7.0200	175
7.0250	515
7.0300	166
7.0350	499
7.0400	182
7.0450	498
7.0500	196
7.0550	519
7.0600	177
7.0650	494
7.0700	167
7.0750	484
7.0800	179
7.0850	540
7.0900	169
7.0950	487
7.1000	188
7.1050	478
7.1100	180
7.1150	508
7.1200	178
7.1250	505
7.1300	173
7.1350	549
7.1400	152
7.1450	493
7.1500	159
7.1550	535
7.1600	183
7.1650	453
7.1700	170
7.1750	507
7.1800	174
7.1850	505
7.1900	187
7.1950	512
7.2000	189
7.2050	514
7.2100	168
7.2150	481
7.2200	152
7.2250	492
7.2300	154
7.2350	491
7.2400	169
7.2450	493
7.2500	184
7.2550	481
7.2600	158
7.2650	515
7.2700	181
7.2750	501
7.2800	159
7.2850	481
7.2900	177
7.2950	503
7.3000	156
7.3050	494
7.3100	166
7.3150	456
7.3200	148
7.3250	486
7.3300	178
7.3350	487
7.3400	180
7.3450	503
7.3500	167
7.3550	468
7.3600	150
7.3650	511
7.3700	189
7.3750	505
7.3800	173
7.3850	519
7.3900	188
7.3950	495
7.4000	166
7.4050	481
7.4100	174
7.4150	493
7.4200	153
7.4250	491
7.4300	166
7.4350	475
7.4400	187
7.4450	483
7.4500	181
7.4550	506
7.4600	176
7.4650	489
7.4700	165
7.4750	488
7.4800	163
7.4850	504
7.4900	160
7.4950	519
7.5000	140
7.5050	486
7.5100	169
7.5150	492
7.5200	163
7.5250	499
7.5300	161
7.5350	475
7.5400	190
7.5450	468
7.5500	152
7.5550	483
7.5600	172
7.5650	506
7.5700	168
7.5750	482
7.5800	184
7.5850	481
7.5900	164
7.5950	489
7.6000	175
7.6050	516
7.6100	168
7.6150	472
7.6200	165
7.6250	538
7.6300	161
7.6350	507
7.6400	177
7.6450	510
7.6500	161
7.6550	503
7.6600	194
7.6650	473
7.6700	175
7.6750	491
7.6800	178
7.6850	510
7.6900	169
7.6950	496
7.7000	162
7.7050	462
7.7100	168
7.7150	493
7.7200	178
7.7250	461
7.7300	165
7.7350	481
7.7400	175
7.7450	498
7.7500	173
7.7550	504
7.7600	182
7.7650	455
7.7700	173
7.7750	512
7.7800	179
7.7850	482
7.7900	170
7.7950	470
7.8000	187
7.8050	543
7.8100	178
7.8150	463
7.8200	180
7.8250	500
7.8300	152
7.8350	508
7.8400	188
7.8450	528
7.8500	163
7.8550	502
7.8600	165
7.8650	484
7.8700	171
7.8750	464
7.8800	168
7.8850	505
7.8900	186
7.8950	505
7.9000	191
7.9050	453
7.9100	188
7.9150	501
7.9200	185
7.9250	521
7.9300	178
7.9350	479
7.9400	161
7.9450	494
7.9500	168
7.9550	527
7.9600	187
7.9650	496
7.9700	167
7.9750	492
7.9800	182
7.9850	513
7.9900	165
7.9950	483
8.0000	191
8.0050	509
8.0100	198
8.0150	506
8.0200	168
8.0250	512
8.0300	166
8.0350	478
8.0400	181
8.0450	484
8.0500	184
8.0550	515
8.0600	167
8.0650	502
8.0700	179
8.0750	486
8.0800	162
8.0850	461
8.0900	150
8.0950	480
8.1000	183
8.1050	453
8.1100	178
8.1150	515
8.1200	181
8.1250	491
8.1300	187
8.1350	472
8.1400	173
8.1450	539
8.1500	162
8.1550	494
8.1600	158
8.1650	477
8.1700	147
8.1750	481
8.1800	158
8.1850	494
8.1900	175
8.1950	496
8.2000	182
8.2050	470
8.2100	166
8.2150	485
8.2200	197
8.2250	464
8.2300	153
8.2350	464
8.2400	172
8.2450	475
8.2500	181
8.2550	507
8.2600	179
8.2650	487
8.2700	148
8.2750	488
8.2800	170
8.2850	482
8.2900	178
8.2950	511
8.3000	155
8.3050	480
8.3100	161
8.3150	485
8.3200	158
8.3250	540
8.3300	150
8.3350	506
8.3400	170
8.3450	463
8.3500	152
8.3550	499
8.3600	172
8.3650	479
8.3700	190
8.3750	491
8.3800	178
8.3850	487
8.3900	171
8.3950	513
8.4000	191
8.4050	519
8.4100	173
8.4150	518
8.4200	188
8.4250	503
8.4300	171
8.4350	494
8.4400	167
8.4450	521
8.4500	178
8.4550	464
8.4600	194
8.4650	495
8.4700	182
8.4750	470
8.4800	186
8.4850	512
8.4900	180
8.4950	493
8.5000	160
8.5050	505
8.5100	170
8.5150	500
8.5200	192
8.5250	470
8.5300	155
8.5350	482
8.5400	162
8.5450	485
8.5500	179
8.5550	482
8.5600	180
8.5650	514
8.5700	173
8.5750	493
8.5800	153
8.5850	463
8.5900	175
8.5950	483
8.6000	176
8.6050	475
8.6100	175
8.6150	475
8.6200	160
8.6250	481
8.6300	154
8.6350	507
8.6400	179
8.6450	488
8.6500	174
8.6550	509
8.6600	166
8.6650	478
8.6700	158
8.6750	507
8.6800	172
8.6850	510
8.6900	163
8.6950	513
8.7000	153
8.7050	460
8.7100	175
8.7150	492
8.7200	173
8.7250	504
8.7300	178
8.7350	459
8.7400	173
8.7450	508
8.7500	177
8.7550	494
8.7600	155
8.7650	490
8.7700	174
8.7750	518
8.7800	187
8.7850	496
8.7900	180
8.7950	486
8.8000	171
8.8050	522
8.8100	172
8.8150	474
8.8200	167
8.8250	481
8.8300	164
8.8350	478
8.8400	152
8.8450	498
8.8500	178
8.8550	516
8.8600	187
8.8650	481
8.8700	159
8.8750	462
8.8800	155
8.8850	468
8.8900	164
8.8950	523
8.9000	174
8.9050	504
8.9100	183
8.9150	489
8.9200	160
8.9250	501
8.9300	200
8.9350	471
8.9400	173
8.9450	467
8.9500	161
8.9550	498
8.9600	166
8.9650	475
8.9700	197
8.9750	456
8.9800	181
8.9850	497
8.9900	169
8.9950	448
9.0000	176
9.0050	479
9.0100	180
9.0150	490
9.0200	180
9.0250	465
9.0300	159
9.0350	499
9.0400	148
9.0450	497
9.0500	177
9.0550	506
9.0600	162
9.0650	551
9.0700	175
9.0750	468
9.0800	162
9.0850	494
9.0900	173
9.0950	481
9.1000	183
9.1050	496
9.1100	181
9.1150	484
9.1200	159
9.1250	496
9.1300	172
9.1350	499
9.1400	167
9.1450	477
9.1500	174
9.1550	535
9.1600	162
9.1650	527
9.1700	175
9.1750	452
9.1800	168
9.1850	484
9.1900	163
9.1950	494
9.2000	167
9.2050	427
9.2100	169
9.2150	479
9.2200	160
9.2250	491
9.2300	154
9.2350	461
9.2400	160
9.2450	475
9.2500	164
9.2550	509
9.2600	169
9.2650	520
9.2700	171
9.2750	496
9.2800	146
9.2850	505
9.2900	176
9.2950	482
9.3000	173
9.3050	488
9.3100	151
9.3150	486
9.3200	181
9.3250	504
9.3300	173
9.3350	522
9.3400	167
9.3450	457
9.3500	160
9.3550	504
9.3600	159
9.3650	499
9.3700	150
9.3750	506
9.3800	168
9.3850	515
9.3900	163
9.3950	463
9.4000	180
9.4050	455
9.4100	166
9.4150	460
9.4200	184
9.4250	452
9.4300	177
9.4350	479
9.4400	163
9.4450	501
9.4500	168
9.4550	490
9.4600	160
9.4650	521
9.4700	182
9.4750	476
9.4800	163
9.4850	488
9.4900	184
9.4950	493
9.5000	162
9.5050	533
9.5100	166
9.5150	508
9.5200	168
9.5250	474
9.5300	165
9.5350	491
9.5400	156
9.5450	492
9.5500	182
9.5550	493
9.5600	168
9.5650	489
9.5700	182
9.5750	470
9.5800	141
9.5850	498
9.5900	149
9.5950	513
9.6000	179
9.6050	511
9.6100	167
9.6150	484
9.6200	169
9.6250	500
9.6300	158
9.6350	493
9.6400	158
9.6450	469
9.6500	175
9.6550	519
9.6600	160
9.6650	459
9.6700	136
9.6750	486
9.6800	158
9.6850	520
9.6900	171
9.6950	513
9.7000	162
9.7050	463
9.7100	157
9.7150	469
9.7200	165
9.7250	492
9.7300	178
9.7350	505
9.7400	154
9.7450	463
9.7500	171
9.7550	461
9.7600	167
9.7650	489
9.7700	163
9.7750	494
9.7800	162
9.7850	552
9.7900	167
9.7950	451
9.8000	139
9.8050	508
9.8100	178
9.8150	473
9.8200	169
9.8250	517
9.8300	174
9.8350	517
9.8400	186
9.8450	506
9.8500	171
9.8550	513
9.8600	172
9.8650	477
9.8700	160
9.8750	503
9.8800	184
9.8850	486
9.8900	160
9.8950	497
9.9000	147
9.9050	493
9.9100	168
9.9150	497
9.9200	177
9.9250	498
9.9300	173
9.9350	496
9.9400	165
9.9450	534
9.9500	176
9.9550	500
9.9600	184
9.9650	490
9.9700	189
9.9750	475
9.9800	146
9.9850	497
9.9900	214
9.9950	477
10.0000	165
10.0050	494
10.0100	173
10.0150	473
10.0200	169
10.0250	447
10.0300	166
10.0350	458
10.0400	148
10.0450	491
10.0500	167
10.0550	507
10.0600	165
10.0650	502
10.0700	148
10.0750	473
10.0800	151
10.0850	508
10.0900	181
10.0950	493
10.1000	136
10.1050	476
10.1100	159
10.1150	503
10.1200	135
10.1250	457
10.1300	181
10.1350	475
10.1400	165
10.1450	493
10.1500	186
10.1550	460
10.1600	166
10.1650	470
10.1700	164
10.1750	497
10.1800	168
10.1850	535
10.1900	155
10.1950	463
10.2000	181
10.2050	536
10.2100	171
10.2150	499
10.2200	158
10.2250	505
10.2300	168
10.2350	488
10.2400	156
10.2450	473
10.2500	176
10.2550	513
10.2600	165
10.2650	512
10.2700	158
10.2750	484
10.2800	150
10.2850	502
10.2900	153
10.2950	490
10.3000	162
10.3050	500
10.3100	162
10.3150	494
10.3200	191
10.3250	539
10.3300	163
10.3350	520
10.3400	149
10.3450	474
10.3500	193
10.3550	472
10.3600	160
10.3650	489
10.3700	141
10.3750	485
10.3800	201
10.3850	527
10.3900	142
10.3950	515
10.4000	183
10.4050	463
10.4100	174
10.4150	509
10.4200	147
10.4250	495
10.4300	163
10.4350	484
10.4400	150
10.4450	513
10.4500	170
10.4550	500
10.4600	184
10.4650	532
10.4700	186
10.4750	511
10.4800	161
10.4850	472
10.4900	159
10.4950	520
10.5000	166
10.5050	485
10.5100	161
10.5150	487
10.5200	170
10.5250	483
10.5300	198
10.5350	483
10.5400	171
10.5450	511
10.5500	188
10.5550	524
10.5600	158
10.5650	506
10.5700	175
10.5750	484
10.5800	139
10.5850	501
10.5900	167
10.5950	457
10.6000	153
10.6050	508
10.6100	210
10.6150	492
10.6200	174
10.6250	506
10.6300	183
10.6350	517
10.6400	161
10.6450	510
10.6500	169
10.6550	512
10.6600	156
10.6650	488
10.6700	155
10.6750	501
10.6800	161
10.6850	503
10.6900	166
10.6950	484
10.7000	170
10.7050	491
10.7100	161
10.7150	489
10.7200	175
10.7250	532
10.7300	172
10.7350	463
10.7400	190
10.7450	495
10.7500	172
10.7550	492
10.7600	181
10.7650	484
10.7700	181
10.7750	525
10.7800	161
10.7850	503
10.7900	155
10.7950	527
10.8000	189
10.8050	496
10.8100	182
10.8150	470
10.8200	164
10.8250	496
10.8300	173
10.8350	493
10.8400	177
10.8450	495
10.8500	162
10.8550	452
10.8600	172
10.8650	488
10.8700	172
10.8750	512
10.8800	175
10.8850	510
10.8900	174
10.8950	519
10.9000	189
10.9050	496
10.9100	205
10.9150	490
10.9200	188
10.9250	500
10.9300	194
10.9350	507
10.9400	170
10.9450	520
10.9500	191
10.9550	539
10.9600	177
10.9650	522
10.9700	184
10.9750	504
10.9800	203
10.9850	506
10.9900	145
10.9950	491
11.0000	178
11.0050	467
11.0100	169
11.0150	499
11.0200	171
11.0250	519
11.0300	188
11.0350	491
11.0400	171
11.0450	487
11.0500	174
11.0550	490
11.0600	175
11.0650	508
11.0700	160
11.0750	492
11.0800	187
11.0850	478
11.0900	182
11.0950	472
11.1000	165
11.1050	502
11.1100	183
11.1150	502
11.1200	162
11.1250	477
11.1300	167
11.1350	503
11.1400	161
11.1450	512
11.1500	169
11.1550	513
11.1600	177
11.1650	514
11.1700	175
11.1750	481
11.1800	162
11.1850	494
11.1900	187
11.1950	517
11.2000	192
11.2050	479
11.2100	195
11.2150	474
11.2200	176
11.2250	508
11.2300	181
11.2350	517
11.2400	190
11.2450	486
11.2500	171
11.2550	484
11.2600	167
11.2650	483
11.2700	159
11.2750	496
11.2800	176
11.2850	525
11.2900	160
11.2950	488
11.3000	179
11.3050	512
11.3100	186
11.3150	509
11.3200	201
11.3250	504
11.3300	182
11.3350	523
11.3400	185
11.3450	519
11.3500	179
11.3550	498
11.3600	175
11.3650	519
11.3700	189
11.3750	495
11.3800	201
11.3850	511
11.3900	192
11.3950	504
11.4000	168
11.4050	534
11.4100	194
11.4150	511
11.4200	185
11.4250	483
11.4300	182
11.4350	479
11.4400	169
11.4450	467
11.4500	170
11.4550	490
11.4600	177
11.4650	504
11.4700	204
11.4750	482
11.4800	166
11.4850	471
11.4900	193
11.4950	483
11.5000	172
11.5050	491
11.5100	169
11.5150	491
11.5200	175
11.5250	536
11.5300	179
11.5350	466
11.5400	172
11.5450	510
11.5500	177
11.5550	514
11.5600	137
11.5650	507
11.5700	171
11.5750	465
11.5800	168
11.5850	507
11.5900	169
11.5950	521
11.6000	184
11.6050	483
11.6100	162
11.6150	507
11.6200	152
11.6250	492
11.6300	174
11.6350	519
11.6400	175
11.6450	513
11.6500	147
11.6550	479
11.6600	158
11.6650	478
11.6700	165
11.6750	494
11.6800	161
11.6850	505
11.6900	155
11.6950	501
11.7000	144
11.7050	508
11.7100	159
11.7150	473
11.7200	160
11.7250	461
11.7300	168
11.7350	482
11.7400	139
11.7450	496
11.7500	177
11.7550	485
11.7600	158
11.7650	527
11.7700	155
11.7750	484
11.7800	168
11.7850	499
11.7900	146
11.7950	488
11.8000	158
11.8050	506
11.8100	173
11.8150	525
11.8200	166
11.8250	493
11.8300	147
11.8350	521
11.8400	170
11.8450	499
11.8500	165
11.8550	505
11.8600	153
11.8650	529
11.8700	165
11.8750	495
11.8800	174
11.8850	473
11.8900	170
11.8950	497
11.9000	168
11.9050	488
11.9100	176
11.9150	503
11.9200	148
11.9250	490
11.9300	151
11.9350	497
11.9400	165
11.9450	502
11.9500	153
11.9550	489
11.9600	174
11.9650	466
11.9700	165
11.9750	495
11.9800	168
11.9850	545
11.9900	152
11.9950	459
12.0000	176
12.0050	470
12.0100	171
12.0150	504
12.0200	144
12.0250	483
12.0300	150
12.0350	462
12.0400	178
12.0450	515
12.0500	166
12.0550	478
12.0600	179
12.0650	511
12.0700	168
12.0750	492
12.0800	145
12.0850	502
12.0900	162
12.0950	475
12.1000	168
12.1050	478
12.1100	178
12.1150	464
12.1200	170
12.1250	483
12.1300	186
12.1350	503
12.1400	183
12.1450	456
12.1500	177
12.1550	490
12.1600	186
12.1650	505
12.1700	169
12.1750	530
12.1800	149
12.1850	497
12.1900	148
12.1950	525
12.2000	138
12.2050	527
12.2100	143
12.2150	483
12.2200	165
12.2250	478
12.2300	157
12.2350	502
12.2400	173
12.2450	505
12.2500	154
12.2550	507
12.2600	165
12.2650	506
12.2700	171
12.2750	476
12.2800	179
12.2850	518
12.2900	161
12.2950	500
12.3000	168
12.3050	499
12.3100	167
12.3150	477
12.3200	141
12.3250	497
12.3300	155
12.3350	505
12.3400	164
12.3450	518
12.3500	171
12.3550	526
12.3600	152
12.3650	492
12.3700	165
12.3750	522
12.3800	161
12.3850	471
12.3900	169
12.3950	504
12.4000	178
12.4050	514
12.4100	161
12.4150	493
12.4200	185
12.4250	494
12.4300	168
12.4350	461
12.4400	160
12.4450	488
12.4500	145
12.4550	497
12.4600	161
12.4650	499
12.4700	191
12.4750	496
12.4800	162
12.4850	453
12.4900	144
12.4950	501
12.5000	158
12.5050	497
12.5100	147
12.5150	534
12.5200	185
12.5250	507
12.5300	160
12.5350	505
12.5400	164
12.5450	511
12.5500	143
12.5550	493
12.5600	167
12.5650	474
12.5700	159
12.5750	482
12.5800	166
12.5850	511
12.5900	173
12.5950	494
12.6000	160
12.6050	488
12.6100	162
12.6150	480
12.6200	151
12.6250	498
12.6300	174
12.6350	495
12.6400	179
12.6450	527
12.6500	175
12.6550	502
12.6600	163
12.6650	454
12.6700	160
12.6750	530
12.6800	167
12.6850	477
12.6900	194
12.6950	488
12.7000	150
12.7050	489
12.7100	169
12.7150	452
12.7200	154
12.7250	487
12.7300	161
12.7350	505
12.7400	136
12.7450	487
12.7500	163
12.7550	485
12.7600	129
12.7650	470
12.7700	158
12.7750	529
12.7800	184
12.7850	515
12.7900	180
12.7950	472
12.8000	153
12.8050	497
12.8100	156
12.8150	515
12.8200	169
12.8250	494
12.8300	157
12.8350	464
12.8400	167
12.8450	481
12.8500	159
12.8550	536
12.8600	161
12.8650	519
12.8700	162
12.8750	487
12.8800	156
12.8850	480
12.8900	137
12.8950	510
12.9000	173
12.9050	505
12.9100	149
12.9150	502
12.9200	164
12.9250	467
12.9300	174
12.9350	506
12.9400	174
12.9450	451
12.9500	134
12.9550	480
12.9600	177
12.9650	481
12.9700	192
12.9750	525
12.9800	157
12.9850	478
12.9900	178
12.9950	484
13.0000	164
13.0050	477
13.0100	151
13.0150	489
13.0200	162
13.0250	478
13.0300	179
13.0350	550
13.0400	176
13.0450	539
13.0500	162
13.0550	507
13.0600	148
13.0650	506
13.0700	158
13.0750	507
13.0800	185
13.0850	548
13.0900	161
13.0950	514
13.1000	171
13.1050	459
13.1100	189
13.1150	490
13.1200	158
13.1250	506
13.1300	161
13.1350	478
13.1400	161
13.1450	546
13.1500	183
13.1550	535
13.1600	170
13.1650	493
13.1700	176
13.1750	488
13.1800	153
13.1850	470
13.1900	179
13.1950	500
13.2000	178
13.2050	453
13.2100	170
13.2150	503
13.2200	162
13.2250	444
13.2300	172
13.2350	546
13.2400	157
13.2450	526
13.2500	160
13.2550	512
13.2600	168
13.2650	526
13.2700	168
13.2750	461
13.2800	182
13.2850	460
13.2900	167
13.2950	472
13.3000	170
13.3050	508
13.3100	183
13.3150	479
13.3200	180
13.3250	468
13.3300	163
13.3350	519
13.3400	172
13.3450	501
13.3500	171
13.3550	461
13.3600	180
13.3650	490
13.3700	205
13.3750	505
13.3800	169
13.3850	518
13.3900	159
13.3950	495
13.4000	160
13.4050	469
13.4100	165
13.4150	506
13.4200	190
13.4250	505
13.4300	147
13.4350	503
13.4400	156
13.4450	503
13.4500	164
13.4550	475
13.4600	188
13.4650	500
13.4700	189
13.4750	479
13.4800	167
13.4850	480
13.4900	175
13.4950	502
13.5000	177
13.5050	518
13.5100	171
13.5150	505
13.5200	166
13.5250	509
13.5300	184
13.5350	525
13.5400	187
13.5450	512
13.5500	160
13.5550	541
13.5600	155
13.5650	474
13.5700	170
13.5750	483
13.5800	172
13.5850	525
13.5900	175
13.5950	490
13.6000	169
13.6050	486
13.6100	181
13.6150	482
13.6200	174
13.6250	487
13.6300	183
13.6350	498
13.6400	146
13.6450	484
13.6500	161
13.6550	516
13.6600	151
13.6650	509
13.6700	176
13.6750	524
13.6800	180
13.6850	474
13.6900	188
13.6950	484
13.7000	167
13.7050	512
13.7100	174
13.7150	471
13.7200	159
13.7250	522
13.7300	166
13.7350	514
13.7400	187
13.7450	509
13.7500	192
13.7550	496
13.7600	160
13.7650	537
13.7700	170
13.7750	471
13.7800	175
13.7850	469
13.7900	176
13.7950	469
13.8000	191
13.8050	500
13.8100	174
13.8150	531
13.8200	172
13.8250	501
13.8300	156
13.8350	499
13.8400	158
13.8450	476
13.8500	169
13.8550	539
13.8600	167
13.8650	468
13.8700	193
13.8750	490
13.8800	191
13.8850	535
13.8900	180
13.8950	502
13.9000	159
13.9050	475
13.9100	176
13.9150	501
13.9200	150
13.9250	516
13.9300	172
13.9350	471
13.9400	151
13.9450	457
13.9500	182
13.9550	515
13.9600	153
13.9650	542
13.9700	155
13.9750	473
13.9800	166
13.9850	483
13.9900	162
13.9950	501
14.0000	151
14.0050	473
14.0100	171
14.0150	501
14.0200	167
14.0250	486
14.0300	153
14.0350	510
14.0400	176
14.0450	501
14.0500	173
14.0550	503
14.0600	157
14.0650	518
14.0700	154
14.0750	505
14.0800	170
14.0850	485
14.0900	152
14.0950	481
14.1000	172
14.1050	519
14.1100	135
14.1150	457
14.1200	166
14.1250	476
14.1300	152
14.1350	475
14.1400	170
14.1450	500
14.1500	145
14.1550	487
14.1600	144
14.1650	505
14.1700	156
14.1750	482
14.1800	154
14.1850	516
14.1900	165
14.1950	505
14.2000	160
14.2050	508
14.2100	173
14.2150	515
14.2200	183
14.2250	474
14.2300	169
14.2350	498
14.2400	186
14.2450	460
14.2500	164
14.2550	502
14.2600	173
14.2650	475
14.2700	170
14.2750	444
14.2800	154
14.2850	506
14.2900	176
14.2950	476
14.3000	175
14.3050	450
14.3100	168
14.3150	509
14.3200	183
14.3250	489
14.3300	171
14.3350	492
14.3400	168
14.3450	497
14.3500	176
14.3550	544
14.3600	154
14.3650	491
14.3700	165
14.3750	499
14.3800	176
14.3850	532
14.3900	168
14.3950	514
14.4000	181
14.4050	469
14.4100	162
14.4150	507
14.4200	169
14.4250	506
14.4300	172
14.4350	494
14.4400	176
14.4450	480
14.4500	159
14.4550	472
14.4600	166
14.4650	497
14.4700	193
14.4750	487
14.4800	165
14.4850	477
14.4900	173
14.4950	446
14.5000	189
14.5050	504
14.5100	177
14.5150	507
14.5200	178
14.5250	491
14.5300	197
14.5350	483
14.5400	154
14.5450	466
14.5500	176
14.5550	490
14.5600	165
14.5650	496
14.5700	172
14.5750	478
14.5800	157
14.5850	513
14.5900	191
14.5950	474
14.6000	174
14.6050	506
14.6100	173
14.6150	479
14.6200	187
14.6250	486
14.6300	190
14.6350	476
14.6400	162
14.6450	506
14.6500	163
14.6550	522
14.6600	172
14.6650	486
14.6700	168
14.6750	502
14.6800	175
14.6850	474
14.6900	165
14.6950	488
14.7000	200
14.7050	518
14.7100	182
14.7150	515
14.7200	171
14.7250	489
14.7300	172
14.7350	482
14.7400	193
14.7450	467
14.7500	186
14.7550	527
14.7600	177
14.7650	510
14.7700	176
14.7750	510
14.7800	182
14.7850	498
14.7900	183
14.7950	495
14.8000	170
14.8050	498
14.8100	184
14.8150	524
14.8200	173
14.8250	499
14.8300	169
14.8350	504
14.8400	179
14.8450	486
14.8500	171
14.8550	521
14.8600	183
14.8650	516
14.8700	196
14.8750	456
14.8800	171
14.8850	494
14.8900	181
14.8950	480
14.9000	161
14.9050	512
14.9100	158
14.9150	479
14.9200	174
14.9250	515
14.9300	182
14.9350	493
14.9400	172
14.9450	502
14.9500	169
14.9550	470
14.9600	175
14.9650	443
14.9700	193
14.9750	485
14.9800	190
14.9850	498
14.9900	186
14.9950	510
15.0000	162
15.0050	468
15.0100	170
15.0150	510
15.0200	183
15.0250	505
15.0300	165
15.0350	513
15.0400	174
15.0450	471
15.0500	171
15.0550	505
15.0600	174
15.0650	483
15.0700	157
15.0750	503
15.0800	173
15.0850	493
15.0900	188
15.0950	507
15.1000	173
15.1050	501
15.1100	181
15.1150	492
15.1200	161
15.1250	499
15.1300	164
15.1350	491
15.1400	189
15.1450	499
15.1500	166
15.1550	492
15.1600	184
15.1650	462
15.1700	185
15.1750	476
15.1800	198
15.1850	507
15.1900	198
15.1950	494
15.2000	198
15.2050	514
15.2100	199
15.2150	503
15.2200	177
15.2250	501
15.2300	171
15.2350	511
15.2400	162
15.2450	461
15.2500	180
15.2550	485
15.2600	168
15.2650	506
15.2700	185
15.2750	495
15.2800	169
15.2850	470
15.2900	176
15.2950	492
15.3000	177
15.3050	488
15.3100	186
15.3150	494
15.3200	155
15.3250	485
15.3300	175
15.3350	483
15.3400	181
15.3450	454
15.3500	188
15.3550	529
15.3600	175
15.3650	530
15.3700	180
15.3750	520
15.3800	182
15.3850	478
15.3900	183
15.3950	521
15.4000	170
15.4050	497
15.4100	198
15.4150	499
15.4200	185
15.4250	489
15.4300	166
15.4350	485
15.4400	174
15.4450	488
15.4500	197
15.4550	479
15.4600	170
15.4650	504
15.4700	158
15.4750	506
15.4800	183
15.4850	502
15.4900	176
15.4950	471
15.5000	150
15.5050	513
15.5100	167
15.5150	508
15.5200	176
15.5250	484
15.5300	163
15.5350	476
15.5400	157
15.5450	475
15.5500	180
15.5550	465
15.5600	184
15.5650	478
15.5700	167
15.5750	517
15.5800	179
15.5850	482
15.5900	171
15.5950	557
15.6000	179
15.6050	506
15.6100	154
15.6150	515
15.6200	178
15.6250	493
15.6300	178
15.6350	494
15.6400	175
15.6450	481
15.6500	186
15.6550	489
15.6600	159
15.6650	440
15.6700	194
15.6750	511
15.6800	182
15.6850	469
15.6900	173
15.6950	511
15.7000	175
15.7050	486
15.7100	155
15.7150	521
15.7200	151
15.7250	455
15.7300	172
15.7350	495
15.7400	187
15.7450	525
15.7500	198
15.7550	481
15.7600	174
15.7650	484
15.7700	163
15.7750	480
15.7800	216
15.7850	489
15.7900	150
15.7950	484
15.8000	178
15.8050	487
15.8100	166
15.8150	496
15.8200	173
15.8250	479
15.8300	183
15.8350	493
15.8400	153
15.8450	494
15.8500	171
15.8550	476
15.8600	182
15.8650	528
15.8700	166
15.8750	499
15.8800	183
15.8850	483
15.8900	198
15.8950	526
15.9000	181
15.9050	518
15.9100	175
15.9150	481
15.9200	160
15.9250	465
15.9300	180
15.9350	466
15.9400	168
15.9450	522
15.9500	188
15.9550	476
15.9600	191
15.9650	511
15.9700	182
15.9750	472
15.9800	173
15.9850	528
15.9900	177
15.9950	516
16.0000	173
16.0050	524
16.0100	193
16.0150	481
16.0200	176
16.0250	495
16.0300	170
16.0350	471
16.0400	197
16.0450	502
16.0500	171
16.0550	514
16.0600	162
16.0650	490
16.0700	177
16.0750	482
16.0800	201
16.0850	456
16.0900	175
16.0950	499
16.1000	174
16.1050	492
16.1100	186
16.1150	508
16.1200	171
16.1250	504
16.1300	144
16.1350	453
16.1400	208
16.1450	523
16.1500	178
16.1550	497
16.1600	176
16.1650	501
16.1700	168
16.1750	492
16.1800	172
16.1850	494
16.1900	183
16.1950	489
16.2000	158
16.2050	485
16.2100	175
16.2150	509
16.2200	176
16.2250	497
16.2300	199
16.2350	514
16.2400	162
16.2450	480
16.2500	190
16.2550	501
16.2600	198
16.2650	505
16.2700	191
16.2750	460
16.2800	184
16.2850	484
16.2900	153
16.2950	520
16.3000	199
16.3050	487
16.3100	175
16.3150	511
16.3200	195
16.3250	500
16.3300	192
16.3350	517
16.3400	175
16.3450	521
16.3500	186
16.3550	491
16.3600	170
16.3650	524
16.3700	173
16.3750	465
16.3800	174
16.3850	515
16.3900	175
16.3950	519
16.4000	186
16.4050	468
16.4100	164
16.4150	493
16.4200	182
16.4250	472
16.4300	176
16.4350	491
16.4400	208
16.4450	498
16.4500	171
16.4550	482
16.4600	180
16.4650	497
16.4700	180
16.4750	460
16.4800	180
16.4850	486
16.4900	167
16.4950	474
16.5000	184
16.5050	477
16.5100	177
16.5150	458
16.5200	203
16.5250	461
16.5300	181
16.5350	487
16.5400	162
16.5450	472
16.5500	178
16.5550	512
16.5600	214
16.5650	511
16.5700	167
16.5750	520
16.5800	169
16.5850	490
16.5900	204
16.5950	488
16.6000	201
16.6050	468
16.6100	182
16.6150	521
16.6200	179
16.6250	483
16.6300	161
16.6350	472
16.6400	170
16.6450	523
16.6500	157
16.6550	516
16.6600	164
16.6650	472
16.6700	183
16.6750	487
16.6800	174
16.6850	532
16.6900	178
16.6950	471
16.7000	190
16.7050	498
16.7100	183
16.7150	465
16.7200	190
16.7250	506
16.7300	186
16.7350	514
16.7400	176
16.7450	487
16.7500	181
16.7550	472
16.7600	174
16.7650	488
16.7700	190
16.7750	528
16.7800	176
16.7850	479
16.7900	186
16.7950	491
16.8000	161
16.8050	478
16.8100	177
16.8150	503
16.8200	198
16.8250	485
16.8300	164
16.8350	530
16.8400	164
16.8450	503
16.8500	213
16.8550	494
16.8600	172
16.8650	463
16.8700	212
16.8750	480
16.8800	199
16.8850	492
16.8900	195
16.8950	489
16.9000	180
16.9050	500
16.9100	190
16.9150	469
16.9200	182
16.9250	509
16.9300	183
16.9350	489
16.9400	193
16.9450	497
16.9500	173
16.9550	495
16.9600	189
16.9650	468
16.9700	207
16.9750	508
16.9800	193
16.9850	471
16.9900	169
16.9950	495
17.0000	169
17.0050	522
17.0100	173
17.0150	454
17.0200	196
17.0250	484
17.0300	214
17.0350	474
17.0400	144
17.0450	488
17.0500	168
17.0550	513
17.0600	180
17.0650	478
17.0700	176
17.0750	500
17.0800	172
17.0850	502
17.0900	169
17.0950	497
17.1000	174
17.1050	509
17.1100	162
17.1150	497
17.1200	177
17.1250	468
17.1300	186
17.1350	535
17.1400	167
17.1450	486
17.1500	167
17.1550	522
17.1600	180
17.1650	496
17.1700	190
17.1750	497
17.1800	190
17.1850	464
17.1900	186
17.1950	494
17.2000	181
17.2050	487
17.2100	185
17.2150	499
17.2200	184
17.2250	497
17.2300	208
17.2350	494
17.2400	174
17.2450	474
17.2500	167
17.2550	471
17.2600	169
17.2650	467
17.2700	175
17.2750	493
17.2800	172
17.2850	509
17.2900	148
17.2950	513
17.3000	160
17.3050	480
17.3100	164
17.3150	469
17.3200	175
17.3250	490
17.3300	166
17.3350	494
17.3400	182
17.3450	483
17.3500	149
17.3550	492
17.3600	177
17.3650	488
17.3700	195
17.3750	480
17.3800	180
17.3850	502
17.3900	182
17.3950	506
17.4000	170
17.4050	528
17.4100	176
17.4150	496
17.4200	184
17.4250	469
17.4300	190
17.4350	480
17.4400	192
17.4450	513
17.4500	166
17.4550	506
17.4600	164
17.4650	515
17.4700	168
17.4750	450
17.4800	190
17.4850	501
17.4900	145
17.4950	514
17.5000	166
17.5050	489
17.5100	176
17.5150	470
17.5200	182
17.5250	463
17.5300	168
17.5350	502
17.5400	180
17.5450	487
17.5500	178
17.5550	500
17.5600	169
17.5650	504
17.5700	185
17.5750	540
17.5800	172
17.5850	481
17.5900	165
17.5950	493
17.6000	170
17.6050	499
17.6100	185
17.6150	509
17.6200	154
17.6250	497
17.6300	147
17.6350	484
17.6400	178
17.6450	494
17.6500	152
17.6550	503
17.6600	183
17.6650	434
17.6700	169
17.6750	496
17.6800	173
17.6850	490
17.6900	160
17.6950	494
17.7000	169
17.7050	465
17.7100	176
17.7150	468
17.7200	204
17.7250	545
17.7300	161
17.7350	506
17.7400	189
17.7450	487
17.7500	177
17.7550	464
17.7600	173
17.7650	523
17.7700	185
17.7750	512
17.7800	166
17.7850	489
17.7900	172
17.7950	517
17.8000	173
17.8050	557
17.8100	175
17.8150	481
17.8200	156
17.8250	496
17.8300	171
17.8350	493
17.8400	170
17.8450	476
17.8500	196
17.8550	497
17.8600	139
17.8650	502
17.8700	167
17.8750	496
17.8800	177
17.8850	501
17.8900	193
17.8950	537
17.9000	180
17.9050	494
17.9100	157
17.9150	508
17.9200	176
17.9250	498
17.9300	186
17.9350	481
17.9400	156
17.9450	516
17.9500	167
17.9550	462
17.9600	151
17.9650	484
17.9700	176
17.9750	478
17.9800	184
17.9850	459
17.9900	187
17.9950	561
18.0000	179
18.0050	494
18.0100	185
18.0150	502
18.0200	178
18.0250	497
18.0300	168
18.0350	506
18.0400	175
18.0450	478
18.0500	169
18.0550	480
18.0600	157
18.0650	489
18.0700	184
18.0750	432
18.0800	159
18.0850	515
18.0900	180
18.0950	523
18.1000	191
18.1050	512
18.1100	181
18.1150	500
18.1200	179
18.1250	517
18.1300	162
18.1350	469
18.1400	175
18.1450	509
18.1500	192
18.1550	493
18.1600	180
18.1650	521
18.1700	166
18.1750	496
18.1800	159
18.1850	481
18.1900	175
18.1950	477
18.2000	171
18.2050	483
18.2100	207
18.2150	467
18.2200	177
18.2250	500
18.2300	205
18.2350	470
18.2400	188
18.2450	483
18.2500	184
18.2550	500
18.2600	174
18.2650	501
18.2700	175
18.2750	463
18.2800	152
18.2850	516
18.2900	161
18.2950	450
18.3000	159
18.3050	553
18.3100	168
18.3150	498
18.3200	170
18.3250	450
18.3300	173
18.3350	484
18.3400	157
18.3450	505
18.3500	172
18.3550	496
18.3600	173
18.3650	476
18.3700	177
18.3750	487
18.3800	186
18.3850	450
18.3900	203
18.3950	460
18.4000	178
18.4050	484
18.4100	151
18.4150	513
18.4200	189
18.4250	489
18.4300	189
18.4350	515
18.4400	177
18.4450	502
18.4500	187
18.4550	476
18.4600	179
18.4650	455
18.4700	193
18.4750	490
18.4800	190
18.4850	528
18.4900	165
18.4950	469
18.5000	191
18.5050	525
18.5100	164
18.5150	475
18.5200	161
18.5250	495
18.5300	178
18.5350	534
18.5400	165
18.5450	471
18.5500	162
18.5550	530
18.5600	164
18.5650	494
18.5700	163
18.5750	500
18.5800	187
18.5850	488
18.5900	169
18.5950	473
18.6000	204
18.6050	520
18.6100	178
18.6150	492
18.6200	183
18.6250	477
18.6300	159
18.6350	530
18.6400	176
18.6450	470
18.6500	193
18.6550	470
18.6600	160
18.6650	504
18.6700	178
18.6750	479
18.6800	173
18.6850	542
18.6900	149
18.6950	492
18.7000	187
18.7050	481
18.7100	179
18.7150	509
18.7200	169
18.7250	493
18.7300	168
18.7350	506
18.7400	170
18.7450	503
18.7500	179
18.7550	478
18.7600	179
18.7650	465
18.7700	176
18.7750	477
18.7800	153
18.7850	469
18.7900	175
18.7950	467
18.8000	166
18.8050	528
18.8100	174
18.8150	490
18.8200	177
18.8250	499
18.8300	173
18.8350	496
18.8400	161
18.8450	487
18.8500	168
18.8550	481
18.8600	178
18.8650	470
18.8700	185
18.8750	501
18.8800	184
18.8850	488
18.8900	177
18.8950	500
18.9000	177
18.9050	482
18.9100	186
18.9150	455
18.9200	172
18.9250	501
18.9300	159
18.9350	501
18.9400	156
18.9450	481
18.9500	164
18.9550	464
18.9600	165
18.9650	552
18.9700	176
18.9750	459
18.9800	176
18.9850	481
18.9900	156
18.9950	481
19.0000	185
19.0050	471
19.0100	171
19.0150	494
19.0200	173
19.0250	480
19.0300	184
19.0350	489
19.0400	158
19.0450	502
19.0500	178
19.0550	498
19.0600	184
19.0650	484
19.0700	190
19.0750	486
19.0800	163
19.0850	470
19.0900	142
19.0950	484
19.1000	160
19.1050	492
19.1100	180
19.1150	506
19.1200	170
19.1250	488
19.1300	187
19.1350	485
19.1400	175
19.1450	469
19.1500	172
19.1550	444
19.1600	178
19.1650	529
19.1700	173
19.1750	479
19.1800	155
19.1850	489
19.1900	148
19.1950	497
19.2000	160
19.2050	508
19.2100	181
19.2150	513
19.2200	170
19.2250	517
19.2300	165
19.2350	478
19.2400	159
19.2450	520
19.2500	163
19.2550	518
19.2600	162
19.2650	478
19.2700	184
19.2750	512
19.2800	173
19.2850	481
19.2900	168
19.2950	493
19.3000	171
19.3050	483
19.3100	167
19.3150	473
19.3200	169
19.3250	490
19.3300	177
19.3350	463
19.3400	168
19.3450	486
19.3500	155
19.3550	497
19.3600	145
19.3650	445
19.3700	166
19.3750	512
19.3800	178
19.3850	483
19.3900	168
19.3950	496
19.4000	164
19.4050	521
19.4100	144
19.4150	506
19.4200	162
19.4250	477
19.4300	174
19.4350	521
19.4400	163
19.4450	480
19.4500	182
19.4550	483
19.4600	167
19.4650	485
19.4700	175
19.4750	459
19.4800	174
19.4850	506
19.4900	182
19.4950	540
19.5000	164
19.5050	484
19.5100	175
19.5150	481
19.5200	182
19.5250	526
19.5300	177
19.5350	507
19.5400	169
19.5450	496
19.5500	154
19.5550	484
19.5600	180
19.5650	492
19.5700	186
19.5750	468
19.5800	194
19.5850	501
19.5900	164
19.5950	543
19.6000	162
19.6050	487
19.6100	181
19.6150	488
19.6200	177
19.6250	507
19.6300	174
19.6350	487
19.6400	181
19.6450	518
19.6500	166
19.6550	535
19.6600	188
19.6650	500
19.6700	179
19.6750	481
19.6800	192
19.6850	498
19.6900	152
19.6950	499
19.7000	173
19.7050	516
19.7100	165
19.7150	498
19.7200	177
19.7250	492
19.7300	184
19.7350	520
19.7400	154
19.7450	505
19.7500	154
19.7550	494
19.7600	186
19.7650	493
19.7700	190
19.7750	514
19.7800	162
19.7850	476
19.7900	188
19.7950	518
19.8000	173
19.8050	493
19.8100	163
19.8150	495
19.8200	142
19.8250	480
19.8300	174
19.8350	503
19.8400	157
19.8450	495
19.8500	179
19.8550	488
19.8600	176
19.8650	481
19.8700	187
19.8750	492
19.8800	155
19.8850	504
19.8900	185
19.8950	534
19.9000	169
19.9050	473
19.9100	150
19.9150	495
19.9200	198
19.9250	511
19.9300	185
19.9350	501
19.9400	161
19.9450	482
19.9500	178
19.9550	467
19.9600	212
19.9650	490
19.9700	174
19.9750	493
19.9800	177
19.9850	473
19.9900	175
19.9950	499
