0.0000	297
0.0100	105
0.0200	90
0.0300	501
0.0400	529
0.0500	276
0.0600	108
0.0700	77
0.0800	484
0.0900	542
0.1000	264
0.1100	110
0.1200	88
0.1300	477
0.1400	506
0.1500	259
0.1600	102
0.1700	75
0.1800	502
0.1900	473
0.2000	283
0.2100	86
0.2200	79
0.2300	511
0.2400	513
0.2500	255
0.2600	119
0.2700	96
0.2800	533
0.2900	506
0.3000	254
0.3100	110
0.3200	100
0.3300	497
0.3400	490
0.3500	286
0.3600	101
0.3700	86
0.3800	486
0.3900	517
0.4000	291
0.4100	100
0.4200	92
0.4300	487
0.4400	490
0.4500	252
0.4600	94
0.4700	79
0.4800	519
0.4900	516
0.5000	267
0.5100	106
0.5200	70
0.5300	491
0.5400	493
0.5500	235
0.5600	93
0.5700	81
0.5800	479
0.5900	481
0.6000	270
0.6100	92
0.6200	94
0.6300	519
0.6400	505
0.6500	271
0.6600	127
0.6700	81
0.6800	491
0.6900	513
0.7000	265
0.7100	124
0.7200	87
0.7300	529
0.7400	496
0.7500	291
0.7600	124
0.7700	83
0.7800	488
0.7900	493
0.8000	266
0.8100	104
0.8200	103
0.8300	487
0.8400	485
0.8500	281
0.8600	94
0.8700	88
0.8800	528
0.8900	491
0.9000	244
0.9100	94
0.9200	78
0.9300	511
0.9400	525
0.9500	265
0.9600	101
0.9700	65
0.9800	504
0.9900	520
1.0000	281
1.0100	91
1.0200	94
1.0300	494
1.0400	490
1.0500	283
1.0600	103
1.0700	87
1.0800	486
1.0900	516
1.1000	250
1.1100	108
1.1200	91
1.1300	496
1.1400	483
1.1500	235
1.1600	100
1.1700	84
1.1800	477
1.1900	486
1.2000	257
1.2100	97
1.2200	75
1.2300	492
1.2400	525
1.2500	252
1.2600	95
1.2700	75
1.2800	481
1.2900	504
1.3000	247
1.3100	103
1.3200	95
1.3300	494
1.3400	481
1.3500	246
1.3600	113
1.3700	79
1.3800	514
1.3900	462
1.4000	270
1.4100	115
1.4200	69
1.4300	479
1.4400	500
1.4500	269
1.4600	88
1.4700	80
1.4800	497
1.4900	485
1.5000	260
1.5100	115
1.5200	72
1.5300	502
1.5400	521
1.5500	260
1.5600	102
1.5700	100
1.5800	491
1.5900	506
1.6000	267
1.6100	103
1.6200	75
1.6300	504
1.6400	511
1.6500	264
1.6600	95
1.6700	76
1.6800	500
1.6900	503
1.7000	273
1.7100	102
1.7200	72
1.7300	490
1.7400	461
1.7500	267
1.7600	85
1.7700	85
1.7800	498
1.7900	505
1.8000	257
1.8100	113
1.8200	89
1.8300	505
1.8400	459
1.8500	229
1.8600	106
1.8700	82
1.8800	507
1.8900	483
1.9000	270
1.9100	90
1.9200	93
1.9300	498
1.9400	496
1.9500	245
1.9600	97
1.9700	79
1.9800	495
1.9900	454
2.0000	277
2.0100	107
2.0200	81
2.0300	507
2.0400	505
2.0500	285
2.0600	111
2.0700	73
2.0800	485
2.0900	481
2.1000	302
2.1100	109
2.1200	99
2.1300	478
2.1400	495
2.1500	300
2.1600	115
2.1700	107
2.1800	478
2.1900	532
2.2000	298
2.2100	119
2.2200	97
2.2300	500
2.2400	508
2.2500	295
2.2600	115
2.2700	96
2.2800	502
2.2900	485
2.3000	295
2.3100	107
2.3200	88
2.3300	514
2.3400	504
2.3500	277
2.3600	131
2.3700	92
2.3800	502
2.3900	484
2.4000	278
2.4100	123
2.4200	95
2.4300	486
2.4400	492
2.4500	306
2.4600	127
2.4700	83
2.4800	469
2.4900	516
2.5000	266
2.5100	122
2.5200	96
2.5300	482
2.5400	512
2.5500	272
2.5600	124
2.5700	99
2.5800	515
2.5900	506
2.6000	252
2.6100	134
2.6200	84
2.6300	502
2.6400	516
2.6500	247
2.6600	115
2.6700	93
2.6800	480
2.6900	530
2.7000	276
2.7100	112
2.7200	74
2.7300	520
2.7400	495
2.7500	270
2.7600	89
2.7700	86
2.7800	508
2.7900	521
2.8000	235
2.8100	101
2.8200	69
2.8300	475
2.8400	501
2.8500	271
2.8600	101
2.8700	68
2.8800	514
2.8900	509
2.9000	265
2.9100	98
2.9200	85
2.9300	475
2.9400	551
2.9500	247
2.9600	95
2.9700	79
2.9800	478
2.9900	527
3.0000	240
3.0100	80
3.0200	79
3.0300	488
3.0400	470
3.0500	228
3.0600	86
3.0700	66
3.0800	479
3.0900	492
3.1000	269
3.1100	99
3.1200	63
3.1300	495
3.1400	525
3.1500	261
3.1600	96
3.1700	90
3.1800	531
3.1900	487
3.2000	236
3.2100	105
3.2200	84
3.2300	495
3.2400	492
3.2500	287
3.2600	98
3.2700	71
3.2800	518
3.2900	528
3.3000	272
3.3100	105
3.3200	79
3.3300	475
3.3400	499
3.3500	288
3.3600	95
3.3700	95
3.3800	501
3.3900	497
3.4000	270
3.4100	116
3.4200	113
3.4300	484
3.4400	487
3.4500	282
3.4600	134
3.4700	94
3.4800	492
3.4900	508
3.5000	278
3.5100	117
3.5200	104
3.5300	509
3.5400	482
3.5500	317
3.5600	117
3.5700	96
3.5800	482
3.5900	505
3.6000	305
3.6100	122
3.6200	102
3.6300	490
3.6400	507
3.6500	283
3.6600	127
3.6700	91
3.6800	502
3.6900	505
3.7000	280
3.7100	106
3.7200	110
3.7300	461
3.7400	509
3.7500	269
3.7600	109
3.7700	110
3.7800	503
3.7900	532
3.8000	264
3.8100	124
3.8200	101
3.8300	479
3.8400	526
3.8500	266
3.8600	123
3.8700	113
3.8800	471
3.8900	486
3.9000	281
3.9100	125
3.9200	101
3.9300	524
3.9400	513
3.9500	256
3.9600	107
3.9700	107
3.9800	525
3.9900	472
4.0000	286
4.0100	112
4.0200	115
4.0300	505
4.0400	468
4.0500	276
4.0600	114
4.0700	77
4.0800	517
4.0900	496
4.1000	286
4.1100	101
4.1200	72
4.1300	517
4.1400	481
4.1500	253
4.1600	138
4.1700	90
4.1800	478
4.1900	524
4.2000	257
4.2100	109
4.2200	86
4.2300	457
4.2400	490
4.2500	290
4.2600	114
4.2700	102
4.2800	484
4.2900	493
4.3000	266
4.3100	108
4.3200	90
4.3300	529
4.3400	521
4.3500	267
4.3600	107
4.3700	85
4.3800	497
4.3900	538
4.4000	258
4.4100	91
4.4200	81
4.4300	492
4.4400	502
4.4500	264
4.4600	92
4.4700	82
4.4800	500
4.4900	488
4.5000	274
4.5100	105
4.5200	80
4.5300	483
4.5400	485
4.5500	268
4.5600	100
4.5700	89
4.5800	523
4.5900	513
4.6000	279
4.6100	103
4.6200	87
4.6300	514
4.6400	525
4.6500	267
4.6600	117
4.6700	91
4.6800	472
4.6900	492
4.7000	272
4.7100	103
4.7200	74
4.7300	541
4.7400	509
4.7500	252
4.7600	103
4.7700	68
4.7800	532
4.7900	513
4.8000	234
4.8100	112
4.8200	90
4.8300	523
4.8400	550
4.8500	248
4.8600	107
4.8700	65
4.8800	480
4.8900	494
4.9000	276
4.9100	99
4.9200	83
4.9300	521
4.9400	470
4.9500	270
4.9600	105
4.9700	77
4.9800	472
4.9900	540
5.0000	243
5.0100	86
5.0200	65
5.0300	477
5.0400	514
5.0500	276
5.0600	96
5.0700	69
5.0800	504
5.0900	465
5.1000	234
5.1100	95
5.1200	73
5.1300	465
5.1400	480
5.1500	261
5.1600	100
5.1700	76
5.1800	487
5.1900	542
5.2000	255
5.2100	85
5.2200	81
5.2300	504
5.2400	493
5.2500	242
5.2600	99
5.2700	80
5.2800	526
5.2900	513
5.3000	232
5.3100	91
5.3200	84
5.3300	482
5.3400	486
5.3500	230
5.3600	122
5.3700	76
5.3800	509
5.3900	498
5.4000	266
5.4100	88
5.4200	61
5.4300	508
5.4400	532
5.4500	273
5.4600	105
5.4700	81
5.4800	496
5.4900	482
5.5000	243
5.5100	90
5.5200	78
5.5300	513
5.5400	514
5.5500	257
5.5600	93
5.5700	80
5.5800	503
5.5900	514
5.6000	277
5.6100	86
5.6200	66
5.6300	492
5.6400	530
5.6500	275
5.6600	107
5.6700	64
5.6800	478
5.6900	494
5.7000	279
5.7100	117
5.7200	94
5.7300	488
5.7400	521
5.7500	283
5.7600	103
5.7700	88
5.7800	499
5.7900	517
5.8000	268
5.8100	107
5.8200	93
5.8300	497
5.8400	513
5.8500	270
5.8600	112
5.8700	77
5.8800	461
5.8900	472
5.9000	271
5.9100	104
5.9200	77
5.9300	473
5.9400	520
5.9500	267
5.9600	144
5.9700	75
5.9800	555
5.9900	519
6.0000	262
6.0100	89
6.0200	99
6.0300	481
6.0400	502
6.0500	295
6.0600	112
6.0700	104
6.0800	505
6.0900	494
6.1000	259
6.1100	113
6.1200	105
6.1300	519
6.1400	508
6.1500	249
6.1600	104
6.1700	92
6.1800	483
6.1900	515
6.2000	287
6.2100	118
6.2200	91
6.2300	470
6.2400	481
6.2500	285
6.2600	112
6.2700	82
6.2800	513
6.2900	496
6.3000	267
6.3100	120
6.3200	108
6.3300	518
6.3400	505
6.3500	282
6.3600	115
6.3700	102
6.3800	508
6.3900	538
6.4000	267
6.4100	85
6.4200	90
6.4300	500
6.4400	502
6.4500	276
6.4600	108
6.4700	84
6.4800	543
6.4900	481
6.5000	274
6.5100	102
6.5200	104
6.5300	497
6.5400	469
6.5500	244
6.5600	113
6.5700	81
6.5800	513
6.5900	517
6.6000	222
6.6100	112
6.6200	90
6.6300	507
6.6400	489
6.6500	261
6.6600	112
6.6700	87
6.6800	519
6.6900	509
6.7000	262
6.7100	100
6.7200	90
6.7300	496
6.7400	481
6.7500	280
6.7600	120
6.7700	89
6.7800	498
6.7900	504
6.8000	269
6.8100	110
6.8200	92
6.8300	493
6.8400	499
6.8500	280
6.8600	112
6.8700	83
6.8800	484
6.8900	504
6.9000	273
6.9100	102
6.9200	100
6.9300	500
6.9400	496
6.9500	280
6.9600	109
6.9700	97
6.9800	512
6.9900	496
7.0000	288
7.0100	108
7.0200	89
7.0300	527
7.0400	508
7.0500	262
7.0600	108
7.0700	99
7.0800	518
7.0900	482
7.1000	279
7.1100	105
7.1200	86
7.1300	485
7.1400	483
7.1500	258
7.1600	113
7.1700	92
7.1800	472
7.1900	489
7.2000	273
7.2100	98
7.2200	88
7.2300	432
7.2400	501
7.2500	274
7.2600	111
7.2700	83
7.2800	520
7.2900	478
7.3000	272
7.3100	111
7.3200	87
7.3300	485
7.3400	498
7.3500	278
7.3600	121
7.3700	83
7.3800	538
7.3900	547
7.4000	229
7.4100	118
7.4200	100
7.4300	525
7.4400	497
7.4500	286
7.4600	111
7.4700	89
7.4800	494
7.4900	488
7.5000	255
7.5100	107
7.5200	78
7.5300	556
7.5400	517
7.5500	251
7.5600	99
7.5700	106
7.5800	501
7.5900	511
7.6000	259
7.6100	98
7.6200	100
7.6300	507
7.6400	496
7.6500	271
7.6600	96
7.6700	85
7.6800	518
7.6900	503
7.7000	253
7.7100	102
7.7200	90
7.7300	488
7.7400	461
7.7500	292
7.7600	111
7.7700	71
7.7800	490
7.7900	501
7.8000	260
7.8100	117
7.8200	89
7.8300	506
7.8400	509
7.8500	265
7.8600	101
7.8700	103
7.8800	512
7.8900	509
7.9000	263
7.9100	116
7.9200	89
7.9300	510
7.9400	507
7.9500	271
7.9600	96
7.9700	102
7.9800	448
7.9900	513
8.0000	275
8.0100	102
8.0200	93
8.0300	478
8.0400	472
8.0500	264
8.0600	106
8.0700	104
8.0800	504
8.0900	499
8.1000	304
8.1100	126
8.1200	94
8.1300	469
8.1400	484
8.1500	278
8.1600	97
8.1700	97
8.1800	537
8.1900	482
8.2000	269
8.2100	110
8.2200	96
8.2300	510
8.2400	530
8.2500	267
8.2600	110
8.2700	85
8.2800	526
8.2900	491
8.3000	268
8.3100	111
8.3200	83
8.3300	476
8.3400	506
8.3500	266
8.3600	137
8.3700	98
8.3800	531
8.3900	492
8.4000	263
8.4100	111
8.4200	86
8.4300	474
8.4400	495
8.4500	287
8.4600	106
8.4700	94
8.4800	503
8.4900	482
8.5000	284
8.5100	101
8.5200	111
8.5300	508
8.5400	486
8.5500	286
8.5600	137
8.5700	95
8.5800	524
8.5900	507
8.6000	280
8.6100	99
8.6200	107
8.6300	538
8.6400	516
8.6500	292
8.6600	103
8.6700	85
8.6800	476
8.6900	522
8.7000	292
8.7100	104
8.7200	86
8.7300	500
8.7400	528
8.7500	258
8.7600	91
8.7700	94
8.7800	529
8.7900	518
8.8000	261
8.8100	115
8.8200	104
8.8300	505
8.8400	490
8.8500	269
8.8600	121
8.8700	94
8.8800	463
8.8900	523
8.9000	261
8.9100	130
8.9200	77
8.9300	522
8.9400	497
8.9500	281
8.9600	123
8.9700	75
8.9800	474
8.9900	495
9.0000	253
9.0100	112
9.0200	78
9.0300	483
9.0400	512
9.0500	272
9.0600	110
9.0700	87
9.0800	458
9.0900	521
9.1000	295
9.1100	102
9.1200	103
9.1300	489
9.1400	532
9.1500	285
9.1600	109
9.1700	98
9.1800	485
9.1900	503
9.2000	278
9.2100	103
9.2200	97
9.2300	495
9.2400	496
9.2500	291
9.2600	116
9.2700	90
9.2800	521
9.2900	511
9.3000	278
9.3100	109
9.3200	84
9.3300	482
9.3400	511
9.3500	252
9.3600	122
9.3700	95
9.3800	510
9.3900	492
9.4000	281
9.4100	121
9.4200	84
9.4300	495
9.4400	497
9.4500	283
9.4600	125
9.4700	97
9.4800	506
9.4900	486
9.5000	264
9.5100	107
9.5200	68
9.5300	488
9.5400	517
9.5500	264
9.5600	100
9.5700	88
9.5800	521
9.5900	486
9.6000	260
9.6100	108
9.6200	105
9.6300	508
9.6400	485
9.6500	274
9.6600	98
9.6700	94
9.6800	533
9.6900	508
9.7000	262
9.7100	97
9.7200	85
9.7300	510
9.7400	533
9.7500	279
9.7600	120
9.7700	99
9.7800	493
9.7900	517
9.8000	285
9.8100	124
9.8200	96
9.8300	493
9.8400	481
9.8500	246
9.8600	106
9.8700	99
9.8800	537
9.8900	504
9.9000	290
9.9100	130
9.9200	101
9.9300	507
9.9400	487
9.9500	292
9.9600	96
9.9700	93
9.9800	499
9.9900	500
10.0000	292
10.0100	97
10.0200	92
10.0300	507
10.0400	496
10.0500	246
10.0600	108
10.0700	93
10.0800	539
10.0900	530
10.1000	254
10.1100	105
10.1200	80
10.1300	497
10.1400	542
10.1500	281
10.1600	97
10.1700	90
10.1800	500
10.1900	509
10.2000	271
10.2100	112
10.2200	83
10.2300	484
10.2400	510
10.2500	280
10.2600	104
10.2700	82
10.2800	511
10.2900	477
10.3000	266
10.3100	110
10.3200	73
10.3300	514
10.3400	514
10.3500	264
10.3600	115
10.3700	91
10.3800	489
10.3900	450
10.4000	274
10.4100	91
10.4200	105
10.4300	541
10.4400	513
10.4500	261
10.4600	113
10.4700	85
10.4800	556
10.4900	507
10.5000	251
10.5100	116
10.5200	72
10.5300	492
10.5400	476
10.5500	273
10.5600	94
10.5700	103
10.5800	487
10.5900	463
10.6000	264
10.6100	115
10.6200	75
10.6300	531
10.6400	488
10.6500	265
10.6600	115
10.6700	86
10.6800	514
10.6900	491
10.7000	272
10.7100	103
10.7200	96
10.7300	534
10.7400	490
10.7500	242
10.7600	94
10.7700	91
10.7800	514
10.7900	472
10.8000	281
10.8100	117
10.8200	82
10.8300	485
10.8400	523
10.8500	285
10.8600	103
10.8700	88
10.8800	497
10.8900	457
10.9000	259
10.9100	101
10.9200	104
10.9300	485
10.9400	499
10.9500	262
10.9600	116
10.9700	108
10.9800	498
10.9900	483
11.0000	291
11.0100	93
11.0200	84
11.0300	524
11.0400	473
11.0500	270
11.0600	118
11.0700	74
11.0800	499
11.0900	527
11.1000	278
11.1100	121
11.1200	84
11.1300	527
11.1400	504
11.1500	241
11.1600	107
11.1700	97
11.1800	490
11.1900	523
11.2000	272
11.2100	111
11.2200	113
11.2300	484
11.2400	507
11.2500	248
11.2600	112
11.2700	90
11.2800	527
11.2900	505
11.3000	268
11.3100	112
11.3200	75
11.3300	524
11.3400	492
11.3500	294
11.3600	126
11.3700	87
11.3800	492
11.3900	496
11.4000	263
11.4100	127
11.4200	98
11.4300	477
11.4400	517
11.4500	296
11.4600	119
11.4700	79
11.4800	525
11.4900	491
11.5000	276
11.5100	121
11.5200	80
11.5300	520
11.5400	458
11.5500	271
11.5600	108
11.5700	104
11.5800	504
11.5900	518
11.6000	292
11.6100	109
11.6200	97
11.6300	519
11.6400	498
11.6500	250
11.6600	94
11.6700	91
11.6800	495
11.6900	517
11.7000	277
11.7100	103
11.7200	99
11.7300	510
11.7400	519
11.7500	275
11.7600	120
11.7700	99
11.7800	496
11.7900	485
11.8000	277
11.8100	126
11.8200	85
11.8300	480
11.8400	450
11.8500	253
11.8600	121
11.8700	96
11.8800	515
11.8900	517
11.9000	274
11.9100	104
11.9200	98
11.9300	486
11.9400	518
11.9500	300
11.9600	102
11.9700	87
11.9800	518
11.9900	446
12.0000	270
12.0100	112
12.0200	107
12.0300	478
12.0400	508
12.0500	269
12.0600	127
12.0700	106
12.0800	471
12.0900	500
12.1000	248
12.1100	107
12.1200	82
12.1300	523
12.1400	461
12.1500	253
12.1600	105
12.1700	97
12.1800	495
12.1900	495
12.2000	273
12.2100	126
12.2200	100
12.2300	480
12.2400	482
12.2500	247
12.2600	91
12.2700	85
12.2800	512
12.2900	521
12.3000	232
12.3100	94
12.3200	99
12.3300	519
12.3400	474
12.3500	272
12.3600	97
12.3700	82
12.3800	476
12.3900	540
12.4000	265
12.4100	101
12.4200	90
12.4300	514
12.4400	519
12.4500	252
12.4600	95
12.4700	91
12.4800	490
12.4900	494
12.5000	270
12.5100	113
12.5200	93
12.5300	491
12.5400	487
12.5500	259
12.5600	107
12.5700	76
12.5800	505
12.5900	521
12.6000	249
12.6100	125
12.6200	92
12.6300	506
12.6400	516
12.6500	276
12.6600	132
12.6700	88
12.6800	483
12.6900	527
12.7000	297
12.7100	114
12.7200	84
12.7300	483
12.7400	536
12.7500	258
12.7600	100
12.7700	83
12.7800	495
12.7900	504
12.8000	280
12.8100	116
12.8200	102
12.8300	493
12.8400	468
12.8500	278
12.8600	122
12.8700	109
12.8800	482
12.8900	497
12.9000	280
12.9100	115
12.9200	84
12.9300	514
12.9400	509
12.9500	248
12.9600	104
12.9700	82
12.9800	491
12.9900	481
13.0000	280
13.0100	106
13.0200	88
13.0300	518
13.0400	516
13.0500	257
13.0600	114
13.0700	82
13.0800	512
13.0900	499
13.1000	273
13.1100	109
13.1200	96
13.1300	515
13.1400	509
13.1500	253
13.1600	102
13.1700	103
13.1800	527
13.1900	499
13.2000	285
13.2100	127
13.2200	87
13.2300	497
13.2400	513
13.2500	272
13.2600	115
13.2700	95
13.2800	473
13.2900	526
13.3000	254
13.3100	113
13.3200	82
13.3300	488
13.3400	470
13.3500	273
13.3600	104
13.3700	93
13.3800	523
13.3900	495
13.4000	271
13.4100	111
13.4200	92
13.4300	503
13.4400	538
13.4500	272
13.4600	113
13.4700	83
13.4800	521
13.4900	517
13.5000	284
13.5100	105
13.5200	89
13.5300	484
13.5400	509
13.5500	270
13.5600	107
13.5700	83
13.5800	463
13.5900	510
13.6000	268
13.6100	106
13.6200	96
13.6300	523
13.6400	490
13.6500	264
13.6600	118
13.6700	101
13.6800	510
13.6900	521
13.7000	258
13.7100	118
13.7200	84
13.7300	484
13.7400	506
13.7500	255
13.7600	102
13.7700	80
13.7800	492
13.7900	526
13.8000	300
13.8100	114
13.8200	93
13.8300	497
13.8400	498
13.8500	299
13.8600	125
13.8700	93
13.8800	473
13.8900	509
13.9000	283
13.9100	103
13.9200	99
13.9300	473
13.9400	510
13.9500	281
13.9600	113
13.9700	86
13.9800	483
13.9900	493
14.0000	271
14.0100	113
14.0200	100
14.0300	506
14.0400	505
14.0500	270
14.0600	111
14.0700	91
14.0800	518
14.0900	478
14.1000	301
14.1100	114
14.1200	104
14.1300	484
14.1400	524
14.1500	277
14.1600	124
14.1700	82
14.1800	509
14.1900	549
14.2000	291
14.2100	118
14.2200	106
14.2300	484
14.2400	498
14.2500	268
14.2600	121
14.2700	89
14.2800	508
14.2900	495
14.3000	272
14.3100	116
14.3200	80
14.3300	513
14.3400	512
14.3500	264
14.3600	96
14.3700	109
14.3800	503
14.3900	514
14.4000	284
14.4100	103
14.4200	104
14.4300	514
14.4400	498
14.4500	261
14.4600	112
14.4700	97
14.4800	529
14.4900	502
14.5000	263
14.5100	101
14.5200	96
14.5300	501
14.5400	490
14.5500	292
14.5600	105
14.5700	89
14.5800	520
14.5900	481
14.6000	289
14.6100	109
14.6200	79
14.6300	528
14.6400	513
14.6500	266
14.6600	117
14.6700	88
14.6800	497
14.6900	503
14.7000	276
14.7100	104
14.7200	93
14.7300	507
14.7400	488
14.7500	282
14.7600	117
14.7700	104
14.7800	486
14.7900	490
14.8000	265
14.8100	122
14.8200	95
14.8300	489
14.8400	529
14.8500	264
14.8600	111
14.8700	96
14.8800	537
14.8900	506
14.9000	303
14.9100	116
14.9200	79
14.9300	508
14.9400	508
14.9500	261
14.9600	105
14.9700	88
14.9800	533
14.9900	497
15.0000	273
15.0100	126
15.0200	97
15.0300	477
15.0400	494
15.0500	264
15.0600	99
15.0700	92
15.0800	504
15.0900	475
15.1000	281
15.1100	94
15.1200	91
15.1300	507
15.1400	498
15.1500	259
15.1600	117
15.1700	83
15.1800	497
15.1900	475
15.2000	259
15.2100	112
15.2200	84
15.2300	491
15.2400	495
15.2500	272
15.2600	105
15.2700	78
15.2800	483
15.2900	489
15.3000	287
15.3100	101
15.3200	91
15.3300	559
15.3400	490
15.3500	250
15.3600	115
15.3700	108
15.3800	493
15.3900	472
15.4000	262
15.4100	108
15.4200	81
15.4300	462
15.4400	505
15.4500	288
15.4600	111
15.4700	85
15.4800	496
15.4900	486
15.5000	284
15.5100	103
15.5200	102
15.5300	539
15.5400	472
15.5500	279
15.5600	116
15.5700	92
15.5800	513
15.5900	493
15.6000	256
15.6100	96
15.6200	89
15.6300	505
15.6400	491
15.6500	289
15.6600	98
15.6700	88
15.6800	484
15.6900	485
15.7000	256
15.7100	104
15.7200	101
15.7300	561
15.7400	484
15.7500	266
15.7600	116
15.7700	71
15.7800	543
15.7900	502
15.8000	256
15.8100	117
15.8200	106
15.8300	497
15.8400	499
15.8500	265
15.8600	105
15.8700	93
15.8800	517
15.8900	492
15.9000	247
15.9100	102
15.9200	82
15.9300	502
15.9400	507
15.9500	268
15.9600	106
15.9700	79
15.9800	476
15.9900	498
16.0000	260
16.0100	106
16.0200	94
16.0300	483
16.0400	534
16.0500	252
16.0600	116
16.0700	99
16.0800	535
16.0900	504
16.1000	287
16.1100	90
16.1200	88
16.1300	497
16.1400	510
16.1500	267
16.1600	103
16.1700	98
16.1800	490
16.1900	514
16.2000	283
16.2100	101
16.2200	91
16.2300	505
16.2400	470
16.2500	261
16.2600	111
16.2700	113
16.2800	522
16.2900	522
16.3000	262
16.3100	109
16.3200	75
16.3300	498
16.3400	486
16.3500	266
16.3600	111
16.3700	88
16.3800	527
16.3900	534
16.4000	271
16.4100	113
16.4200	107
16.4300	512
16.4400	527
16.4500	270
16.4600	103
16.4700	79
16.4800	491
16.4900	517
16.5000	295
16.5100	106
16.5200	83
16.5300	490
16.5400	486
16.5500	254
16.5600	113
16.5700	99
16.5800	502
16.5900	501
16.6000	293
16.6100	127
16.6200	90
16.6300	478
16.6400	467
16.6500	277
16.6600	107
16.6700	101
16.6800	523
16.6900	528
16.7000	273
16.7100	113
16.7200	74
16.7300	495
16.7400	509
16.7500	259
16.7600	94
16.7700	87
16.7800	499
16.7900	495
16.8000	267
16.8100	104
16.8200	100
16.8300	503
16.8400	470
16.8500	219
16.8600	119
16.8700	77
16.8800	529
16.8900	512
16.9000	289
16.9100	103
16.9200	79
16.9300	492
16.9400	490
16.9500	270
16.9600	103
16.9700	90
16.9800	485
16.9900	487
17.0000	282
17.0100	96
17.0200	89
17.0300	500
17.0400	525
17.0500	284
17.0600	105
17.0700	79
17.0800	479
17.0900	535
17.1000	294
17.1100	105
17.1200	83
17.1300	503
17.1400	519
17.1500	271
17.1600	119
17.1700	90
17.1800	504
17.1900	501
17.2000	264
17.2100	111
17.2200	97
17.2300	493
17.2400	511
17.2500	307
17.2600	119
17.2700	86
17.2800	494
17.2900	504
17.3000	306
17.3100	93
17.3200	85
17.3300	491
17.3400	510
17.3500	286
17.3600	98
17.3700	98
17.3800	498
17.3900	511
17.4000	280
17.4100	89
17.4200	85
17.4300	480
17.4400	499
17.4500	260
17.4600	143
17.4700	83
17.4800	490
17.4900	498
17.5000	265
17.5100	119
17.5200	83
17.5300	501
17.5400	513
17.5500	272
17.5600	95
17.5700	95
17.5800	511
17.5900	486
17.6000	266
17.6100	106
17.6200	83
17.6300	496
17.6400	485
17.6500	284
17.6600	113
17.6700	90
17.6800	485
17.6900	559
17.7000	264
17.7100	112
17.7200	89
17.7300	513
17.7400	485
17.7500	259
17.7600	118
17.7700	72
17.7800	502
17.7900	484
17.8000	264
17.8100	116
17.8200	76
17.8300	513
17.8400	522
17.8500	262
17.8600	95
17.8700	93
17.8800	508
17.8900	511
17.9000	269
17.9100	98
17.9200	77
17.9300	493
17.9400	515
17.9500	287
17.9600	116
17.9700	85
17.9800	523
17.9900	481
18.0000	278
18.0100	102
18.0200	92
18.0300	461
18.0400	500
18.0500	255
18.0600	114
18.0700	71
18.0800	538
18.0900	495
18.1000	272
18.1100	111
18.1200	83
18.1300	480
18.1400	530
18.1500	241
18.1600	109
18.1700	90
18.1800	500
18.1900	520
18.2000	270
18.2100	106
18.2200	93
18.2300	480
18.2400	502
18.2500	265
18.2600	108
18.2700	93
18.2800	468
18.2900	505
18.3000	284
18.3100	117
18.3200	71
18.3300	478
18.3400	526
18.3500	244
18.3600	113
18.3700	101
18.3800	492
18.3900	518
18.4000	255
18.4100	115
18.4200	76
18.4300	508
18.4400	478
18.4500	278
18.4600	104
18.4700	76
18.4800	503
18.4900	519
18.5000	275
18.5100	78
18.5200	85
18.5300	496
18.5400	538
18.5500	242
18.5600	105
18.5700	93
18.5800	514
18.5900	523
18.6000	261
18.6100	101
18.6200	102
18.6300	490
18.6400	522
18.6500	239
18.6600	106
18.6700	90
18.6800	510
18.6900	494
18.7000	240
18.7100	122
18.7200	109
18.7300	469
18.7400	478
18.7500	262
18.7600	115
18.7700	94
18.7800	484
18.7900	534
18.8000	251
18.8100	99
18.8200	92
18.8300	464
18.8400	515
18.8500	270
18.8600	122
18.8700	87
18.8800	517
18.8900	458
18.9000	252
18.9100	119
18.9200	83
18.9300	536
18.9400	492
18.9500	255
18.9600	112
18.9700	101
18.9800	506
18.9900	507
19.0000	271
19.0100	103
19.0200	99
19.0300	458
19.0400	532
19.0500	270
19.0600	104
19.0700	96
19.0800	521
19.0900	462
19.1000	242
19.1100	118
19.1200	80
19.1300	521
19.1400	510
19.1500	285
19.1600	110
19.1700	95
19.1800	483
19.1900	481
19.2000	234
19.2100	91
19.2200	94
19.2300	519
19.2400	482
19.2500	288
19.2600	104
19.2700	88
19.2800	495
19.2900	500
19.3000	286
19.3100	110
19.3200	97
19.3300	471
19.3400	515
19.3500	271
19.3600	104
19.3700	92
19.3800	523
19.3900	527
19.4000	250
19.4100	96
19.4200	91
19.4300	501
19.4400	531
19.4500	277
19.4600	112
19.4700	81
19.4800	525
19.4900	498
19.5000	252
19.5100	89
19.5200	98
19.5300	548
19.5400	457
19.5500	270
19.5600	104
19.5700	98
19.5800	489
19.5900	489
19.6000	277
19.6100	119
19.6200	85
19.6300	489
19.6400	481
19.6500	253
19.6600	107
19.6700	101
19.6800	511
19.6900	497
19.7000	262
19.7100	101
19.7200	93
19.7300	505
19.7400	548
19.7500	273
19.7600	102
19.7700	83
19.7800	487
19.7900	536
19.8000	257
19.8100	114
19.8200	99
19.8300	472
19.8400	473
19.8500	257
19.8600	104
19.8700	85
19.8800	514
19.8900	468
19.9000	299
19.9100	105
19.9200	84
19.9300	515
19.9400	507
19.9500	251
19.9600	119
19.9700	72
19.9800	502
19.9900	511
