0.0000	253
0.0100	90
0.0200	72
0.0300	73
0.0400	81
0.0500	493
0.0600	516
0.0700	498
0.0800	544
0.0900	453
0.1000	245
0.1100	89
0.1200	71
0.1300	89
0.1400	76
0.1500	533
0.1600	511
0.1700	491
0.1800	513
0.1900	502
0.2000	256
0.2100	100
0.2200	80
0.2300	89
0.2400	79
0.2500	509
0.2600	514
0.2700	508
0.2800	510
0.2900	508
0.3000	251
0.3100	89
0.3200	71
0.3300	93
0.3400	71
0.3500	517
0.3600	454
0.3700	547
0.3800	531
0.3900	529
0.4000	239
0.4100	97
0.4200	75
0.4300	107
0.4400	65
0.4500	459
0.4600	481
0.4700	493
0.4800	525
0.4900	505
0.5000	233
0.5100	95
0.5200	71
0.5300	74
0.5400	75
0.5500	483
0.5600	494
0.5700	501
0.5800	537
0.5900	519
0.6000	245
0.6100	98
0.6200	69
0.6300	72
0.6400	68
0.6500	497
0.6600	512
0.6700	516
0.6800	512
0.6900	494
0.7000	256
0.7100	94
0.7200	77
0.7300	83
0.7400	64
0.7500	479
0.7600	530
0.7700	483
0.7800	487
0.7900	487
0.8000	266
0.8100	89
0.8200	65
0.8300	77
0.8400	64
0.8500	501
0.8600	506
0.8700	505
0.8800	517
0.8900	520
0.9000	234
0.9100	100
0.9200	90
0.9300	58
0.9400	62
0.9500	510
0.9600	508
0.9700	556
0.9800	502
0.9900	500
1.0000	248
1.0100	87
1.0200	77
1.0300	59
1.0400	54
1.0500	490
1.0600	507
1.0700	483
1.0800	482
1.0900	521
1.1000	267
1.1100	66
1.1200	67
1.1300	79
1.1400	77
1.1500	497
1.1600	475
1.1700	512
1.1800	492
1.1900	521
1.2000	257
1.2100	85
1.2200	75
1.2300	58
1.2400	79
1.2500	453
1.2600	462
1.2700	504
1.2800	528
1.2900	497
1.3000	243
1.3100	97
1.3200	69
1.3300	68
1.3400	71
1.3500	486
1.3600	533
1.3700	471
1.3800	522
1.3900	492
1.4000	259
1.4100	118
1.4200	67
1.4300	78
1.4400	84
1.4500	523
1.4600	521
1.4700	505
1.4800	505
1.4900	501
1.5000	263
1.5100	93
1.5200	87
1.5300	80
1.5400	70
1.5500	516
1.5600	508
1.5700	507
1.5800	482
1.5900	488
1.6000	283
1.6100	90
1.6200	79
1.6300	78
1.6400	68
1.6500	505
1.6600	513
1.6700	500
1.6800	525
1.6900	501
1.7000	260
1.7100	100
1.7200	60
1.7300	77
1.7400	86
1.7500	490
1.7600	512
1.7700	507
1.7800	511
1.7900	509
1.8000	239
1.8100	99
1.8200	70
1.8300	77
1.8400	81
1.8500	496
1.8600	476
1.8700	511
1.8800	507
1.8900	487
1.9000	247
1.9100	81
1.9200	74
1.9300	66
1.9400	64
1.9500	479
1.9600	503
1.9700	525
1.9800	478
1.9900	496
2.0000	246
2.0100	106
2.0200	66
2.0300	65
2.0400	71
2.0500	506
2.0600	488
2.0700	496
2.0800	488
2.0900	509
2.1000	277
2.1100	99
2.1200	78
2.1300	84
2.1400	79
2.1500	490
2.1600	508
2.1700	473
2.1800	495
2.1900	497
2.2000	251
2.2100	99
2.2200	60
2.2300	84
2.2400	70
2.2500	485
2.2600	501
2.2700	481
2.2800	536
2.2900	505
2.3000	253
2.3100	90
2.3200	61
2.3300	89
2.3400	74
2.3500	493
2.3600	507
2.3700	513
2.3800	530
2.3900	473
2.4000	243
2.4100	90
2.4200	77
2.4300	70
2.4400	67
2.4500	517
2.4600	495
2.4700	526
2.4800	537
2.4900	512
2.5000	243
2.5100	86
2.5200	63
2.5300	63
2.5400	67
2.5500	501
2.5600	492
2.5700	495
2.5800	488
2.5900	457
2.6000	223
2.6100	80
2.6200	55
2.6300	64
2.6400	56
2.6500	505
2.6600	510
2.6700	505
2.6800	492
2.6900	509
2.7000	216
2.7100	74
2.7200	66
2.7300	71
2.7400	57
2.7500	500
2.7600	537
2.7700	509
2.7800	530
2.7900	484
2.8000	211
2.8100	96
2.8200	74
2.8300	56
2.8400	48
2.8500	510
2.8600	510
2.8700	515
2.8800	514
2.8900	502
2.9000	249
2.9100	92
2.9200	58
2.9300	66
2.9400	72
2.9500	473
2.9600	481
2.9700	501
2.9800	531
2.9900	547
3.0000	244
3.0100	82
3.0200	80
3.0300	66
3.0400	67
3.0500	505
3.0600	458
3.0700	521
3.0800	491
3.0900	504
3.1000	265
3.1100	76
3.1200	59
3.1300	58
3.1400	72
3.1500	488
3.1600	498
3.1700	515
3.1800	491
3.1900	519
3.2000	222
3.2100	60
3.2200	38
3.2300	54
3.2400	33
3.2500	489
3.2600	488
3.2700	512
3.2800	498
3.2900	526
3.3000	213
3.3100	78
3.3200	35
3.3300	47
3.3400	58
3.3500	516
3.3600	504
3.3700	555
3.3800	495
3.3900	486
3.4000	245
3.4100	94
3.4200	67
3.4300	80
3.4400	69
3.4500	519
3.4600	486
3.4700	531
3.4800	450
3.4900	556
3.5000	215
3.5100	82
3.5200	65
3.5300	54
3.5400	61
3.5500	473
3.5600	480
3.5700	487
3.5800	505
3.5900	518
3.6000	266
3.6100	77
3.6200	67
3.6300	65
3.6400	55
3.6500	488
3.6600	517
3.6700	506
3.6800	440
3.6900	526
3.7000	241
3.7100	75
3.7200	55
3.7300	52
3.7400	39
3.7500	522
3.7600	511
3.7700	513
3.7800	514
3.7900	504
3.8000	266
3.8100	78
3.8200	68
3.8300	65
3.8400	61
3.8500	497
3.8600	476
3.8700	508
3.8800	517
3.8900	466
3.9000	239
3.9100	105
3.9200	67
3.9300	86
3.9400	50
3.9500	508
3.9600	509
3.9700	484
3.9800	454
3.9900	496
4.0000	246
4.0100	100
4.0200	81
4.0300	81
4.0400	87
4.0500	506
4.0600	535
4.0700	497
4.0800	504
4.0900	523
4.1000	261
4.1100	88
4.1200	58
4.1300	56
4.1400	59
4.1500	505
4.1600	479
4.1700	494
4.1800	486
4.1900	486
4.2000	266
4.2100	94
4.2200	51
4.2300	57
4.2400	66
4.2500	508
4.2600	473
4.2700	529
4.2800	517
4.2900	509
4.3000	198
4.3100	79
4.3200	57
4.3300	60
4.3400	58
4.3500	496
4.3600	516
4.3700	511
4.3800	520
4.3900	500
4.4000	225
4.4100	83
4.4200	59
4.4300	53
4.4400	47
4.4500	498
4.4600	479
4.4700	525
4.4800	500
4.4900	492
4.5000	227
4.5100	68
4.5200	55
4.5300	59
4.5400	53
4.5500	494
4.5600	505
4.5700	512
4.5800	495
4.5900	531
4.6000	219
4.6100	61
4.6200	55
4.6300	59
4.6400	55
4.6500	452
4.6600	539
4.6700	496
4.6800	521
4.6900	505
4.7000	187
4.7100	56
4.7200	52
4.7300	47
4.7400	49
4.7500	480
4.7600	488
4.7700	453
4.7800	496
4.7900	510
4.8000	227
4.8100	69
4.8200	44
4.8300	44
4.8400	57
4.8500	486
4.8600	527
4.8700	516
4.8800	478
4.8900	539
4.9000	262
4.9100	74
4.9200	57
4.9300	59
4.9400	69
4.9500	469
4.9600	540
4.9700	519
4.9800	486
4.9900	486
5.0000	230
5.0100	88
5.0200	58
5.0300	83
5.0400	69
5.0500	447
5.0600	507
5.0700	489
5.0800	511
5.0900	523
5.1000	230
5.1100	89
5.1200	62
5.1300	69
5.1400	77
5.1500	500
5.1600	557
5.1700	520
5.1800	499
5.1900	470
5.2000	259
5.2100	82
5.2200	67
5.2300	65
5.2400	71
5.2500	516
5.2600	493
5.2700	507
5.2800	498
5.2900	534
5.3000	240
5.3100	95
5.3200	61
5.3300	76
5.3400	70
5.3500	480
5.3600	513
5.3700	481
5.3800	463
5.3900	513
5.4000	268
5.4100	84
5.4200	85
5.4300	68
5.4400	54
5.4500	477
5.4600	517
5.4700	545
5.4800	487
5.4900	512
5.5000	248
5.5100	91
5.5200	73
5.5300	73
5.5400	58
5.5500	479
5.5600	515
5.5700	495
5.5800	494
5.5900	513
5.6000	223
5.6100	104
5.6200	60
5.6300	70
5.6400	74
5.6500	485
5.6600	514
5.6700	505
5.6800	490
5.6900	490
5.7000	264
5.7100	87
5.7200	81
5.7300	66
5.7400	56
5.7500	475
5.7600	483
5.7700	501
5.7800	512
5.7900	519
5.8000	271
5.8100	91
5.8200	73
5.8300	68
5.8400	65
5.8500	493
5.8600	491
5.8700	487
5.8800	494
5.8900	513
5.9000	259
5.9100	90
5.9200	88
5.9300	72
5.9400	60
5.9500	505
5.9600	498
5.9700	493
5.9800	520
5.9900	496
6.0000	281
6.0100	92
6.0200	72
6.0300	68
6.0400	76
6.0500	510
6.0600	512
6.0700	496
6.0800	518
6.0900	529
6.1000	255
6.1100	99
6.1200	72
6.1300	60
6.1400	74
6.1500	527
6.1600	500
6.1700	516
6.1800	523
6.1900	516
6.2000	248
6.2100	84
6.2200	72
6.2300	81
6.2400	72
6.2500	499
6.2600	518
6.2700	495
6.2800	467
6.2900	524
6.3000	269
6.3100	96
6.3200	78
6.3300	77
6.3400	66
6.3500	509
6.3600	505
6.3700	490
6.3800	456
6.3900	486
6.4000	251
6.4100	100
6.4200	72
6.4300	73
6.4400	86
6.4500	527
6.4600	497
6.4700	483
6.4800	477
6.4900	500
6.5000	233
6.5100	102
6.5200	74
6.5300	70
6.5400	54
6.5500	485
6.5600	493
6.5700	516
6.5800	533
6.5900	492
6.6000	280
6.6100	98
6.6200	99
6.6300	77
6.6400	73
6.6500	469
6.6600	486
6.6700	512
6.6800	506
6.6900	485
6.7000	265
6.7100	100
6.7200	73
6.7300	87
6.7400	80
6.7500	483
6.7600	509
6.7700	515
6.7800	493
6.7900	480
6.8000	278
6.8100	96
6.8200	80
6.8300	87
6.8400	76
6.8500	455
6.8600	531
6.8700	505
6.8800	503
6.8900	498
6.9000	252
6.9100	91
6.9200	66
6.9300	69
6.9400	79
6.9500	515
6.9600	543
6.9700	492
6.9800	508
6.9900	484
7.0000	262
7.0100	109
7.0200	70
7.0300	87
7.0400	64
7.0500	521
7.0600	534
7.0700	479
7.0800	492
7.0900	517
7.1000	277
7.1100	101
7.1200	84
7.1300	79
7.1400	90
7.1500	487
7.1600	511
7.1700	502
7.1800	524
7.1900	489
7.2000	269
7.2100	86
7.2200	83
7.2300	73
7.2400	78
7.2500	510
7.2600	515
7.2700	521
7.2800	506
7.2900	485
7.3000	237
7.3100	87
7.3200	74
7.3300	84
7.3400	80
7.3500	490
7.3600	489
7.3700	482
7.3800	489
7.3900	518
7.4000	247
7.4100	103
7.4200	86
7.4300	81
7.4400	71
7.4500	546
7.4600	523
7.4700	494
7.4800	482
7.4900	494
7.5000	282
7.5100	92
7.5200	70
7.5300	79
7.5400	74
7.5500	446
7.5600	514
7.5700	484
7.5800	531
7.5900	519
7.6000	260
7.6100	103
7.6200	77
7.6300	93
7.6400	86
7.6500	506
7.6600	486
7.6700	523
7.6800	518
7.6900	504
7.7000	242
7.7100	89
7.7200	72
7.7300	83
7.7400	69
7.7500	471
7.7600	529
7.7700	491
7.7800	493
7.7900	509
7.8000	279
7.8100	100
7.8200	86
7.8300	84
7.8400	66
7.8500	493
7.8600	545
7.8700	514
7.8800	476
7.8900	480
7.9000	265
7.9100	81
7.9200	76
7.9300	66
7.9400	73
7.9500	509
7.9600	534
7.9700	490
7.9800	491
7.9900	532
8.0000	248
8.0100	101
8.0200	77
8.0300	45
8.0400	74
8.0500	494
8.0600	500
8.0700	524
8.0800	480
8.0900	480
8.1000	227
8.1100	97
8.1200	77
8.1300	70
8.1400	87
8.1500	534
8.1600	500
8.1700	525
8.1800	497
8.1900	507
8.2000	251
8.2100	77
8.2200	71
8.2300	85
8.2400	80
8.2500	511
8.2600	508
8.2700	491
8.2800	478
8.2900	517
8.3000	261
8.3100	77
8.3200	78
8.3300	90
8.3400	67
8.3500	505
8.3600	515
8.3700	499
8.3800	503
8.3900	534
8.4000	245
8.4100	83
8.4200	72
8.4300	69
8.4400	63
8.4500	496
8.4600	445
8.4700	494
8.4800	508
8.4900	501
8.5000	221
8.5100	98
8.5200	81
8.5300	68
8.5400	66
8.5500	464
8.5600	513
8.5700	519
8.5800	467
8.5900	496
8.6000	257
8.6100	96
8.6200	74
8.6300	78
8.6400	85
8.6500	472
8.6600	476
8.6700	489
8.6800	527
8.6900	489
8.7000	259
8.7100	95
8.7200	88
8.7300	81
8.7400	65
8.7500	477
8.7600	493
8.7700	479
8.7800	498
8.7900	504
8.8000	255
8.8100	81
8.8200	62
8.8300	79
8.8400	80
8.8500	492
8.8600	497
8.8700	491
8.8800	518
8.8900	552
8.9000	270
8.9100	80
8.9200	76
8.9300	68
8.9400	77
8.9500	542
8.9600	518
8.9700	498
8.9800	510
8.9900	513
9.0000	261
9.0100	108
9.0200	90
9.0300	71
9.0400	86
9.0500	516
9.0600	498
9.0700	545
9.0800	508
9.0900	515
9.1000	283
9.1100	91
9.1200	83
9.1300	62
9.1400	67
9.1500	484
9.1600	504
9.1700	491
9.1800	490
9.1900	532
9.2000	280
9.2100	97
9.2200	72
9.2300	67
9.2400	72
9.2500	521
9.2600	512
9.2700	501
9.2800	480
9.2900	513
9.3000	263
9.3100	92
9.3200	70
9.3300	75
9.3400	68
9.3500	524
9.3600	494
9.3700	521
9.3800	524
9.3900	481
9.4000	253
9.4100	93
9.4200	71
9.4300	77
9.4400	93
9.4500	511
9.4600	511
9.4700	481
9.4800	483
9.4900	504
9.5000	288
9.5100	96
9.5200	66
9.5300	77
9.5400	69
9.5500	522
9.5600	492
9.5700	536
9.5800	488
9.5900	527
9.6000	231
9.6100	105
9.6200	66
9.6300	76
9.6400	68
9.6500	490
9.6600	509
9.6700	525
9.6800	514
9.6900	521
9.7000	256
9.7100	98
9.7200	86
9.7300	70
9.7400	71
9.7500	449
9.7600	517
9.7700	509
9.7800	512
9.7900	519
9.8000	280
9.8100	103
9.8200	80
9.8300	66
9.8400	71
9.8500	530
9.8600	539
9.8700	488
9.8800	499
9.8900	490
9.9000	254
9.9100	93
9.9200	65
9.9300	64
9.9400	60
9.9500	506
9.9600	487
9.9700	501
9.9800	518
9.9900	543
10.0000	254
10.0100	109
10.0200	67
10.0300	83
10.0400	69
10.0500	484
10.0600	499
10.0700	503
10.0800	494
10.0900	494
10.1000	244
10.1100	92
10.1200	74
10.1300	66
10.1400	91
10.1500	448
10.1600	520
10.1700	491
10.1800	520
10.1900	522
10.2000	283
10.2100	95
10.2200	66
10.2300	74
10.2400	57
10.2500	507
10.2600	517
10.2700	455
10.2800	490
10.2900	496
10.3000	248
10.3100	85
10.3200	81
10.3300	65
10.3400	72
10.3500	507
10.3600	498
10.3700	512
10.3800	514
10.3900	513
10.4000	228
10.4100	86
10.4200	74
10.4300	76
10.4400	73
10.4500	484
10.4600	474
10.4700	499
10.4800	456
10.4900	540
10.5000	262
10.5100	104
10.5200	68
10.5300	67
10.5400	63
10.5500	506
10.5600	504
10.5700	565
10.5800	488
10.5900	475
10.6000	265
10.6100	85
10.6200	74
10.6300	67
10.6400	59
10.6500	521
10.6600	520
10.6700	481
10.6800	511
10.6900	501
10.7000	275
10.7100	84
10.7200	78
10.7300	68
10.7400	67
10.7500	477
10.7600	474
10.7700	504
10.7800	512
10.7900	508
10.8000	245
10.8100	96
10.8200	83
10.8300	80
10.8400	74
10.8500	500
10.8600	497
10.8700	478
10.8800	510
10.8900	509
10.9000	227
10.9100	85
10.9200	76
10.9300	70
10.9400	75
10.9500	492
10.9600	503
10.9700	502
10.9800	515
10.9900	526
11.0000	252
11.0100	96
11.0200	66
11.0300	69
11.0400	65
11.0500	506
11.0600	505
11.0700	523
11.0800	474
11.0900	482
11.1000	272
11.1100	85
11.1200	71
11.1300	54
11.1400	83
11.1500	476
11.1600	497
11.1700	501
11.1800	499
11.1900	480
11.2000	268
11.2100	113
11.2200	64
11.2300	69
11.2400	66
11.2500	532
11.2600	495
11.2700	511
11.2800	508
11.2900	519
11.3000	259
11.3100	89
11.3200	78
11.3300	74
11.3400	57
11.3500	508
11.3600	481
11.3700	523
11.3800	487
11.3900	512
11.4000	259
11.4100	96
11.4200	62
11.4300	71
11.4400	51
11.4500	458
11.4600	496
11.4700	525
11.4800	511
11.4900	454
11.5000	250
11.5100	88
11.5200	66
11.5300	69
11.5400	72
11.5500	505
11.5600	497
11.5700	477
11.5800	489
11.5900	481
11.6000	266
11.6100	96
11.6200	78
11.6300	77
11.6400	74
11.6500	499
11.6600	509
11.6700	507
11.6800	482
11.6900	513
11.7000	284
11.7100	90
11.7200	74
11.7300	74
11.7400	71
11.7500	481
11.7600	547
11.7700	539
11.7800	489
11.7900	514
11.8000	275
11.8100	86
11.8200	87
11.8300	72
11.8400	50
11.8500	496
11.8600	475
11.8700	524
11.8800	509
11.8900	553
11.9000	227
11.9100	88
11.9200	72
11.9300	83
11.9400	68
11.9500	502
11.9600	519
11.9700	507
11.9800	512
11.9900	476
12.0000	242
12.0100	101
12.0200	76
12.0300	78
12.0400	73
12.0500	497
12.0600	506
12.0700	501
12.0800	507
12.0900	515
12.1000	251
12.1100	86
12.1200	69
12.1300	63
12.1400	61
12.1500	517
12.1600	480
12.1700	529
12.1800	503
12.1900	503
12.2000	269
12.2100	99
12.2200	67
12.2300	71
12.2400	67
12.2500	489
12.2600	469
12.2700	505
12.2800	538
12.2900	537
12.3000	263
12.3100	118
12.3200	74
12.3300	64
12.3400	80
12.3500	514
12.3600	455
12.3700	514
12.3800	512
12.3900	508
12.4000	271
12.4100	82
12.4200	79
12.4300	73
12.4400	72
12.4500	495
12.4600	480
12.4700	515
12.4800	507
12.4900	510
12.5000	258
12.5100	82
12.5200	76
12.5300	73
12.5400	71
12.5500	502
12.5600	497
12.5700	545
12.5800	492
12.5900	498
12.6000	272
12.6100	82
12.6200	71
12.6300	75
12.6400	79
12.6500	515
12.6600	519
12.6700	518
12.6800	528
12.6900	484
12.7000	243
12.7100	92
12.7200	68
12.7300	76
12.7400	63
12.7500	471
12.7600	488
12.7700	522
12.7800	501
12.7900	521
12.8000	242
12.8100	85
12.8200	88
12.8300	71
12.8400	71
12.8500	488
12.8600	520
12.8700	500
12.8800	514
12.8900	500
12.9000	251
12.9100	103
12.9200	64
12.9300	71
12.9400	73
12.9500	482
12.9600	476
12.9700	490
12.9800	477
12.9900	532
13.0000	251
13.0100	90
13.0200	82
13.0300	71
13.0400	76
13.0500	500
13.0600	499
13.0700	509
13.0800	504
13.0900	492
13.1000	263
13.1100	93
13.1200	76
13.1300	88
13.1400	62
13.1500	498
13.1600	533
13.1700	564
13.1800	485
13.1900	486
13.2000	241
13.2100	96
13.2200	68
13.2300	80
13.2400	68
13.2500	508
13.2600	481
13.2700	520
13.2800	461
13.2900	501
13.3000	242
13.3100	96
13.3200	73
13.3300	78
13.3400	77
13.3500	503
13.3600	480
13.3700	492
13.3800	478
13.3900	509
13.4000	240
13.4100	75
13.4200	78
13.4300	65
13.4400	67
13.4500	475
13.4600	521
13.4700	488
13.4800	543
13.4900	486
13.5000	253
13.5100	98
13.5200	72
13.5300	65
13.5400	66
13.5500	468
13.5600	488
13.5700	485
13.5800	501
13.5900	502
13.6000	234
13.6100	86
13.6200	72
13.6300	73
13.6400	78
13.6500	481
13.6600	518
13.6700	490
13.6800	463
13.6900	509
13.7000	232
13.7100	86
13.7200	81
13.7300	60
13.7400	78
13.7500	512
13.7600	509
13.7700	538
13.7800	498
13.7900	505
13.8000	242
13.8100	110
13.8200	70
13.8300	77
13.8400	77
13.8500	508
13.8600	494
13.8700	474
13.8800	533
13.8900	518
13.9000	266
13.9100	104
13.9200	69
13.9300	64
13.9400	73
13.9500	513
13.9600	491
13.9700	456
13.9800	509
13.9900	467
14.0000	241
14.0100	88
14.0200	79
14.0300	76
14.0400	56
14.0500	509
14.0600	491
14.0700	491
14.0800	525
14.0900	517
14.1000	235
14.1100	103
14.1200	59
14.1300	71
14.1400	61
14.1500	510
14.1600	519
14.1700	524
14.1800	514
14.1900	556
14.2000	253
14.2100	82
14.2200	74
14.2300	66
14.2400	63
14.2500	519
14.2600	493
14.2700	543
14.2800	504
14.2900	472
14.3000	257
14.3100	96
14.3200	66
14.3300	67
14.3400	73
14.3500	523
14.3600	542
14.3700	506
14.3800	503
14.3900	509
14.4000	244
14.4100	104
14.4200	66
14.4300	77
14.4400	72
14.4500	469
14.4600	509
14.4700	499
14.4800	516
14.4900	510
14.5000	262
14.5100	85
14.5200	80
14.5300	70
14.5400	74
14.5500	492
14.5600	485
14.5700	510
14.5800	507
14.5900	506
14.6000	256
14.6100	76
14.6200	79
14.6300	79
14.6400	62
14.6500	471
14.6600	505
14.6700	494
14.6800	535
14.6900	515
14.7000	252
14.7100	83
14.7200	72
14.7300	64
14.7400	73
14.7500	489
14.7600	501
14.7700	504
14.7800	504
14.7900	524
14.8000	245
14.8100	113
14.8200	65
14.8300	69
14.8400	73
14.8500	464
14.8600	521
14.8700	527
14.8800	498
14.8900	506
14.9000	265
14.9100	100
14.9200	62
14.9300	73
14.9400	71
14.9500	500
14.9600	521
14.9700	476
14.9800	514
14.9900	512
15.0000	220
15.0100	84
15.0200	79
15.0300	88
15.0400	66
15.0500	473
15.0600	494
15.0700	511
15.0800	500
15.0900	481
15.1000	268
15.1100	109
15.1200	81
15.1300	72
15.1400	63
15.1500	462
15.1600	502
15.1700	522
15.1800	490
15.1900	454
15.2000	263
15.2100	87
15.2200	67
15.2300	74
15.2400	65
15.2500	503
15.2600	501
15.2700	508
15.2800	533
15.2900	524
15.3000	267
15.3100	88
15.3200	71
15.3300	78
15.3400	68
15.3500	486
15.3600	496
15.3700	484
15.3800	525
15.3900	510
15.4000	244
15.4100	110
15.4200	63
15.4300	79
15.4400	69
15.4500	483
15.4600	504
15.4700	512
15.4800	507
15.4900	473
15.5000	264
15.5100	94
15.5200	83
15.5300	86
15.5400	70
15.5500	511
15.5600	542
15.5700	482
15.5800	515
15.5900	486
15.6000	235
15.6100	100
15.6200	87
15.6300	78
15.6400	82
15.6500	505
15.6600	518
15.6700	501
15.6800	482
15.6900	487
15.7000	263
15.7100	86
15.7200	74
15.7300	76
15.7400	67
15.7500	507
15.7600	538
15.7700	506
15.7800	505
15.7900	560
15.8000	265
15.8100	95
15.8200	72
15.8300	63
15.8400	68
15.8500	515
15.8600	492
15.8700	520
15.8800	477
15.8900	517
15.9000	226
15.9100	93
15.9200	94
15.9300	72
15.9400	54
15.9500	484
15.9600	506
15.9700	465
15.9800	528
15.9900	554
16.0000	261
16.0100	90
16.0200	88
16.0300	69
16.0400	82
16.0500	501
16.0600	510
16.0700	487
16.0800	528
16.0900	512
16.1000	227
16.1100	109
16.1200	75
16.1300	70
16.1400	54
16.1500	496
16.1600	497
16.1700	511
16.1800	491
16.1900	452
16.2000	247
16.2100	87
16.2200	66
16.2300	74
16.2400	76
16.2500	495
16.2600	466
16.2700	502
16.2800	484
16.2900	523
16.3000	253
16.3100	103
16.3200	67
16.3300	84
16.3400	72
16.3500	516
16.3600	489
16.3700	507
16.3800	472
16.3900	489
16.4000	253
16.4100	83
16.4200	74
16.4300	60
16.4400	76
16.4500	478
16.4600	496
16.4700	525
16.4800	477
16.4900	467
16.5000	290
16.5100	92
16.5200	74
16.5300	64
16.5400	62
16.5500	475
16.5600	516
16.5700	513
16.5800	496
16.5900	514
16.6000	243
16.6100	112
16.6200	73
16.6300	77
16.6400	66
16.6500	489
16.6600	517
16.6700	523
16.6800	531
16.6900	468
16.7000	259
16.7100	75
16.7200	74
16.7300	87
16.7400	76
16.7500	487
16.7600	482
16.7700	529
16.7800	476
16.7900	533
16.8000	243
16.8100	95
16.8200	68
16.8300	75
16.8400	62
16.8500	466
16.8600	480
16.8700	488
16.8800	528
16.8900	517
16.9000	254
16.9100	90
16.9200	79
16.9300	67
16.9400	70
16.9500	484
16.9600	460
16.9700	463
16.9800	510
16.9900	469
17.0000	219
17.0100	108
17.0200	70
17.0300	63
17.0400	73
17.0500	494
17.0600	476
17.0700	471
17.0800	470
17.0900	532
17.1000	273
17.1100	96
17.1200	63
17.1300	73
17.1400	56
17.1500	479
17.1600	468
17.1700	530
17.1800	495
17.1900	528
17.2000	243
17.2100	88
17.2200	69
17.2300	68
17.2400	81
17.2500	473
17.2600	510
17.2700	536
17.2800	501
17.2900	487
17.3000	247
17.3100	95
17.3200	82
17.3300	68
17.3400	69
17.3500	481
17.3600	486
17.3700	498
17.3800	491
17.3900	485
17.4000	249
17.4100	98
17.4200	81
17.4300	82
17.4400	64
17.4500	508
17.4600	520
17.4700	446
17.4800	520
17.4900	500
17.5000	241
17.5100	99
17.5200	69
17.5300	79
17.5400	75
17.5500	489
17.5600	520
17.5700	501
17.5800	497
17.5900	529
17.6000	265
17.6100	96
17.6200	81
17.6300	75
17.6400	60
17.6500	529
17.6600	517
17.6700	511
17.6800	520
17.6900	509
17.7000	273
17.7100	88
17.7200	66
17.7300	76
17.7400	62
17.7500	474
17.7600	491
17.7700	499
17.7800	462
17.7900	506
17.8000	252
17.8100	79
17.8200	80
17.8300	65
17.8400	78
17.8500	480
17.8600	508
17.8700	510
17.8800	500
17.8900	485
17.9000	264
17.9100	100
17.9200	80
17.9300	79
17.9400	69
17.9500	499
17.9600	502
17.9700	485
17.9800	492
17.9900	534
18.0000	244
18.0100	101
18.0200	102
18.0300	74
18.0400	87
18.0500	507
18.0600	528
18.0700	475
18.0800	503
18.0900	477
18.1000	266
18.1100	106
18.1200	80
18.1300	75
18.1400	79
18.1500	483
18.1600	476
18.1700	515
18.1800	513
18.1900	516
18.2000	211
18.2100	101
18.2200	74
18.2300	72
18.2400	67
18.2500	485
18.2600	494
18.2700	540
18.2800	515
18.2900	498
18.3000	255
18.3100	92
18.3200	86
18.3300	56
18.3400	78
18.3500	495
18.3600	494
18.3700	538
18.3800	500
18.3900	504
18.4000	234
18.4100	92
18.4200	77
18.4300	83
18.4400	79
18.4500	493
18.4600	480
18.4700	515
18.4800	506
18.4900	502
18.5000	246
18.5100	84
18.5200	82
18.5300	63
18.5400	67
18.5500	538
18.5600	483
18.5700	509
18.5800	483
18.5900	482
18.6000	248
18.6100	88
18.6200	56
18.6300	62
18.6400	74
18.6500	490
18.6600	527
18.6700	524
18.6800	509
18.6900	480
18.7000	241
18.7100	71
18.7200	73
18.7300	62
18.7400	65
18.7500	486
18.7600	521
18.7700	520
18.7800	488
18.7900	519
18.8000	285
18.8100	92
18.8200	71
18.8300	73
18.8400	64
18.8500	517
18.8600	505
18.8700	528
18.8800	515
18.8900	525
18.9000	232
18.9100	90
18.9200	62
18.9300	69
18.9400	63
18.9500	481
18.9600	517
18.9700	515
18.9800	518
18.9900	491
19.0000	266
19.0100	87
19.0200	75
19.0300	74
19.0400	75
19.0500	515
19.0600	550
19.0700	489
19.0800	518
19.0900	505
19.1000	255
19.1100	82
19.1200	73
19.1300	80
19.1400	87
19.1500	488
19.1600	453
19.1700	519
19.1800	517
19.1900	539
19.2000	238
19.2100	96
19.2200	82
19.2300	65
19.2400	72
19.2500	514
19.2600	488
19.2700	495
19.2800	511
19.2900	477
19.3000	242
19.3100	93
19.3200	73
19.3300	65
19.3400	73
19.3500	498
19.3600	490
19.3700	486
19.3800	503
19.3900	490
19.4000	261
19.4100	86
19.4200	80
19.4300	65
19.4400	63
19.4500	475
19.4600	496
19.4700	500
19.4800	484
19.4900	575
19.5000	246
19.5100	90
19.5200	70
19.5300	77
19.5400	73
19.5500	515
19.5600	500
19.5700	465
19.5800	539
19.5900	495
19.6000	241
19.6100	81
19.6200	75
19.6300	61
19.6400	79
19.6500	505
19.6600	477
19.6700	524
19.6800	522
19.6900	521
19.7000	270
19.7100	83
19.7200	66
19.7300	77
19.7400	68
19.7500	486
19.7600	496
19.7700	485
19.7800	493
19.7900	507
19.8000	256
19.8100	94
19.8200	73
19.8300	74
19.8400	73
19.8500	509
19.8600	477
19.8700	505
19.8800	505
19.8900	493
19.9000	283
19.9100	86
19.9200	77
19.9300	85
19.9400	62
19.9500	481
19.9600	496
19.9700	515
19.9800	482
19.9900	515
