0.0000	56694
0.0050	56062
0.0100	56128
0.0150	55965
0.0200	56304
0.0250	56498
0.0300	56405
0.0350	56118
0.0400	55936
0.0450	56509
0.0500	56521
0.0550	56340
0.0600	56295
0.0650	56589
0.0700	56301
0.0750	56260
0.0800	56344
0.0850	56403
0.0900	56211
0.0950	56564
0.1000	56347
0.1050	56063
0.1100	56054
0.1150	56110
0.1200	56069
0.1250	56043
0.1300	56456
0.1350	55800
0.1400	56270
0.1450	56266
0.1500	56307
0.1550	56207
0.1600	56314
0.1650	56692
0.1700	56025
0.1750	56532
0.1800	56311
0.1850	56073
0.1900	56409
0.1950	56714
0.2000	56269
0.2050	56430
0.2100	56015
0.2150	56320
0.2200	56641
0.2250	56488
0.2300	56531
0.2350	55986
0.2400	56651
0.2450	56685
0.2500	56267
0.2550	55870
0.2600	56198
0.2650	56221
0.2700	56470
0.2750	56526
0.2800	56335
0.2850	56190
0.2900	56297
0.2950	56519
0.3000	56216
0.3050	56239
0.3100	56514
0.3150	56369
0.3200	56344
0.3250	56509
0.3300	56348
0.3350	56616
0.3400	56545
0.3450	56400
0.3500	56324
0.3550	56481
0.3600	56351
0.3650	56259
0.3700	56453
0.3750	56486
0.3800	56388
0.3850	56715
0.3900	56339
0.3950	56779
0.4000	56273
0.4050	56522
0.4100	56168
0.4150	56170
0.4200	56075
0.4250	56113
0.4300	55907
0.4350	56090
0.4400	56061
0.4450	56163
0.4500	56432
0.4550	56608
0.4600	56447
0.4650	56332
0.4700	56438
0.4750	56738
0.4800	56501
0.4850	56532
0.4900	56386
0.4950	56630
0.5000	56395
0.5050	56122
0.5100	56344
0.5150	56232
0.5200	56036
0.5250	56215
0.5300	56259
0.5350	56283
0.5400	56336
0.5450	55962
0.5500	56505
0.5550	55860
0.5600	55881
0.5650	55900
0.5700	56317
0.5750	56509
0.5800	55871
0.5850	56320
0.5900	56088
0.5950	56098
0.6000	56256
0.6050	55925
0.6100	56151
0.6150	56096
0.6200	56111
0.6250	56359
0.6300	56257
0.6350	55901
0.6400	56302
0.6450	56539
0.6500	56022
0.6550	56198
0.6600	55895
0.6650	56315
0.6700	56151
0.6750	56014
0.6800	56168
0.6850	55818
0.6900	56270
0.6950	56147
0.7000	56265
0.7050	56277
0.7100	56015
0.7150	56053
0.7200	56236
0.7250	56366
0.7300	56427
0.7350	56333
0.7400	56027
0.7450	56190
0.7500	55963
0.7550	56185
0.7600	56091
0.7650	55930
0.7700	56105
0.7750	56307
0.7800	56102
0.7850	56123
0.7900	56233
0.7950	56452
0.8000	55817
0.8050	56470
0.8100	56187
0.8150	56007
0.8200	56146
0.8250	55953
0.8300	56409
0.8350	56339
0.8400	56374
0.8450	56254
0.8500	55996
0.8550	55820
0.8600	56230
0.8650	56023
0.8700	56272
0.8750	56136
0.8800	56026
0.8850	56522
0.8900	56068
0.8950	55893
0.9000	56100
0.9050	56228
0.9100	56171
0.9150	56110
0.9200	56018
0.9250	56248
0.9300	56327
0.9350	56034
0.9400	56391
0.9450	56457
0.9500	56056
0.9550	56175
0.9600	56139
0.9650	56123
0.9700	55985
0.9750	56245
0.9800	55927
0.9850	56055
0.9900	56206
0.9950	56116
1.0000	56764
1.0050	56259
1.0100	56455
1.0150	56205
1.0200	56143
1.0250	56284
1.0300	55852
1.0350	56620
1.0400	56060
1.0450	56663
1.0500	56580
1.0550	56047
1.0600	56320
1.0650	56173
1.0700	56333
1.0750	56242
1.0800	56168
1.0850	56448
1.0900	56320
1.0950	56124
1.1000	56146
1.1050	56587
1.1100	56119
1.1150	56351
1.1200	56160
1.1250	56326
1.1300	56298
1.1350	56068
1.1400	56799
1.1450	56998
1.1500	56499
1.1550	56364
1.1600	56324
1.1650	56506
1.1700	56188
1.1750	55744
1.1800	56540
1.1850	56333
1.1900	56761
1.1950	56306
1.2000	56528
1.2050	56240
1.2100	56665
1.2150	56616
1.2200	56020
1.2250	56465
1.2300	56568
1.2350	56265
1.2400	56378
1.2450	56021
1.2500	56308
1.2550	56491
1.2600	56432
1.2650	56354
1.2700	56352
1.2750	56370
1.2800	56486
1.2850	56537
1.2900	56072
1.2950	56492
1.3000	56419
1.3050	56229
1.3100	56132
1.3150	55950
1.3200	56324
1.3250	56281
1.3300	56187
1.3350	56499
1.3400	56218
1.3450	56165
1.3500	56521
1.3550	56357
1.3600	56359
1.3650	56286
1.3700	56592
1.3750	56149
1.3800	56296
1.3850	56550
1.3900	56150
1.3950	56395
1.4000	56167
1.4050	56225
1.4100	56543
1.4150	56298
1.4200	56272
1.4250	56264
1.4300	56497
1.4350	56543
1.4400	56299
1.4450	56200
1.4500	56506
1.4550	56140
1.4600	56369
1.4650	56395
1.4700	56524
1.4750	56668
1.4800	56270
1.4850	56306
1.4900	56158
1.4950	56310
1.5000	55984
1.5050	56191
1.5100	56306
1.5150	56553
1.5200	56081
1.5250	56108
1.5300	55891
1.5350	55999
1.5400	55879
1.5450	56543
1.5500	55985
1.5550	56207
1.5600	56187
1.5650	56462
1.5700	56413
1.5750	56157
1.5800	55960
1.5850	56037
1.5900	56074
1.5950	56175
1.6000	55906
1.6050	56422
1.6100	56175
1.6150	56110
1.6200	56031
1.6250	56075
1.6300	56113
1.6350	56009
1.6400	55680
1.6450	56117
1.6500	55973
1.6550	55935
1.6600	56154
1.6650	56290
1.6700	56127
1.6750	56083
1.6800	55950
1.6850	55943
1.6900	56265
1.6950	56349
1.7000	55964
1.7050	56482
1.7100	56390
1.7150	56260
1.7200	55997
1.7250	56221
1.7300	56183
1.7350	56458
1.7400	56252
1.7450	56183
1.7500	56197
1.7550	56252
1.7600	56447
1.7650	56320
1.7700	56427
1.7750	56203
1.7800	56151
1.7850	56298
1.7900	56033
1.7950	56252
1.8000	56313
1.8050	56180
1.8100	56635
1.8150	56285
1.8200	56618
1.8250	56083
1.8300	56115
1.8350	56151
1.8400	56325
1.8450	56355
1.8500	56419
1.8550	56119
1.8600	56165
1.8650	56313
1.8700	56331
1.8750	56278
1.8800	56256
1.8850	56184
1.8900	56567
1.8950	56199
1.9000	56402
1.9050	56121
1.9100	56197
1.9150	56579
1.9200	56294
1.9250	55985
1.9300	56096
1.9350	55961
1.9400	56130
1.9450	56234
1.9500	56206
1.9550	56457
1.9600	55770
1.9650	55945
1.9700	56299
1.9750	56280
1.9800	56135
1.9850	56078
1.9900	56036
1.9950	56189
2.0000	56431
2.0050	56260
2.0100	55869
2.0150	56517
2.0200	56602
2.0250	56377
2.0300	56188
2.0350	56575
2.0400	56518
2.0450	56131
2.0500	55972
2.0550	56259
2.0600	56255
2.0650	56206
2.0700	56293
2.0750	56397
2.0800	56219
2.0850	56128
2.0900	56315
2.0950	56492
2.1000	56194
2.1050	56406
2.1100	56305
2.1150	56193
2.1200	56523
2.1250	56338
2.1300	56607
2.1350	56182
2.1400	56420
2.1450	56333
2.1500	56667
2.1550	56534
2.1600	56591
2.1650	56365
2.1700	56619
2.1750	56452
2.1800	56202
2.1850	56546
2.1900	56448
2.1950	56264
2.2000	56059
2.2050	56307
2.2100	56444
2.2150	55983
2.2200	56426
2.2250	56160
2.2300	56352
2.2350	56409
2.2400	56123
2.2450	56316
2.2500	56221
2.2550	56183
2.2600	56091
2.2650	55966
2.2700	56150
2.2750	56393
2.2800	56372
2.2850	56124
2.2900	55973
2.2950	56442
2.3000	56296
2.3050	56392
2.3100	56261
2.3150	56498
2.3200	55944
2.3250	56487
2.3300	56475
2.3350	56207
2.3400	56480
2.3450	56221
2.3500	56435
2.3550	56252
2.3600	56255
2.3650	56319
2.3700	56447
2.3750	56101
2.3800	56087
2.3850	56058
2.3900	56221
2.3950	56392
2.4000	55941
2.4050	56410
2.4100	56154
2.4150	56495
2.4200	56001
2.4250	56275
2.4300	56466
2.4350	55999
2.4400	56232
2.4450	55973
2.4500	56270
2.4550	56477
2.4600	56233
2.4650	56443
2.4700	56339
2.4750	56101
2.4800	56349
2.4850	56317
2.4900	56384
2.4950	56319
2.5000	56153
2.5050	56006
2.5100	56014
2.5150	56096
2.5200	56268
2.5250	56156
2.5300	56231
2.5350	56477
2.5400	56002
2.5450	55963
2.5500	55850
2.5550	56238
2.5600	56152
2.5650	56391
2.5700	56148
2.5750	56171
2.5800	55915
2.5850	55635
2.5900	55851
2.5950	55961
2.6000	56166
2.6050	56005
2.6100	56123
2.6150	56116
2.6200	55967
2.6250	56297
2.6300	56224
2.6350	56156
2.6400	55914
2.6450	56066
2.6500	56144
2.6550	55925
2.6600	55604
2.6650	56299
2.6700	56102
2.6750	56108
2.6800	56225
2.6850	56399
2.6900	56300
2.6950	55872
2.7000	55864
2.7050	56158
2.7100	56053
2.7150	55942
2.7200	55964
2.7250	55956
2.7300	55905
2.7350	56202
2.7400	55951
2.7450	55789
2.7500	55917
2.7550	56144
2.7600	56372
2.7650	56339
2.7700	56155
2.7750	55845
2.7800	56038
2.7850	56381
2.7900	56011
2.7950	56010
2.8000	56077
2.8050	56151
2.8100	56325
2.8150	56025
2.8200	55913
2.8250	55959
2.8300	56287
2.8350	56203
2.8400	56313
2.8450	55937
2.8500	56280
2.8550	56203
2.8600	55996
2.8650	55771
2.8700	56045
2.8750	56252
2.8800	56068
2.8850	56037
2.8900	55839
2.8950	56495
2.9000	56289
2.9050	56178
2.9100	56255
2.9150	56493
2.9200	55876
2.9250	56001
2.9300	56187
2.9350	56012
2.9400	56151
2.9450	56075
2.9500	56145
2.9550	56122
2.9600	56024
2.9650	56158
2.9700	56664
2.9750	56002
2.9800	55879
2.9850	56180
2.9900	56135
2.9950	56283
3.0000	56304
3.0050	56199
3.0100	56573
3.0150	56425
3.0200	56318
3.0250	56012
3.0300	56444
3.0350	56524
3.0400	56205
3.0450	56209
3.0500	55979
3.0550	56283
3.0600	56320
3.0650	55955
3.0700	56291
3.0750	56201
3.0800	56260
3.0850	56173
3.0900	56580
3.0950	56358
3.1000	55806
3.1050	55801
3.1100	56075
3.1150	56328
3.1200	55677
3.1250	56104
3.1300	56641
3.1350	56287
3.1400	55913
3.1450	56158
3.1500	56320
3.1550	56405
3.1600	56245
3.1650	55824
3.1700	56282
3.1750	56473
3.1800	55796
3.1850	56400
3.1900	56518
3.1950	56487
3.2000	56362
3.2050	56507
3.2100	56097
3.2150	56417
3.2200	56190
3.2250	56451
3.2300	56419
3.2350	56204
3.2400	56428
3.2450	55999
3.2500	56222
3.2550	56391
3.2600	56297
3.2650	56128
3.2700	56022
3.2750	56330
3.2800	56571
3.2850	56483
3.2900	55990
3.2950	56052
3.3000	56296
3.3050	56551
3.3100	56152
3.3150	56592
3.3200	56123
3.3250	55822
3.3300	56453
3.3350	56409
3.3400	56207
3.3450	56256
3.3500	56239
3.3550	56227
3.3600	56502
3.3650	56276
3.3700	56363
3.3750	56358
3.3800	56223
3.3850	56323
3.3900	56155
3.3950	55977
3.4000	56267
3.4050	55926
3.4100	56076
3.4150	56408
3.4200	56435
3.4250	55962
3.4300	56429
3.4350	56274
3.4400	56053
3.4450	56290
3.4500	56267
3.4550	56285
3.4600	55855
3.4650	55812
3.4700	56533
3.4750	56174
3.4800	56352
3.4850	56331
3.4900	56157
3.4950	56242
3.5000	55847
3.5050	55616
3.5100	56276
3.5150	56191
3.5200	55877
3.5250	56007
3.5300	55824
3.5350	56202
3.5400	55870
3.5450	56032
3.5500	56015
3.5550	56306
3.5600	55825
3.5650	55870
3.5700	55927
3.5750	56001
3.5800	55789
3.5850	55947
3.5900	55788
3.5950	55763
3.6000	56450
3.6050	56278
3.6100	56163
3.6150	55891
3.6200	56443
3.6250	56174
3.6300	56238
3.6350	56381
3.6400	55922
3.6450	56303
3.6500	56357
3.6550	56056
3.6600	55935
3.6650	55699
3.6700	56140
3.6750	56074
3.6800	55871
3.6850	56399
3.6900	56085
3.6950	55931
3.7000	56060
3.7050	55996
3.7100	56148
3.7150	55738
3.7200	55809
3.7250	56108
3.7300	55930
3.7350	56163
3.7400	55832
3.7450	55808
3.7500	55983
3.7550	56083
3.7600	56079
3.7650	56060
3.7700	55909
3.7750	56098
3.7800	56050
3.7850	55812
3.7900	56031
3.7950	55640
3.8000	56160
3.8050	55853
3.8100	56198
3.8150	56075
3.8200	55981
3.8250	56123
3.8300	56051
3.8350	55935
3.8400	55832
3.8450	55870
3.8500	56210
3.8550	56362
3.8600	55688
3.8650	56200
3.8700	55885
3.8750	56025
3.8800	55819
3.8850	56072
3.8900	56047
3.8950	56170
3.9000	56236
3.9050	55926
3.9100	56327
3.9150	56099
3.9200	55929
3.9250	56139
3.9300	55649
3.9350	56141
3.9400	55914
3.9450	55962
3.9500	55948
3.9550	56239
3.9600	56084
3.9650	55847
3.9700	55781
3.9750	55945
3.9800	55659
3.9850	56047
3.9900	56187
3.9950	56063
4.0000	56375
4.0050	56110
4.0100	56243
4.0150	56267
4.0200	56241
4.0250	56205
4.0300	56517
4.0350	55987
4.0400	56486
4.0450	56275
4.0500	56202
4.0550	56030
4.0600	56442
4.0650	56406
4.0700	56261
4.0750	56521
4.0800	55793
4.0850	56266
4.0900	56120
4.0950	56160
4.1000	56069
4.1050	56430
4.1100	56293
4.1150	56008
4.1200	56219
4.1250	56268
4.1300	56390
4.1350	55962
4.1400	56211
4.1450	56251
4.1500	56191
4.1550	55855
4.1600	55991
4.1650	56183
4.1700	55985
4.1750	56267
4.1800	56176
4.1850	56024
4.1900	56129
4.1950	56119
4.2000	56014
4.2050	55955
4.2100	56157
4.2150	56419
4.2200	56418
4.2250	55839
4.2300	56485
4.2350	56096
4.2400	56267
4.2450	56050
4.2500	55939
4.2550	56199
4.2600	56103
4.2650	56416
4.2700	56472
4.2750	56297
4.2800	56136
4.2850	56128
4.2900	56338
4.2950	56163
4.3000	56574
4.3050	56110
4.3100	56202
4.3150	56130
4.3200	56077
4.3250	56107
4.3300	56492
4.3350	56242
4.3400	56310
4.3450	56302
4.3500	55956
4.3550	56389
4.3600	56383
4.3650	56436
4.3700	56034
4.3750	56569
4.3800	56442
4.3850	56327
4.3900	56412
4.3950	56475
4.4000	56160
4.4050	56474
4.4100	56375
4.4150	55885
4.4200	56255
4.4250	56165
4.4300	55936
4.4350	56465
4.4400	55935
4.4450	56460
4.4500	56154
4.4550	56200
4.4600	56015
4.4650	56276
4.4700	56331
4.4750	56027
4.4800	56311
4.4850	56013
4.4900	56519
4.4950	56423
4.5000	56031
4.5050	55619
4.5100	56008
4.5150	56268
4.5200	56197
4.5250	55968
4.5300	55861
4.5350	56049
4.5400	56062
4.5450	56068
4.5500	56346
4.5550	56252
4.5600	56172
4.5650	56222
4.5700	56420
4.5750	56242
4.5800	56189
4.5850	56000
4.5900	55883
4.5950	56019
4.6000	56138
4.6050	56044
4.6100	56089
4.6150	56038
4.6200	55875
4.6250	56260
4.6300	55759
4.6350	56092
4.6400	56212
4.6450	55552
4.6500	55844
4.6550	56080
4.6600	55858
4.6650	56400
4.6700	55640
4.6750	56155
4.6800	56034
4.6850	56066
4.6900	56240
4.6950	55630
4.7000	56087
4.7050	55930
4.7100	55951
4.7150	56045
4.7200	55811
4.7250	56263
4.7300	55991
4.7350	56226
4.7400	56442
4.7450	55833
4.7500	56360
4.7550	56126
4.7600	56145
4.7650	56083
4.7700	56209
4.7750	55970
4.7800	56292
4.7850	55804
4.7900	56439
4.7950	56174
4.8000	55671
4.8050	56127
4.8100	56006
4.8150	56302
4.8200	56020
4.8250	56098
4.8300	56007
4.8350	55909
4.8400	56210
4.8450	56196
4.8500	55799
4.8550	56249
4.8600	56100
4.8650	56100
4.8700	56117
4.8750	56117
4.8800	55997
4.8850	56030
4.8900	55890
4.8950	56115
4.9000	56185
4.9050	56127
4.9100	55885
4.9150	56225
4.9200	55885
4.9250	55869
4.9300	56143
4.9350	56274
4.9400	56006
4.9450	56257
4.9500	56047
4.9550	56025
4.9600	56121
4.9650	56045
4.9700	56018
4.9750	55684
4.9800	56013
4.9850	56096
4.9900	56117
4.9950	56021
5.0000	56418
5.0050	56621
5.0100	56237
5.0150	56266
5.0200	56206
5.0250	56319
5.0300	56659
5.0350	56687
5.0400	55952
5.0450	55969
5.0500	56190
5.0550	56270
5.0600	56320
5.0650	56295
5.0700	56402
5.0750	56479
5.0800	56185
5.0850	56136
5.0900	56323
5.0950	56206
5.1000	56286
5.1050	56203
5.1100	56369
5.1150	56424
5.1200	56306
5.1250	56188
5.1300	56200
5.1350	56490
5.1400	56079
5.1450	56132
5.1500	56191
5.1550	56128
5.1600	56453
5.1650	56283
5.1700	56451
5.1750	56320
5.1800	56542
5.1850	56182
5.1900	56119
5.1950	56287
5.2000	56267
5.2050	56051
5.2100	56482
5.2150	56060
5.2200	56144
5.2250	56045
5.2300	56829
5.2350	56679
5.2400	56414
5.2450	56238
5.2500	56359
5.2550	56404
5.2600	56160
5.2650	56194
5.2700	56401
5.2750	56255
5.2800	56239
5.2850	56163
5.2900	56176
5.2950	56454
5.3000	56103
5.3050	56536
5.3100	56485
5.3150	56445
5.3200	56162
5.3250	56277
5.3300	56063
5.3350	56470
5.3400	56386
5.3450	56370
5.3500	56202
5.3550	56849
5.3600	56051
5.3650	56037
5.3700	56298
5.3750	56512
5.3800	55965
5.3850	56307
5.3900	56380
5.3950	56543
5.4000	56336
5.4050	56520
5.4100	56188
5.4150	56265
5.4200	56176
5.4250	56628
5.4300	56406
5.4350	56328
5.4400	56131
5.4450	56331
5.4500	56118
5.4550	56200
5.4600	56414
5.4650	56570
5.4700	56307
5.4750	56234
5.4800	56073
5.4850	56603
5.4900	56400
5.4950	56033
5.5000	56411
5.5050	56269
5.5100	55949
5.5150	55739
5.5200	55967
5.5250	55963
5.5300	56147
5.5350	56190
5.5400	56187
5.5450	55805
5.5500	56299
5.5550	56013
5.5600	55856
5.5650	56215
5.5700	56028
5.5750	56078
5.5800	55875
5.5850	56081
5.5900	55955
5.5950	56345
5.6000	55978
5.6050	55841
5.6100	56301
5.6150	56310
5.6200	55954
5.6250	55755
5.6300	55841
5.6350	55889
5.6400	55674
5.6450	55918
5.6500	56381
5.6550	56101
5.6600	55894
5.6650	56298
5.6700	56208
5.6750	56325
5.6800	55897
5.6850	55998
5.6900	56276
5.6950	55907
5.7000	55999
5.7050	56523
5.7100	56333
5.7150	56453
5.7200	56128
5.7250	55935
5.7300	56223
5.7350	56204
5.7400	56393
5.7450	56409
5.7500	56154
5.7550	56528
5.7600	56182
5.7650	55990
5.7700	56200
5.7750	56204
5.7800	55963
5.7850	56274
5.7900	56364
5.7950	56099
5.8000	56101
5.8050	56093
5.8100	56072
5.8150	56373
5.8200	55978
5.8250	56202
5.8300	55993
5.8350	56195
5.8400	55835
5.8450	56260
5.8500	55713
5.8550	55961
5.8600	55981
5.8650	56129
5.8700	56232
5.8750	55836
5.8800	56002
5.8850	56094
5.8900	55906
5.8950	56030
5.9000	56159
5.9050	55813
5.9100	56164
5.9150	55994
5.9200	55980
5.9250	56228
5.9300	56090
5.9350	56407
5.9400	55996
5.9450	55728
5.9500	55773
5.9550	56169
5.9600	56024
5.9650	55977
5.9700	56178
5.9750	56333
5.9800	56138
5.9850	55954
5.9900	55837
5.9950	56223
6.0000	56539
6.0050	56078
6.0100	56254
6.0150	56451
6.0200	55979
6.0250	56719
6.0300	56269
6.0350	56307
6.0400	56111
6.0450	56523
6.0500	56407
6.0550	56094
6.0600	56119
6.0650	56203
6.0700	56352
6.0750	56460
6.0800	56421
6.0850	56149
6.0900	56363
6.0950	56032
6.1000	56178
6.1050	56375
6.1100	56095
6.1150	56117
6.1200	56212
6.1250	55978
6.1300	56157
6.1350	56475
6.1400	56579
6.1450	56516
6.1500	56406
6.1550	56460
6.1600	56226
6.1650	56193
6.1700	56149
6.1750	56076
6.1800	56359
6.1850	56097
6.1900	56433
6.1950	56485
6.2000	56108
6.2050	56458
6.2100	56225
6.2150	56713
6.2200	56433
6.2250	56707
6.2300	56197
6.2350	56517
6.2400	56045
6.2450	56146
6.2500	56386
6.2550	56048
6.2600	56271
6.2650	55992
6.2700	56466
6.2750	56181
6.2800	56203
6.2850	56194
6.2900	56389
6.2950	56234
6.3000	56223
6.3050	56242
6.3100	56300
6.3150	55991
6.3200	56161
6.3250	55879
6.3300	56333
6.3350	56273
6.3400	56434
6.3450	56425
6.3500	56226
6.3550	56248
6.3600	56621
6.3650	56343
6.3700	56174
6.3750	56189
6.3800	56010
6.3850	56385
6.3900	56205
6.3950	56336
6.4000	56460
6.4050	56550
6.4100	56437
6.4150	56188
6.4200	55966
6.4250	56109
6.4300	56045
6.4350	56505
6.4400	56762
6.4450	56514
6.4500	56489
6.4550	56142
6.4600	56503
6.4650	56471
6.4700	56384
6.4750	56524
6.4800	56364
6.4850	56498
6.4900	56500
6.4950	56718
6.5000	56124
6.5050	55799
6.5100	56364
6.5150	55853
6.5200	56198
6.5250	56452
6.5300	56022
6.5350	56416
6.5400	56446
6.5450	56276
6.5500	56065
6.5550	56084
6.5600	56033
6.5650	56230
6.5700	55880
6.5750	56104
6.5800	56070
6.5850	56454
6.5900	56126
6.5950	56107
6.6000	55983
6.6050	56039
6.6100	55890
6.6150	56096
6.6200	56197
6.6250	55556
6.6300	56112
6.6350	56352
6.6400	56283
6.6450	56056
6.6500	56177
6.6550	56090
6.6600	55829
6.6650	56034
6.6700	56003
6.6750	56314
6.6800	56135
6.6850	56202
6.6900	56165
6.6950	56109
6.7000	56183
6.7050	55995
6.7100	56055
6.7150	56030
6.7200	55901
6.7250	55978
6.7300	56278
6.7350	56305
6.7400	56015
6.7450	56334
6.7500	55633
6.7550	56067
6.7600	56119
6.7650	56042
6.7700	56241
6.7750	56110
6.7800	56064
6.7850	55952
6.7900	56348
6.7950	56070
6.8000	56202
6.8050	55750
6.8100	56390
6.8150	56235
6.8200	56434
6.8250	56361
6.8300	56028
6.8350	55998
6.8400	56065
6.8450	56326
6.8500	56123
6.8550	56354
6.8600	56578
6.8650	56329
6.8700	56041
6.8750	56502
6.8800	56093
6.8850	56139
6.8900	56212
6.8950	56346
6.9000	56339
6.9050	56076
6.9100	55886
6.9150	55924
6.9200	56301
6.9250	55820
6.9300	55996
6.9350	56184
6.9400	56077
6.9450	55954
6.9500	56508
6.9550	55944
6.9600	56095
6.9650	56084
6.9700	56294
6.9750	56562
6.9800	55832
6.9850	56243
6.9900	56434
6.9950	55819
7.0000	56269
7.0050	56271
7.0100	56022
7.0150	56426
7.0200	56358
7.0250	56253
7.0300	56204
7.0350	56495
7.0400	56154
7.0450	56219
7.0500	56246
7.0550	56062
7.0600	56431
7.0650	55982
7.0700	56389
7.0750	56552
7.0800	56343
7.0850	56021
7.0900	56233
7.0950	56356
7.1000	56567
7.1050	56136
7.1100	55988
7.1150	56479
7.1200	56731
7.1250	56420
7.1300	56186
7.1350	56662
7.1400	56613
7.1450	56319
7.1500	56254
7.1550	56459
7.1600	56223
7.1650	56311
7.1700	56114
7.1750	56635
7.1800	56487
7.1850	56028
7.1900	56375
7.1950	56637
7.2000	56218
7.2050	56500
7.2100	56201
7.2150	56315
7.2200	56677
7.2250	56123
7.2300	56317
7.2350	56439
7.2400	56172
7.2450	56228
7.2500	56212
7.2550	56164
7.2600	56031
7.2650	56191
7.2700	56373
7.2750	56313
7.2800	56371
7.2850	56191
7.2900	56399
7.2950	56422
7.3000	56180
7.3050	56537
7.3100	56741
7.3150	56593
7.3200	56344
7.3250	56316
7.3300	55885
7.3350	56007
7.3400	56126
7.3450	56503
7.3500	56106
7.3550	56352
7.3600	56289
7.3650	56497
7.3700	55992
7.3750	56283
7.3800	56288
7.3850	56689
7.3900	56404
7.3950	56290
7.4000	56786
7.4050	56198
7.4100	56289
7.4150	56103
7.4200	56253
7.4250	56155
7.4300	56577
7.4350	56477
7.4400	56183
7.4450	56276
7.4500	56588
7.4550	56478
7.4600	55833
7.4650	56084
7.4700	56393
7.4750	56674
7.4800	56322
7.4850	55897
7.4900	56058
7.4950	56136
7.5000	56298
7.5050	56269
7.5100	56110
7.5150	56042
7.5200	56400
7.5250	56145
7.5300	55990
7.5350	55931
7.5400	56382
7.5450	55745
7.5500	55972
7.5550	56551
7.5600	55972
7.5650	56184
7.5700	56071
7.5750	56285
7.5800	56083
7.5850	56126
7.5900	55927
7.5950	56217
7.6000	56231
7.6050	56256
7.6100	55904
7.6150	56020
7.6200	56277
7.6250	56306
7.6300	56282
7.6350	56308
7.6400	56181
7.6450	56200
7.6500	56403
7.6550	55841
7.6600	56059
7.6650	56214
7.6700	55752
7.6750	56282
7.6800	56333
7.6850	56221
7.6900	56186
7.6950	55994
7.7000	55931
7.7050	56367
7.7100	56453
7.7150	56321
7.7200	56245
7.7250	55905
7.7300	56141
7.7350	56455
7.7400	55947
7.7450	56294
7.7500	56303
7.7550	56293
7.7600	55859
7.7650	56197
7.7700	56193
7.7750	56042
7.7800	56074
7.7850	56206
7.7900	56175
7.7950	56196
7.8000	55964
7.8050	56044
7.8100	56256
7.8150	56164
7.8200	56324
7.8250	56382
7.8300	55997
7.8350	56513
7.8400	55902
7.8450	56194
7.8500	55858
7.8550	56263
7.8600	56035
7.8650	56228
7.8700	56056
7.8750	56232
7.8800	56152
7.8850	56262
7.8900	56184
7.8950	56092
7.9000	56327
7.9050	56097
7.9100	56100
7.9150	56128
7.9200	56229
7.9250	56011
7.9300	56439
7.9350	56038
7.9400	56330
7.9450	56159
7.9500	56271
7.9550	56091
7.9600	56275
7.9650	56307
7.9700	56168
7.9750	56181
7.9800	56368
7.9850	56341
7.9900	56283
7.9950	55956
8.0000	56464
8.0050	56633
8.0100	56159
8.0150	56161
8.0200	56351
8.0250	56085
8.0300	56474
8.0350	56577
8.0400	56144
8.0450	56219
8.0500	56306
8.0550	56578
8.0600	56175
8.0650	56100
8.0700	56494
8.0750	56173
8.0800	56231
8.0850	56336
8.0900	56513
8.0950	56385
8.1000	56311
8.1050	56278
8.1100	56487
8.1150	56222
8.1200	56533
8.1250	56687
8.1300	56393
8.1350	56693
8.1400	56409
8.1450	56476
8.1500	56275
8.1550	56280
8.1600	56353
8.1650	56177
8.1700	56491
8.1750	56215
8.1800	56212
8.1850	56364
8.1900	56275
8.1950	56195
8.2000	56580
8.2050	56509
8.2100	56406
8.2150	56462
8.2200	56097
8.2250	56097
8.2300	56207
8.2350	56744
8.2400	56253
8.2450	56268
8.2500	56406
8.2550	56854
8.2600	56051
8.2650	56171
8.2700	56487
8.2750	56650
8.2800	56611
8.2850	56443
8.2900	56181
8.2950	56451
8.3000	56260
8.3050	55950
8.3100	56172
8.3150	56350
8.3200	56390
8.3250	56614
8.3300	56551
8.3350	56425
8.3400	56436
8.3450	56296
8.3500	56465
8.3550	56231
8.3600	56406
8.3650	56319
8.3700	56274
8.3750	56524
8.3800	56251
8.3850	56353
8.3900	56508
8.3950	56091
8.4000	56399
8.4050	56394
8.4100	56316
8.4150	56271
8.4200	56159
8.4250	56469
8.4300	56616
8.4350	56105
8.4400	56457
8.4450	56024
8.4500	56447
8.4550	56184
8.4600	55812
8.4650	56460
8.4700	56168
8.4750	56259
8.4800	56184
8.4850	56558
8.4900	56292
8.4950	56206
8.5000	55990
8.5050	56126
8.5100	56455
8.5150	56340
8.5200	56210
8.5250	56102
8.5300	56172
8.5350	56061
8.5400	56259
8.5450	56326
8.5500	56266
8.5550	56397
8.5600	56141
8.5650	56036
8.5700	56381
8.5750	55972
8.5800	56230
8.5850	55966
8.5900	55757
8.5950	56444
8.6000	55956
8.6050	56123
8.6100	56213
8.6150	56333
8.6200	56253
8.6250	56194
8.6300	56247
8.6350	56241
8.6400	56216
8.6450	55831
8.6500	55898
8.6550	56089
8.6600	56241
8.6650	56169
8.6700	56418
8.6750	56180
8.6800	56172
8.6850	56145
8.6900	55965
8.6950	56592
8.7000	56235
8.7050	55796
8.7100	56228
8.7150	56373
8.7200	55786
8.7250	55877
8.7300	56072
8.7350	56460
8.7400	56396
8.7450	56343
8.7500	56360
8.7550	55994
8.7600	56269
8.7650	56279
8.7700	56262
8.7750	56557
8.7800	56052
8.7850	55891
8.7900	55949
8.7950	55974
8.8000	56249
8.8050	55908
8.8100	55851
8.8150	56245
8.8200	56278
8.8250	55965
8.8300	55974
8.8350	56239
8.8400	56296
8.8450	55931
8.8500	56250
8.8550	55973
8.8600	56182
8.8650	55759
8.8700	56200
8.8750	56284
8.8800	55988
8.8850	56073
8.8900	56320
8.8950	56093
8.9000	56243
8.9050	55923
8.9100	55992
8.9150	56257
8.9200	56232
8.9250	55830
8.9300	56276
8.9350	55962
8.9400	55924
8.9450	56164
8.9500	56512
8.9550	56668
8.9600	55971
8.9650	56095
8.9700	56240
8.9750	56357
8.9800	55957
8.9850	55981
8.9900	56340
8.9950	56258
9.0000	56265
9.0050	56257
9.0100	56220
9.0150	56580
9.0200	56172
9.0250	56275
9.0300	56387
9.0350	56583
9.0400	56420
9.0450	56565
9.0500	56532
9.0550	56162
9.0600	56220
9.0650	55836
9.0700	56163
9.0750	56491
9.0800	56168
9.0850	56497
9.0900	56218
9.0950	56367
9.1000	55851
9.1050	56276
9.1100	56447
9.1150	55944
9.1200	56417
9.1250	56373
9.1300	56642
9.1350	56324
9.1400	56358
9.1450	56573
9.1500	56052
9.1550	56205
9.1600	56311
9.1650	55962
9.1700	56368
9.1750	56402
9.1800	56101
9.1850	56399
9.1900	56631
9.1950	56083
9.2000	55999
9.2050	56399
9.2100	56536
9.2150	56448
9.2200	56238
9.2250	56017
9.2300	56376
9.2350	56405
9.2400	56360
9.2450	55829
9.2500	56500
9.2550	56431
9.2600	56394
9.2650	56257
9.2700	55953
9.2750	56487
9.2800	56310
9.2850	56304
9.2900	55937
9.2950	56596
9.3000	56520
9.3050	56214
9.3100	56129
9.3150	56546
9.3200	56512
9.3250	56207
9.3300	56012
9.3350	56351
9.3400	56204
9.3450	56172
9.3500	56414
9.3550	56179
9.3600	55898
9.3650	56289
9.3700	56281
9.3750	56261
9.3800	56053
9.3850	55823
9.3900	56295
9.3950	56325
9.4000	56649
9.4050	56054
9.4100	56441
9.4150	56268
9.4200	56216
9.4250	55762
9.4300	56240
9.4350	56256
9.4400	56103
9.4450	56233
9.4500	56198
9.4550	56475
9.4600	55846
9.4650	56213
9.4700	56110
9.4750	56791
9.4800	56246
9.4850	55961
9.4900	56305
9.4950	56041
9.5000	56090
9.5050	55959
9.5100	56030
9.5150	55560
9.5200	55667
9.5250	56141
9.5300	56202
9.5350	55773
9.5400	56247
9.5450	56131
9.5500	55813
9.5550	56062
9.5600	56070
9.5650	56191
9.5700	56033
9.5750	56112
9.5800	56077
9.5850	56061
9.5900	56057
9.5950	55925
9.6000	55582
9.6050	56192
9.6100	56163
9.6150	56069
9.6200	56175
9.6250	55804
9.6300	56070
9.6350	56060
9.6400	56127
9.6450	55806
9.6500	56303
9.6550	56071
9.6600	55957
9.6650	55932
9.6700	55989
9.6750	56122
9.6800	56020
9.6850	56040
9.6900	55771
9.6950	56205
9.7000	56565
9.7050	56145
9.7100	56262
9.7150	56173
9.7200	55808
9.7250	55918
9.7300	56288
9.7350	56712
9.7400	55941
9.7450	55981
9.7500	56078
9.7550	56127
9.7600	55871
9.7650	56355
9.7700	55906
9.7750	56283
9.7800	56081
9.7850	56119
9.7900	56221
9.7950	56128
9.8000	56158
9.8050	55856
9.8100	56013
9.8150	56141
9.8200	56170
9.8250	55709
9.8300	56024
9.8350	56087
9.8400	56057
9.8450	56110
9.8500	55756
9.8550	56176
9.8600	55798
9.8650	56237
9.8700	55900
9.8750	55959
9.8800	56306
9.8850	56038
9.8900	56174
9.8950	56013
9.9000	56071
9.9050	56431
9.9100	56107
9.9150	55943
9.9200	56250
9.9250	55703
9.9300	56297
9.9350	56291
9.9400	55754
9.9450	55811
9.9500	55883
9.9550	56204
9.9600	56328
9.9650	55579
9.9700	56265
9.9750	56186
9.9800	56043
9.9850	56305
9.9900	55991
9.9950	56428
10.0000	56125
10.0050	55931
10.0100	56185
10.0150	56462
10.0200	56552
10.0250	56265
10.0300	56257
10.0350	56465
10.0400	56190
10.0450	56316
10.0500	56047
10.0550	56143
10.0600	56339
10.0650	56103
10.0700	56195
10.0750	56378
10.0800	56084
10.0850	56428
10.0900	56432
10.0950	56092
10.1000	56333
10.1050	56219
10.1100	56361
10.1150	56470
10.1200	56313
10.1250	56182
10.1300	55888
10.1350	56406
10.1400	56029
10.1450	56273
10.1500	56187
10.1550	56070
10.1600	56591
10.1650	56078
10.1700	56290
10.1750	56219
10.1800	56064
10.1850	56203
10.1900	56155
10.1950	56363
10.2000	55979
10.2050	56412
10.2100	56142
10.2150	56125
10.2200	56303
10.2250	56117
10.2300	56693
10.2350	56014
10.2400	56396
10.2450	56116
10.2500	56479
10.2550	56044
10.2600	56360
10.2650	56304
10.2700	56032
10.2750	56288
10.2800	55715
10.2850	56318
10.2900	56630
10.2950	56065
10.3000	55994
10.3050	56148
10.3100	56406
10.3150	56181
10.3200	56332
10.3250	56066
10.3300	56278
10.3350	56025
10.3400	56336
10.3450	56193
10.3500	56112
10.3550	56100
10.3600	56035
10.3650	56078
10.3700	56205
10.3750	56505
10.3800	56224
10.3850	55794
10.3900	56447
10.3950	56277
10.4000	56297
10.4050	55980
10.4100	55732
10.4150	56167
10.4200	56455
10.4250	56358
10.4300	56162
10.4350	55979
10.4400	56188
10.4450	56343
10.4500	56017
10.4550	56209
10.4600	56140
10.4650	56068
10.4700	56329
10.4750	56225
10.4800	56238
10.4850	56352
10.4900	56070
10.4950	56296
10.5000	56041
10.5050	55578
10.5100	55933
10.5150	56227
10.5200	55914
10.5250	56331
10.5300	55994
10.5350	55761
10.5400	56013
10.5450	56007
10.5500	56221
10.5550	55907
10.5600	55899
10.5650	55751
10.5700	56101
10.5750	55960
10.5800	55881
10.5850	56359
10.5900	55893
10.5950	55890
10.6000	56242
10.6050	55977
10.6100	56160
10.6150	55874
10.6200	56080
10.6250	56152
10.6300	56247
10.6350	56184
10.6400	55680
10.6450	56059
10.6500	56160
10.6550	55551
10.6600	55927
10.6650	56167
10.6700	55966
10.6750	55802
10.6800	56029
10.6850	55774
10.6900	56152
10.6950	55737
10.7000	55856
10.7050	55930
10.7100	55962
10.7150	56086
10.7200	55949
10.7250	56115
10.7300	55854
10.7350	55883
10.7400	56211
10.7450	55882
10.7500	55764
10.7550	56115
10.7600	55798
10.7650	56085
10.7700	56145
10.7750	56128
10.7800	56102
10.7850	56137
10.7900	56073
10.7950	56380
10.8000	56047
10.8050	56048
10.8100	56059
10.8150	56018
10.8200	55921
10.8250	56072
10.8300	55848
10.8350	55742
10.8400	55995
10.8450	56298
10.8500	56006
10.8550	56032
10.8600	56082
10.8650	56040
10.8700	56188
10.8750	55850
10.8800	55919
10.8850	55521
10.8900	55921
10.8950	55918
10.9000	55994
10.9050	55982
10.9100	55966
10.9150	55825
10.9200	55728
10.9250	56260
10.9300	56321
10.9350	56098
10.9400	55962
10.9450	56044
10.9500	56099
10.9550	56063
10.9600	55875
10.9650	56083
10.9700	56155
10.9750	56101
10.9800	56098
10.9850	56117
10.9900	55899
10.9950	55986
11.0000	56374
11.0050	56096
11.0100	56118
11.0150	55918
11.0200	56045
11.0250	55568
11.0300	56349
11.0350	56396
11.0400	56143
11.0450	56411
11.0500	56123
11.0550	56201
11.0600	56121
11.0650	55383
11.0700	56084
11.0750	56164
11.0800	56238
11.0850	56279
11.0900	56132
11.0950	56228
11.1000	56045
11.1050	56151
11.1100	56006
11.1150	56282
11.1200	55816
11.1250	56421
11.1300	55890
11.1350	56545
11.1400	56039
11.1450	56238
11.1500	56017
11.1550	56250
11.1600	56637
11.1650	56089
11.1700	55992
11.1750	56612
11.1800	56083
11.1850	56121
11.1900	56147
11.1950	56393
11.2000	56109
11.2050	55993
11.2100	56000
11.2150	55989
11.2200	56457
11.2250	56141
11.2300	56111
11.2350	56031
11.2400	56083
11.2450	56145
11.2500	56055
11.2550	56512
11.2600	56088
11.2650	55928
11.2700	56192
11.2750	56221
11.2800	56102
11.2850	56216
11.2900	55974
11.2950	56325
11.3000	56194
11.3050	55811
11.3100	56109
11.3150	56339
11.3200	56357
11.3250	55985
11.3300	56006
11.3350	56190
11.3400	56051
11.3450	56238
11.3500	56267
11.3550	56094
11.3600	55765
11.3650	56191
11.3700	56166
11.3750	56186
11.3800	56114
11.3850	56083
11.3900	56099
11.3950	56454
11.4000	56184
11.4050	56089
11.4100	56035
11.4150	56348
11.4200	56187
11.4250	56198
11.4300	56095
11.4350	56391
11.4400	55967
11.4450	56248
11.4500	56624
11.4550	56474
11.4600	56275
11.4650	55953
11.4700	56298
11.4750	56313
11.4800	56312
11.4850	56272
11.4900	56229
11.4950	56326
11.5000	56467
11.5050	56307
11.5100	56210
11.5150	56049
11.5200	56066
11.5250	56284
11.5300	56198
11.5350	56206
11.5400	56075
11.5450	56121
11.5500	56081
11.5550	56265
11.5600	56228
11.5650	55740
11.5700	55797
11.5750	56059
11.5800	55798
11.5850	56131
11.5900	55938
11.5950	56148
11.6000	56395
11.6050	55988
11.6100	56160
11.6150	56276
11.6200	56188
11.6250	55784
11.6300	56168
11.6350	56432
11.6400	56218
11.6450	55815
11.6500	55800
11.6550	56151
11.6600	55767
11.6650	56152
11.6700	56010
11.6750	55957
11.6800	56227
11.6850	56295
11.6900	55737
11.6950	55933
11.7000	56102
11.7050	55845
11.7100	55948
11.7150	56042
11.7200	55589
11.7250	55968
11.7300	56171
11.7350	55770
11.7400	56333
11.7450	56165
11.7500	55784
11.7550	56070
11.7600	56257
11.7650	56204
11.7700	56003
11.7750	56119
11.7800	56170
11.7850	55957
11.7900	56079
11.7950	56151
11.8000	56057
11.8050	56067
11.8100	56194
11.8150	55978
11.8200	56148
11.8250	55907
11.8300	56152
11.8350	56273
11.8400	56162
11.8450	56188
11.8500	55762
11.8550	56162
11.8600	56075
11.8650	56166
11.8700	56077
11.8750	56267
11.8800	56244
11.8850	56124
11.8900	56057
11.8950	56091
11.9000	55984
11.9050	56069
11.9100	56043
11.9150	56031
11.9200	56483
11.9250	56008
11.9300	55877
11.9350	56113
11.9400	56363
11.9450	56197
11.9500	56212
11.9550	56326
11.9600	56039
11.9650	56235
11.9700	55891
11.9750	55948
11.9800	55841
11.9850	56059
11.9900	56235
11.9950	56103
12.0000	56268
12.0050	55778
12.0100	56333
12.0150	55813
12.0200	56236
12.0250	56070
12.0300	56392
12.0350	56180
12.0400	56464
12.0450	56345
12.0500	56647
12.0550	56016
12.0600	56345
12.0650	56006
12.0700	55978
12.0750	56190
12.0800	56174
12.0850	56065
12.0900	56430
12.0950	56199
12.1000	55773
12.1050	56207
12.1100	56123
12.1150	56498
12.1200	56107
12.1250	56232
12.1300	56383
12.1350	56232
12.1400	56310
12.1450	56113
12.1500	55957
12.1550	56232
12.1600	56082
12.1650	56222
12.1700	55986
12.1750	56285
12.1800	56397
12.1850	55845
12.1900	56137
12.1950	56692
12.2000	56037
12.2050	56390
12.2100	56324
12.2150	55989
12.2200	55937
12.2250	56427
12.2300	56305
12.2350	55945
12.2400	56228
12.2450	56334
12.2500	55836
12.2550	56370
12.2600	56404
12.2650	56438
12.2700	56253
12.2750	56339
12.2800	56417
12.2850	56037
12.2900	56296
12.2950	56080
12.3000	56278
12.3050	56385
12.3100	56306
12.3150	56302
12.3200	56314
12.3250	56009
12.3300	55839
12.3350	56123
12.3400	56470
12.3450	56069
12.3500	56093
12.3550	56359
12.3600	56288
12.3650	55985
12.3700	56159
12.3750	56337
12.3800	56051
12.3850	55953
12.3900	56242
12.3950	56260
12.4000	56450
12.4050	56280
12.4100	56322
12.4150	56049
12.4200	56255
12.4250	56574
12.4300	56179
12.4350	56403
12.4400	55908
12.4450	56389
12.4500	56364
12.4550	56002
12.4600	56333
12.4650	56199
12.4700	56371
12.4750	56381
12.4800	56652
12.4850	56491
12.4900	56421
12.4950	56391
12.5000	56185
12.5050	55993
12.5100	55947
12.5150	56128
12.5200	56096
12.5250	56221
12.5300	56195
12.5350	56193
12.5400	55874
12.5450	55808
12.5500	55856
12.5550	55937
12.5600	55995
12.5650	55892
12.5700	55962
12.5750	56273
12.5800	55956
12.5850	56186
12.5900	55880
12.5950	56307
12.6000	55701
12.6050	55938
12.6100	56138
12.6150	56146
12.6200	55926
12.6250	55463
12.6300	56457
12.6350	56269
12.6400	56357
12.6450	55899
12.6500	55642
12.6550	56320
12.6600	55927
12.6650	56019
12.6700	56135
12.6750	56164
12.6800	55841
12.6850	55816
12.6900	55987
12.6950	55989
12.7000	55947
12.7050	56125
12.7100	56141
12.7150	56110
12.7200	56075
12.7250	55735
12.7300	55781
12.7350	56183
12.7400	55821
12.7450	56250
12.7500	55995
12.7550	56044
12.7600	56302
12.7650	56056
12.7700	56217
12.7750	56117
12.7800	56368
12.7850	56070
12.7900	56135
12.7950	56069
12.8000	56163
12.8050	55945
12.8100	55971
12.8150	56141
12.8200	56204
12.8250	55962
12.8300	55926
12.8350	56319
12.8400	56205
12.8450	55848
12.8500	56155
12.8550	56197
12.8600	56117
12.8650	56305
12.8700	56079
12.8750	56198
12.8800	56153
12.8850	55868
12.8900	55917
12.8950	55947
12.9000	56161
12.9050	56012
12.9100	56264
12.9150	56058
12.9200	55838
12.9250	56054
12.9300	55910
12.9350	56370
12.9400	56094
12.9450	55831
12.9500	56472
12.9550	56042
12.9600	56018
12.9650	56131
12.9700	56367
12.9750	56129
12.9800	55792
12.9850	56299
12.9900	56004
12.9950	55794
13.0000	56283
13.0050	56545
13.0100	56250
13.0150	56329
13.0200	56328
13.0250	56095
13.0300	56171
13.0350	56004
13.0400	56494
13.0450	56301
13.0500	56031
13.0550	56297
13.0600	56112
13.0650	56282
13.0700	56238
13.0750	56354
13.0800	56236
13.0850	56390
13.0900	56236
13.0950	56193
13.1000	56378
13.1050	56409
13.1100	56418
13.1150	56426
13.1200	56011
13.1250	56339
13.1300	56180
13.1350	55901
13.1400	56054
13.1450	56406
13.1500	56140
13.1550	55890
13.1600	56544
13.1650	56112
13.1700	56289
13.1750	56445
13.1800	56017
13.1850	56290
13.1900	56230
13.1950	56012
13.2000	56369
13.2050	56463
13.2100	56424
13.2150	56455
13.2200	56624
13.2250	56177
13.2300	56434
13.2350	56494
13.2400	56493
13.2450	56179
13.2500	56040
13.2550	56200
13.2600	56441
13.2650	56558
13.2700	56113
13.2750	56619
13.2800	56475
13.2850	56430
13.2900	56310
13.2950	56084
13.3000	56316
13.3050	56508
13.3100	56329
13.3150	56002
13.3200	56540
13.3250	55978
13.3300	56328
13.3350	56510
13.3400	56427
13.3450	56367
13.3500	56653
13.3550	56326
13.3600	56093
13.3650	56205
13.3700	56114
13.3750	56139
13.3800	56281
13.3850	56187
13.3900	56513
13.3950	56176
13.4000	56594
13.4050	56146
13.4100	56370
13.4150	56341
13.4200	56584
13.4250	56490
13.4300	56149
13.4350	56381
13.4400	56262
13.4450	56161
13.4500	56273
13.4550	56387
13.4600	56376
13.4650	56155
13.4700	55906
13.4750	56337
13.4800	56480
13.4850	55975
13.4900	56552
13.4950	56130
13.5000	56166
13.5050	56162
13.5100	56007
13.5150	56430
13.5200	56325
13.5250	56164
13.5300	56433
13.5350	56169
13.5400	55961
13.5450	56034
13.5500	55824
13.5550	56086
13.5600	56468
13.5650	56102
13.5700	56190
13.5750	56497
13.5800	56535
13.5850	56007
13.5900	56094
13.5950	56327
13.6000	56226
13.6050	56265
13.6100	56109
13.6150	55983
13.6200	56181
13.6250	56162
13.6300	56340
13.6350	56083
13.6400	56303
13.6450	55896
13.6500	55823
13.6550	56362
13.6600	56283
13.6650	56018
13.6700	55828
13.6750	56024
13.6800	56500
13.6850	56369
13.6900	55919
13.6950	56004
13.7000	56048
13.7050	55964
13.7100	56055
13.7150	55837
13.7200	55952
13.7250	55936
13.7300	56267
13.7350	56172
13.7400	56486
13.7450	55953
13.7500	56133
13.7550	56328
13.7600	56235
13.7650	56131
13.7700	55578
13.7750	55812
13.7800	56100
13.7850	56262
13.7900	55979
13.7950	55750
13.8000	55923
13.8050	56114
13.8100	56154
13.8150	56114
13.8200	55825
13.8250	55818
13.8300	55876
13.8350	56039
13.8400	56297
13.8450	56116
13.8500	55800
13.8550	55522
13.8600	56141
13.8650	56012
13.8700	56029
13.8750	56095
13.8800	56148
13.8850	55918
13.8900	56231
13.8950	56120
13.9000	56208
13.9050	56040
13.9100	55988
13.9150	56317
13.9200	56140
13.9250	56381
13.9300	56033
13.9350	56070
13.9400	56203
13.9450	56193
13.9500	56350
13.9550	55963
13.9600	55863
13.9650	55983
13.9700	56438
13.9750	56190
13.9800	55724
13.9850	56017
13.9900	55934
13.9950	56005
14.0000	56072
14.0050	56458
14.0100	56255
14.0150	55993
14.0200	56031
14.0250	56225
14.0300	56183
14.0350	56417
14.0400	56004
14.0450	56375
14.0500	56044
14.0550	56510
14.0600	56331
14.0650	56134
14.0700	56252
14.0750	56519
14.0800	56361
14.0850	56033
14.0900	55979
14.0950	56585
14.1000	56359
14.1050	56034
14.1100	56253
14.1150	56136
14.1200	56591
14.1250	56078
14.1300	56096
14.1350	55960
14.1400	56390
14.1450	56629
14.1500	56106
14.1550	56457
14.1600	56458
14.1650	56365
14.1700	56264
14.1750	56419
14.1800	56240
14.1850	56319
14.1900	56041
14.1950	56447
14.2000	56458
14.2050	56372
14.2100	56047
14.2150	56256
14.2200	56422
14.2250	56403
14.2300	56558
14.2350	56266
14.2400	56389
14.2450	56187
14.2500	55949
14.2550	56418
14.2600	56683
14.2650	56182
14.2700	56394
14.2750	56024
14.2800	56027
14.2850	56523
14.2900	56263
14.2950	56148
14.3000	56363
14.3050	56465
14.3100	56332
14.3150	56625
14.3200	56321
14.3250	56132
14.3300	56242
14.3350	56269
14.3400	56323
14.3450	56452
14.3500	56327
14.3550	56036
14.3600	56325
14.3650	56502
14.3700	56471
14.3750	56480
14.3800	56218
14.3850	56354
14.3900	56387
14.3950	56240
14.4000	56011
14.4050	55974
14.4100	56140
14.4150	56527
14.4200	56649
14.4250	56557
14.4300	56091
14.4350	56337
14.4400	56273
14.4450	56477
14.4500	56160
14.4550	56192
14.4600	56232
14.4650	56407
14.4700	56022
14.4750	56325
14.4800	56503
14.4850	56615
14.4900	56421
14.4950	56071
14.5000	56160
14.5050	56338
14.5100	56041
14.5150	55854
14.5200	56082
14.5250	56263
14.5300	56317
14.5350	56162
14.5400	55564
14.5450	55938
14.5500	56028
14.5550	56249
14.5600	56233
14.5650	56032
14.5700	56091
14.5750	56108
14.5800	56278
14.5850	55988
14.5900	55852
14.5950	56406
14.6000	56152
14.6050	56160
14.6100	56452
14.6150	56237
14.6200	56409
14.6250	55926
14.6300	56145
14.6350	56066
14.6400	55655
14.6450	56557
14.6500	55982
14.6550	55936
14.6600	55971
14.6650	55862
14.6700	56248
14.6750	56133
14.6800	55921
14.6850	56221
14.6900	55928
14.6950	56377
14.7000	56078
14.7050	56281
14.7100	56152
14.7150	56188
14.7200	55939
14.7250	56061
14.7300	55826
14.7350	56377
14.7400	56191
14.7450	56267
14.7500	56196
14.7550	55870
14.7600	56241
14.7650	56260
14.7700	55865
14.7750	56050
14.7800	55945
14.7850	56023
14.7900	56110
14.7950	56220
14.8000	56418
14.8050	56275
14.8100	56096
14.8150	56288
14.8200	56080
14.8250	56139
14.8300	56183
14.8350	56244
14.8400	56176
14.8450	56062
14.8500	56147
14.8550	56246
14.8600	56028
14.8650	55803
14.8700	56039
14.8750	56034
14.8800	55982
14.8850	56065
14.8900	56279
14.8950	56215
14.9000	56186
14.9050	56021
14.9100	56042
14.9150	56292
14.9200	56270
14.9250	56334
14.9300	56044
14.9350	56218
14.9400	56194
14.9450	56276
14.9500	56138
14.9550	56019
14.9600	56486
14.9650	56324
14.9700	55999
14.9750	55988
14.9800	56147
14.9850	56257
14.9900	55893
14.9950	56520
15.0000	56157
15.0050	56409
15.0100	56343
15.0150	56236
15.0200	56478
15.0250	56304
15.0300	56282
15.0350	56602
15.0400	56179
15.0450	56650
15.0500	56057
15.0550	56495
15.0600	56271
15.0650	56439
15.0700	56242
15.0750	56200
15.0800	55948
15.0850	56266
15.0900	56511
15.0950	56286
15.1000	56169
15.1050	56324
15.1100	56332
15.1150	56276
15.1200	56550
15.1250	56410
15.1300	55986
15.1350	56361
15.1400	56105
15.1450	56366
15.1500	56581
15.1550	56244
15.1600	56125
15.1650	56076
15.1700	56420
15.1750	56326
15.1800	56449
15.1850	55736
15.1900	56359
15.1950	56378
15.2000	56560
15.2050	56075
15.2100	56259
15.2150	56307
15.2200	56286
15.2250	56355
15.2300	55925
15.2350	56529
15.2400	56196
15.2450	56612
15.2500	56515
15.2550	56310
15.2600	56340
15.2650	56574
15.2700	56351
15.2750	56238
15.2800	55944
15.2850	56224
15.2900	56061
15.2950	56265
15.3000	56565
15.3050	56440
15.3100	56238
15.3150	56498
15.3200	55976
15.3250	56393
15.3300	56256
15.3350	56488
15.3400	56232
15.3450	56498
15.3500	56404
15.3550	56246
15.3600	56452
15.3650	56516
15.3700	56264
15.3750	56198
15.3800	56339
15.3850	56413
15.3900	56566
15.3950	56350
15.4000	56183
15.4050	56528
15.4100	56252
15.4150	56114
15.4200	56589
15.4250	56402
15.4300	56270
15.4350	56177
15.4400	56347
15.4450	56107
15.4500	56132
15.4550	55783
15.4600	56460
15.4650	56343
15.4700	56267
15.4750	56751
15.4800	56681
15.4850	56391
15.4900	56739
15.4950	56261
15.5000	55939
15.5050	56132
15.5100	55953
15.5150	56146
15.5200	55871
15.5250	56669
15.5300	56227
15.5350	56326
15.5400	56106
15.5450	56255
15.5500	56032
15.5550	56119
15.5600	56162
15.5650	56356
15.5700	56060
15.5750	56308
15.5800	55955
15.5850	56154
15.5900	56015
15.5950	56275
15.6000	55921
15.6050	56157
15.6100	56325
15.6150	56357
15.6200	56490
15.6250	56175
15.6300	56333
15.6350	56012
15.6400	56113
15.6450	55825
15.6500	55849
15.6550	56224
15.6600	55733
15.6650	56215
15.6700	56240
15.6750	56151
15.6800	56300
15.6850	56203
15.6900	56172
15.6950	56009
15.7000	56247
15.7050	56126
15.7100	55959
15.7150	56120
15.7200	56155
15.7250	56191
15.7300	55981
15.7350	56224
15.7400	56556
15.7450	56215
15.7500	55993
15.7550	56030
15.7600	56126
15.7650	56205
15.7700	56389
15.7750	56258
15.7800	56319
15.7850	56169
15.7900	56317
15.7950	55920
15.8000	56089
15.8050	56018
15.8100	56129
15.8150	56371
15.8200	56370
15.8250	55749
15.8300	56067
15.8350	56191
15.8400	56138
15.8450	56273
15.8500	56118
15.8550	56321
15.8600	56394
15.8650	56297
15.8700	56185
15.8750	56168
15.8800	56390
15.8850	56216
15.8900	55961
15.8950	55965
15.9000	56261
15.9050	56194
15.9100	56074
15.9150	56239
15.9200	56487
15.9250	56167
15.9300	56156
15.9350	56142
15.9400	55861
15.9450	56123
15.9500	56362
15.9550	55961
15.9600	56264
15.9650	55939
15.9700	56043
15.9750	56277
15.9800	56129
15.9850	56418
15.9900	55905
15.9950	55889
16.0000	55986
16.0050	56544
16.0100	56732
16.0150	56303
16.0200	56392
16.0250	56162
16.0300	56215
16.0350	56557
16.0400	56282
16.0450	56326
16.0500	56041
16.0550	56232
16.0600	56390
16.0650	56185
16.0700	56008
16.0750	56357
16.0800	56393
16.0850	56408
16.0900	56223
16.0950	56614
16.1000	56393
16.1050	56382
16.1100	56442
16.1150	56294
16.1200	56476
16.1250	56379
16.1300	56239
16.1350	56333
16.1400	56274
16.1450	56227
16.1500	56145
16.1550	56237
16.1600	56319
16.1650	56122
16.1700	55943
16.1750	56687
16.1800	56483
16.1850	56286
16.1900	56350
16.1950	56481
16.2000	56298
16.2050	56181
16.2100	56112
16.2150	56220
16.2200	56117
16.2250	56356
16.2300	55877
16.2350	56215
16.2400	56584
16.2450	56183
16.2500	56302
16.2550	55790
16.2600	56640
16.2650	56478
16.2700	56164
16.2750	56582
16.2800	56133
16.2850	55942
16.2900	56135
16.2950	56078
16.3000	56344
16.3050	56405
16.3100	56163
16.3150	56371
16.3200	56436
16.3250	56391
16.3300	56049
16.3350	56341
16.3400	56193
16.3450	56356
16.3500	56270
16.3550	56128
16.3600	55894
16.3650	56137
16.3700	56034
16.3750	56405
16.3800	56162
16.3850	56139
16.3900	56448
16.3950	56287
16.4000	56514
16.4050	56242
16.4100	56404
16.4150	56449
16.4200	56512
16.4250	56231
16.4300	56319
16.4350	56039
16.4400	56587
16.4450	56301
16.4500	56285
16.4550	56312
16.4600	56284
16.4650	56243
16.4700	56566
16.4750	56295
16.4800	56332
16.4850	56605
16.4900	56573
16.4950	56376
16.5000	56086
16.5050	56359
16.5100	56305
16.5150	55860
16.5200	56005
16.5250	56507
16.5300	56082
16.5350	55884
16.5400	55890
16.5450	56159
16.5500	55744
16.5550	56115
16.5600	56269
16.5650	56435
16.5700	56129
16.5750	56119
16.5800	56246
16.5850	56203
16.5900	55813
16.5950	56098
16.6000	56167
16.6050	55911
16.6100	56137
16.6150	56454
16.6200	55820
16.6250	56405
16.6300	56131
16.6350	56014
16.6400	56061
16.6450	55992
16.6500	56334
16.6550	55950
16.6600	56134
16.6650	56084
16.6700	55963
16.6750	56055
16.6800	56126
16.6850	56192
16.6900	55846
16.6950	55910
16.7000	56050
16.7050	55966
16.7100	56215
16.7150	56163
16.7200	56296
16.7250	56271
16.7300	56096
16.7350	56128
16.7400	56449
16.7450	56156
16.7500	56041
16.7550	56218
16.7600	56277
16.7650	55924
16.7700	55615
16.7750	56281
16.7800	55921
16.7850	56123
16.7900	56060
16.7950	56061
16.8000	56138
16.8050	56254
16.8100	56180
16.8150	56222
16.8200	56267
16.8250	55750
16.8300	56071
16.8350	55867
16.8400	56423
16.8450	56065
16.8500	55897
16.8550	56256
16.8600	56015
16.8650	55758
16.8700	55784
16.8750	56195
16.8800	56103
16.8850	56127
16.8900	56411
16.8950	56405
16.9000	56225
16.9050	56004
16.9100	55766
16.9150	56260
16.9200	56345
16.9250	55986
16.9300	56047
16.9350	56253
16.9400	56371
16.9450	56504
16.9500	56108
16.9550	55799
16.9600	56284
16.9650	56160
16.9700	56300
16.9750	55953
16.9800	56117
16.9850	56182
16.9900	55745
16.9950	56026
17.0000	56487
17.0050	56141
17.0100	56466
17.0150	56259
17.0200	56396
17.0250	56496
17.0300	56065
17.0350	56177
17.0400	56192
17.0450	56188
17.0500	55848
17.0550	56265
17.0600	56361
17.0650	56463
17.0700	56121
17.0750	56124
17.0800	56340
17.0850	56420
17.0900	56605
17.0950	55979
17.1000	56401
17.1050	56379
17.1100	56428
17.1150	56369
17.1200	56327
17.1250	56448
17.1300	56409
17.1350	56010
17.1400	56219
17.1450	56512
17.1500	56099
17.1550	56557
17.1600	55983
17.1650	56472
17.1700	55996
17.1750	55831
17.1800	56171
17.1850	56517
17.1900	56676
17.1950	55991
17.2000	56569
17.2050	56065
17.2100	56430
17.2150	56367
17.2200	55843
17.2250	56333
17.2300	56409
17.2350	56340
17.2400	56111
17.2450	56169
17.2500	56141
17.2550	56354
17.2600	56428
17.2650	56510
17.2700	56312
17.2750	55994
17.2800	56396
17.2850	56154
17.2900	56356
17.2950	56084
17.3000	56211
17.3050	56011
17.3100	55999
17.3150	56086
17.3200	56283
17.3250	56343
17.3300	56081
17.3350	56302
17.3400	56113
17.3450	56594
17.3500	56129
17.3550	55930
17.3600	55978
17.3650	55957
17.3700	56241
17.3750	56134
17.3800	56291
17.3850	56075
17.3900	56248
17.3950	56407
17.4000	56298
17.4050	56369
17.4100	56197
17.4150	56466
17.4200	56475
17.4250	55902
17.4300	56248
17.4350	55968
17.4400	56245
17.4450	55936
17.4500	56279
17.4550	56204
17.4600	56374
17.4650	55900
17.4700	55950
17.4750	56425
17.4800	56233
17.4850	55997
17.4900	56613
17.4950	55957
17.5000	56222
17.5050	56101
17.5100	55745
17.5150	55985
17.5200	56529
17.5250	56223
17.5300	55991
17.5350	55744
17.5400	56170
17.5450	55923
17.5500	56070
17.5550	56321
17.5600	55810
17.5650	55721
17.5700	56283
17.5750	55999
17.5800	56148
17.5850	56137
17.5900	56118
17.5950	55709
17.6000	55930
17.6050	56318
17.6100	55788
17.6150	55856
17.6200	56181
17.6250	56061
17.6300	56045
17.6350	55810
17.6400	56057
17.6450	55880
17.6500	56066
17.6550	56005
17.6600	56352
17.6650	55819
17.6700	55929
17.6750	55956
17.6800	56109
17.6850	56164
17.6900	56023
17.6950	56154
17.7000	56025
17.7050	56101
17.7100	55781
17.7150	56229
17.7200	56217
17.7250	56160
17.7300	56285
17.7350	55927
17.7400	56143
17.7450	56348
17.7500	56141
17.7550	56435
17.7600	55956
17.7650	56145
17.7700	56045
17.7750	55917
17.7800	55996
17.7850	56169
17.7900	55719
17.7950	56342
17.8000	56016
17.8050	56046
17.8100	56150
17.8150	56234
17.8200	56310
17.8250	55883
17.8300	55805
17.8350	56294
17.8400	56330
17.8450	56297
17.8500	55766
17.8550	56125
17.8600	56115
17.8650	56007
17.8700	56338
17.8750	55710
17.8800	55830
17.8850	56100
17.8900	55959
17.8950	56004
17.9000	55857
17.9050	56171
17.9100	55998
17.9150	56000
17.9200	56488
17.9250	56477
17.9300	56464
17.9350	56218
17.9400	55876
17.9450	56321
17.9500	56069
17.9550	56044
17.9600	55891
17.9650	56272
17.9700	56082
17.9750	56384
17.9800	56071
17.9850	55744
17.9900	55937
17.9950	56182
18.0000	56040
18.0050	56166
18.0100	56166
18.0150	56258
18.0200	56415
18.0250	56302
18.0300	56434
18.0350	56498
18.0400	56269
18.0450	55971
18.0500	56230
18.0550	56068
18.0600	56279
18.0650	56467
18.0700	56063
18.0750	56129
18.0800	55939
18.0850	56070
18.0900	56444
18.0950	55997
18.1000	56138
18.1050	55988
18.1100	56224
18.1150	56100
18.1200	56421
18.1250	56359
18.1300	56140
18.1350	56161
18.1400	56482
18.1450	56445
18.1500	55990
18.1550	56331
18.1600	56438
18.1650	55959
18.1700	56064
18.1750	55997
18.1800	56367
18.1850	56061
18.1900	56483
18.1950	55862
18.2000	55930
18.2050	56324
18.2100	56367
18.2150	56150
18.2200	56542
18.2250	56070
18.2300	56277
18.2350	56031
18.2400	55913
18.2450	56187
18.2500	56083
18.2550	55951
18.2600	56197
18.2650	56085
18.2700	56252
18.2750	56077
18.2800	56196
18.2850	56081
18.2900	55949
18.2950	55975
18.3000	56331
18.3050	56212
18.3100	55866
18.3150	56060
18.3200	56361
18.3250	55764
18.3300	56275
18.3350	56345
18.3400	56488
18.3450	56293
18.3500	56212
18.3550	56119
18.3600	56352
18.3650	56315
18.3700	56318
18.3750	56185
18.3800	56295
18.3850	56148
18.3900	56538
18.3950	56275
18.4000	56177
18.4050	56054
18.4100	56234
18.4150	56166
18.4200	56273
18.4250	56215
18.4300	56289
18.4350	56040
18.4400	56136
18.4450	56329
18.4500	56199
18.4550	56437
18.4600	56603
18.4650	56346
18.4700	55825
18.4750	56257
18.4800	56485
18.4850	56410
18.4900	56011
18.4950	56158
18.5000	56107
18.5050	56068
18.5100	56119
18.5150	56175
18.5200	56137
18.5250	55949
18.5300	56194
18.5350	55972
18.5400	56246
18.5450	56192
18.5500	55987
18.5550	55847
18.5600	56377
18.5650	56053
18.5700	55817
18.5750	56145
18.5800	56428
18.5850	55960
18.5900	56049
18.5950	55807
18.6000	56052
18.6050	55856
18.6100	56249
18.6150	55733
18.6200	55726
18.6250	55934
18.6300	56306
18.6350	55864
18.6400	56204
18.6450	56051
18.6500	56066
18.6550	56259
18.6600	55965
18.6650	55991
18.6700	55923
18.6750	55912
18.6800	55589
18.6850	55917
18.6900	55714
18.6950	56178
18.7000	56031
18.7050	56142
18.7100	56200
18.7150	56091
18.7200	56270
18.7250	55762
18.7300	56309
18.7350	56012
18.7400	56169
18.7450	56017
18.7500	56163
18.7550	55761
18.7600	56302
18.7650	55575
18.7700	55777
18.7750	56103
18.7800	55981
18.7850	56145
18.7900	55977
18.7950	56278
18.8000	56405
18.8050	55810
18.8100	55926
18.8150	55879
18.8200	56120
18.8250	55928
18.8300	55703
18.8350	56348
18.8400	56138
18.8450	55912
18.8500	55871
18.8550	56395
18.8600	56147
18.8650	55702
18.8700	56160
18.8750	56082
18.8800	56077
18.8850	56276
18.8900	55942
18.8950	56014
18.9000	56249
18.9050	56301
18.9100	55939
18.9150	56019
18.9200	56265
18.9250	56163
18.9300	56091
18.9350	55965
18.9400	56046
18.9450	56235
18.9500	56086
18.9550	56099
18.9600	56594
18.9650	56216
18.9700	56107
18.9750	56177
18.9800	56566
18.9850	55921
18.9900	56017
18.9950	56190
19.0000	56276
19.0050	56338
19.0100	55903
19.0150	56168
19.0200	56461
19.0250	56425
19.0300	56350
19.0350	56112
19.0400	56346
19.0450	56150
19.0500	56387
19.0550	55868
19.0600	56342
19.0650	56563
19.0700	56532
19.0750	56001
19.0800	56438
19.0850	56314
19.0900	56265
19.0950	56306
19.1000	56188
19.1050	56003
19.1100	56244
19.1150	56246
19.1200	56396
19.1250	56257
19.1300	56034
19.1350	56070
19.1400	56459
19.1450	56435
19.1500	56204
19.1550	55755
19.1600	56091
19.1650	56055
19.1700	55978
19.1750	56151
19.1800	56146
19.1850	55980
19.1900	55856
19.1950	56266
19.2000	56120
19.2050	56348
19.2100	56584
19.2150	56148
19.2200	56275
19.2250	56287
19.2300	55962
19.2350	56483
19.2400	56032
19.2450	56702
19.2500	56157
19.2550	56118
19.2600	56226
19.2650	56380
19.2700	56071
19.2750	55903
19.2800	55942
19.2850	56415
19.2900	56245
19.2950	56455
19.3000	56288
19.3050	56140
19.3100	56293
19.3150	55938
19.3200	56081
19.3250	56491
19.3300	55889
19.3350	56063
19.3400	56269
19.3450	55995
19.3500	56504
19.3550	56145
19.3600	56308
19.3650	56132
19.3700	55892
19.3750	55986
19.3800	56353
19.3850	56500
19.3900	56464
19.3950	56274
19.4000	55910
19.4050	55896
19.4100	55855
19.4150	56008
19.4200	55878
19.4250	56255
19.4300	56130
19.4350	56051
19.4400	56353
19.4450	55763
19.4500	56483
19.4550	56079
19.4600	56205
19.4650	56125
19.4700	56399
19.4750	56346
19.4800	56283
19.4850	56079
19.4900	56313
19.4950	56485
19.5000	56258
19.5050	56079
19.5100	55948
19.5150	55966
19.5200	56417
19.5250	56169
19.5300	56073
19.5350	56088
19.5400	56218
19.5450	56018
19.5500	55962
19.5550	56333
19.5600	56079
19.5650	56052
19.5700	55784
19.5750	55927
19.5800	55646
19.5850	56027
19.5900	55887
19.5950	56134
19.6000	56349
19.6050	55724
19.6100	55959
19.6150	56255
19.6200	56014
19.6250	55938
19.6300	56195
19.6350	55901
19.6400	56184
19.6450	55899
19.6500	55695
19.6550	56415
19.6600	55753
19.6650	56306
19.6700	56361
19.6750	55897
19.6800	55946
19.6850	55827
19.6900	55706
19.6950	56122
19.7000	56071
19.7050	55932
19.7100	56025
19.7150	56297
19.7200	55880
19.7250	56154
19.7300	55992
19.7350	56186
19.7400	55960
19.7450	56291
19.7500	56179
19.7550	55877
19.7600	56037
19.7650	56112
19.7700	56414
19.7750	55998
19.7800	56032
19.7850	55950
19.7900	55975
19.7950	56163
19.8000	56055
19.8050	55722
19.8100	56062
19.8150	55614
19.8200	56170
19.8250	56310
19.8300	55841
19.8350	56185
19.8400	55998
19.8450	55913
19.8500	55883
19.8550	55872
19.8600	55811
19.8650	55954
19.8700	56245
19.8750	55853
19.8800	56214
19.8850	56079
19.8900	55659
19.8950	55997
19.9000	55950
19.9050	56034
19.9100	55920
19.9150	56224
19.9200	56025
19.9250	56068
19.9300	55987
19.9350	55722
19.9400	55828
19.9450	56112
19.9500	55922
19.9550	55709
19.9600	56065
19.9650	55943
19.9700	55943
19.9750	56064
19.9800	56297
19.9850	55977
19.9900	55775
19.9950	55893
