0.0000	325
0.0040	201
0.0080	149
0.0120	499
0.0160	522
0.0200	218
0.0240	163
0.0280	128
0.0320	481
0.0360	487
0.0400	242
0.0440	182
0.0480	146
0.0520	527
0.0560	513
0.0600	233
0.0640	179
0.0680	126
0.0720	510
0.0760	510
0.0800	216
0.0840	159
0.0880	148
0.0920	517
0.0960	507
0.1000	232
0.1040	156
0.1080	125
0.1120	504
0.1160	474
0.1200	214
0.1240	162
0.1280	102
0.1320	471
0.1360	511
0.1400	218
0.1440	144
0.1480	128
0.1520	496
0.1560	498
0.1600	189
0.1640	155
0.1680	110
0.1720	508
0.1760	494
0.1800	194
0.1840	158
0.1880	111
0.1920	481
0.1960	490
0.2000	205
0.2040	133
0.2080	126
0.2120	552
0.2160	484
0.2200	227
0.2240	143
0.2280	81
0.2320	479
0.2360	486
0.2400	219
0.2440	140
0.2480	117
0.2520	518
0.2560	524
0.2600	195
0.2640	148
0.2680	94
0.2720	505
0.2760	449
0.2800	196
0.2840	162
0.2880	109
0.2920	496
0.2960	503
0.3000	195
0.3040	152
0.3080	139
0.3120	532
0.3160	529
0.3200	192
0.3240	136
0.3280	118
0.3320	499
0.3360	515
0.3400	227
0.3440	163
0.3480	118
0.3520	498
0.3560	483
0.3600	188
0.3640	150
0.3680	116
0.3720	540
0.3760	485
0.3800	202
0.3840	152
0.3880	134
0.3920	508
0.3960	509
0.4000	220
0.4040	169
0.4080	126
0.4120	485
0.4160	499
0.4200	180
0.4240	165
0.4280	125
0.4320	520
0.4360	520
0.4400	217
0.4440	180
0.4480	116
0.4520	496
0.4560	505
0.4600	218
0.4640	137
0.4680	122
0.4720	462
0.4760	516
0.4800	225
0.4840	173
0.4880	123
0.4920	503
0.4960	497
0.5000	193
0.5040	162
0.5080	109
0.5120	481
0.5160	512
0.5200	197
0.5240	182
0.5280	119
0.5320	512
0.5360	535
0.5400	211
0.5440	147
0.5480	94
0.5520	487
0.5560	518
0.5600	188
0.5640	149
0.5680	111
0.5720	505
0.5760	489
0.5800	207
0.5840	168
0.5880	122
0.5920	479
0.5960	517
0.6000	208
0.6040	155
0.6080	131
0.6120	458
0.6160	482
0.6200	207
0.6240	149
0.6280	130
0.6320	492
0.6360	486
0.6400	186
0.6440	165
0.6480	97
0.6520	492
0.6560	517
0.6600	187
0.6640	169
0.6680	106
0.6720	503
0.6760	469
0.6800	203
0.6840	151
0.6880	135
0.6920	538
0.6960	475
0.7000	202
0.7040	166
0.7080	117
0.7120	540
0.7160	485
0.7200	182
0.7240	142
0.7280	117
0.7320	515
0.7360	500
0.7400	219
0.7440	147
0.7480	129
0.7520	476
0.7560	524
0.7600	187
0.7640	151
0.7680	121
0.7720	518
0.7760	519
0.7800	198
0.7840	170
0.7880	115
0.7920	507
0.7960	541
0.8000	217
0.8040	164
0.8080	131
0.8120	516
0.8160	523
0.8200	205
0.8240	155
0.8280	132
0.8320	499
0.8360	501
0.8400	197
0.8440	178
0.8480	129
0.8520	551
0.8560	466
0.8600	219
0.8640	128
0.8680	127
0.8720	498
0.8760	519
0.8800	213
0.8840	153
0.8880	93
0.8920	508
0.8960	508
0.9000	229
0.9040	150
0.9080	130
0.9120	490
0.9160	471
0.9200	221
0.9240	162
0.9280	100
0.9320	467
0.9360	496
0.9400	204
0.9440	135
0.9480	108
0.9520	501
0.9560	545
0.9600	174
0.9640	139
0.9680	121
0.9720	529
0.9760	450
0.9800	187
0.9840	147
0.9880	126
0.9920	471
0.9960	480
1.0000	194
1.0040	135
1.0080	101
1.0120	485
1.0160	501
1.0200	184
1.0240	143
1.0280	105
1.0320	522
1.0360	500
1.0400	199
1.0440	152
1.0480	107
1.0520	526
1.0560	496
1.0600	187
1.0640	151
1.0680	116
1.0720	479
1.0760	486
1.0800	209
1.0840	159
1.0880	126
1.0920	508
1.0960	507
1.1000	186
1.1040	162
1.1080	117
1.1120	463
1.1160	492
1.1200	214
1.1240	149
1.1280	117
1.1320	518
1.1360	525
1.1400	196
1.1440	159
1.1480	126
1.1520	512
1.1560	474
1.1600	205
1.1640	145
1.1680	120
1.1720	531
1.1760	541
1.1800	209
1.1840	149
1.1880	120
1.1920	463
1.1960	491
1.2000	198
1.2040	159
1.2080	113
1.2120	483
1.2160	513
1.2200	209
1.2240	158
1.2280	106
1.2320	506
1.2360	497
1.2400	215
1.2440	161
1.2480	137
1.2520	516
1.2560	494
1.2600	208
1.2640	138
1.2680	131
1.2720	490
1.2760	499
1.2800	203
1.2840	144
1.2880	89
1.2920	475
1.2960	480
1.3000	206
1.3040	147
1.3080	110
1.3120	508
1.3160	490
1.3200	213
1.3240	163
1.3280	118
1.3320	514
1.3360	528
1.3400	208
1.3440	151
1.3480	129
1.3520	491
1.3560	503
1.3600	202
1.3640	172
1.3680	116
1.3720	519
1.3760	537
1.3800	197
1.3840	142
1.3880	114
1.3920	496
1.3960	492
1.4000	199
1.4040	138
1.4080	100
1.4120	518
1.4160	509
1.4200	206
1.4240	162
1.4280	126
1.4320	503
1.4360	506
1.4400	214
1.4440	166
1.4480	101
1.4520	524
1.4560	521
1.4600	206
1.4640	146
1.4680	110
1.4720	495
1.4760	498
1.4800	210
1.4840	165
1.4880	127
1.4920	527
1.4960	527
1.5000	210
1.5040	138
1.5080	120
1.5120	510
1.5160	511
1.5200	212
1.5240	164
1.5280	126
1.5320	539
1.5360	523
1.5400	229
1.5440	146
1.5480	117
1.5520	501
1.5560	457
1.5600	217
1.5640	161
1.5680	128
1.5720	512
1.5760	559
1.5800	194
1.5840	159
1.5880	116
1.5920	472
1.5960	519
1.6000	230
1.6040	160
1.6080	101
1.6120	488
1.6160	489
1.6200	209
1.6240	154
1.6280	150
1.6320	495
1.6360	515
1.6400	225
1.6440	169
1.6480	108
1.6520	528
1.6560	500
1.6600	194
1.6640	174
1.6680	113
1.6720	509
1.6760	503
1.6800	207
1.6840	167
1.6880	127
1.6920	477
1.6960	486
1.7000	218
1.7040	175
1.7080	110
1.7120	517
1.7160	515
1.7200	203
1.7240	149
1.7280	118
1.7320	475
1.7360	489
1.7400	208
1.7440	143
1.7480	123
1.7520	503
1.7560	542
1.7600	202
1.7640	148
1.7680	121
1.7720	511
1.7760	491
1.7800	211
1.7840	137
1.7880	127
1.7920	489
1.7960	516
1.8000	212
1.8040	161
1.8080	123
1.8120	525
1.8160	531
1.8200	190
1.8240	133
1.8280	125
1.8320	483
1.8360	505
1.8400	195
1.8440	142
1.8480	117
1.8520	467
1.8560	486
1.8600	210
1.8640	148
1.8680	121
1.8720	514
1.8760	522
1.8800	193
1.8840	175
1.8880	115
1.8920	509
1.8960	480
1.9000	172
1.9040	164
1.9080	123
1.9120	448
1.9160	496
1.9200	208
1.9240	138
1.9280	114
1.9320	506
1.9360	515
1.9400	179
1.9440	161
1.9480	120
1.9520	503
1.9560	528
1.9600	217
1.9640	147
1.9680	123
1.9720	516
1.9760	479
1.9800	173
1.9840	185
1.9880	126
1.9920	552
1.9960	532
2.0000	215
2.0040	167
2.0080	145
2.0120	516
2.0160	489
2.0200	192
2.0240	174
2.0280	126
2.0320	531
2.0360	526
2.0400	192
2.0440	153
2.0480	102
2.0520	523
2.0560	520
2.0600	188
2.0640	174
2.0680	127
2.0720	507
2.0760	497
2.0800	157
2.0840	123
2.0880	102
2.0920	477
2.0960	500
2.1000	199
2.1040	145
2.1080	110
2.1120	516
2.1160	499
2.1200	191
2.1240	155
2.1280	121
2.1320	484
2.1360	494
2.1400	205
2.1440	158
2.1480	142
2.1520	513
2.1560	477
2.1600	193
2.1640	166
2.1680	117
2.1720	503
2.1760	560
2.1800	188
2.1840	151
2.1880	108
2.1920	457
2.1960	527
2.2000	203
2.2040	131
2.2080	110
2.2120	501
2.2160	483
2.2200	202
2.2240	136
2.2280	113
2.2320	505
2.2360	510
2.2400	185
2.2440	154
2.2480	125
2.2520	504
2.2560	471
2.2600	193
2.2640	161
2.2680	144
2.2720	469
2.2760	500
2.2800	188
2.2840	170
2.2880	126
2.2920	496
2.2960	511
2.3000	224
2.3040	167
2.3080	104
2.3120	512
2.3160	513
2.3200	205
2.3240	149
2.3280	94
2.3320	501
2.3360	503
2.3400	227
2.3440	155
2.3480	114
2.3520	489
2.3560	532
2.3600	216
2.3640	156
2.3680	130
2.3720	482
2.3760	476
2.3800	197
2.3840	157
2.3880	115
2.3920	518
2.3960	490
2.4000	190
2.4040	183
2.4080	110
2.4120	484
2.4160	485
2.4200	203
2.4240	148
2.4280	128
2.4320	488
2.4360	503
2.4400	209
2.4440	152
2.4480	134
2.4520	491
2.4560	479
2.4600	216
2.4640	163
2.4680	119
2.4720	527
2.4760	450
2.4800	213
2.4840	147
2.4880	113
2.4920	515
2.4960	522
2.5000	182
2.5040	169
2.5080	92
2.5120	499
2.5160	520
2.5200	215
2.5240	143
2.5280	110
2.5320	555
2.5360	500
2.5400	198
2.5440	139
2.5480	117
2.5520	488
2.5560	535
2.5600	217
2.5640	171
2.5680	124
2.5720	493
2.5760	514
2.5800	189
2.5840	141
2.5880	127
2.5920	497
2.5960	494
2.6000	180
2.6040	140
2.6080	121
2.6120	514
2.6160	536
2.6200	195
2.6240	167
2.6280	98
2.6320	475
2.6360	511
2.6400	191
2.6440	158
2.6480	112
2.6520	498
2.6560	521
2.6600	219
2.6640	165
2.6680	149
2.6720	502
2.6760	498
2.6800	172
2.6840	171
2.6880	112
2.6920	519
2.6960	517
2.7000	225
2.7040	157
2.7080	105
2.7120	512
2.7160	516
2.7200	214
2.7240	153
2.7280	138
2.7320	494
2.7360	514
2.7400	211
2.7440	165
2.7480	107
2.7520	489
2.7560	497
2.7600	203
2.7640	169
2.7680	115
2.7720	523
2.7760	461
2.7800	198
2.7840	136
2.7880	110
2.7920	493
2.7960	525
2.8000	202
2.8040	132
2.8080	121
2.8120	469
2.8160	493
2.8200	201
2.8240	157
2.8280	118
2.8320	517
2.8360	523
2.8400	175
2.8440	151
2.8480	135
2.8520	505
2.8560	496
2.8600	201
2.8640	155
2.8680	109
2.8720	531
2.8760	562
2.8800	211
2.8840	163
2.8880	114
2.8920	503
2.8960	522
2.9000	190
2.9040	152
2.9080	125
2.9120	528
2.9160	531
2.9200	206
2.9240	171
2.9280	116
2.9320	487
2.9360	503
2.9400	202
2.9440	143
2.9480	118
2.9520	497
2.9560	499
2.9600	216
2.9640	173
2.9680	123
2.9720	502
2.9760	494
2.9800	201
2.9840	139
2.9880	107
2.9920	496
2.9960	538
3.0000	213
3.0040	166
3.0080	111
3.0120	484
3.0160	472
3.0200	200
3.0240	176
3.0280	127
3.0320	510
3.0360	481
3.0400	239
3.0440	169
3.0480	99
3.0520	512
3.0560	553
3.0600	211
3.0640	161
3.0680	118
3.0720	505
3.0760	509
3.0800	198
3.0840	150
3.0880	112
3.0920	498
3.0960	510
3.1000	224
3.1040	163
3.1080	133
3.1120	502
3.1160	485
3.1200	202
3.1240	181
3.1280	130
3.1320	507
3.1360	471
3.1400	205
3.1440	141
3.1480	132
3.1520	486
3.1560	473
3.1600	222
3.1640	171
3.1680	129
3.1720	511
3.1760	494
3.1800	217
3.1840	151
3.1880	126
3.1920	520
3.1960	511
3.2000	208
3.2040	169
3.2080	108
3.2120	497
3.2160	483
3.2200	198
3.2240	151
3.2280	120
3.2320	525
3.2360	498
3.2400	209
3.2440	147
3.2480	132
3.2520	522
3.2560	479
3.2600	233
3.2640	173
3.2680	116
3.2720	507
3.2760	535
3.2800	226
3.2840	178
3.2880	129
3.2920	520
3.2960	484
3.3000	198
3.3040	151
3.3080	111
3.3120	490
3.3160	509
3.3200	194
3.3240	144
3.3280	119
3.3320	507
3.3360	512
3.3400	234
3.3440	170
3.3480	123
3.3520	516
3.3560	520
3.3600	203
3.3640	166
3.3680	119
3.3720	478
3.3760	491
3.3800	186
3.3840	159
3.3880	122
3.3920	467
3.3960	490
3.4000	223
3.4040	130
3.4080	136
3.4120	452
3.4160	500
3.4200	197
3.4240	163
3.4280	125
3.4320	525
3.4360	511
3.4400	224
3.4440	161
3.4480	129
3.4520	504
3.4560	482
3.4600	206
3.4640	161
3.4680	128
3.4720	477
3.4760	493
3.4800	215
3.4840	147
3.4880	111
3.4920	474
3.4960	478
3.5000	189
3.5040	138
3.5080	122
3.5120	473
3.5160	525
3.5200	219
3.5240	162
3.5280	108
3.5320	510
3.5360	513
3.5400	199
3.5440	156
3.5480	123
3.5520	513
3.5560	475
3.5600	202
3.5640	136
3.5680	127
3.5720	497
3.5760	506
3.5800	208
3.5840	146
3.5880	113
3.5920	530
3.5960	523
3.6000	211
3.6040	173
3.6080	138
3.6120	540
3.6160	508
3.6200	191
3.6240	182
3.6280	127
3.6320	460
3.6360	505
3.6400	198
3.6440	161
3.6480	123
3.6520	484
3.6560	488
3.6600	202
3.6640	154
3.6680	123
3.6720	501
3.6760	525
3.6800	190
3.6840	148
3.6880	113
3.6920	534
3.6960	479
3.7000	205
3.7040	164
3.7080	91
3.7120	494
3.7160	479
3.7200	195
3.7240	187
3.7280	119
3.7320	522
3.7360	538
3.7400	205
3.7440	151
3.7480	109
3.7520	492
3.7560	536
3.7600	222
3.7640	140
3.7680	134
3.7720	569
3.7760	501
3.7800	220
3.7840	121
3.7880	118
3.7920	497
3.7960	499
3.8000	194
3.8040	155
3.8080	123
3.8120	515
3.8160	518
3.8200	213
3.8240	139
3.8280	126
3.8320	493
3.8360	501
3.8400	184
3.8440	148
3.8480	109
3.8520	488
3.8560	510
3.8600	226
3.8640	147
3.8680	112
3.8720	528
3.8760	515
3.8800	210
3.8840	133
3.8880	113
3.8920	502
3.8960	493
3.9000	200
3.9040	165
3.9080	122
3.9120	454
3.9160	515
3.9200	212
3.9240	155
3.9280	119
3.9320	487
3.9360	467
3.9400	200
3.9440	151
3.9480	113
3.9520	507
3.9560	556
3.9600	195
3.9640	165
3.9680	117
3.9720	508
3.9760	502
3.9800	202
3.9840	161
3.9880	107
3.9920	488
3.9960	479
4.0000	195
4.0040	150
4.0080	140
4.0120	500
4.0160	458
4.0200	219
4.0240	157
4.0280	130
4.0320	488
4.0360	482
4.0400	201
4.0440	153
4.0480	123
4.0520	477
4.0560	492
4.0600	205
4.0640	161
4.0680	114
4.0720	473
4.0760	487
4.0800	205
4.0840	155
4.0880	138
4.0920	504
4.0960	520
4.1000	200
4.1040	168
4.1080	124
4.1120	527
4.1160	489
4.1200	204
4.1240	132
4.1280	121
4.1320	494
4.1360	515
4.1400	209
4.1440	164
4.1480	109
4.1520	527
4.1560	496
4.1600	196
4.1640	159
4.1680	118
4.1720	510
4.1760	510
4.1800	211
4.1840	149
4.1880	110
4.1920	503
4.1960	485
4.2000	172
4.2040	148
4.2080	134
4.2120	477
4.2160	512
4.2200	193
4.2240	156
4.2280	115
4.2320	478
4.2360	512
4.2400	209
4.2440	163
4.2480	120
4.2520	521
4.2560	492
4.2600	220
4.2640	131
4.2680	145
4.2720	518
4.2760	509
4.2800	195
4.2840	183
4.2880	123
4.2920	483
4.2960	490
4.3000	207
4.3040	144
4.3080	121
4.3120	518
4.3160	513
4.3200	203
4.3240	166
4.3280	113
4.3320	490
4.3360	478
4.3400	206
4.3440	156
4.3480	97
4.3520	488
4.3560	499
4.3600	149
4.3640	133
4.3680	112
4.3720	529
4.3760	503
4.3800	194
4.3840	150
4.3880	96
4.3920	452
4.3960	499
4.4000	204
4.4040	140
4.4080	113
4.4120	494
4.4160	504
4.4200	221
4.4240	150
4.4280	124
4.4320	501
4.4360	479
4.4400	216
4.4440	143
4.4480	119
4.4520	526
4.4560	483
4.4600	198
4.4640	168
4.4680	117
4.4720	515
4.4760	458
4.4800	189
4.4840	164
4.4880	120
4.4920	498
4.4960	505
4.5000	192
4.5040	157
4.5080	120
4.5120	488
4.5160	512
4.5200	192
4.5240	153
4.5280	102
4.5320	491
4.5360	496
4.5400	194
4.5440	137
4.5480	117
4.5520	499
4.5560	492
4.5600	175
4.5640	149
4.5680	141
4.5720	504
4.5760	487
4.5800	210
4.5840	140
4.5880	110
4.5920	523
4.5960	498
4.6000	201
4.6040	171
4.6080	104
4.6120	509
4.6160	481
4.6200	179
4.6240	135
4.6280	107
4.6320	514
4.6360	484
4.6400	202
4.6440	147
4.6480	110
4.6520	497
4.6560	481
4.6600	202
4.6640	153
4.6680	120
4.6720	512
4.6760	516
4.6800	206
4.6840	147
4.6880	124
4.6920	474
4.6960	560
4.7000	212
4.7040	158
4.7080	120
4.7120	514
4.7160	524
4.7200	198
4.7240	131
4.7280	114
4.7320	478
4.7360	497
4.7400	195
4.7440	149
4.7480	117
4.7520	505
4.7560	510
4.7600	188
4.7640	174
4.7680	114
4.7720	523
4.7760	539
4.7800	192
4.7840	147
4.7880	122
4.7920	515
4.7960	486
4.8000	223
4.8040	147
4.8080	128
4.8120	479
4.8160	513
4.8200	208
4.8240	147
4.8280	108
4.8320	502
4.8360	506
4.8400	205
4.8440	158
4.8480	104
4.8520	522
4.8560	526
4.8600	177
4.8640	156
4.8680	116
4.8720	519
4.8760	519
4.8800	178
4.8840	152
4.8880	128
4.8920	525
4.8960	508
4.9000	191
4.9040	151
4.9080	106
4.9120	476
4.9160	534
4.9200	224
4.9240	136
4.9280	132
4.9320	519
4.9360	511
4.9400	197
4.9440	146
4.9480	104
4.9520	488
4.9560	516
4.9600	188
4.9640	136
4.9680	124
4.9720	515
4.9760	485
4.9800	187
4.9840	162
4.9880	102
4.9920	493
4.9960	493
5.0000	197
5.0040	148
5.0080	130
5.0120	490
5.0160	500
5.0200	210
5.0240	148
5.0280	128
5.0320	455
5.0360	506
5.0400	200
5.0440	145
5.0480	134
5.0520	522
5.0560	490
5.0600	198
5.0640	146
5.0680	120
5.0720	520
5.0760	534
5.0800	192
5.0840	140
5.0880	118
5.0920	498
5.0960	517
5.1000	198
5.1040	134
5.1080	129
5.1120	497
5.1160	487
5.1200	186
5.1240	146
5.1280	114
5.1320	457
5.1360	494
5.1400	175
5.1440	146
5.1480	109
5.1520	515
5.1560	532
5.1600	190
5.1640	144
5.1680	126
5.1720	492
5.1760	511
5.1800	235
5.1840	132
5.1880	111
5.1920	488
5.1960	488
5.2000	213
5.2040	151
5.2080	111
5.2120	503
5.2160	523
5.2200	196
5.2240	164
5.2280	137
5.2320	516
5.2360	505
5.2400	182
5.2440	152
5.2480	128
5.2520	532
5.2560	503
5.2600	183
5.2640	152
5.2680	124
5.2720	515
5.2760	518
5.2800	234
5.2840	145
5.2880	135
5.2920	521
5.2960	503
5.3000	218
5.3040	161
5.3080	133
5.3120	493
5.3160	544
5.3200	199
5.3240	169
5.3280	127
5.3320	492
5.3360	535
5.3400	190
5.3440	156
5.3480	112
5.3520	503
5.3560	538
5.3600	201
5.3640	147
5.3680	112
5.3720	488
5.3760	472
5.3800	177
5.3840	145
5.3880	128
5.3920	483
5.3960	549
5.4000	184
5.4040	142
5.4080	117
5.4120	488
5.4160	497
5.4200	217
5.4240	159
5.4280	106
5.4320	505
5.4360	532
5.4400	213
5.4440	144
5.4480	121
5.4520	516
5.4560	518
5.4600	185
5.4640	174
5.4680	117
5.4720	500
5.4760	489
5.4800	192
5.4840	154
5.4880	126
5.4920	533
5.4960	509
5.5000	204
5.5040	163
5.5080	119
5.5120	475
5.5160	506
5.5200	185
5.5240	139
5.5280	112
5.5320	528
5.5360	484
5.5400	188
5.5440	152
5.5480	124
5.5520	493
5.5560	513
5.5600	196
5.5640	143
5.5680	105
5.5720	502
5.5760	534
5.5800	209
5.5840	150
5.5880	122
5.5920	511
5.5960	496
5.6000	199
5.6040	145
5.6080	126
5.6120	478
5.6160	505
5.6200	226
5.6240	142
5.6280	114
5.6320	502
5.6360	503
5.6400	205
5.6440	151
5.6480	122
5.6520	496
5.6560	519
5.6600	181
5.6640	184
5.6680	136
5.6720	463
5.6760	502
5.6800	191
5.6840	144
5.6880	122
5.6920	519
5.6960	470
5.7000	188
5.7040	142
5.7080	131
5.7120	491
5.7160	512
5.7200	196
5.7240	163
5.7280	119
5.7320	498
5.7360	505
5.7400	194
5.7440	135
5.7480	114
5.7520	527
5.7560	551
5.7600	182
5.7640	173
5.7680	107
5.7720	507
5.7760	522
5.7800	180
5.7840	162
5.7880	112
5.7920	478
5.7960	536
5.8000	210
5.8040	157
5.8080	117
5.8120	495
5.8160	509
5.8200	207
5.8240	150
5.8280	112
5.8320	527
5.8360	482
5.8400	198
5.8440	170
5.8480	124
5.8520	496
5.8560	528
5.8600	198
5.8640	171
5.8680	124
5.8720	499
5.8760	514
5.8800	181
5.8840	156
5.8880	132
5.8920	503
5.8960	500
5.9000	203
5.9040	144
5.9080	132
5.9120	502
5.9160	502
5.9200	203
5.9240	152
5.9280	111
5.9320	484
5.9360	496
5.9400	207
5.9440	149
5.9480	118
5.9520	507
5.9560	528
5.9600	199
5.9640	145
5.9680	122
5.9720	526
5.9760	523
5.9800	178
5.9840	141
5.9880	122
5.9920	490
5.9960	550
6.0000	203
6.0040	162
6.0080	108
6.0120	524
6.0160	507
6.0200	206
6.0240	154
6.0280	127
6.0320	465
6.0360	498
6.0400	208
6.0440	159
6.0480	135
6.0520	493
6.0560	520
6.0600	213
6.0640	162
6.0680	112
6.0720	490
6.0760	509
6.0800	216
6.0840	173
6.0880	115
6.0920	472
6.0960	495
6.1000	198
6.1040	151
6.1080	117
6.1120	488
6.1160	532
6.1200	212
6.1240	141
6.1280	114
6.1320	512
6.1360	475
6.1400	192
6.1440	155
6.1480	102
6.1520	516
6.1560	488
6.1600	199
6.1640	158
6.1680	115
6.1720	523
6.1760	497
6.1800	235
6.1840	161
6.1880	103
6.1920	488
6.1960	491
6.2000	181
6.2040	156
6.2080	119
6.2120	469
6.2160	496
6.2200	193
6.2240	155
6.2280	126
6.2320	512
6.2360	478
6.2400	176
6.2440	157
6.2480	118
6.2520	507
6.2560	534
6.2600	192
6.2640	169
6.2680	122
6.2720	525
6.2760	523
6.2800	205
6.2840	149
6.2880	101
6.2920	563
6.2960	480
6.3000	215
6.3040	150
6.3080	133
6.3120	534
6.3160	500
6.3200	198
6.3240	181
6.3280	123
6.3320	492
6.3360	493
6.3400	228
6.3440	151
6.3480	119
6.3520	505
6.3560	497
6.3600	207
6.3640	161
6.3680	118
6.3720	494
6.3760	519
6.3800	219
6.3840	151
6.3880	114
6.3920	516
6.3960	501
6.4000	218
6.4040	150
6.4080	130
6.4120	527
6.4160	486
6.4200	217
6.4240	163
6.4280	125
6.4320	490
6.4360	519
6.4400	175
6.4440	180
6.4480	116
6.4520	523
6.4560	521
6.4600	203
6.4640	148
6.4680	134
6.4720	507
6.4760	493
6.4800	204
6.4840	157
6.4880	127
6.4920	481
6.4960	495
6.5000	183
6.5040	134
6.5080	133
6.5120	491
6.5160	490
6.5200	195
6.5240	143
6.5280	124
6.5320	512
6.5360	518
6.5400	207
6.5440	138
6.5480	116
6.5520	489
6.5560	506
6.5600	200
6.5640	153
6.5680	122
6.5720	520
6.5760	487
6.5800	213
6.5840	146
6.5880	121
6.5920	501
6.5960	493
6.6000	213
6.6040	158
6.6080	130
6.6120	499
6.6160	539
6.6200	191
6.6240	168
6.6280	98
6.6320	526
6.6360	513
6.6400	187
6.6440	148
6.6480	103
6.6520	539
6.6560	478
6.6600	203
6.6640	132
6.6680	133
6.6720	477
6.6760	526
6.6800	200
6.6840	133
6.6880	128
6.6920	503
6.6960	526
6.7000	213
6.7040	189
6.7080	131
6.7120	479
6.7160	500
6.7200	201
6.7240	151
6.7280	111
6.7320	511
6.7360	442
6.7400	219
6.7440	162
6.7480	112
6.7520	505
6.7560	541
6.7600	218
6.7640	146
6.7680	116
6.7720	489
6.7760	491
6.7800	202
6.7840	168
6.7880	127
6.7920	545
6.7960	482
6.8000	183
6.8040	158
6.8080	123
6.8120	495
6.8160	519
6.8200	189
6.8240	157
6.8280	117
6.8320	516
6.8360	492
6.8400	191
6.8440	142
6.8480	110
6.8520	486
6.8560	487
6.8600	179
6.8640	154
6.8680	119
6.8720	543
6.8760	468
6.8800	228
6.8840	152
6.8880	132
6.8920	509
6.8960	496
6.9000	218
6.9040	161
6.9080	93
6.9120	512
6.9160	496
6.9200	189
6.9240	142
6.9280	121
6.9320	547
6.9360	529
6.9400	178
6.9440	153
6.9480	128
6.9520	514
6.9560	514
6.9600	202
6.9640	169
6.9680	112
6.9720	498
6.9760	490
6.9800	212
6.9840	152
6.9880	99
6.9920	510
6.9960	511
7.0000	206
7.0040	172
7.0080	114
7.0120	499
7.0160	533
7.0200	194
7.0240	141
7.0280	103
7.0320	491
7.0360	506
7.0400	208
7.0440	134
7.0480	94
7.0520	509
7.0560	480
7.0600	208
7.0640	164
7.0680	122
7.0720	469
7.0760	491
7.0800	202
7.0840	163
7.0880	125
7.0920	524
7.0960	511
7.1000	210
7.1040	145
7.1080	133
7.1120	508
7.1160	470
7.1200	197
7.1240	163
7.1280	104
7.1320	495
7.1360	520
7.1400	190
7.1440	155
7.1480	109
7.1520	512
7.1560	565
7.1600	187
7.1640	164
7.1680	125
7.1720	486
7.1760	486
7.1800	214
7.1840	145
7.1880	115
7.1920	490
7.1960	514
7.2000	204
7.2040	157
7.2080	115
7.2120	506
7.2160	479
7.2200	219
7.2240	151
7.2280	107
7.2320	480
7.2360	472
7.2400	186
7.2440	152
7.2480	122
7.2520	490
7.2560	494
7.2600	186
7.2640	152
7.2680	119
7.2720	522
7.2760	512
7.2800	186
7.2840	165
7.2880	125
7.2920	505
7.2960	495
7.3000	193
7.3040	150
7.3080	104
7.3120	508
7.3160	518
7.3200	201
7.3240	153
7.3280	122
7.3320	530
7.3360	521
7.3400	187
7.3440	146
7.3480	97
7.3520	500
7.3560	505
7.3600	196
7.3640	152
7.3680	132
7.3720	524
7.3760	493
7.3800	180
7.3840	127
7.3880	126
7.3920	524
7.3960	500
7.4000	172
7.4040	144
7.4080	128
7.4120	503
7.4160	473
7.4200	194
7.4240	160
7.4280	106
7.4320	506
7.4360	527
7.4400	197
7.4440	133
7.4480	111
7.4520	486
7.4560	489
7.4600	194
7.4640	147
7.4680	115
7.4720	502
7.4760	543
7.4800	214
7.4840	132
7.4880	97
7.4920	520
7.4960	529
7.5000	172
7.5040	141
7.5080	135
7.5120	504
7.5160	546
7.5200	198
7.5240	131
7.5280	103
7.5320	509
7.5360	488
7.5400	180
7.5440	133
7.5480	109
7.5520	501
7.5560	482
7.5600	203
7.5640	140
7.5680	132
7.5720	479
7.5760	517
7.5800	198
7.5840	149
7.5880	106
7.5920	499
7.5960	494
7.6000	194
7.6040	152
7.6080	117
7.6120	488
7.6160	463
7.6200	203
7.6240	147
7.6280	110
7.6320	503
7.6360	477
7.6400	211
7.6440	154
7.6480	127
7.6520	513
7.6560	496
7.6600	210
7.6640	133
7.6680	110
7.6720	486
7.6760	505
7.6800	205
7.6840	182
7.6880	113
7.6920	526
7.6960	491
7.7000	201
7.7040	140
7.7080	113
7.7120	489
7.7160	548
7.7200	207
7.7240	163
7.7280	122
7.7320	503
7.7360	515
7.7400	194
7.7440	143
7.7480	112
7.7520	482
7.7560	501
7.7600	192
7.7640	151
7.7680	108
7.7720	500
7.7760	463
7.7800	190
7.7840	156
7.7880	115
7.7920	506
7.7960	490
7.8000	207
7.8040	167
7.8080	118
7.8120	493
7.8160	489
7.8200	195
7.8240	153
7.8280	120
7.8320	516
7.8360	482
7.8400	202
7.8440	141
7.8480	106
7.8520	523
7.8560	498
7.8600	188
7.8640	165
7.8680	117
7.8720	464
7.8760	497
7.8800	189
7.8840	169
7.8880	116
7.8920	507
7.8960	531
7.9000	218
7.9040	137
7.9080	111
7.9120	477
7.9160	509
7.9200	195
7.9240	142
7.9280	113
7.9320	544
7.9360	519
7.9400	194
7.9440	159
7.9480	108
7.9520	508
7.9560	507
7.9600	224
7.9640	140
7.9680	141
7.9720	474
7.9760	521
7.9800	199
7.9840	150
7.9880	116
7.9920	494
7.9960	494
8.0000	211
8.0040	167
8.0080	110
8.0120	539
8.0160	496
8.0200	181
8.0240	174
8.0280	117
8.0320	494
8.0360	512
8.0400	204
8.0440	135
8.0480	107
8.0520	531
8.0560	507
8.0600	190
8.0640	145
8.0680	115
8.0720	505
8.0760	499
8.0800	214
8.0840	152
8.0880	133
8.0920	498
8.0960	515
8.1000	197
8.1040	146
8.1080	105
8.1120	490
8.1160	482
8.1200	208
8.1240	140
8.1280	114
8.1320	519
8.1360	527
8.1400	191
8.1440	134
8.1480	117
8.1520	501
8.1560	471
8.1600	191
8.1640	137
8.1680	116
8.1720	493
8.1760	553
8.1800	190
8.1840	173
8.1880	114
8.1920	491
8.1960	542
8.2000	215
8.2040	147
8.2080	101
8.2120	522
8.2160	519
8.2200	209
8.2240	168
8.2280	104
8.2320	541
8.2360	503
8.2400	207
8.2440	121
8.2480	111
8.2520	482
8.2560	498
8.2600	196
8.2640	149
8.2680	120
8.2720	534
8.2760	530
8.2800	207
8.2840	144
8.2880	112
8.2920	504
8.2960	507
8.3000	221
8.3040	139
8.3080	109
8.3120	516
8.3160	511
8.3200	196
8.3240	125
8.3280	121
8.3320	506
8.3360	500
8.3400	200
8.3440	145
8.3480	104
8.3520	512
8.3560	534
8.3600	195
8.3640	160
8.3680	116
8.3720	531
8.3760	471
8.3800	232
8.3840	162
8.3880	125
8.3920	532
8.3960	487
8.4000	203
8.4040	173
8.4080	115
8.4120	525
8.4160	528
8.4200	208
8.4240	124
8.4280	113
8.4320	493
8.4360	526
8.4400	213
8.4440	139
8.4480	129
8.4520	496
8.4560	504
8.4600	221
8.4640	159
8.4680	119
8.4720	504
8.4760	499
8.4800	205
8.4840	151
8.4880	126
8.4920	521
8.4960	508
8.5000	196
8.5040	141
8.5080	107
8.5120	506
8.5160	495
8.5200	213
8.5240	147
8.5280	106
8.5320	492
8.5360	520
8.5400	236
8.5440	144
8.5480	110
8.5520	526
8.5560	504
8.5600	204
8.5640	144
8.5680	124
8.5720	487
8.5760	499
8.5800	198
8.5840	149
8.5880	120
8.5920	513
8.5960	491
8.6000	224
8.6040	137
8.6080	122
8.6120	526
8.6160	498
8.6200	184
8.6240	133
8.6280	103
8.6320	470
8.6360	494
8.6400	182
8.6440	144
8.6480	134
8.6520	526
8.6560	534
8.6600	196
8.6640	156
8.6680	112
8.6720	477
8.6760	507
8.6800	186
8.6840	159
8.6880	109
8.6920	522
8.6960	530
8.7000	221
8.7040	149
8.7080	116
8.7120	507
8.7160	499
8.7200	204
8.7240	157
8.7280	123
8.7320	482
8.7360	504
8.7400	213
8.7440	156
8.7480	110
8.7520	454
8.7560	507
8.7600	204
8.7640	145
8.7680	121
8.7720	497
8.7760	498
8.7800	188
8.7840	170
8.7880	127
8.7920	486
8.7960	530
8.8000	201
8.8040	145
8.8080	137
8.8120	518
8.8160	513
8.8200	220
8.8240	139
8.8280	118
8.8320	513
8.8360	504
8.8400	181
8.8440	136
8.8480	136
8.8520	469
8.8560	510
8.8600	209
8.8640	148
8.8680	120
8.8720	491
8.8760	505
8.8800	218
8.8840	152
8.8880	145
8.8920	501
8.8960	537
8.9000	188
8.9040	164
8.9080	122
8.9120	511
8.9160	509
8.9200	206
8.9240	151
8.9280	135
8.9320	500
8.9360	520
8.9400	200
8.9440	152
8.9480	118
8.9520	477
8.9560	525
8.9600	204
8.9640	177
8.9680	120
8.9720	480
8.9760	560
8.9800	188
8.9840	147
8.9880	102
8.9920	515
8.9960	475
9.0000	200
9.0040	152
9.0080	116
9.0120	523
9.0160	539
9.0200	180
9.0240	157
9.0280	122
9.0320	490
9.0360	498
9.0400	209
9.0440	149
9.0480	125
9.0520	490
9.0560	481
9.0600	229
9.0640	166
9.0680	115
9.0720	534
9.0760	469
9.0800	201
9.0840	146
9.0880	111
9.0920	493
9.0960	525
9.1000	180
9.1040	151
9.1080	116
9.1120	549
9.1160	554
9.1200	195
9.1240	144
9.1280	124
9.1320	486
9.1360	496
9.1400	204
9.1440	156
9.1480	126
9.1520	522
9.1560	480
9.1600	188
9.1640	154
9.1680	131
9.1720	501
9.1760	474
9.1800	210
9.1840	158
9.1880	105
9.1920	486
9.1960	500
9.2000	194
9.2040	151
9.2080	141
9.2120	506
9.2160	525
9.2200	186
9.2240	157
9.2280	117
9.2320	535
9.2360	533
9.2400	217
9.2440	152
9.2480	119
9.2520	522
9.2560	505
9.2600	193
9.2640	132
9.2680	121
9.2720	518
9.2760	516
9.2800	225
9.2840	175
9.2880	106
9.2920	518
9.2960	498
9.3000	209
9.3040	144
9.3080	117
9.3120	533
9.3160	478
9.3200	191
9.3240	147
9.3280	104
9.3320	508
9.3360	524
9.3400	198
9.3440	155
9.3480	134
9.3520	531
9.3560	521
9.3600	211
9.3640	163
9.3680	116
9.3720	522
9.3760	502
9.3800	210
9.3840	172
9.3880	118
9.3920	523
9.3960	517
9.4000	195
9.4040	131
9.4080	127
9.4120	480
9.4160	475
9.4200	192
9.4240	156
9.4280	101
9.4320	509
9.4360	514
9.4400	210
9.4440	158
9.4480	128
9.4520	521
9.4560	493
9.4600	215
9.4640	128
9.4680	133
9.4720	487
9.4760	475
9.4800	189
9.4840	162
9.4880	128
9.4920	522
9.4960	507
9.5000	214
9.5040	162
9.5080	118
9.5120	495
9.5160	476
9.5200	205
9.5240	150
9.5280	121
9.5320	528
9.5360	497
9.5400	193
9.5440	164
9.5480	131
9.5520	545
9.5560	523
9.5600	195
9.5640	146
9.5680	124
9.5720	489
9.5760	496
9.5800	196
9.5840	148
9.5880	127
9.5920	502
9.5960	499
9.6000	216
9.6040	151
9.6080	119
9.6120	506
9.6160	536
9.6200	223
9.6240	150
9.6280	113
9.6320	484
9.6360	509
9.6400	184
9.6440	153
9.6480	119
9.6520	521
9.6560	502
9.6600	200
9.6640	136
9.6680	138
9.6720	524
9.6760	456
9.6800	188
9.6840	152
9.6880	108
9.6920	490
9.6960	499
9.7000	202
9.7040	177
9.7080	101
9.7120	513
9.7160	493
9.7200	192
9.7240	149
9.7280	116
9.7320	478
9.7360	503
9.7400	188
9.7440	165
9.7480	119
9.7520	492
9.7560	533
9.7600	199
9.7640	165
9.7680	117
9.7720	490
9.7760	479
9.7800	213
9.7840	171
9.7880	116
9.7920	485
9.7960	479
9.8000	176
9.8040	157
9.8080	93
9.8120	527
9.8160	508
9.8200	193
9.8240	153
9.8280	124
9.8320	474
9.8360	496
9.8400	234
9.8440	146
9.8480	106
9.8520	522
9.8560	496
9.8600	185
9.8640	142
9.8680	115
9.8720	487
9.8760	511
9.8800	197
9.8840	140
9.8880	125
9.8920	506
9.8960	525
9.9000	206
9.9040	137
9.9080	92
9.9120	481
9.9160	511
9.9200	214
9.9240	146
9.9280	126
9.9320	503
9.9360	516
9.9400	190
9.9440	156
9.9480	122
9.9520	512
9.9560	528
9.9600	225
9.9640	155
9.9680	126
9.9720	511
9.9760	496
9.9800	186
9.9840	158
9.9880	124
9.9920	530
9.9960	516
10.0000	193
10.0040	150
10.0080	125
10.0120	528
10.0160	509
10.0200	220
10.0240	149
10.0280	124
10.0320	477
10.0360	507
10.0400	188
10.0440	155
10.0480	106
10.0520	510
10.0560	531
10.0600	203
10.0640	157
10.0680	127
10.0720	495
10.0760	481
10.0800	204
10.0840	139
10.0880	126
10.0920	496
10.0960	496
10.1000	194
10.1040	146
10.1080	123
10.1120	497
10.1160	533
10.1200	201
10.1240	164
10.1280	123
10.1320	493
10.1360	510
10.1400	205
10.1440	158
10.1480	106
10.1520	522
10.1560	514
10.1600	212
10.1640	154
10.1680	114
10.1720	539
10.1760	470
10.1800	200
10.1840	135
10.1880	123
10.1920	482
10.1960	512
10.2000	190
10.2040	150
10.2080	105
10.2120	489
10.2160	525
10.2200	200
10.2240	175
10.2280	126
10.2320	515
10.2360	464
10.2400	204
10.2440	163
10.2480	133
10.2520	505
10.2560	485
10.2600	199
10.2640	153
10.2680	110
10.2720	498
10.2760	553
10.2800	202
10.2840	150
10.2880	117
10.2920	500
10.2960	492
10.3000	190
10.3040	179
10.3080	123
10.3120	526
10.3160	523
10.3200	183
10.3240	156
10.3280	116
10.3320	500
10.3360	488
10.3400	217
10.3440	136
10.3480	126
10.3520	485
10.3560	503
10.3600	215
10.3640	160
10.3680	122
10.3720	481
10.3760	476
10.3800	191
10.3840	146
10.3880	102
10.3920	490
10.3960	522
10.4000	208
10.4040	148
10.4080	140
10.4120	462
10.4160	497
10.4200	198
10.4240	167
10.4280	137
10.4320	519
10.4360	541
10.4400	211
10.4440	162
10.4480	112
10.4520	505
10.4560	502
10.4600	197
10.4640	169
10.4680	114
10.4720	487
10.4760	475
10.4800	231
10.4840	158
10.4880	126
10.4920	509
10.4960	493
10.5000	204
10.5040	153
10.5080	127
10.5120	512
10.5160	490
10.5200	207
10.5240	165
10.5280	116
10.5320	484
10.5360	452
10.5400	195
10.5440	151
10.5480	139
10.5520	484
10.5560	548
10.5600	196
10.5640	142
10.5680	140
10.5720	525
10.5760	490
10.5800	218
10.5840	158
10.5880	115
10.5920	545
10.5960	482
10.6000	201
10.6040	139
10.6080	121
10.6120	502
10.6160	524
10.6200	207
10.6240	161
10.6280	118
10.6320	518
10.6360	494
10.6400	224
10.6440	159
10.6480	102
10.6520	493
10.6560	531
10.6600	220
10.6640	160
10.6680	140
10.6720	511
10.6760	548
10.6800	199
10.6840	149
10.6880	131
10.6920	488
10.6960	528
10.7000	216
10.7040	164
10.7080	112
10.7120	501
10.7160	499
10.7200	215
10.7240	165
10.7280	110
10.7320	454
10.7360	502
10.7400	201
10.7440	161
10.7480	130
10.7520	482
10.7560	508
10.7600	237
10.7640	155
10.7680	122
10.7720	474
10.7760	554
10.7800	190
10.7840	139
10.7880	121
10.7920	518
10.7960	525
10.8000	208
10.8040	180
10.8080	123
10.8120	506
10.8160	540
10.8200	212
10.8240	161
10.8280	106
10.8320	488
10.8360	536
10.8400	214
10.8440	140
10.8480	129
10.8520	564
10.8560	515
10.8600	224
10.8640	162
10.8680	134
10.8720	480
10.8760	482
10.8800	226
10.8840	148
10.8880	132
10.8920	489
10.8960	529
10.9000	205
10.9040	143
10.9080	122
10.9120	499
10.9160	529
10.9200	199
10.9240	158
10.9280	134
10.9320	488
10.9360	489
10.9400	197
10.9440	162
10.9480	103
10.9520	465
10.9560	486
10.9600	236
10.9640	157
10.9680	114
10.9720	520
10.9760	524
10.9800	202
10.9840	165
10.9880	130
10.9920	523
10.9960	510
11.0000	214
11.0040	151
11.0080	126
11.0120	506
11.0160	523
11.0200	202
11.0240	152
11.0280	117
11.0320	511
11.0360	559
11.0400	216
11.0440	158
11.0480	121
11.0520	550
11.0560	513
11.0600	224
11.0640	158
11.0680	106
11.0720	496
11.0760	510
11.0800	226
11.0840	142
11.0880	126
11.0920	517
11.0960	495
11.1000	229
11.1040	134
11.1080	103
11.1120	518
11.1160	522
11.1200	220
11.1240	145
11.1280	111
11.1320	496
11.1360	510
11.1400	209
11.1440	162
11.1480	106
11.1520	476
11.1560	448
11.1600	196
11.1640	148
11.1680	107
11.1720	501
11.1760	448
11.1800	171
11.1840	172
11.1880	118
11.1920	455
11.1960	493
11.2000	225
11.2040	151
11.2080	130
11.2120	494
11.2160	503
11.2200	202
11.2240	152
11.2280	114
11.2320	486
11.2360	491
11.2400	210
11.2440	171
11.2480	122
11.2520	488
11.2560	500
11.2600	199
11.2640	141
11.2680	113
11.2720	505
11.2760	469
11.2800	195
11.2840	144
11.2880	123
11.2920	468
11.2960	492
11.3000	216
11.3040	176
11.3080	113
11.3120	499
11.3160	483
11.3200	205
11.3240	145
11.3280	122
11.3320	500
11.3360	495
11.3400	236
11.3440	150
11.3480	104
11.3520	476
11.3560	483
11.3600	182
11.3640	156
11.3680	118
11.3720	495
11.3760	506
11.3800	219
11.3840	146
11.3880	127
11.3920	487
11.3960	497
11.4000	189
11.4040	157
11.4080	132
11.4120	493
11.4160	500
11.4200	207
11.4240	155
11.4280	122
11.4320	514
11.4360	468
11.4400	227
11.4440	147
11.4480	99
11.4520	470
11.4560	515
11.4600	193
11.4640	142
11.4680	126
11.4720	498
11.4760	503
11.4800	190
11.4840	163
11.4880	119
11.4920	551
11.4960	521
11.5000	196
11.5040	125
11.5080	128
11.5120	460
11.5160	511
11.5200	202
11.5240	142
11.5280	107
11.5320	534
11.5360	484
11.5400	199
11.5440	146
11.5480	140
11.5520	511
11.5560	513
11.5600	198
11.5640	155
11.5680	131
11.5720	509
11.5760	475
11.5800	209
11.5840	166
11.5880	141
11.5920	517
11.5960	496
11.6000	200
11.6040	165
11.6080	124
11.6120	474
11.6160	518
11.6200	221
11.6240	169
11.6280	116
11.6320	494
11.6360	503
11.6400	206
11.6440	151
11.6480	113
11.6520	484
11.6560	508
11.6600	200
11.6640	130
11.6680	116
11.6720	484
11.6760	495
11.6800	183
11.6840	158
11.6880	123
11.6920	506
11.6960	543
11.7000	194
11.7040	140
11.7080	146
11.7120	476
11.7160	509
11.7200	211
11.7240	142
11.7280	103
11.7320	519
11.7360	490
11.7400	219
11.7440	151
11.7480	123
11.7520	535
11.7560	474
11.7600	218
11.7640	160
11.7680	120
11.7720	496
11.7760	488
11.7800	233
11.7840	171
11.7880	124
11.7920	488
11.7960	520
11.8000	205
11.8040	165
11.8080	112
11.8120	450
11.8160	516
11.8200	186
11.8240	134
11.8280	123
11.8320	515
11.8360	478
11.8400	206
11.8440	159
11.8480	98
11.8520	478
11.8560	488
11.8600	185
11.8640	145
11.8680	119
11.8720	528
11.8760	509
11.8800	215
11.8840	175
11.8880	130
11.8920	502
11.8960	460
11.9000	206
11.9040	167
11.9080	122
11.9120	484
11.9160	487
11.9200	229
11.9240	143
11.9280	123
11.9320	519
11.9360	502
11.9400	204
11.9440	176
11.9480	115
11.9520	464
11.9560	467
11.9600	189
11.9640	155
11.9680	105
11.9720	468
11.9760	494
11.9800	187
11.9840	156
11.9880	126
11.9920	514
11.9960	523
12.0000	202
12.0040	134
12.0080	123
12.0120	470
12.0160	498
12.0200	195
12.0240	168
12.0280	122
12.0320	508
12.0360	501
12.0400	202
12.0440	153
12.0480	103
12.0520	493
12.0560	498
12.0600	211
12.0640	166
12.0680	116
12.0720	534
12.0760	483
12.0800	187
12.0840	157
12.0880	126
12.0920	492
12.0960	531
12.1000	194
12.1040	137
12.1080	137
12.1120	526
12.1160	501
12.1200	202
12.1240	146
12.1280	120
12.1320	553
12.1360	514
12.1400	203
12.1440	165
12.1480	128
12.1520	479
12.1560	516
12.1600	180
12.1640	143
12.1680	119
12.1720	482
12.1760	492
12.1800	216
12.1840	151
12.1880	120
12.1920	516
12.1960	523
12.2000	187
12.2040	161
12.2080	133
12.2120	490
12.2160	490
12.2200	207
12.2240	160
12.2280	88
12.2320	504
12.2360	504
12.2400	192
12.2440	179
12.2480	123
12.2520	464
12.2560	527
12.2600	210
12.2640	141
12.2680	126
12.2720	486
12.2760	481
12.2800	202
12.2840	176
12.2880	129
12.2920	492
12.2960	514
12.3000	199
12.3040	168
12.3080	113
12.3120	468
12.3160	520
12.3200	212
12.3240	139
12.3280	134
12.3320	523
12.3360	470
12.3400	179
12.3440	157
12.3480	109
12.3520	500
12.3560	491
12.3600	179
12.3640	158
12.3680	116
12.3720	513
12.3760	505
12.3800	204
12.3840	155
12.3880	121
12.3920	498
12.3960	540
12.4000	198
12.4040	157
12.4080	126
12.4120	512
12.4160	510
12.4200	207
12.4240	159
12.4280	128
12.4320	484
12.4360	534
12.4400	173
12.4440	131
12.4480	123
12.4520	501
12.4560	505
12.4600	201
12.4640	152
12.4680	124
12.4720	496
12.4760	527
12.4800	217
12.4840	155
12.4880	127
12.4920	521
12.4960	482
12.5000	211
12.5040	168
12.5080	113
12.5120	513
12.5160	484
12.5200	197
12.5240	139
12.5280	130
12.5320	531
12.5360	518
12.5400	198
12.5440	150
12.5480	119
12.5520	538
12.5560	529
12.5600	213
12.5640	173
12.5680	126
12.5720	529
12.5760	495
12.5800	202
12.5840	181
12.5880	118
12.5920	518
12.5960	504
12.6000	222
12.6040	148
12.6080	116
12.6120	523
12.6160	513
12.6200	178
12.6240	162
12.6280	113
12.6320	485
12.6360	458
12.6400	197
12.6440	142
12.6480	113
12.6520	484
12.6560	503
12.6600	209
12.6640	156
12.6680	112
12.6720	530
12.6760	520
12.6800	227
12.6840	140
12.6880	122
12.6920	513
12.6960	512
12.7000	205
12.7040	136
12.7080	117
12.7120	529
12.7160	490
12.7200	223
12.7240	158
12.7280	101
12.7320	506
12.7360	490
12.7400	221
12.7440	161
12.7480	97
12.7520	511
12.7560	526
12.7600	212
12.7640	150
12.7680	127
12.7720	520
12.7760	541
12.7800	173
12.7840	159
12.7880	121
12.7920	529
12.7960	494
12.8000	188
12.8040	159
12.8080	135
12.8120	531
12.8160	490
12.8200	194
12.8240	153
12.8280	118
12.8320	526
12.8360	486
12.8400	196
12.8440	131
12.8480	129
12.8520	519
12.8560	517
12.8600	180
12.8640	173
12.8680	126
12.8720	519
12.8760	517
12.8800	231
12.8840	166
12.8880	119
12.8920	511
12.8960	521
12.9000	199
12.9040	158
12.9080	107
12.9120	532
12.9160	530
12.9200	203
12.9240	148
12.9280	131
12.9320	517
12.9360	505
12.9400	221
12.9440	176
12.9480	130
12.9520	522
12.9560	512
12.9600	201
12.9640	148
12.9680	125
12.9720	468
12.9760	480
12.9800	231
12.9840	156
12.9880	132
12.9920	524
12.9960	547
13.0000	215
13.0040	154
13.0080	125
13.0120	445
13.0160	500
13.0200	203
13.0240	170
13.0280	108
13.0320	514
13.0360	487
13.0400	216
13.0440	186
13.0480	117
13.0520	510
13.0560	485
13.0600	203
13.0640	172
13.0680	141
13.0720	501
13.0760	482
13.0800	216
13.0840	173
13.0880	122
13.0920	510
13.0960	482
13.1000	204
13.1040	169
13.1080	121
13.1120	491
13.1160	509
13.1200	202
13.1240	167
13.1280	149
13.1320	500
13.1360	486
13.1400	206
13.1440	176
13.1480	140
13.1520	492
13.1560	518
13.1600	187
13.1640	164
13.1680	109
13.1720	504
13.1760	542
13.1800	221
13.1840	158
13.1880	115
13.1920	479
13.1960	517
13.2000	217
13.2040	165
13.2080	118
13.2120	513
13.2160	499
13.2200	197
13.2240	158
13.2280	116
13.2320	507
13.2360	492
13.2400	204
13.2440	161
13.2480	120
13.2520	528
13.2560	501
13.2600	213
13.2640	158
13.2680	129
13.2720	517
13.2760	508
13.2800	213
13.2840	178
13.2880	117
13.2920	498
13.2960	517
13.3000	194
13.3040	172
13.3080	126
13.3120	528
13.3160	515
13.3200	220
13.3240	155
13.3280	121
13.3320	519
13.3360	494
13.3400	214
13.3440	154
13.3480	137
13.3520	471
13.3560	499
13.3600	209
13.3640	143
13.3680	127
13.3720	488
13.3760	479
13.3800	203
13.3840	159
13.3880	129
13.3920	512
13.3960	513
13.4000	189
13.4040	156
13.4080	122
13.4120	516
13.4160	514
13.4200	188
13.4240	158
13.4280	124
13.4320	500
13.4360	508
13.4400	188
13.4440	147
13.4480	116
13.4520	491
13.4560	507
13.4600	200
13.4640	162
13.4680	126
13.4720	498
13.4760	483
13.4800	187
13.4840	166
13.4880	100
13.4920	504
13.4960	462
13.5000	205
13.5040	152
13.5080	122
13.5120	530
13.5160	500
13.5200	222
13.5240	140
13.5280	123
13.5320	488
13.5360	529
13.5400	194
13.5440	156
13.5480	119
13.5520	539
13.5560	505
13.5600	193
13.5640	148
13.5680	136
13.5720	537
13.5760	479
13.5800	227
13.5840	148
13.5880	120
13.5920	528
13.5960	500
13.6000	197
13.6040	147
13.6080	118
13.6120	477
13.6160	504
13.6200	181
13.6240	146
13.6280	129
13.6320	501
13.6360	532
13.6400	219
13.6440	172
13.6480	112
13.6520	501
13.6560	509
13.6600	231
13.6640	155
13.6680	122
13.6720	501
13.6760	474
13.6800	219
13.6840	156
13.6880	108
13.6920	511
13.6960	491
13.7000	194
13.7040	166
13.7080	143
13.7120	532
13.7160	498
13.7200	206
13.7240	153
13.7280	120
13.7320	551
13.7360	493
13.7400	213
13.7440	158
13.7480	126
13.7520	467
13.7560	506
13.7600	214
13.7640	161
13.7680	125
13.7720	495
13.7760	477
13.7800	199
13.7840	168
13.7880	112
13.7920	519
13.7960	477
13.8000	194
13.8040	157
13.8080	144
13.8120	525
13.8160	483
13.8200	197
13.8240	141
13.8280	108
13.8320	505
13.8360	496
13.8400	195
13.8440	150
13.8480	153
13.8520	539
13.8560	531
13.8600	187
13.8640	151
13.8680	127
13.8720	481
13.8760	506
13.8800	201
13.8840	172
13.8880	133
13.8920	552
13.8960	524
13.9000	213
13.9040	172
13.9080	131
13.9120	503
13.9160	499
13.9200	184
13.9240	148
13.9280	120
13.9320	480
13.9360	525
13.9400	230
13.9440	157
13.9480	129
13.9520	499
13.9560	478
13.9600	219
13.9640	159
13.9680	122
13.9720	491
13.9760	459
13.9800	221
13.9840	166
13.9880	132
13.9920	437
13.9960	488
14.0000	219
14.0040	132
14.0080	121
14.0120	508
14.0160	489
14.0200	213
14.0240	162
14.0280	127
14.0320	473
14.0360	501
14.0400	208
14.0440	156
14.0480	122
14.0520	519
14.0560	499
14.0600	209
14.0640	162
14.0680	124
14.0720	498
14.0760	484
14.0800	190
14.0840	162
14.0880	125
14.0920	519
14.0960	533
14.1000	205
14.1040	177
14.1080	115
14.1120	533
14.1160	530
14.1200	210
14.1240	135
14.1280	126
14.1320	522
14.1360	489
14.1400	215
14.1440	177
14.1480	126
14.1520	491
14.1560	513
14.1600	189
14.1640	172
14.1680	131
14.1720	483
14.1760	512
14.1800	217
14.1840	142
14.1880	121
14.1920	495
14.1960	505
14.2000	192
14.2040	139
14.2080	105
14.2120	477
14.2160	499
14.2200	211
14.2240	152
14.2280	115
14.2320	457
14.2360	494
14.2400	206
14.2440	156
14.2480	121
14.2520	485
14.2560	496
14.2600	210
14.2640	170
14.2680	108
14.2720	521
14.2760	503
14.2800	201
14.2840	167
14.2880	121
14.2920	496
14.2960	482
14.3000	200
14.3040	148
14.3080	145
14.3120	493
14.3160	500
14.3200	181
14.3240	155
14.3280	110
14.3320	519
14.3360	499
14.3400	203
14.3440	165
14.3480	138
14.3520	530
14.3560	528
14.3600	180
14.3640	140
14.3680	130
14.3720	538
14.3760	503
14.3800	203
14.3840	169
14.3880	140
14.3920	506
14.3960	496
14.4000	221
14.4040	153
14.4080	127
14.4120	553
14.4160	502
14.4200	216
14.4240	177
14.4280	142
14.4320	493
14.4360	529
14.4400	208
14.4440	168
14.4480	130
14.4520	490
14.4560	487
14.4600	184
14.4640	159
14.4680	118
14.4720	474
14.4760	495
14.4800	195
14.4840	163
14.4880	122
14.4920	535
14.4960	532
14.5000	187
14.5040	151
14.5080	114
14.5120	490
14.5160	490
14.5200	223
14.5240	176
14.5280	129
14.5320	500
14.5360	515
14.5400	196
14.5440	161
14.5480	123
14.5520	513
14.5560	462
14.5600	220
14.5640	139
14.5680	113
14.5720	506
14.5760	517
14.5800	209
14.5840	164
14.5880	114
14.5920	524
14.5960	474
14.6000	194
14.6040	137
14.6080	129
14.6120	491
14.6160	512
14.6200	178
14.6240	168
14.6280	126
14.6320	481
14.6360	517
14.6400	176
14.6440	183
14.6480	109
14.6520	493
14.6560	501
14.6600	196
14.6640	151
14.6680	113
14.6720	510
14.6760	504
14.6800	215
14.6840	163
14.6880	115
14.6920	501
14.6960	505
14.7000	223
14.7040	150
14.7080	97
14.7120	475
14.7160	482
14.7200	220
14.7240	162
14.7280	100
14.7320	522
14.7360	491
14.7400	204
14.7440	144
14.7480	112
14.7520	500
14.7560	504
14.7600	220
14.7640	150
14.7680	117
14.7720	480
14.7760	511
14.7800	191
14.7840	152
14.7880	104
14.7920	490
14.7960	508
14.8000	197
14.8040	146
14.8080	112
14.8120	497
14.8160	510
14.8200	202
14.8240	152
14.8280	119
14.8320	468
14.8360	531
14.8400	207
14.8440	153
14.8480	125
14.8520	461
14.8560	530
14.8600	201
14.8640	150
14.8680	126
14.8720	506
14.8760	485
14.8800	215
14.8840	154
14.8880	128
14.8920	505
14.8960	495
14.9000	201
14.9040	162
14.9080	120
14.9120	480
14.9160	456
14.9200	202
14.9240	160
14.9280	111
14.9320	523
14.9360	484
14.9400	221
14.9440	147
14.9480	121
14.9520	512
14.9560	514
14.9600	217
14.9640	148
14.9680	109
14.9720	535
14.9760	483
14.9800	225
14.9840	151
14.9880	123
14.9920	493
14.9960	491
15.0000	222
15.0040	145
15.0080	112
15.0120	534
15.0160	471
15.0200	197
15.0240	142
15.0280	118
15.0320	506
15.0360	504
15.0400	198
15.0440	145
15.0480	109
15.0520	491
15.0560	509
15.0600	194
15.0640	161
15.0680	115
15.0720	490
15.0760	515
15.0800	210
15.0840	155
15.0880	132
15.0920	532
15.0960	524
15.1000	228
15.1040	154
15.1080	138
15.1120	499
15.1160	521
15.1200	212
15.1240	151
15.1280	101
15.1320	484
15.1360	508
15.1400	214
15.1440	146
15.1480	96
15.1520	521
15.1560	511
15.1600	186
15.1640	145
15.1680	120
15.1720	481
15.1760	504
15.1800	198
15.1840	157
15.1880	119
15.1920	490
15.1960	501
15.2000	207
15.2040	146
15.2080	112
15.2120	482
15.2160	527
15.2200	194
15.2240	164
15.2280	119
15.2320	521
15.2360	518
15.2400	199
15.2440	148
15.2480	107
15.2520	489
15.2560	487
15.2600	206
15.2640	140
15.2680	122
15.2720	505
15.2760	510
15.2800	198
15.2840	161
15.2880	144
15.2920	515
15.2960	504
15.3000	228
15.3040	152
15.3080	118
15.3120	513
15.3160	542
15.3200	197
15.3240	174
15.3280	120
15.3320	492
15.3360	519
15.3400	197
15.3440	158
15.3480	117
15.3520	479
15.3560	503
15.3600	236
15.3640	150
15.3680	128
15.3720	494
15.3760	481
15.3800	200
15.3840	151
15.3880	119
15.3920	503
15.3960	487
15.4000	242
15.4040	140
15.4080	118
15.4120	508
15.4160	492
15.4200	231
15.4240	159
15.4280	130
15.4320	517
15.4360	512
15.4400	202
15.4440	155
15.4480	127
15.4520	517
15.4560	486
15.4600	211
15.4640	156
15.4680	140
15.4720	491
15.4760	482
15.4800	219
15.4840	133
15.4880	119
15.4920	488
15.4960	500
15.5000	198
15.5040	144
15.5080	136
15.5120	511
15.5160	502
15.5200	222
15.5240	173
15.5280	118
15.5320	520
15.5360	498
15.5400	194
15.5440	154
15.5480	136
15.5520	519
15.5560	479
15.5600	200
15.5640	156
15.5680	116
15.5720	490
15.5760	492
15.5800	212
15.5840	158
15.5880	143
15.5920	505
15.5960	492
15.6000	239
15.6040	149
15.6080	122
15.6120	502
15.6160	470
15.6200	213
15.6240	171
15.6280	133
15.6320	487
15.6360	504
15.6400	209
15.6440	142
15.6480	125
15.6520	505
15.6560	509
15.6600	195
15.6640	169
15.6680	115
15.6720	492
15.6760	474
15.6800	205
15.6840	161
15.6880	120
15.6920	514
15.6960	487
15.7000	214
15.7040	162
15.7080	131
15.7120	492
15.7160	517
15.7200	186
15.7240	149
15.7280	97
15.7320	496
15.7360	515
15.7400	205
15.7440	166
15.7480	129
15.7520	473
15.7560	502
15.7600	207
15.7640	153
15.7680	143
15.7720	480
15.7760	497
15.7800	205
15.7840	152
15.7880	135
15.7920	521
15.7960	495
15.8000	187
15.8040	153
15.8080	131
15.8120	486
15.8160	517
15.8200	198
15.8240	150
15.8280	111
15.8320	517
15.8360	519
15.8400	205
15.8440	160
15.8480	120
15.8520	525
15.8560	526
15.8600	240
15.8640	143
15.8680	118
15.8720	534
15.8760	510
15.8800	192
15.8840	185
15.8880	114
15.8920	506
15.8960	505
15.9000	199
15.9040	175
15.9080	122
15.9120	487
15.9160	501
15.9200	215
15.9240	159
15.9280	133
15.9320	515
15.9360	486
15.9400	203
15.9440	153
15.9480	112
15.9520	535
15.9560	498
15.9600	202
15.9640	135
15.9680	134
15.9720	512
15.9760	503
15.9800	206
15.9840	162
15.9880	151
15.9920	512
15.9960	550
16.0000	196
16.0040	145
16.0080	113
16.0120	523
16.0160	526
16.0200	210
16.0240	192
16.0280	116
16.0320	527
16.0360	521
16.0400	202
16.0440	163
16.0480	113
16.0520	510
16.0560	517
16.0600	191
16.0640	174
16.0680	108
16.0720	496
16.0760	491
16.0800	193
16.0840	174
16.0880	131
16.0920	496
16.0960	520
16.1000	172
16.1040	150
16.1080	123
16.1120	480
16.1160	541
16.1200	187
16.1240	139
16.1280	121
16.1320	518
16.1360	488
16.1400	196
16.1440	147
16.1480	138
16.1520	496
16.1560	513
16.1600	205
16.1640	163
16.1680	123
16.1720	521
16.1760	508
16.1800	202
16.1840	173
16.1880	146
16.1920	489
16.1960	498
16.2000	186
16.2040	156
16.2080	122
16.2120	497
16.2160	549
16.2200	201
16.2240	151
16.2280	102
16.2320	528
16.2360	510
16.2400	206
16.2440	142
16.2480	121
16.2520	512
16.2560	506
16.2600	195
16.2640	144
16.2680	117
16.2720	500
16.2760	539
16.2800	217
16.2840	134
16.2880	119
16.2920	518
16.2960	493
16.3000	189
16.3040	163
16.3080	113
16.3120	512
16.3160	517
16.3200	183
16.3240	168
16.3280	126
16.3320	503
16.3360	497
16.3400	222
16.3440	138
16.3480	122
16.3520	483
16.3560	504
16.3600	180
16.3640	145
16.3680	129
16.3720	470
16.3760	484
16.3800	199
16.3840	160
16.3880	125
16.3920	520
16.3960	514
16.4000	193
16.4040	182
16.4080	120
16.4120	497
16.4160	468
16.4200	206
16.4240	150
16.4280	109
16.4320	503
16.4360	510
16.4400	175
16.4440	158
16.4480	135
16.4520	495
16.4560	525
16.4600	200
16.4640	143
16.4680	117
16.4720	522
16.4760	536
16.4800	185
16.4840	159
16.4880	125
16.4920	461
16.4960	526
16.5000	219
16.5040	157
16.5080	116
16.5120	498
16.5160	531
16.5200	201
16.5240	162
16.5280	122
16.5320	505
16.5360	490
16.5400	197
16.5440	156
16.5480	120
16.5520	507
16.5560	505
16.5600	198
16.5640	156
16.5680	113
16.5720	531
16.5760	494
16.5800	206
16.5840	148
16.5880	107
16.5920	486
16.5960	529
16.6000	190
16.6040	138
16.6080	125
16.6120	511
16.6160	516
16.6200	186
16.6240	137
16.6280	123
16.6320	526
16.6360	489
16.6400	190
16.6440	150
16.6480	116
16.6520	503
16.6560	501
16.6600	195
16.6640	137
16.6680	125
16.6720	519
16.6760	495
16.6800	209
16.6840	163
16.6880	107
16.6920	546
16.6960	512
16.7000	212
16.7040	150
16.7080	107
16.7120	468
16.7160	488
16.7200	198
16.7240	139
16.7280	101
16.7320	495
16.7360	484
16.7400	206
16.7440	175
16.7480	108
16.7520	490
16.7560	453
16.7600	231
16.7640	142
16.7680	142
16.7720	552
16.7760	512
16.7800	201
16.7840	122
16.7880	117
16.7920	476
16.7960	493
16.8000	208
16.8040	139
16.8080	103
16.8120	496
16.8160	524
16.8200	192
16.8240	169
16.8280	122
16.8320	516
16.8360	476
16.8400	177
16.8440	167
16.8480	116
16.8520	496
16.8560	485
16.8600	188
16.8640	140
16.8680	117
16.8720	494
16.8760	504
16.8800	191
16.8840	151
16.8880	114
16.8920	502
16.8960	517
16.9000	186
16.9040	168
16.9080	124
16.9120	504
16.9160	508
16.9200	193
16.9240	152
16.9280	114
16.9320	494
16.9360	492
16.9400	185
16.9440	156
16.9480	118
16.9520	486
16.9560	489
16.9600	185
16.9640	180
16.9680	130
16.9720	490
16.9760	486
16.9800	216
16.9840	162
16.9880	112
16.9920	499
16.9960	492
17.0000	185
17.0040	149
17.0080	119
17.0120	496
17.0160	535
17.0200	211
17.0240	188
17.0280	130
17.0320	485
17.0360	486
17.0400	204
17.0440	161
17.0480	132
17.0520	512
17.0560	466
17.0600	172
17.0640	156
17.0680	128
17.0720	501
17.0760	521
17.0800	189
17.0840	155
17.0880	129
17.0920	458
17.0960	487
17.1000	213
17.1040	163
17.1080	114
17.1120	500
17.1160	502
17.1200	196
17.1240	139
17.1280	117
17.1320	534
17.1360	478
17.1400	191
17.1440	177
17.1480	127
17.1520	503
17.1560	501
17.1600	213
17.1640	167
17.1680	126
17.1720	505
17.1760	504
17.1800	188
17.1840	147
17.1880	127
17.1920	501
17.1960	495
17.2000	193
17.2040	154
17.2080	137
17.2120	514
17.2160	525
17.2200	222
17.2240	155
17.2280	134
17.2320	507
17.2360	559
17.2400	196
17.2440	133
17.2480	103
17.2520	500
17.2560	520
17.2600	205
17.2640	156
17.2680	116
17.2720	510
17.2760	496
17.2800	191
17.2840	141
17.2880	131
17.2920	499
17.2960	533
17.3000	206
17.3040	137
17.3080	122
17.3120	528
17.3160	493
17.3200	185
17.3240	156
17.3280	126
17.3320	524
17.3360	498
17.3400	209
17.3440	156
17.3480	128
17.3520	506
17.3560	493
17.3600	212
17.3640	153
17.3680	121
17.3720	522
17.3760	524
17.3800	208
17.3840	152
17.3880	124
17.3920	504
17.3960	504
17.4000	198
17.4040	150
17.4080	134
17.4120	520
17.4160	489
17.4200	235
17.4240	153
17.4280	126
17.4320	546
17.4360	500
17.4400	219
17.4440	148
17.4480	113
17.4520	509
17.4560	526
17.4600	208
17.4640	150
17.4680	113
17.4720	533
17.4760	485
17.4800	193
17.4840	129
17.4880	97
17.4920	512
17.4960	504
17.5000	200
17.5040	163
17.5080	127
17.5120	500
17.5160	531
17.5200	209
17.5240	144
17.5280	123
17.5320	550
17.5360	501
17.5400	178
17.5440	149
17.5480	133
17.5520	483
17.5560	488
17.5600	200
17.5640	150
17.5680	124
17.5720	526
17.5760	501
17.5800	205
17.5840	151
17.5880	126
17.5920	518
17.5960	496
17.6000	194
17.6040	163
17.6080	116
17.6120	523
17.6160	494
17.6200	186
17.6240	157
17.6280	131
17.6320	496
17.6360	485
17.6400	200
17.6440	138
17.6480	139
17.6520	512
17.6560	549
17.6600	220
17.6640	142
17.6680	116
17.6720	510
17.6760	495
17.6800	202
17.6840	155
17.6880	123
17.6920	517
17.6960	511
17.7000	185
17.7040	120
17.7080	115
17.7120	567
17.7160	500
17.7200	204
17.7240	171
17.7280	127
17.7320	510
17.7360	499
17.7400	187
17.7440	160
17.7480	102
17.7520	544
17.7560	502
17.7600	193
17.7640	130
17.7680	121
17.7720	513
17.7760	501
17.7800	186
17.7840	158
17.7880	107
17.7920	485
17.7960	532
17.8000	189
17.8040	166
17.8080	131
17.8120	502
17.8160	461
17.8200	206
17.8240	162
17.8280	112
17.8320	471
17.8360	479
17.8400	199
17.8440	165
17.8480	118
17.8520	492
17.8560	517
17.8600	185
17.8640	144
17.8680	98
17.8720	513
17.8760	507
17.8800	178
17.8840	158
17.8880	121
17.8920	530
17.8960	514
17.9000	206
17.9040	162
17.9080	122
17.9120	494
17.9160	524
17.9200	240
17.9240	163
17.9280	118
17.9320	491
17.9360	484
17.9400	184
17.9440	168
17.9480	124
17.9520	496
17.9560	501
17.9600	214
17.9640	147
17.9680	129
17.9720	517
17.9760	525
17.9800	223
17.9840	146
17.9880	127
17.9920	505
17.9960	492
18.0000	210
18.0040	155
18.0080	112
18.0120	499
18.0160	536
18.0200	195
18.0240	151
18.0280	122
18.0320	490
18.0360	490
18.0400	219
18.0440	169
18.0480	123
18.0520	511
18.0560	465
18.0600	200
18.0640	141
18.0680	126
18.0720	509
18.0760	504
18.0800	229
18.0840	156
18.0880	128
18.0920	504
18.0960	472
18.1000	198
18.1040	148
18.1080	139
18.1120	524
18.1160	479
18.1200	208
18.1240	160
18.1280	121
18.1320	501
18.1360	534
18.1400	208
18.1440	150
18.1480	125
18.1520	523
18.1560	492
18.1600	227
18.1640	168
18.1680	113
18.1720	497
18.1760	568
18.1800	183
18.1840	158
18.1880	134
18.1920	496
18.1960	508
18.2000	185
18.2040	141
18.2080	126
18.2120	530
18.2160	523
18.2200	188
18.2240	164
18.2280	113
18.2320	480
18.2360	512
18.2400	215
18.2440	157
18.2480	120
18.2520	496
18.2560	492
18.2600	203
18.2640	119
18.2680	97
18.2720	508
18.2760	497
18.2800	203
18.2840	159
18.2880	113
18.2920	530
18.2960	504
18.3000	201
18.3040	167
18.3080	134
18.3120	516
18.3160	536
18.3200	215
18.3240	153
18.3280	116
18.3320	500
18.3360	509
18.3400	211
18.3440	172
18.3480	117
18.3520	519
18.3560	496
18.3600	198
18.3640	140
18.3680	108
18.3720	494
18.3760	522
18.3800	201
18.3840	133
18.3880	124
18.3920	515
18.3960	503
18.4000	192
18.4040	172
18.4080	122
18.4120	518
18.4160	506
18.4200	196
18.4240	145
18.4280	124
18.4320	491
18.4360	538
18.4400	202
18.4440	162
18.4480	117
18.4520	489
18.4560	514
18.4600	211
18.4640	150
18.4680	103
18.4720	535
18.4760	530
18.4800	211
18.4840	138
18.4880	127
18.4920	501
18.4960	477
18.5000	190
18.5040	176
18.5080	130
18.5120	466
18.5160	484
18.5200	210
18.5240	156
18.5280	130
18.5320	497
18.5360	494
18.5400	190
18.5440	174
18.5480	113
18.5520	502
18.5560	485
18.5600	212
18.5640	163
18.5680	126
18.5720	492
18.5760	512
18.5800	208
18.5840	174
18.5880	115
18.5920	500
18.5960	506
18.6000	217
18.6040	178
18.6080	125
18.6120	489
18.6160	481
18.6200	203
18.6240	144
18.6280	132
18.6320	528
18.6360	462
18.6400	190
18.6440	160
18.6480	122
18.6520	508
18.6560	495
18.6600	187
18.6640	166
18.6680	99
18.6720	480
18.6760	480
18.6800	196
18.6840	156
18.6880	118
18.6920	480
18.6960	492
18.7000	195
18.7040	149
18.7080	115
18.7120	485
18.7160	477
18.7200	202
18.7240	141
18.7280	130
18.7320	486
18.7360	517
18.7400	215
18.7440	166
18.7480	110
18.7520	484
18.7560	511
18.7600	205
18.7640	169
18.7680	135
18.7720	487
18.7760	493
18.7800	203
18.7840	152
18.7880	124
18.7920	488
18.7960	497
18.8000	207
18.8040	114
18.8080	127
18.8120	527
18.8160	520
18.8200	191
18.8240	179
18.8280	108
18.8320	477
18.8360	485
18.8400	198
18.8440	160
18.8480	110
18.8520	478
18.8560	510
18.8600	204
18.8640	144
18.8680	124
18.8720	496
18.8760	492
18.8800	205
18.8840	164
18.8880	107
18.8920	517
18.8960	501
18.9000	173
18.9040	166
18.9080	133
18.9120	475
18.9160	505
18.9200	208
18.9240	131
18.9280	120
18.9320	514
18.9360	495
18.9400	199
18.9440	158
18.9480	118
18.9520	491
18.9560	540
18.9600	197
18.9640	159
18.9680	103
18.9720	504
18.9760	506
18.9800	182
18.9840	157
18.9880	137
18.9920	537
18.9960	479
19.0000	223
19.0040	166
19.0080	131
19.0120	518
19.0160	504
19.0200	210
19.0240	152
19.0280	111
19.0320	527
19.0360	540
19.0400	209
19.0440	132
19.0480	106
19.0520	504
19.0560	500
19.0600	202
19.0640	134
19.0680	133
19.0720	492
19.0760	493
19.0800	195
19.0840	166
19.0880	123
19.0920	526
19.0960	488
19.1000	209
19.1040	165
19.1080	119
19.1120	503
19.1160	493
19.1200	209
19.1240	157
19.1280	124
19.1320	477
19.1360	521
19.1400	203
19.1440	152
19.1480	116
19.1520	510
19.1560	525
19.1600	234
19.1640	156
19.1680	140
19.1720	558
19.1760	518
19.1800	207
19.1840	151
19.1880	112
19.1920	498
19.1960	504
19.2000	191
19.2040	160
19.2080	142
19.2120	491
19.2160	509
19.2200	189
19.2240	149
19.2280	112
19.2320	506
19.2360	513
19.2400	224
19.2440	126
19.2480	98
19.2520	499
19.2560	489
19.2600	191
19.2640	153
19.2680	132
19.2720	505
19.2760	536
19.2800	208
19.2840	150
19.2880	126
19.2920	496
19.2960	498
19.3000	224
19.3040	143
19.3080	113
19.3120	507
19.3160	506
19.3200	202
19.3240	163
19.3280	148
19.3320	501
19.3360	492
19.3400	180
19.3440	151
19.3480	129
19.3520	507
19.3560	518
19.3600	202
19.3640	146
19.3680	110
19.3720	504
19.3760	530
19.3800	240
19.3840	136
19.3880	124
19.3920	498
19.3960	517
19.4000	214
19.4040	159
19.4080	120
19.4120	471
19.4160	497
19.4200	193
19.4240	148
19.4280	117
19.4320	494
19.4360	495
19.4400	180
19.4440	167
19.4480	118
19.4520	496
19.4560	473
19.4600	204
19.4640	147
19.4680	122
19.4720	490
19.4760	522
19.4800	206
19.4840	165
19.4880	113
19.4920	524
19.4960	487
19.5000	202
19.5040	150
19.5080	123
19.5120	522
19.5160	480
19.5200	218
19.5240	154
19.5280	132
19.5320	525
19.5360	514
19.5400	213
19.5440	165
19.5480	117
19.5520	467
19.5560	485
19.5600	180
19.5640	149
19.5680	125
19.5720	503
19.5760	499
19.5800	210
19.5840	173
19.5880	128
19.5920	513
19.5960	531
19.6000	180
19.6040	174
19.6080	114
19.6120	497
19.6160	497
19.6200	181
19.6240	173
19.6280	106
19.6320	483
19.6360	530
19.6400	203
19.6440	201
19.6480	122
19.6520	486
19.6560	506
19.6600	194
19.6640	136
19.6680	116
19.6720	541
19.6760	507
19.6800	194
19.6840	164
19.6880	118
19.6920	497
19.6960	496
19.7000	177
19.7040	146
19.7080	141
19.7120	499
19.7160	473
19.7200	187
19.7240	172
19.7280	116
19.7320	488
19.7360	498
19.7400	206
19.7440	141
19.7480	122
19.7520	484
19.7560	505
19.7600	228
19.7640	161
19.7680	133
19.7720	502
19.7760	481
19.7800	202
19.7840	166
19.7880	111
19.7920	490
19.7960	511
19.8000	219
19.8040	166
19.8080	98
19.8120	523
19.8160	481
19.8200	187
19.8240	149
19.8280	122
19.8320	461
19.8360	490
19.8400	192
19.8440	158
19.8480	140
19.8520	491
19.8560	507
19.8600	198
19.8640	152
19.8680	144
19.8720	509
19.8760	519
19.8800	205
19.8840	161
19.8880	117
19.8920	511
19.8960	498
19.9000	208
19.9040	153
19.9080	132
19.9120	475
19.9160	524
19.9200	202
19.9240	130
19.9280	111
19.9320	496
19.9360	478
19.9400	196
19.9440	143
19.9480	104
19.9520	472
19.9560	484
19.9600	199
19.9640	164
19.9680	114
19.9720	508
19.9760	507
19.9800	206
19.9840	151
19.9880	131
19.9920	521
19.9960	496
