0.0000	345
0.0040	513
0.0080	266
0.0120	484
0.0160	244
0.0200	495
0.0240	202
0.0280	495
0.0320	179
0.0360	504
0.0400	199
0.0440	453
0.0480	190
0.0520	507
0.0560	202
0.0600	484
0.0640	199
0.0680	488
0.0720	180
0.0760	489
0.0800	176
0.0840	499
0.0880	188
0.0920	474
0.0960	178
0.1000	497
0.1040	190
0.1080	501
0.1120	208
0.1160	505
0.1200	165
0.1240	465
0.1280	186
0.1320	460
0.1360	192
0.1400	473
0.1440	198
0.1480	509
0.1520	180
0.1560	519
0.1600	205
0.1640	492
0.1680	175
0.1720	481
0.1760	167
0.1800	497
0.1840	167
0.1880	500
0.1920	182
0.1960	501
0.2000	179
0.2040	483
0.2080	192
0.2120	524
0.2160	187
0.2200	497
0.2240	206
0.2280	508
0.2320	185
0.2360	462
0.2400	189
0.2440	504
0.2480	186
0.2520	471
0.2560	178
0.2600	516
0.2640	177
0.2680	477
0.2720	185
0.2760	481
0.2800	190
0.2840	520
0.2880	194
0.2920	487
0.2960	183
0.3000	507
0.3040	169
0.3080	508
0.3120	185
0.3160	490
0.3200	193
0.3240	461
0.3280	183
0.3320	493
0.3360	171
0.3400	492
0.3440	176
0.3480	487
0.3520	177
0.3560	456
0.3600	185
0.3640	517
0.3680	177
0.3720	510
0.3760	182
0.3800	484
0.3840	185
0.3880	464
0.3920	178
0.3960	470
0.4000	168
0.4040	509
0.4080	172
0.4120	496
0.4160	159
0.4200	516
0.4240	185
0.4280	506
0.4320	185
0.4360	478
0.4400	188
0.4440	492
0.4480	192
0.4520	491
0.4560	178
0.4600	465
0.4640	178
0.4680	498
0.4720	181
0.4760	495
0.4800	185
0.4840	484
0.4880	183
0.4920	490
0.4960	163
0.5000	495
0.5040	180
0.5080	486
0.5120	174
0.5160	544
0.5200	170
0.5240	498
0.5280	188
0.5320	489
0.5360	181
0.5400	483
0.5440	180
0.5480	465
0.5520	175
0.5560	466
0.5600	182
0.5640	506
0.5680	178
0.5720	463
0.5760	196
0.5800	475
0.5840	177
0.5880	499
0.5920	172
0.5960	480
0.6000	161
0.6040	487
0.6080	182
0.6120	505
0.6160	174
0.6200	481
0.6240	182
0.6280	505
0.6320	199
0.6360	474
0.6400	199
0.6440	537
0.6480	196
0.6520	503
0.6560	192
0.6600	506
0.6640	180
0.6680	495
0.6720	177
0.6760	469
0.6800	190
0.6840	464
0.6880	178
0.6920	510
0.6960	177
0.7000	496
0.7040	178
0.7080	510
0.7120	175
0.7160	511
0.7200	149
0.7240	483
0.7280	159
0.7320	501
0.7360	207
0.7400	489
0.7440	166
0.7480	462
0.7520	161
0.7560	504
0.7600	182
0.7640	484
0.7680	163
0.7720	494
0.7760	168
0.7800	482
0.7840	182
0.7880	521
0.7920	182
0.7960	477
0.8000	184
0.8040	479
0.8080	170
0.8120	457
0.8160	171
0.8200	501
0.8240	185
0.8280	491
0.8320	178
0.8360	484
0.8400	173
0.8440	511
0.8480	190
0.8520	501
0.8560	182
0.8600	467
0.8640	196
0.8680	454
0.8720	167
0.8760	472
0.8800	182
0.8840	481
0.8880	152
0.8920	504
0.8960	186
0.9000	479
0.9040	194
0.9080	496
0.9120	178
0.9160	496
0.9200	200
0.9240	494
0.9280	174
0.9320	461
0.9360	168
0.9400	449
0.9440	188
0.9480	502
0.9520	182
0.9560	494
0.9600	161
0.9640	488
0.9680	174
0.9720	501
0.9760	166
0.9800	505
0.9840	195
0.9880	482
0.9920	198
0.9960	502
1.0000	185
1.0040	465
1.0080	172
1.0120	475
1.0160	217
1.0200	465
1.0240	195
1.0280	494
1.0320	184
1.0360	499
1.0400	170
1.0440	469
1.0480	157
1.0520	466
1.0560	182
1.0600	453
1.0640	173
1.0680	487
1.0720	196
1.0760	510
1.0800	180
1.0840	513
1.0880	162
1.0920	482
1.0960	164
1.1000	502
1.1040	188
1.1080	498
1.1120	174
1.1160	467
1.1200	207
1.1240	508
1.1280	174
1.1320	483
1.1360	197
1.1400	492
1.1440	170
1.1480	476
1.1520	203
1.1560	490
1.1600	189
1.1640	478
1.1680	185
1.1720	508
1.1760	181
1.1800	489
1.1840	169
1.1880	497
1.1920	169
1.1960	494
1.2000	173
1.2040	530
1.2080	181
1.2120	510
1.2160	151
1.2200	514
1.2240	172
1.2280	469
1.2320	166
1.2360	514
1.2400	185
1.2440	463
1.2480	189
1.2520	497
1.2560	175
1.2600	466
1.2640	168
1.2680	525
1.2720	180
1.2760	493
1.2800	187
1.2840	495
1.2880	191
1.2920	460
1.2960	186
1.3000	520
1.3040	166
1.3080	503
1.3120	186
1.3160	522
1.3200	147
1.3240	513
1.3280	186
1.3320	501
1.3360	186
1.3400	491
1.3440	196
1.3480	506
1.3520	201
1.3560	500
1.3600	193
1.3640	475
1.3680	184
1.3720	456
1.3760	183
1.3800	485
1.3840	180
1.3880	505
1.3920	178
1.3960	530
1.4000	172
1.4040	470
1.4080	172
1.4120	474
1.4160	180
1.4200	469
1.4240	167
1.4280	479
1.4320	175
1.4360	483
1.4400	181
1.4440	477
1.4480	164
1.4520	489
1.4560	169
1.4600	515
1.4640	179
1.4680	491
1.4720	201
1.4760	498
1.4800	184
1.4840	471
1.4880	188
1.4920	500
1.4960	167
1.5000	497
1.5040	195
1.5080	493
1.5120	211
1.5160	505
1.5200	149
1.5240	498
1.5280	181
1.5320	486
1.5360	167
1.5400	515
1.5440	184
1.5480	484
1.5520	181
1.5560	468
1.5600	180
1.5640	497
1.5680	167
1.5720	482
1.5760	167
1.5800	524
1.5840	199
1.5880	497
1.5920	174
1.5960	486
1.6000	176
1.6040	499
1.6080	185
1.6120	511
1.6160	178
1.6200	460
1.6240	186
1.6280	483
1.6320	172
1.6360	496
1.6400	173
1.6440	495
1.6480	194
1.6520	493
1.6560	189
1.6600	470
1.6640	166
1.6680	481
1.6720	170
1.6760	505
1.6800	179
1.6840	474
1.6880	194
1.6920	457
1.6960	157
1.7000	497
1.7040	172
1.7080	497
1.7120	186
1.7160	484
1.7200	185
1.7240	463
1.7280	176
1.7320	503
1.7360	163
1.7400	525
1.7440	192
1.7480	497
1.7520	201
1.7560	482
1.7600	198
1.7640	474
1.7680	189
1.7720	486
1.7760	165
1.7800	482
1.7840	186
1.7880	480
1.7920	158
1.7960	510
1.8000	182
1.8040	490
1.8080	192
1.8120	465
1.8160	179
1.8200	475
1.8240	155
1.8280	503
1.8320	163
1.8360	498
1.8400	193
1.8440	511
1.8480	171
1.8520	452
1.8560	145
1.8600	490
1.8640	174
1.8680	479
1.8720	183
1.8760	482
1.8800	176
1.8840	485
1.8880	184
1.8920	492
1.8960	167
1.9000	499
1.9040	205
1.9080	492
1.9120	173
1.9160	465
1.9200	187
1.9240	450
1.9280	190
1.9320	462
1.9360	164
1.9400	502
1.9440	159
1.9480	457
1.9520	185
1.9560	543
1.9600	179
1.9640	485
1.9680	199
1.9720	497
1.9760	187
1.9800	495
1.9840	184
1.9880	482
1.9920	200
1.9960	489
2.0000	161
2.0040	471
2.0080	195
2.0120	496
2.0160	184
2.0200	526
2.0240	173
2.0280	487
2.0320	178
2.0360	470
2.0400	151
2.0440	523
2.0480	197
2.0520	482
2.0560	154
2.0600	479
2.0640	180
2.0680	479
2.0720	181
2.0760	470
2.0800	167
2.0840	528
2.0880	175
2.0920	483
2.0960	198
2.1000	519
2.1040	163
2.1080	491
2.1120	170
2.1160	482
2.1200	190
2.1240	468
2.1280	186
2.1320	483
2.1360	177
2.1400	481
2.1440	181
2.1480	518
2.1520	183
2.1560	518
2.1600	149
2.1640	523
2.1680	164
2.1720	459
2.1760	174
2.1800	507
2.1840	172
2.1880	502
2.1920	153
2.1960	526
2.2000	177
2.2040	519
2.2080	178
2.2120	490
2.2160	181
2.2200	511
2.2240	168
2.2280	536
2.2320	171
2.2360	511
2.2400	190
2.2440	470
2.2480	165
2.2520	499
2.2560	179
2.2600	493
2.2640	185
2.2680	487
2.2720	171
2.2760	522
2.2800	188
2.2840	515
2.2880	181
2.2920	518
2.2960	190
2.3000	537
2.3040	179
2.3080	451
2.3120	154
2.3160	466
2.3200	187
2.3240	498
2.3280	157
2.3320	494
2.3360	193
2.3400	486
2.3440	179
2.3480	501
2.3520	165
2.3560	510
2.3600	194
2.3640	505
2.3680	180
2.3720	473
2.3760	160
2.3800	542
2.3840	173
2.3880	491
2.3920	194
2.3960	519
2.4000	183
2.4040	492
2.4080	168
2.4120	463
2.4160	169
2.4200	505
2.4240	192
2.4280	502
2.4320	154
2.4360	489
2.4400	171
2.4440	506
2.4480	160
2.4520	474
2.4560	171
2.4600	471
2.4640	181
2.4680	470
2.4720	178
2.4760	480
2.4800	158
2.4840	486
2.4880	192
2.4920	490
2.4960	175
2.5000	492
2.5040	181
2.5080	475
2.5120	182
2.5160	470
2.5200	193
2.5240	506
2.5280	193
2.5320	483
2.5360	184
2.5400	508
2.5440	163
2.5480	502
2.5520	179
2.5560	470
2.5600	161
2.5640	479
2.5680	149
2.5720	529
2.5760	185
2.5800	520
2.5840	169
2.5880	520
2.5920	180
2.5960	512
2.6000	182
2.6040	511
2.6080	172
2.6120	488
2.6160	169
2.6200	514
2.6240	174
2.6280	462
2.6320	166
2.6360	495
2.6400	173
2.6440	498
2.6480	185
2.6520	512
2.6560	169
2.6600	542
2.6640	179
2.6680	526
2.6720	176
2.6760	487
2.6800	167
2.6840	505
2.6880	161
2.6920	512
2.6960	168
2.7000	498
2.7040	181
2.7080	498
2.7120	168
2.7160	500
2.7200	185
2.7240	490
2.7280	188
2.7320	495
2.7360	163
2.7400	522
2.7440	180
2.7480	485
2.7520	154
2.7560	468
2.7600	182
2.7640	473
2.7680	178
2.7720	495
2.7760	154
2.7800	488
2.7840	153
2.7880	472
2.7920	185
2.7960	528
2.8000	189
2.8040	496
2.8080	183
2.8120	520
2.8160	167
2.8200	477
2.8240	165
2.8280	515
2.8320	170
2.8360	500
2.8400	184
2.8440	490
2.8480	177
2.8520	486
2.8560	156
2.8600	489
2.8640	158
2.8680	494
2.8720	163
2.8760	487
2.8800	164
2.8840	492
2.8880	192
2.8920	490
2.8960	179
2.9000	494
2.9040	175
2.9080	492
2.9120	190
2.9160	455
2.9200	181
2.9240	517
2.9280	205
2.9320	492
2.9360	164
2.9400	514
2.9440	182
2.9480	482
2.9520	163
2.9560	486
2.9600	175
2.9640	473
2.9680	178
2.9720	475
2.9760	146
2.9800	494
2.9840	174
2.9880	481
2.9920	170
2.9960	468
3.0000	189
3.0040	465
3.0080	186
3.0120	461
3.0160	190
3.0200	483
3.0240	185
3.0280	523
3.0320	173
3.0360	506
3.0400	163
3.0440	493
3.0480	167
3.0520	485
3.0560	173
3.0600	487
3.0640	172
3.0680	473
3.0720	191
3.0760	524
3.0800	192
3.0840	508
3.0880	187
3.0920	476
3.0960	188
3.1000	473
3.1040	174
3.1080	473
3.1120	171
3.1160	504
3.1200	182
3.1240	526
3.1280	172
3.1320	469
3.1360	199
3.1400	493
3.1440	170
3.1480	473
3.1520	177
3.1560	484
3.1600	188
3.1640	530
3.1680	206
3.1720	515
3.1760	160
3.1800	507
3.1840	177
3.1880	468
3.1920	179
3.1960	462
3.2000	176
3.2040	496
3.2080	201
3.2120	507
3.2160	177
3.2200	484
3.2240	164
3.2280	485
3.2320	178
3.2360	506
3.2400	173
3.2440	487
3.2480	172
3.2520	521
3.2560	178
3.2600	497
3.2640	186
3.2680	506
3.2720	201
3.2760	472
3.2800	186
3.2840	493
3.2880	199
3.2920	487
3.2960	170
3.3000	492
3.3040	175
3.3080	446
3.3120	189
3.3160	508
3.3200	154
3.3240	493
3.3280	183
3.3320	517
3.3360	182
3.3400	507
3.3440	165
3.3480	501
3.3520	179
3.3560	510
3.3600	182
3.3640	521
3.3680	169
3.3720	484
3.3760	206
3.3800	522
3.3840	178
3.3880	549
3.3920	168
3.3960	476
3.4000	186
3.4040	531
3.4080	183
3.4120	482
3.4160	177
3.4200	504
3.4240	174
3.4280	522
3.4320	177
3.4360	543
3.4400	202
3.4440	470
3.4480	191
3.4520	495
3.4560	195
3.4600	494
3.4640	183
3.4680	485
3.4720	195
3.4760	473
3.4800	179
3.4840	501
3.4880	180
3.4920	493
3.4960	192
3.5000	506
3.5040	167
3.5080	472
3.5120	172
3.5160	532
3.5200	198
3.5240	504
3.5280	175
3.5320	477
3.5360	172
3.5400	504
3.5440	169
3.5480	496
3.5520	192
3.5560	488
3.5600	194
3.5640	488
3.5680	177
3.5720	493
3.5760	183
3.5800	516
3.5840	190
3.5880	512
3.5920	174
3.5960	476
3.6000	179
3.6040	487
3.6080	180
3.6120	462
3.6160	170
3.6200	528
3.6240	196
3.6280	490
3.6320	223
3.6360	475
3.6400	168
3.6440	495
3.6480	201
3.6520	494
3.6560	166
3.6600	500
3.6640	170
3.6680	468
3.6720	187
3.6760	500
3.6800	158
3.6840	490
3.6880	183
3.6920	497
3.6960	175
3.7000	514
3.7040	176
3.7080	520
3.7120	178
3.7160	520
3.7200	171
3.7240	495
3.7280	161
3.7320	485
3.7360	168
3.7400	467
3.7440	180
3.7480	522
3.7520	197
3.7560	493
3.7600	184
3.7640	493
3.7680	172
3.7720	487
3.7760	161
3.7800	522
3.7840	179
3.7880	524
3.7920	185
3.7960	458
3.8000	182
3.8040	478
3.8080	168
3.8120	505
3.8160	182
3.8200	477
3.8240	181
3.8280	530
3.8320	180
3.8360	500
3.8400	179
3.8440	505
3.8480	189
3.8520	509
3.8560	174
3.8600	486
3.8640	183
3.8680	450
3.8720	181
3.8760	473
3.8800	181
3.8840	494
3.8880	187
3.8920	479
3.8960	174
3.9000	461
3.9040	179
3.9080	461
3.9120	185
3.9160	500
3.9200	162
3.9240	468
3.9280	176
3.9320	504
3.9360	181
3.9400	498
3.9440	195
3.9480	514
3.9520	185
3.9560	531
3.9600	171
3.9640	515
3.9680	195
3.9720	501
3.9760	170
3.9800	507
3.9840	187
3.9880	476
3.9920	153
3.9960	497
4.0000	186
4.0040	502
4.0080	186
4.0120	485
4.0160	187
4.0200	536
4.0240	182
4.0280	510
4.0320	187
4.0360	505
4.0400	173
4.0440	494
4.0480	178
4.0520	509
4.0560	180
4.0600	472
4.0640	173
4.0680	480
4.0720	186
4.0760	457
4.0800	168
4.0840	535
4.0880	205
4.0920	505
4.0960	201
4.1000	518
4.1040	190
4.1080	521
4.1120	184
4.1160	479
4.1200	176
4.1240	527
4.1280	189
4.1320	504
4.1360	171
4.1400	482
4.1440	193
4.1480	485
4.1520	181
4.1560	522
4.1600	173
4.1640	491
4.1680	184
4.1720	530
4.1760	171
4.1800	480
4.1840	178
4.1880	498
4.1920	192
4.1960	494
4.2000	190
4.2040	499
4.2080	200
4.2120	484
4.2160	179
4.2200	496
4.2240	182
4.2280	482
4.2320	202
4.2360	484
4.2400	172
4.2440	478
4.2480	177
4.2520	490
4.2560	203
4.2600	464
4.2640	176
4.2680	484
4.2720	181
4.2760	475
4.2800	196
4.2840	475
4.2880	177
4.2920	493
4.2960	198
4.3000	504
4.3040	171
4.3080	478
4.3120	181
4.3160	557
4.3200	176
4.3240	456
4.3280	179
4.3320	504
4.3360	177
4.3400	499
4.3440	165
4.3480	504
4.3520	195
4.3560	488
4.3600	188
4.3640	468
4.3680	182
4.3720	518
4.3760	181
4.3800	516
4.3840	180
4.3880	472
4.3920	198
4.3960	485
4.4000	185
4.4040	480
4.4080	189
4.4120	472
4.4160	176
4.4200	502
4.4240	184
4.4280	499
4.4320	164
4.4360	466
4.4400	177
4.4440	487
4.4480	200
4.4520	481
4.4560	173
4.4600	464
4.4640	179
4.4680	504
4.4720	170
4.4760	508
4.4800	172
4.4840	494
4.4880	171
4.4920	519
4.4960	178
4.5000	487
4.5040	185
4.5080	473
4.5120	193
4.5160	497
4.5200	199
4.5240	474
4.5280	198
4.5320	473
4.5360	156
4.5400	531
4.5440	178
4.5480	494
4.5520	185
4.5560	503
4.5600	193
4.5640	487
4.5680	161
4.5720	454
4.5760	166
4.5800	473
4.5840	183
4.5880	490
4.5920	187
4.5960	494
4.6000	208
4.6040	490
4.6080	176
4.6120	506
4.6160	200
4.6200	475
4.6240	197
4.6280	468
4.6320	189
4.6360	500
4.6400	173
4.6440	449
4.6480	193
4.6520	479
4.6560	188
4.6600	510
4.6640	192
4.6680	501
4.6720	161
4.6760	483
4.6800	179
4.6840	518
4.6880	168
4.6920	513
4.6960	184
4.7000	490
4.7040	188
4.7080	490
4.7120	192
4.7160	519
4.7200	185
4.7240	477
4.7280	183
4.7320	498
4.7360	186
4.7400	504
4.7440	161
4.7480	495
4.7520	170
4.7560	487
4.7600	180
4.7640	516
4.7680	181
4.7720	469
4.7760	174
4.7800	488
4.7840	185
4.7880	484
4.7920	191
4.7960	500
4.8000	191
4.8040	506
4.8080	157
4.8120	493
4.8160	176
4.8200	533
4.8240	180
4.8280	474
4.8320	186
4.8360	528
4.8400	177
4.8440	489
4.8480	197
4.8520	526
4.8560	152
4.8600	499
4.8640	195
4.8680	476
4.8720	213
4.8760	503
4.8800	172
4.8840	493
4.8880	196
4.8920	529
4.8960	174
4.9000	510
4.9040	167
4.9080	479
4.9120	185
4.9160	495
4.9200	174
4.9240	509
4.9280	190
4.9320	495
4.9360	168
4.9400	497
4.9440	173
4.9480	503
4.9520	173
4.9560	495
4.9600	184
4.9640	516
4.9680	203
4.9720	457
4.9760	174
4.9800	491
4.9840	181
4.9880	481
4.9920	177
4.9960	503
5.0000	168
5.0040	444
5.0080	172
5.0120	494
5.0160	215
5.0200	489
5.0240	166
5.0280	530
5.0320	166
5.0360	480
5.0400	207
5.0440	513
5.0480	174
5.0520	511
5.0560	178
5.0600	529
5.0640	183
5.0680	506
5.0720	177
5.0760	525
5.0800	172
5.0840	494
5.0880	185
5.0920	480
5.0960	171
5.1000	524
5.1040	193
5.1080	513
5.1120	154
5.1160	513
5.1200	200
5.1240	502
5.1280	194
5.1320	500
5.1360	181
5.1400	505
5.1440	193
5.1480	453
5.1520	190
5.1560	503
5.1600	193
5.1640	483
5.1680	207
5.1720	512
5.1760	165
5.1800	532
5.1840	177
5.1880	474
5.1920	181
5.1960	493
5.2000	201
5.2040	481
5.2080	175
5.2120	470
5.2160	196
5.2200	499
5.2240	181
5.2280	493
5.2320	173
5.2360	471
5.2400	176
5.2440	522
5.2480	183
5.2520	489
5.2560	193
5.2600	494
5.2640	195
5.2680	519
5.2720	192
5.2760	481
5.2800	160
5.2840	461
5.2880	178
5.2920	465
5.2960	164
5.3000	473
5.3040	188
5.3080	503
5.3120	187
5.3160	504
5.3200	196
5.3240	496
5.3280	185
5.3320	473
5.3360	172
5.3400	507
5.3440	181
5.3480	488
5.3520	188
5.3560	484
5.3600	200
5.3640	487
5.3680	172
5.3720	492
5.3760	168
5.3800	488
5.3840	172
5.3880	508
5.3920	177
5.3960	493
5.4000	195
5.4040	531
5.4080	177
5.4120	526
5.4160	189
5.4200	511
5.4240	182
5.4280	483
5.4320	207
5.4360	477
5.4400	177
5.4440	499
5.4480	180
5.4520	498
5.4560	183
5.4600	496
5.4640	179
5.4680	474
5.4720	185
5.4760	500
5.4800	188
5.4840	480
5.4880	172
5.4920	529
5.4960	187
5.5000	489
5.5040	165
5.5080	486
5.5120	169
5.5160	493
5.5200	171
5.5240	489
5.5280	170
5.5320	495
5.5360	189
5.5400	439
5.5440	178
5.5480	482
5.5520	162
5.5560	524
5.5600	186
5.5640	508
5.5680	191
5.5720	497
5.5760	185
5.5800	522
5.5840	194
5.5880	508
5.5920	186
5.5960	501
5.6000	151
5.6040	484
5.6080	165
5.6120	509
5.6160	178
5.6200	477
5.6240	180
5.6280	490
5.6320	183
5.6360	487
5.6400	178
5.6440	499
5.6480	181
5.6520	519
5.6560	203
5.6600	496
5.6640	182
5.6680	473
5.6720	176
5.6760	503
5.6800	184
5.6840	497
5.6880	184
5.6920	476
5.6960	151
5.7000	485
5.7040	169
5.7080	500
5.7120	175
5.7160	452
5.7200	178
5.7240	486
5.7280	186
5.7320	473
5.7360	159
5.7400	505
5.7440	175
5.7480	483
5.7520	177
5.7560	522
5.7600	170
5.7640	461
5.7680	181
5.7720	494
5.7760	173
5.7800	464
5.7840	171
5.7880	467
5.7920	175
5.7960	495
5.8000	165
5.8040	472
5.8080	191
5.8120	487
5.8160	163
5.8200	504
5.8240	171
5.8280	498
5.8320	196
5.8360	514
5.8400	188
5.8440	484
5.8480	191
5.8520	497
5.8560	178
5.8600	500
5.8640	190
5.8680	499
5.8720	176
5.8760	495
5.8800	169
5.8840	443
5.8880	183
5.8920	503
5.8960	214
5.9000	513
5.9040	175
5.9080	484
5.9120	168
5.9160	500
5.9200	179
5.9240	477
5.9280	184
5.9320	503
5.9360	191
5.9400	537
5.9440	197
5.9480	512
5.9520	194
5.9560	487
5.9600	192
5.9640	526
5.9680	176
5.9720	497
5.9760	189
5.9800	492
5.9840	163
5.9880	491
5.9920	180
5.9960	477
6.0000	179
6.0040	490
6.0080	189
6.0120	531
6.0160	172
6.0200	491
6.0240	190
6.0280	461
6.0320	198
6.0360	513
6.0400	176
6.0440	491
6.0480	153
6.0520	511
6.0560	176
6.0600	527
6.0640	193
6.0680	466
6.0720	184
6.0760	496
6.0800	179
6.0840	513
6.0880	159
6.0920	495
6.0960	178
6.1000	499
6.1040	183
6.1080	497
6.1120	188
6.1160	486
6.1200	184
6.1240	472
6.1280	195
6.1320	504
6.1360	183
6.1400	508
6.1440	168
6.1480	479
6.1520	182
6.1560	492
6.1600	171
6.1640	476
6.1680	170
6.1720	445
6.1760	184
6.1800	469
6.1840	167
6.1880	521
6.1920	179
6.1960	489
6.2000	183
6.2040	484
6.2080	196
6.2120	502
6.2160	187
6.2200	483
6.2240	181
6.2280	455
6.2320	174
6.2360	482
6.2400	186
6.2440	483
6.2480	142
6.2520	469
6.2560	172
6.2600	530
6.2640	181
6.2680	477
6.2720	167
6.2760	491
6.2800	182
6.2840	507
6.2880	172
6.2920	516
6.2960	193
6.3000	469
6.3040	152
6.3080	490
6.3120	189
6.3160	490
6.3200	202
6.3240	485
6.3280	169
6.3320	515
6.3360	178
6.3400	506
6.3440	186
6.3480	510
6.3520	177
6.3560	485
6.3600	203
6.3640	503
6.3680	188
6.3720	507
6.3760	188
6.3800	520
6.3840	186
6.3880	476
6.3920	169
6.3960	496
6.4000	180
6.4040	476
6.4080	180
6.4120	489
6.4160	184
6.4200	500
6.4240	188
6.4280	520
6.4320	180
6.4360	472
6.4400	174
6.4440	497
6.4480	173
6.4520	521
6.4560	170
6.4600	466
6.4640	158
6.4680	468
6.4720	156
6.4760	498
6.4800	207
6.4840	478
6.4880	189
6.4920	491
6.4960	196
6.5000	516
6.5040	173
6.5080	482
6.5120	179
6.5160	488
6.5200	172
6.5240	504
6.5280	188
6.5320	487
6.5360	164
6.5400	491
6.5440	178
6.5480	500
6.5520	190
6.5560	507
6.5600	182
6.5640	509
6.5680	204
6.5720	495
6.5760	183
6.5800	503
6.5840	181
6.5880	489
6.5920	173
6.5960	526
6.6000	180
6.6040	493
6.6080	175
6.6120	476
6.6160	158
6.6200	500
6.6240	154
6.6280	499
6.6320	155
6.6360	488
6.6400	163
6.6440	486
6.6480	177
6.6520	501
6.6560	177
6.6600	504
6.6640	156
6.6680	506
6.6720	178
6.6760	464
6.6800	190
6.6840	489
6.6880	160
6.6920	515
6.6960	190
6.7000	509
6.7040	184
6.7080	534
6.7120	170
6.7160	521
6.7200	182
6.7240	491
6.7280	188
6.7320	468
6.7360	172
6.7400	508
6.7440	190
6.7480	476
6.7520	153
6.7560	477
6.7600	163
6.7640	512
6.7680	171
6.7720	492
6.7760	159
6.7800	505
6.7840	194
6.7880	486
6.7920	190
6.7960	532
6.8000	165
6.8040	481
6.8080	185
6.8120	517
6.8160	186
6.8200	491
6.8240	186
6.8280	477
6.8320	167
6.8360	501
6.8400	169
6.8440	479
6.8480	188
6.8520	525
6.8560	182
6.8600	498
6.8640	155
6.8680	481
6.8720	178
6.8760	493
6.8800	181
6.8840	461
6.8880	177
6.8920	506
6.8960	170
6.9000	459
6.9040	155
6.9080	522
6.9120	177
6.9160	527
6.9200	160
6.9240	494
6.9280	182
6.9320	508
6.9360	186
6.9400	495
6.9440	172
6.9480	466
6.9520	166
6.9560	502
6.9600	179
6.9640	482
6.9680	156
6.9720	478
6.9760	179
6.9800	472
6.9840	171
6.9880	502
6.9920	197
6.9960	483
7.0000	179
7.0040	519
7.0080	174
7.0120	497
7.0160	180
7.0200	490
7.0240	168
7.0280	474
7.0320	158
7.0360	512
7.0400	181
7.0440	507
7.0480	173
7.0520	518
7.0560	173
7.0600	455
7.0640	170
7.0680	475
7.0720	165
7.0760	490
7.0800	181
7.0840	521
7.0880	179
7.0920	461
7.0960	167
7.1000	465
7.1040	176
7.1080	451
7.1120	183
7.1160	458
7.1200	177
7.1240	494
7.1280	170
7.1320	531
7.1360	189
7.1400	498
7.1440	151
7.1480	499
7.1520	204
7.1560	541
7.1600	197
7.1640	471
7.1680	215
7.1720	476
7.1760	168
7.1800	503
7.1840	172
7.1880	487
7.1920	189
7.1960	505
7.2000	192
7.2040	471
7.2080	178
7.2120	476
7.2160	174
7.2200	493
7.2240	167
7.2280	501
7.2320	170
7.2360	474
7.2400	160
7.2440	458
7.2480	185
7.2520	535
7.2560	171
7.2600	491
7.2640	174
7.2680	513
7.2720	186
7.2760	503
7.2800	172
7.2840	507
7.2880	184
7.2920	479
7.2960	180
7.3000	502
7.3040	162
7.3080	484
7.3120	170
7.3160	486
7.3200	183
7.3240	492
7.3280	177
7.3320	498
7.3360	174
7.3400	510
7.3440	192
7.3480	497
7.3520	183
7.3560	491
7.3600	167
7.3640	499
7.3680	164
7.3720	503
7.3760	185
7.3800	504
7.3840	189
7.3880	494
7.3920	179
7.3960	496
7.4000	173
7.4040	530
7.4080	182
7.4120	473
7.4160	188
7.4200	491
7.4240	202
7.4280	502
7.4320	183
7.4360	490
7.4400	185
7.4440	506
7.4480	180
7.4520	495
7.4560	174
7.4600	479
7.4640	177
7.4680	485
7.4720	190
7.4760	481
7.4800	186
7.4840	509
7.4880	176
7.4920	471
7.4960	172
7.5000	492
7.5040	186
7.5080	509
7.5120	191
7.5160	445
7.5200	181
7.5240	512
7.5280	171
7.5320	485
7.5360	189
7.5400	507
7.5440	171
7.5480	508
7.5520	194
7.5560	496
7.5600	196
7.5640	453
7.5680	174
7.5720	498
7.5760	170
7.5800	503
7.5840	194
7.5880	511
7.5920	202
7.5960	505
7.6000	195
7.6040	483
7.6080	171
7.6120	503
7.6160	174
7.6200	472
7.6240	195
7.6280	487
7.6320	192
7.6360	477
7.6400	184
7.6440	493
7.6480	172
7.6520	497
7.6560	180
7.6600	517
7.6640	172
7.6680	467
7.6720	180
7.6760	482
7.6800	173
7.6840	465
7.6880	187
7.6920	478
7.6960	200
7.7000	519
7.7040	195
7.7080	502
7.7120	166
7.7160	527
7.7200	191
7.7240	527
7.7280	176
7.7320	506
7.7360	214
7.7400	517
7.7440	193
7.7480	475
7.7520	190
7.7560	453
7.7600	158
7.7640	496
7.7680	187
7.7720	469
7.7760	180
7.7800	495
7.7840	178
7.7880	521
7.7920	196
7.7960	487
7.8000	175
7.8040	498
7.8080	175
7.8120	481
7.8160	173
7.8200	481
7.8240	179
7.8280	456
7.8320	188
7.8360	483
7.8400	191
7.8440	477
7.8480	192
7.8520	501
7.8560	174
7.8600	499
7.8640	204
7.8680	490
7.8720	178
7.8760	495
7.8800	169
7.8840	494
7.8880	180
7.8920	465
7.8960	172
7.9000	544
7.9040	199
7.9080	491
7.9120	184
7.9160	460
7.9200	164
7.9240	505
7.9280	182
7.9320	498
7.9360	191
7.9400	508
7.9440	182
7.9480	471
7.9520	178
7.9560	472
7.9600	187
7.9640	486
7.9680	189
7.9720	464
7.9760	184
7.9800	487
7.9840	163
7.9880	528
7.9920	194
7.9960	482
8.0000	181
8.0040	505
8.0080	169
8.0120	487
8.0160	170
8.0200	490
8.0240	183
8.0280	525
8.0320	206
8.0360	506
8.0400	196
8.0440	535
8.0480	175
8.0520	475
8.0560	184
8.0600	506
8.0640	187
8.0680	502
8.0720	184
8.0760	514
8.0800	184
8.0840	533
8.0880	178
8.0920	505
8.0960	194
8.1000	510
8.1040	181
8.1080	491
8.1120	186
8.1160	472
8.1200	186
8.1240	481
8.1280	158
8.1320	489
8.1360	180
8.1400	475
8.1440	162
8.1480	506
8.1520	190
8.1560	474
8.1600	158
8.1640	522
8.1680	181
8.1720	484
8.1760	189
8.1800	503
8.1840	170
8.1880	475
8.1920	176
8.1960	500
8.2000	199
8.2040	500
8.2080	178
8.2120	467
8.2160	164
8.2200	489
8.2240	197
8.2280	527
8.2320	204
8.2360	501
8.2400	181
8.2440	500
8.2480	189
8.2520	497
8.2560	198
8.2600	502
8.2640	182
8.2680	484
8.2720	159
8.2760	526
8.2800	192
8.2840	488
8.2880	156
8.2920	491
8.2960	184
8.3000	494
8.3040	182
8.3080	497
8.3120	177
8.3160	498
8.3200	182
8.3240	495
8.3280	172
8.3320	485
8.3360	187
8.3400	474
8.3440	175
8.3480	501
8.3520	178
8.3560	501
8.3600	196
8.3640	497
8.3680	172
8.3720	508
8.3760	174
8.3800	484
8.3840	180
8.3880	508
8.3920	169
8.3960	507
8.4000	150
8.4040	489
8.4080	168
8.4120	450
8.4160	177
8.4200	496
8.4240	171
8.4280	514
8.4320	179
8.4360	473
8.4400	159
8.4440	460
8.4480	176
8.4520	497
8.4560	173
8.4600	504
8.4640	163
8.4680	521
8.4720	181
8.4760	501
8.4800	184
8.4840	532
8.4880	184
8.4920	475
8.4960	188
8.5000	506
8.5040	164
8.5080	510
8.5120	180
8.5160	469
8.5200	187
8.5240	490
8.5280	185
8.5320	482
8.5360	167
8.5400	488
8.5440	175
8.5480	485
8.5520	176
8.5560	438
8.5600	174
8.5640	514
8.5680	194
8.5720	493
8.5760	172
8.5800	497
8.5840	154
8.5880	499
8.5920	192
8.5960	489
8.6000	177
8.6040	494
8.6080	188
8.6120	474
8.6160	211
8.6200	522
8.6240	176
8.6280	525
8.6320	167
8.6360	485
8.6400	171
8.6440	529
8.6480	171
8.6520	486
8.6560	171
8.6600	504
8.6640	190
8.6680	504
8.6720	201
8.6760	480
8.6800	198
8.6840	512
8.6880	198
8.6920	508
8.6960	193
8.7000	506
8.7040	182
8.7080	484
8.7120	192
8.7160	492
8.7200	174
8.7240	513
8.7280	184
8.7320	458
8.7360	203
8.7400	486
8.7440	172
8.7480	453
8.7520	164
8.7560	475
8.7600	180
8.7640	508
8.7680	158
8.7720	501
8.7760	180
8.7800	497
8.7840	176
8.7880	486
8.7920	181
8.7960	463
8.8000	165
8.8040	488
8.8080	194
8.8120	510
8.8160	175
8.8200	460
8.8240	176
8.8280	500
8.8320	175
8.8360	447
8.8400	185
8.8440	486
8.8480	177
8.8520	499
8.8560	158
8.8600	505
8.8640	183
8.8680	487
8.8720	189
8.8760	487
8.8800	203
8.8840	527
8.8880	176
8.8920	486
8.8960	179
8.9000	481
8.9040	185
8.9080	485
8.9120	179
8.9160	503
8.9200	179
8.9240	510
8.9280	160
8.9320	475
8.9360	188
8.9400	504
8.9440	175
8.9480	519
8.9520	165
8.9560	457
8.9600	177
8.9640	487
8.9680	184
8.9720	503
8.9760	172
8.9800	485
8.9840	165
8.9880	493
8.9920	171
8.9960	498
9.0000	165
9.0040	500
9.0080	184
9.0120	490
9.0160	152
9.0200	497
9.0240	179
9.0280	466
9.0320	177
9.0360	492
9.0400	163
9.0440	465
9.0480	174
9.0520	480
9.0560	186
9.0600	499
9.0640	157
9.0680	468
9.0720	177
9.0760	516
9.0800	177
9.0840	492
9.0880	170
9.0920	520
9.0960	175
9.1000	534
9.1040	188
9.1080	486
9.1120	177
9.1160	467
9.1200	166
9.1240	511
9.1280	175
9.1320	496
9.1360	171
9.1400	497
9.1440	197
9.1480	504
9.1520	164
9.1560	498
9.1600	202
9.1640	512
9.1680	177
9.1720	484
9.1760	186
9.1800	474
9.1840	175
9.1880	480
9.1920	179
9.1960	464
9.2000	154
9.2040	495
9.2080	171
9.2120	499
9.2160	170
9.2200	473
9.2240	160
9.2280	494
9.2320	196
9.2360	524
9.2400	198
9.2440	500
9.2480	178
9.2520	500
9.2560	190
9.2600	483
9.2640	192
9.2680	501
9.2720	192
9.2760	511
9.2800	198
9.2840	490
9.2880	190
9.2920	512
9.2960	182
9.3000	499
9.3040	173
9.3080	516
9.3120	178
9.3160	509
9.3200	171
9.3240	495
9.3280	187
9.3320	510
9.3360	189
9.3400	509
9.3440	201
9.3480	485
9.3520	189
9.3560	493
9.3600	172
9.3640	495
9.3680	201
9.3720	443
9.3760	185
9.3800	515
9.3840	177
9.3880	495
9.3920	168
9.3960	520
9.4000	189
9.4040	519
9.4080	189
9.4120	478
9.4160	177
9.4200	510
9.4240	180
9.4280	500
9.4320	178
9.4360	512
9.4400	178
9.4440	489
9.4480	178
9.4520	484
9.4560	192
9.4600	520
9.4640	186
9.4680	496
9.4720	173
9.4760	517
9.4800	198
9.4840	517
9.4880	174
9.4920	475
9.4960	164
9.5000	498
9.5040	186
9.5080	452
9.5120	191
9.5160	497
9.5200	173
9.5240	459
9.5280	173
9.5320	468
9.5360	167
9.5400	452
9.5440	185
9.5480	526
9.5520	175
9.5560	473
9.5600	171
9.5640	494
9.5680	191
9.5720	494
9.5760	159
9.5800	473
9.5840	185
9.5880	504
9.5920	170
9.5960	513
9.6000	171
9.6040	497
9.6080	168
9.6120	523
9.6160	164
9.6200	483
9.6240	188
9.6280	501
9.6320	190
9.6360	481
9.6400	200
9.6440	473
9.6480	165
9.6520	479
9.6560	171
9.6600	526
9.6640	164
9.6680	474
9.6720	183
9.6760	462
9.6800	182
9.6840	519
9.6880	170
9.6920	510
9.6960	170
9.7000	486
9.7040	174
9.7080	484
9.7120	196
9.7160	479
9.7200	183
9.7240	513
9.7280	168
9.7320	484
9.7360	187
9.7400	489
9.7440	163
9.7480	484
9.7520	178
9.7560	470
9.7600	179
9.7640	497
9.7680	172
9.7720	532
9.7760	199
9.7800	509
9.7840	172
9.7880	499
9.7920	180
9.7960	499
9.8000	179
9.8040	449
9.8080	177
9.8120	494
9.8160	201
9.8200	518
9.8240	178
9.8280	510
9.8320	168
9.8360	506
9.8400	176
9.8440	516
9.8480	188
9.8520	511
9.8560	157
9.8600	487
9.8640	183
9.8680	501
9.8720	196
9.8760	476
9.8800	164
9.8840	490
9.8880	157
9.8920	505
9.8960	163
9.9000	491
9.9040	187
9.9080	482
9.9120	175
9.9160	477
9.9200	177
9.9240	517
9.9280	175
9.9320	510
9.9360	178
9.9400	457
9.9440	175
9.9480	515
9.9520	191
9.9560	437
9.9600	193
9.9640	481
9.9680	182
9.9720	470
9.9760	183
9.9800	503
9.9840	182
9.9880	527
9.9920	197
9.9960	502
10.0000	186
10.0040	434
10.0080	169
10.0120	481
10.0160	175
10.0200	496
10.0240	202
10.0280	481
10.0320	176
10.0360	516
10.0400	179
10.0440	493
10.0480	178
10.0520	492
10.0560	172
10.0600	483
10.0640	192
10.0680	473
10.0720	162
10.0760	462
10.0800	184
10.0840	526
10.0880	173
10.0920	503
10.0960	172
10.1000	477
10.1040	184
10.1080	508
10.1120	173
10.1160	493
10.1200	180
10.1240	497
10.1280	195
10.1320	469
10.1360	175
10.1400	505
10.1440	180
10.1480	508
10.1520	196
10.1560	503
10.1600	177
10.1640	521
10.1680	212
10.1720	511
10.1760	205
10.1800	477
10.1840	173
10.1880	486
10.1920	186
10.1960	502
10.2000	147
10.2040	494
10.2080	178
10.2120	504
10.2160	167
10.2200	468
10.2240	197
10.2280	482
10.2320	178
10.2360	524
10.2400	171
10.2440	506
10.2480	189
10.2520	458
10.2560	177
10.2600	492
10.2640	187
10.2680	490
10.2720	178
10.2760	484
10.2800	181
10.2840	494
10.2880	194
10.2920	460
10.2960	164
10.3000	499
10.3040	177
10.3080	490
10.3120	178
10.3160	515
10.3200	180
10.3240	514
10.3280	178
10.3320	505
10.3360	193
10.3400	468
10.3440	177
10.3480	492
10.3520	181
10.3560	484
10.3600	183
10.3640	488
10.3680	163
10.3720	483
10.3760	172
10.3800	506
10.3840	209
10.3880	497
10.3920	166
10.3960	510
10.4000	168
10.4040	444
10.4080	180
10.4120	499
10.4160	186
10.4200	468
10.4240	174
10.4280	509
10.4320	173
10.4360	500
10.4400	193
10.4440	502
10.4480	172
10.4520	518
10.4560	173
10.4600	490
10.4640	175
10.4680	508
10.4720	189
10.4760	477
10.4800	186
10.4840	518
10.4880	173
10.4920	493
10.4960	162
10.5000	499
10.5040	193
10.5080	485
10.5120	175
10.5160	540
10.5200	184
10.5240	496
10.5280	192
10.5320	436
10.5360	182
10.5400	477
10.5440	186
10.5480	512
10.5520	178
10.5560	487
10.5600	164
10.5640	476
10.5680	174
10.5720	490
10.5760	183
10.5800	510
10.5840	168
10.5880	501
10.5920	160
10.5960	459
10.6000	158
10.6040	470
10.6080	180
10.6120	500
10.6160	162
10.6200	492
10.6240	163
10.6280	498
10.6320	163
10.6360	486
10.6400	181
10.6440	535
10.6480	169
10.6520	509
10.6560	165
10.6600	506
10.6640	154
10.6680	477
10.6720	193
10.6760	505
10.6800	167
10.6840	531
10.6880	187
10.6920	508
10.6960	171
10.7000	501
10.7040	190
10.7080	463
10.7120	180
10.7160	500
10.7200	169
10.7240	493
10.7280	172
10.7320	475
10.7360	150
10.7400	452
10.7440	199
10.7480	476
10.7520	185
10.7560	459
10.7600	178
10.7640	489
10.7680	166
10.7720	492
10.7760	168
10.7800	456
10.7840	163
10.7880	501
10.7920	157
10.7960	471
10.8000	185
10.8040	438
10.8080	161
10.8120	504
10.8160	165
10.8200	492
10.8240	178
10.8280	490
10.8320	175
10.8360	491
10.8400	165
10.8440	516
10.8480	178
10.8520	513
10.8560	168
10.8600	501
10.8640	186
10.8680	529
10.8720	163
10.8760	493
10.8800	147
10.8840	498
10.8880	166
10.8920	467
10.8960	172
10.9000	501
10.9040	177
10.9080	494
10.9120	166
10.9160	476
10.9200	177
10.9240	504
10.9280	166
10.9320	516
10.9360	178
10.9400	480
10.9440	165
10.9480	479
10.9520	159
10.9560	499
10.9600	169
10.9640	490
10.9680	173
10.9720	507
10.9760	167
10.9800	492
10.9840	180
10.9880	480
10.9920	178
10.9960	518
11.0000	161
11.0040	472
11.0080	162
11.0120	477
11.0160	157
11.0200	489
11.0240	149
11.0280	497
11.0320	174
11.0360	512
11.0400	180
11.0440	483
11.0480	193
11.0520	524
11.0560	175
11.0600	464
11.0640	160
11.0680	474
11.0720	169
11.0760	471
11.0800	162
11.0840	503
11.0880	155
11.0920	524
11.0960	173
11.1000	489
11.1040	179
11.1080	490
11.1120	156
11.1160	501
11.1200	194
11.1240	495
11.1280	168
11.1320	547
11.1360	161
11.1400	489
11.1440	167
11.1480	515
11.1520	157
11.1560	485
11.1600	168
11.1640	480
11.1680	176
11.1720	486
11.1760	188
11.1800	511
11.1840	184
11.1880	518
11.1920	185
11.1960	483
11.2000	183
11.2040	482
11.2080	192
11.2120	499
11.2160	187
11.2200	481
11.2240	178
11.2280	506
11.2320	166
11.2360	499
11.2400	168
11.2440	509
11.2480	178
11.2520	495
11.2560	167
11.2600	487
11.2640	179
11.2680	486
11.2720	184
11.2760	460
11.2800	168
11.2840	506
11.2880	172
11.2920	509
11.2960	155
11.3000	502
11.3040	173
11.3080	494
11.3120	177
11.3160	505
11.3200	165
11.3240	491
11.3280	159
11.3320	500
11.3360	175
11.3400	481
11.3440	164
11.3480	474
11.3520	166
11.3560	503
11.3600	174
11.3640	516
11.3680	181
11.3720	495
11.3760	160
11.3800	489
11.3840	143
11.3880	509
11.3920	182
11.3960	491
11.4000	182
11.4040	518
11.4080	160
11.4120	526
11.4160	185
11.4200	507
11.4240	193
11.4280	501
11.4320	193
11.4360	468
11.4400	183
11.4440	495
11.4480	190
11.4520	510
11.4560	173
11.4600	501
11.4640	154
11.4680	505
11.4720	161
11.4760	481
11.4800	181
11.4840	463
11.4880	161
11.4920	476
11.4960	181
11.5000	540
11.5040	187
11.5080	509
11.5120	180
11.5160	464
11.5200	173
11.5240	482
11.5280	178
11.5320	501
11.5360	173
11.5400	463
11.5440	165
11.5480	454
11.5520	165
11.5560	544
11.5600	178
11.5640	471
11.5680	178
11.5720	515
11.5760	165
11.5800	525
11.5840	172
11.5880	515
11.5920	166
11.5960	488
11.6000	183
11.6040	502
11.6080	169
11.6120	472
11.6160	176
11.6200	470
11.6240	177
11.6280	504
11.6320	162
11.6360	505
11.6400	175
11.6440	472
11.6480	153
11.6520	505
11.6560	161
11.6600	481
11.6640	186
11.6680	526
11.6720	191
11.6760	466
11.6800	187
11.6840	489
11.6880	163
11.6920	529
11.6960	211
11.7000	500
11.7040	170
11.7080	515
11.7120	170
11.7160	508
11.7200	174
11.7240	478
11.7280	168
11.7320	513
11.7360	186
11.7400	501
11.7440	159
11.7480	483
11.7520	178
11.7560	523
11.7600	190
11.7640	486
11.7680	189
11.7720	502
11.7760	163
11.7800	484
11.7840	173
11.7880	498
11.7920	175
11.7960	505
11.8000	181
11.8040	495
11.8080	161
11.8120	504
11.8160	155
11.8200	500
11.8240	161
11.8280	515
11.8320	191
11.8360	469
11.8400	149
11.8440	521
11.8480	155
11.8520	504
11.8560	165
11.8600	473
11.8640	164
11.8680	495
11.8720	166
11.8760	503
11.8800	198
11.8840	527
11.8880	165
11.8920	521
11.8960	170
11.9000	496
11.9040	135
11.9080	498
11.9120	169
11.9160	518
11.9200	176
11.9240	492
11.9280	179
11.9320	505
11.9360	173
11.9400	493
11.9440	180
11.9480	519
11.9520	195
11.9560	467
11.9600	156
11.9640	468
11.9680	167
11.9720	487
11.9760	167
11.9800	476
11.9840	172
11.9880	490
11.9920	162
11.9960	519
12.0000	191
12.0040	477
12.0080	169
12.0120	502
12.0160	138
12.0200	508
12.0240	159
12.0280	480
12.0320	185
12.0360	492
12.0400	186
12.0440	488
12.0480	181
12.0520	503
12.0560	172
12.0600	496
12.0640	168
12.0680	528
12.0720	181
12.0760	482
12.0800	179
12.0840	499
12.0880	182
12.0920	455
12.0960	186
12.1000	518
12.1040	164
12.1080	504
12.1120	183
12.1160	495
12.1200	168
12.1240	507
12.1280	157
12.1320	482
12.1360	165
12.1400	488
12.1440	149
12.1480	502
12.1520	185
12.1560	455
12.1600	155
12.1640	501
12.1680	152
12.1720	510
12.1760	165
12.1800	498
12.1840	178
12.1880	486
12.1920	149
12.1960	532
12.2000	161
12.2040	496
12.2080	146
12.2120	532
12.2160	167
12.2200	511
12.2240	178
12.2280	505
12.2320	153
12.2360	497
12.2400	168
12.2440	487
12.2480	171
12.2520	503
12.2560	148
12.2600	503
12.2640	153
12.2680	508
12.2720	161
12.2760	461
12.2800	166
12.2840	523
12.2880	169
12.2920	536
12.2960	166
12.3000	477
12.3040	145
12.3080	500
12.3120	179
12.3160	466
12.3200	171
12.3240	462
12.3280	148
12.3320	488
12.3360	151
12.3400	453
12.3440	153
12.3480	516
12.3520	160
12.3560	478
12.3600	172
12.3640	521
12.3680	159
12.3720	516
12.3760	146
12.3800	498
12.3840	190
12.3880	518
12.3920	190
12.3960	512
12.4000	171
12.4040	497
12.4080	182
12.4120	501
12.4160	169
12.4200	493
12.4240	170
12.4280	489
12.4320	161
12.4360	511
12.4400	176
12.4440	508
12.4480	191
12.4520	518
12.4560	163
12.4600	468
12.4640	165
12.4680	488
12.4720	162
12.4760	506
12.4800	177
12.4840	463
12.4880	165
12.4920	493
12.4960	175
12.5000	520
12.5040	186
12.5080	507
12.5120	170
12.5160	475
12.5200	155
12.5240	480
12.5280	171
12.5320	473
12.5360	145
12.5400	493
12.5440	183
12.5480	526
12.5520	158
12.5560	450
12.5600	165
12.5640	530
12.5680	147
12.5720	503
12.5760	184
12.5800	467
12.5840	193
12.5880	501
12.5920	163
12.5960	490
12.6000	170
12.6040	506
12.6080	176
12.6120	499
12.6160	157
12.6200	474
12.6240	170
12.6280	512
12.6320	179
12.6360	466
12.6400	149
12.6440	462
12.6480	150
12.6520	552
12.6560	163
12.6600	501
12.6640	180
12.6680	507
12.6720	174
12.6760	541
12.6800	173
12.6840	472
12.6880	167
12.6920	524
12.6960	146
12.7000	473
12.7040	170
12.7080	483
12.7120	150
12.7160	496
12.7200	152
12.7240	471
12.7280	163
12.7320	484
12.7360	165
12.7400	491
12.7440	175
12.7480	506
12.7520	163
12.7560	497
12.7600	150
12.7640	497
12.7680	164
12.7720	462
12.7760	173
12.7800	469
12.7840	173
12.7880	540
12.7920	158
12.7960	505
12.8000	200
12.8040	490
12.8080	161
12.8120	501
12.8160	175
12.8200	505
12.8240	159
12.8280	462
12.8320	170
12.8360	491
12.8400	182
12.8440	475
12.8480	165
12.8520	504
12.8560	141
12.8600	514
12.8640	161
12.8680	513
12.8720	158
12.8760	495
12.8800	169
12.8840	485
12.8880	178
12.8920	480
12.8960	165
12.9000	492
12.9040	179
12.9080	499
12.9120	166
12.9160	501
12.9200	140
12.9240	524
12.9280	160
12.9320	500
12.9360	166
12.9400	505
12.9440	167
12.9480	514
12.9520	152
12.9560	497
12.9600	180
12.9640	489
12.9680	167
12.9720	484
12.9760	181
12.9800	513
12.9840	161
12.9880	489
12.9920	160
12.9960	519
13.0000	164
13.0040	488
13.0080	146
13.0120	495
13.0160	163
13.0200	512
13.0240	173
13.0280	495
13.0320	166
13.0360	477
13.0400	132
13.0440	472
13.0480	169
13.0520	506
13.0560	169
13.0600	515
13.0640	176
13.0680	491
13.0720	185
13.0760	493
13.0800	165
13.0840	515
13.0880	176
13.0920	482
13.0960	198
13.1000	459
13.1040	171
13.1080	484
13.1120	153
13.1160	470
13.1200	168
13.1240	473
13.1280	177
13.1320	481
13.1360	173
13.1400	504
13.1440	180
13.1480	499
13.1520	178
13.1560	509
13.1600	174
13.1640	495
13.1680	165
13.1720	490
13.1760	162
13.1800	508
13.1840	183
13.1880	480
13.1920	189
13.1960	479
13.2000	173
13.2040	510
13.2080	197
13.2120	500
13.2160	152
13.2200	468
13.2240	165
13.2280	540
13.2320	171
13.2360	488
13.2400	150
13.2440	499
13.2480	156
13.2520	490
13.2560	173
13.2600	498
13.2640	168
13.2680	479
13.2720	189
13.2760	458
13.2800	163
13.2840	506
13.2880	173
13.2920	506
13.2960	179
13.3000	512
13.3040	141
13.3080	461
13.3120	156
13.3160	538
13.3200	140
13.3240	497
13.3280	164
13.3320	498
13.3360	152
13.3400	458
13.3440	163
13.3480	507
13.3520	165
13.3560	511
13.3600	172
13.3640	487
13.3680	172
13.3720	492
13.3760	198
13.3800	557
13.3840	157
13.3880	455
13.3920	179
13.3960	529
13.4000	191
13.4040	503
13.4080	177
13.4120	494
13.4160	188
13.4200	485
13.4240	191
13.4280	464
13.4320	167
13.4360	472
13.4400	155
13.4440	515
13.4480	154
13.4520	487
13.4560	191
13.4600	492
13.4640	158
13.4680	464
13.4720	160
13.4760	467
13.4800	188
13.4840	485
13.4880	158
13.4920	489
13.4960	168
13.5000	502
13.5040	162
13.5080	532
13.5120	148
13.5160	517
13.5200	177
13.5240	561
13.5280	165
13.5320	464
13.5360	143
13.5400	518
13.5440	180
13.5480	500
13.5520	164
13.5560	474
13.5600	165
13.5640	513
13.5680	139
13.5720	494
13.5760	175
13.5800	494
13.5840	163
13.5880	525
13.5920	151
13.5960	494
13.6000	173
13.6040	475
13.6080	154
13.6120	507
13.6160	128
13.6200	462
13.6240	159
13.6280	480
13.6320	133
13.6360	495
13.6400	162
13.6440	490
13.6480	154
13.6520	473
13.6560	143
13.6600	485
13.6640	145
13.6680	486
13.6720	151
13.6760	478
13.6800	134
13.6840	494
13.6880	145
13.6920	506
13.6960	157
13.7000	508
13.7040	163
13.7080	505
13.7120	141
13.7160	494
13.7200	158
13.7240	512
13.7280	131
13.7320	479
13.7360	143
13.7400	513
13.7440	141
13.7480	504
13.7520	145
13.7560	483
13.7600	150
13.7640	533
13.7680	148
13.7720	498
13.7760	158
13.7800	488
13.7840	142
13.7880	481
13.7920	142
13.7960	504
13.8000	129
13.8040	467
13.8080	131
13.8120	480
13.8160	137
13.8200	476
13.8240	152
13.8280	471
13.8320	153
13.8360	503
13.8400	134
13.8440	506
13.8480	156
13.8520	529
13.8560	161
13.8600	507
13.8640	148
13.8680	490
13.8720	142
13.8760	482
13.8800	146
13.8840	499
13.8880	159
13.8920	477
13.8960	151
13.9000	517
13.9040	153
13.9080	476
13.9120	150
13.9160	501
13.9200	143
13.9240	496
13.9280	164
13.9320	511
13.9360	138
13.9400	479
13.9440	163
13.9480	506
13.9520	157
13.9560	472
13.9600	145
13.9640	492
13.9680	152
13.9720	481
13.9760	140
13.9800	489
13.9840	164
13.9880	495
13.9920	142
13.9960	526
14.0000	137
14.0040	498
14.0080	146
14.0120	504
14.0160	140
14.0200	503
14.0240	143
14.0280	487
14.0320	158
14.0360	534
14.0400	155
14.0440	492
14.0480	156
14.0520	506
14.0560	143
14.0600	500
14.0640	168
14.0680	490
14.0720	145
14.0760	491
14.0800	129
14.0840	477
14.0880	152
14.0920	478
14.0960	137
14.1000	502
14.1040	156
14.1080	486
14.1120	151
14.1160	485
14.1200	149
14.1240	470
14.1280	161
14.1320	512
14.1360	157
14.1400	512
14.1440	144
14.1480	502
14.1520	169
14.1560	481
14.1600	157
14.1640	522
14.1680	146
14.1720	491
14.1760	155
14.1800	520
14.1840	144
14.1880	503
14.1920	165
14.1960	524
14.2000	161
14.2040	449
14.2080	144
14.2120	501
14.2160	159
14.2200	514
14.2240	167
14.2280	508
14.2320	154
14.2360	513
14.2400	153
14.2440	531
14.2480	145
14.2520	477
14.2560	138
14.2600	490
14.2640	146
14.2680	498
14.2720	144
14.2760	489
14.2800	155
14.2840	481
14.2880	154
14.2920	486
14.2960	143
14.3000	500
14.3040	162
14.3080	487
14.3120	147
14.3160	519
14.3200	147
14.3240	487
14.3280	155
14.3320	514
14.3360	152
14.3400	468
14.3440	163
14.3480	516
14.3520	140
14.3560	545
14.3600	169
14.3640	496
14.3680	127
14.3720	477
14.3760	145
14.3800	503
14.3840	153
14.3880	545
14.3920	145
14.3960	486
14.4000	158
14.4040	497
14.4080	151
14.4120	465
14.4160	148
14.4200	490
14.4240	148
14.4280	524
14.4320	156
14.4360	511
14.4400	138
14.4440	497
14.4480	151
14.4520	486
14.4560	151
14.4600	485
14.4640	159
14.4680	494
14.4720	158
14.4760	477
14.4800	161
14.4840	498
14.4880	170
14.4920	517
14.4960	159
14.5000	509
14.5040	152
14.5080	480
14.5120	170
14.5160	476
14.5200	161
14.5240	482
14.5280	149
14.5320	484
14.5360	167
14.5400	502
14.5440	171
14.5480	478
14.5520	154
14.5560	490
14.5600	145
14.5640	537
14.5680	166
14.5720	481
14.5760	119
14.5800	517
14.5840	149
14.5880	479
14.5920	180
14.5960	503
14.6000	158
14.6040	545
14.6080	147
14.6120	473
14.6160	167
14.6200	505
14.6240	156
14.6280	510
14.6320	140
14.6360	502
14.6400	151
14.6440	459
14.6480	142
14.6520	500
14.6560	147
14.6600	519
14.6640	166
14.6680	463
14.6720	162
14.6760	464
14.6800	161
14.6840	502
14.6880	164
14.6920	487
14.6960	137
14.7000	513
14.7040	138
14.7080	495
14.7120	190
14.7160	486
14.7200	160
14.7240	470
14.7280	160
14.7320	547
14.7360	167
14.7400	509
14.7440	147
14.7480	480
14.7520	154
14.7560	537
14.7600	185
14.7640	490
14.7680	172
14.7720	497
14.7760	143
14.7800	466
14.7840	169
14.7880	477
14.7920	155
14.7960	478
14.8000	178
14.8040	476
14.8080	145
14.8120	477
14.8160	163
14.8200	495
14.8240	154
14.8280	510
14.8320	177
14.8360	483
14.8400	168
14.8440	480
14.8480	154
14.8520	496
14.8560	154
14.8600	484
14.8640	162
14.8680	478
14.8720	130
14.8760	461
14.8800	161
14.8840	487
14.8880	160
14.8920	504
14.8960	149
14.9000	460
14.9040	144
14.9080	501
14.9120	168
14.9160	496
14.9200	143
14.9240	490
14.9280	146
14.9320	509
14.9360	161
14.9400	541
14.9440	159
14.9480	475
14.9520	153
14.9560	477
14.9600	171
14.9640	507
14.9680	156
14.9720	471
14.9760	170
14.9800	452
14.9840	151
14.9880	497
14.9920	162
14.9960	480
15.0000	176
15.0040	494
15.0080	155
15.0120	496
15.0160	158
15.0200	515
15.0240	158
15.0280	492
15.0320	150
15.0360	495
15.0400	141
15.0440	478
15.0480	153
15.0520	513
15.0560	157
15.0600	489
15.0640	177
15.0680	500
15.0720	152
15.0760	502
15.0800	165
15.0840	491
15.0880	168
15.0920	516
15.0960	167
15.1000	470
15.1040	183
15.1080	501
15.1120	175
15.1160	484
15.1200	160
15.1240	469
15.1280	186
15.1320	464
15.1360	144
15.1400	464
15.1440	162
15.1480	490
15.1520	152
15.1560	500
15.1600	167
15.1640	497
15.1680	159
15.1720	510
15.1760	166
15.1800	485
15.1840	162
15.1880	460
15.1920	160
15.1960	448
15.2000	172
15.2040	505
15.2080	136
15.2120	481
15.2160	168
15.2200	528
15.2240	155
15.2280	474
15.2320	159
15.2360	521
15.2400	150
15.2440	491
15.2480	150
15.2520	493
15.2560	143
15.2600	474
15.2640	147
15.2680	497
15.2720	151
15.2760	508
15.2800	164
15.2840	521
15.2880	179
15.2920	490
15.2960	148
15.3000	486
15.3040	172
15.3080	477
15.3120	162
15.3160	486
15.3200	168
15.3240	505
15.3280	170
15.3320	527
15.3360	146
15.3400	487
15.3440	159
15.3480	524
15.3520	178
15.3560	499
15.3600	188
15.3640	487
15.3680	160
15.3720	455
15.3760	163
15.3800	493
15.3840	168
15.3880	530
15.3920	167
15.3960	468
15.4000	166
15.4040	464
15.4080	169
15.4120	521
15.4160	146
15.4200	505
15.4240	160
15.4280	490
15.4320	148
15.4360	473
15.4400	150
15.4440	496
15.4480	174
15.4520	479
15.4560	174
15.4600	478
15.4640	167
15.4680	471
15.4720	168
15.4760	516
15.4800	160
15.4840	523
15.4880	162
15.4920	500
15.4960	150
15.5000	502
15.5040	169
15.5080	506
15.5120	158
15.5160	481
15.5200	166
15.5240	491
15.5280	175
15.5320	505
15.5360	163
15.5400	478
15.5440	169
15.5480	504
15.5520	168
15.5560	499
15.5600	174
15.5640	502
15.5680	149
15.5720	484
15.5760	160
15.5800	490
15.5840	148
15.5880	482
15.5920	158
15.5960	493
15.6000	171
15.6040	519
15.6080	161
15.6120	492
15.6160	166
15.6200	498
15.6240	163
15.6280	478
15.6320	171
15.6360	506
15.6400	159
15.6440	496
15.6480	152
15.6520	521
15.6560	169
15.6600	503
15.6640	159
15.6680	505
15.6720	147
15.6760	470
15.6800	144
15.6840	504
15.6880	145
15.6920	477
15.6960	176
15.7000	496
15.7040	162
15.7080	490
15.7120	163
15.7160	482
15.7200	133
15.7240	543
15.7280	170
15.7320	498
15.7360	152
15.7400	486
15.7440	166
15.7480	497
15.7520	146
15.7560	482
15.7600	151
15.7640	509
15.7680	182
15.7720	481
15.7760	143
15.7800	501
15.7840	164
15.7880	541
15.7920	163
15.7960	493
15.8000	137
15.8040	531
15.8080	180
15.8120	501
15.8160	159
15.8200	477
15.8240	155
15.8280	451
15.8320	146
15.8360	493
15.8400	150
15.8440	542
15.8480	147
15.8520	484
15.8560	168
15.8600	477
15.8640	133
15.8680	490
15.8720	162
15.8760	492
15.8800	162
15.8840	502
15.8880	152
15.8920	491
15.8960	171
15.9000	515
15.9040	184
15.9080	499
15.9120	155
15.9160	465
15.9200	164
15.9240	471
15.9280	134
15.9320	515
15.9360	145
15.9400	474
15.9440	142
15.9480	478
15.9520	175
15.9560	458
15.9600	148
15.9640	525
15.9680	160
15.9720	493
15.9760	151
15.9800	497
15.9840	144
15.9880	508
15.9920	154
15.9960	513
16.0000	170
16.0040	462
16.0080	163
16.0120	476
16.0160	164
16.0200	488
16.0240	169
16.0280	485
16.0320	152
16.0360	469
16.0400	166
16.0440	506
16.0480	152
16.0520	477
16.0560	158
16.0600	494
16.0640	162
16.0680	522
16.0720	156
16.0760	478
16.0800	175
16.0840	516
16.0880	159
16.0920	486
16.0960	161
16.1000	490
16.1040	146
16.1080	494
16.1120	169
16.1160	477
16.1200	155
16.1240	498
16.1280	166
16.1320	474
16.1360	139
16.1400	486
16.1440	155
16.1480	513
16.1520	181
16.1560	472
16.1600	155
16.1640	472
16.1680	155
16.1720	530
16.1760	166
16.1800	476
16.1840	172
16.1880	500
16.1920	147
16.1960	520
16.2000	168
16.2040	479
16.2080	151
16.2120	494
16.2160	153
16.2200	506
16.2240	153
16.2280	467
16.2320	144
16.2360	493
16.2400	172
16.2440	547
16.2480	156
16.2520	478
16.2560	153
16.2600	487
16.2640	160
16.2680	501
16.2720	149
16.2760	476
16.2800	148
16.2840	505
16.2880	154
16.2920	525
16.2960	158
16.3000	477
16.3040	159
16.3080	498
16.3120	166
16.3160	492
16.3200	154
16.3240	503
16.3280	174
16.3320	532
16.3360	168
16.3400	540
16.3440	173
16.3480	486
16.3520	151
16.3560	518
16.3600	156
16.3640	534
16.3680	173
16.3720	518
16.3760	162
16.3800	488
16.3840	173
16.3880	495
16.3920	181
16.3960	511
16.4000	185
16.4040	510
16.4080	155
16.4120	513
16.4160	176
16.4200	502
16.4240	162
16.4280	504
16.4320	156
16.4360	479
16.4400	149
16.4440	472
16.4480	155
16.4520	500
16.4560	152
16.4600	484
16.4640	129
16.4680	492
16.4720	150
16.4760	484
16.4800	172
16.4840	500
16.4880	158
16.4920	490
16.4960	152
16.5000	514
16.5040	147
16.5080	520
16.5120	150
16.5160	473
16.5200	153
16.5240	509
16.5280	155
16.5320	475
16.5360	158
16.5400	459
16.5440	146
16.5480	491
16.5520	157
16.5560	515
16.5600	149
16.5640	499
16.5680	164
16.5720	481
16.5760	162
16.5800	496
16.5840	164
16.5880	459
16.5920	145
16.5960	506
16.6000	167
16.6040	512
16.6080	149
16.6120	459
16.6160	162
16.6200	488
16.6240	163
16.6280	485
16.6320	180
16.6360	476
16.6400	142
16.6440	461
16.6480	149
16.6520	496
16.6560	139
16.6600	470
16.6640	151
16.6680	491
16.6720	147
16.6760	458
16.6800	140
16.6840	543
16.6880	138
16.6920	484
16.6960	166
16.7000	505
16.7040	158
16.7080	536
16.7120	154
16.7160	478
16.7200	154
16.7240	455
16.7280	181
16.7320	492
16.7360	153
16.7400	504
16.7440	179
16.7480	495
16.7520	143
16.7560	477
16.7600	185
16.7640	510
16.7680	162
16.7720	480
16.7760	158
16.7800	525
16.7840	163
16.7880	548
16.7920	171
16.7960	491
16.8000	169
16.8040	501
16.8080	166
16.8120	497
16.8160	155
16.8200	500
16.8240	137
16.8280	474
16.8320	158
16.8360	463
16.8400	140
16.8440	486
16.8480	169
16.8520	515
16.8560	136
16.8600	487
16.8640	166
16.8680	483
16.8720	156
16.8760	497
16.8800	173
16.8840	532
16.8880	157
16.8920	485
16.8960	167
16.9000	489
16.9040	141
16.9080	540
16.9120	163
16.9160	486
16.9200	181
16.9240	523
16.9280	171
16.9320	490
16.9360	174
16.9400	530
16.9440	148
16.9480	471
16.9520	148
16.9560	471
16.9600	172
16.9640	479
16.9680	180
16.9720	497
16.9760	177
16.9800	527
16.9840	150
16.9880	484
16.9920	155
16.9960	497
17.0000	174
17.0040	516
17.0080	167
17.0120	502
17.0160	164
17.0200	560
17.0240	165
17.0280	470
17.0320	150
17.0360	483
17.0400	141
17.0440	481
17.0480	167
17.0520	504
17.0560	157
17.0600	490
17.0640	154
17.0680	439
17.0720	170
17.0760	509
17.0800	150
17.0840	479
17.0880	159
17.0920	501
17.0960	159
17.1000	478
17.1040	141
17.1080	507
17.1120	175
17.1160	518
17.1200	159
17.1240	544
17.1280	154
17.1320	475
17.1360	155
17.1400	542
17.1440	156
17.1480	510
17.1520	144
17.1560	480
17.1600	160
17.1640	520
17.1680	157
17.1720	484
17.1760	155
17.1800	502
17.1840	146
17.1880	507
17.1920	153
17.1960	493
17.2000	167
17.2040	519
17.2080	165
17.2120	492
17.2160	154
17.2200	505
17.2240	170
17.2280	499
17.2320	149
17.2360	500
17.2400	164
17.2440	481
17.2480	158
17.2520	507
17.2560	149
17.2600	485
17.2640	143
17.2680	491
17.2720	179
17.2760	498
17.2800	169
17.2840	509
17.2880	163
17.2920	485
17.2960	148
17.3000	495
17.3040	156
17.3080	489
17.3120	161
17.3160	467
17.3200	150
17.3240	473
17.3280	162
17.3320	526
17.3360	181
17.3400	490
17.3440	172
17.3480	501
17.3520	150
17.3560	509
17.3600	132
17.3640	512
17.3680	155
17.3720	508
17.3760	149
17.3800	483
17.3840	136
17.3880	513
17.3920	166
17.3960	482
17.4000	163
17.4040	519
17.4080	144
17.4120	472
17.4160	147
17.4200	517
17.4240	159
17.4280	489
17.4320	148
17.4360	515
17.4400	162
17.4440	525
17.4480	178
17.4520	509
17.4560	165
17.4600	519
17.4640	159
17.4680	481
17.4720	154
17.4760	499
17.4800	152
17.4840	501
17.4880	134
17.4920	505
17.4960	163
17.5000	519
17.5040	152
17.5080	521
17.5120	162
17.5160	505
17.5200	177
17.5240	501
17.5280	145
17.5320	489
17.5360	171
17.5400	481
17.5440	161
17.5480	464
17.5520	163
17.5560	502
17.5600	162
17.5640	483
17.5680	163
17.5720	482
17.5760	165
17.5800	468
17.5840	168
17.5880	493
17.5920	155
17.5960	483
17.6000	171
17.6040	490
17.6080	159
17.6120	525
17.6160	136
17.6200	484
17.6240	175
17.6280	515
17.6320	174
17.6360	500
17.6400	150
17.6440	493
17.6480	147
17.6520	543
17.6560	155
17.6600	495
17.6640	189
17.6680	455
17.6720	156
17.6760	504
17.6800	130
17.6840	456
17.6880	181
17.6920	477
17.6960	156
17.7000	484
17.7040	161
17.7080	495
17.7120	159
17.7160	479
17.7200	149
17.7240	470
17.7280	178
17.7320	496
17.7360	172
17.7400	495
17.7440	177
17.7480	501
17.7520	161
17.7560	542
17.7600	162
17.7640	476
17.7680	157
17.7720	461
17.7760	177
17.7800	501
17.7840	150
17.7880	527
17.7920	161
17.7960	462
17.8000	159
17.8040	466
17.8080	175
17.8120	502
17.8160	168
17.8200	473
17.8240	152
17.8280	508
17.8320	162
17.8360	468
17.8400	147
17.8440	497
17.8480	152
17.8520	501
17.8560	148
17.8600	468
17.8640	170
17.8680	468
17.8720	148
17.8760	501
17.8800	155
17.8840	518
17.8880	164
17.8920	484
17.8960	162
17.9000	468
17.9040	166
17.9080	465
17.9120	158
17.9160	513
17.9200	186
17.9240	496
17.9280	182
17.9320	507
17.9360	173
17.9400	462
17.9440	151
17.9480	464
17.9520	154
17.9560	511
17.9600	136
17.9640	500
17.9680	161
17.9720	492
17.9760	163
17.9800	514
17.9840	160
17.9880	499
17.9920	141
17.9960	489
18.0000	169
18.0040	521
18.0080	153
18.0120	486
18.0160	150
18.0200	471
18.0240	149
18.0280	514
18.0320	146
18.0360	489
18.0400	155
18.0440	508
18.0480	158
18.0520	526
18.0560	163
18.0600	504
18.0640	146
18.0680	487
18.0720	174
18.0760	465
18.0800	147
18.0840	513
18.0880	176
18.0920	486
18.0960	151
18.1000	513
18.1040	157
18.1080	501
18.1120	148
18.1160	492
18.1200	155
18.1240	472
18.1280	147
18.1320	495
18.1360	152
18.1400	499
18.1440	151
18.1480	521
18.1520	140
18.1560	519
18.1600	159
18.1640	487
18.1680	143
18.1720	496
18.1760	164
18.1800	498
18.1840	163
18.1880	515
18.1920	168
18.1960	470
18.2000	157
18.2040	497
18.2080	171
18.2120	482
18.2160	150
18.2200	488
18.2240	148
18.2280	485
18.2320	146
18.2360	482
18.2400	160
18.2440	507
18.2480	173
18.2520	491
18.2560	166
18.2600	496
18.2640	161
18.2680	502
18.2720	158
18.2760	478
18.2800	174
18.2840	471
18.2880	151
18.2920	522
18.2960	145
18.3000	512
18.3040	166
18.3080	469
18.3120	172
18.3160	462
18.3200	157
18.3240	503
18.3280	158
18.3320	479
18.3360	190
18.3400	493
18.3440	143
18.3480	496
18.3520	165
18.3560	515
18.3600	156
18.3640	519
18.3680	167
18.3720	502
18.3760	157
18.3800	498
18.3840	164
18.3880	516
18.3920	156
18.3960	518
18.4000	174
18.4040	494
18.4080	165
18.4120	472
18.4160	149
18.4200	488
18.4240	141
18.4280	487
18.4320	150
18.4360	475
18.4400	151
18.4440	488
18.4480	176
18.4520	474
18.4560	155
18.4600	488
18.4640	169
18.4680	505
18.4720	170
18.4760	501
18.4800	163
18.4840	498
18.4880	155
18.4920	522
18.4960	168
18.5000	522
18.5040	172
18.5080	516
18.5120	179
18.5160	503
18.5200	170
18.5240	492
18.5280	154
18.5320	533
18.5360	182
18.5400	474
18.5440	169
18.5480	526
18.5520	173
18.5560	448
18.5600	161
18.5640	471
18.5680	151
18.5720	469
18.5760	156
18.5800	476
18.5840	156
18.5880	510
18.5920	162
18.5960	489
18.6000	153
18.6040	513
18.6080	176
18.6120	486
18.6160	129
18.6200	500
18.6240	156
18.6280	496
18.6320	143
18.6360	444
18.6400	155
18.6440	486
18.6480	176
18.6520	502
18.6560	122
18.6600	463
18.6640	152
18.6680	530
18.6720	179
18.6760	510
18.6800	157
18.6840	516
18.6880	146
18.6920	520
18.6960	140
18.7000	482
18.7040	165
18.7080	519
18.7120	128
18.7160	491
18.7200	168
18.7240	511
18.7280	163
18.7320	476
18.7360	164
18.7400	468
18.7440	154
18.7480	468
18.7520	167
18.7560	479
18.7600	150
18.7640	517
18.7680	178
18.7720	527
18.7760	139
18.7800	521
18.7840	154
18.7880	516
18.7920	167
18.7960	512
18.8000	165
18.8040	509
18.8080	162
18.8120	449
18.8160	159
18.8200	498
18.8240	158
18.8280	497
18.8320	178
18.8360	499
18.8400	159
18.8440	526
18.8480	150
18.8520	481
18.8560	180
18.8600	496
18.8640	166
18.8680	494
18.8720	184
18.8760	493
18.8800	144
18.8840	515
18.8880	157
18.8920	508
18.8960	176
18.9000	477
18.9040	180
18.9080	514
18.9120	171
18.9160	514
18.9200	157
18.9240	499
18.9280	152
18.9320	479
18.9360	152
18.9400	473
18.9440	133
18.9480	501
18.9520	165
18.9560	496
18.9600	168
18.9640	500
18.9680	158
18.9720	518
18.9760	164
18.9800	483
18.9840	156
18.9880	479
18.9920	149
18.9960	484
19.0000	151
19.0040	477
19.0080	161
19.0120	492
19.0160	163
19.0200	482
19.0240	165
19.0280	474
19.0320	142
19.0360	490
19.0400	176
19.0440	484
19.0480	156
19.0520	466
19.0560	160
19.0600	513
19.0640	179
19.0680	495
19.0720	151
19.0760	501
19.0800	159
19.0840	476
19.0880	151
19.0920	519
19.0960	157
19.1000	500
19.1040	152
19.1080	488
19.1120	171
19.1160	518
19.1200	151
19.1240	500
19.1280	162
19.1320	504
19.1360	168
19.1400	516
19.1440	167
19.1480	509
19.1520	161
19.1560	491
19.1600	142
19.1640	498
19.1680	134
19.1720	519
19.1760	183
19.1800	471
19.1840	169
19.1880	506
19.1920	163
19.1960	488
19.2000	155
19.2040	490
19.2080	149
19.2120	481
19.2160	159
19.2200	491
19.2240	176
19.2280	485
19.2320	162
19.2360	473
19.2400	144
19.2440	504
19.2480	161
19.2520	470
19.2560	146
19.2600	492
19.2640	159
19.2680	479
19.2720	153
19.2760	465
19.2800	147
19.2840	500
19.2880	164
19.2920	491
19.2960	154
19.3000	485
19.3040	170
19.3080	459
19.3120	153
19.3160	485
19.3200	168
19.3240	513
19.3280	128
19.3320	453
19.3360	150
19.3400	485
19.3440	161
19.3480	511
19.3520	158
19.3560	489
19.3600	168
19.3640	505
19.3680	158
19.3720	495
19.3760	153
19.3800	476
19.3840	150
19.3880	484
19.3920	153
19.3960	481
19.4000	154
19.4040	523
19.4080	201
19.4120	510
19.4160	166
19.4200	470
19.4240	162
19.4280	492
19.4320	165
19.4360	483
19.4400	176
19.4440	509
19.4480	171
19.4520	489
19.4560	154
19.4600	451
19.4640	169
19.4680	504
19.4720	165
19.4760	506
19.4800	156
19.4840	475
19.4880	164
19.4920	476
19.4960	148
19.5000	501
19.5040	147
19.5080	516
19.5120	164
19.5160	509
19.5200	171
19.5240	469
19.5280	150
19.5320	508
19.5360	154
19.5400	501
19.5440	167
19.5480	500
19.5520	183
19.5560	521
19.5600	148
19.5640	505
19.5680	157
19.5720	470
19.5760	163
19.5800	516
19.5840	151
19.5880	465
19.5920	158
19.5960	475
19.6000	168
19.6040	475
19.6080	151
19.6120	500
19.6160	154
19.6200	480
19.6240	150
19.6280	468
19.6320	148
19.6360	489
19.6400	153
19.6440	523
19.6480	164
19.6520	485
19.6560	173
19.6600	506
19.6640	165
19.6680	499
19.6720	164
19.6760	530
19.6800	154
19.6840	482
19.6880	161
19.6920	500
19.6960	170
19.7000	507
19.7040	173
19.7080	512
19.7120	165
19.7160	490
19.7200	174
19.7240	497
19.7280	130
19.7320	501
19.7360	164
19.7400	501
19.7440	159
19.7480	493
19.7520	167
19.7560	500
19.7600	137
19.7640	508
19.7680	162
19.7720	494
19.7760	129
19.7800	512
19.7840	165
19.7880	494
19.7920	143
19.7960	507
19.8000	151
19.8040	512
19.8080	147
19.8120	536
19.8160	161
19.8200	486
19.8240	164
19.8280	475
19.8320	147
19.8360	482
19.8400	164
19.8440	455
19.8480	160
19.8520	468
19.8560	169
19.8600	488
19.8640	135
19.8680	495
19.8720	155
19.8760	520
19.8800	151
19.8840	450
19.8880	148
19.8920	478
19.8960	165
19.9000	533
19.9040	140
19.9080	561
19.9120	157
19.9160	493
19.9200	157
19.9240	513
19.9280	125
19.9320	517
19.9360	151
19.9400	450
19.9440	134
19.9480	482
19.9520	135
19.9560	476
19.9600	155
19.9640	497
19.9680	148
19.9720	534
19.9760	139
19.9800	497
19.9840	139
19.9880	500
19.9920	130
19.9960	506
