0.0000	313
0.0050	197
0.0100	509
0.0150	507
0.0200	213
0.0250	160
0.0300	479
0.0350	489
0.0400	238
0.0450	175
0.0500	496
0.0550	539
0.0600	240
0.0650	188
0.0700	469
0.0750	496
0.0800	231
0.0850	172
0.0900	487
0.0950	481
0.1000	217
0.1050	168
0.1100	497
0.1150	474
0.1200	242
0.1250	172
0.1300	482
0.1350	504
0.1400	215
0.1450	166
0.1500	469
0.1550	510
0.1600	236
0.1650	169
0.1700	487
0.1750	492
0.1800	207
0.1850	145
0.1900	508
0.1950	509
0.2000	233
0.2050	159
0.2100	496
0.2150	490
0.2200	214
0.2250	154
0.2300	451
0.2350	506
0.2400	219
0.2450	152
0.2500	502
0.2550	527
0.2600	244
0.2650	162
0.2700	479
0.2750	517
0.2800	232
0.2850	155
0.2900	489
0.2950	487
0.3000	207
0.3050	171
0.3100	488
0.3150	506
0.3200	206
0.3250	145
0.3300	478
0.3350	478
0.3400	230
0.3450	163
0.3500	502
0.3550	521
0.3600	247
0.3650	185
0.3700	526
0.3750	518
0.3800	232
0.3850	157
0.3900	487
0.3950	504
0.4000	211
0.4050	161
0.4100	505
0.4150	483
0.4200	233
0.4250	186
0.4300	484
0.4350	478
0.4400	217
0.4450	173
0.4500	456
0.4550	512
0.4600	237
0.4650	178
0.4700	488
0.4750	513
0.4800	241
0.4850	159
0.4900	480
0.4950	500
0.5000	219
0.5050	180
0.5100	477
0.5150	499
0.5200	242
0.5250	179
0.5300	510
0.5350	540
0.5400	254
0.5450	185
0.5500	493
0.5550	525
0.5600	245
0.5650	173
0.5700	461
0.5750	520
0.5800	238
0.5850	160
0.5900	495
0.5950	481
0.6000	231
0.6050	181
0.6100	534
0.6150	509
0.6200	239
0.6250	148
0.6300	491
0.6350	465
0.6400	205
0.6450	178
0.6500	489
0.6550	532
0.6600	218
0.6650	169
0.6700	477
0.6750	514
0.6800	226
0.6850	150
0.6900	489
0.6950	480
0.7000	218
0.7050	158
0.7100	472
0.7150	513
0.7200	213
0.7250	150
0.7300	493
0.7350	540
0.7400	237
0.7450	149
0.7500	537
0.7550	545
0.7600	215
0.7650	162
0.7700	484
0.7750	475
0.7800	212
0.7850	172
0.7900	492
0.7950	502
0.8000	233
0.8050	152
0.8100	506
0.8150	520
0.8200	234
0.8250	150
0.8300	508
0.8350	495
0.8400	244
0.8450	162
0.8500	516
0.8550	474
0.8600	229
0.8650	166
0.8700	489
0.8750	513
0.8800	212
0.8850	159
0.8900	520
0.8950	492
0.9000	222
0.9050	149
0.9100	476
0.9150	531
0.9200	215
0.9250	193
0.9300	479
0.9350	491
0.9400	227
0.9450	154
0.9500	511
0.9550	515
0.9600	234
0.9650	164
0.9700	514
0.9750	520
0.9800	245
0.9850	148
0.9900	507
0.9950	489
1.0000	228
1.0050	159
1.0100	517
1.0150	498
1.0200	220
1.0250	150
1.0300	483
1.0350	499
1.0400	223
1.0450	161
1.0500	494
1.0550	518
1.0600	201
1.0650	160
1.0700	494
1.0750	508
1.0800	217
1.0850	171
1.0900	494
1.0950	512
1.1000	220
1.1050	168
1.1100	514
1.1150	485
1.1200	238
1.1250	152
1.1300	498
1.1350	489
1.1400	224
1.1450	168
1.1500	468
1.1550	487
1.1600	225
1.1650	167
1.1700	473
1.1750	495
1.1800	209
1.1850	149
1.1900	518
1.1950	500
1.2000	229
1.2050	143
1.2100	504
1.2150	525
1.2200	237
1.2250	169
1.2300	524
1.2350	488
1.2400	214
1.2450	152
1.2500	489
1.2550	496
1.2600	219
1.2650	143
1.2700	473
1.2750	477
1.2800	210
1.2850	184
1.2900	517
1.2950	484
1.3000	237
1.3050	157
1.3100	514
1.3150	497
1.3200	224
1.3250	175
1.3300	500
1.3350	502
1.3400	217
1.3450	164
1.3500	474
1.3550	519
1.3600	229
1.3650	165
1.3700	518
1.3750	508
1.3800	233
1.3850	159
1.3900	503
1.3950	472
1.4000	203
1.4050	177
1.4100	499
1.4150	519
1.4200	225
1.4250	151
1.4300	479
1.4350	475
1.4400	215
1.4450	178
1.4500	468
1.4550	523
1.4600	213
1.4650	170
1.4700	472
1.4750	481
1.4800	233
1.4850	147
1.4900	464
1.4950	515
1.5000	216
1.5050	170
1.5100	472
1.5150	487
1.5200	234
1.5250	154
1.5300	474
1.5350	513
1.5400	220
1.5450	176
1.5500	477
1.5550	503
1.5600	224
1.5650	176
1.5700	511
1.5750	517
1.5800	228
1.5850	169
1.5900	498
1.5950	501
1.6000	225
1.6050	169
1.6100	487
1.6150	475
1.6200	239
1.6250	179
1.6300	503
1.6350	540
1.6400	224
1.6450	160
1.6500	453
1.6550	477
1.6600	209
1.6650	146
1.6700	479
1.6750	543
1.6800	232
1.6850	171
1.6900	485
1.6950	484
1.7000	232
1.7050	155
1.7100	500
1.7150	502
1.7200	238
1.7250	162
1.7300	510
1.7350	467
1.7400	237
1.7450	169
1.7500	509
1.7550	505
1.7600	224
1.7650	167
1.7700	511
1.7750	547
1.7800	207
1.7850	159
1.7900	515
1.7950	481
1.8000	228
1.8050	157
1.8100	521
1.8150	501
1.8200	196
1.8250	162
1.8300	533
1.8350	503
1.8400	204
1.8450	155
1.8500	487
1.8550	520
1.8600	209
1.8650	157
1.8700	477
1.8750	496
1.8800	226
1.8850	172
1.8900	517
1.8950	509
1.9000	219
1.9050	178
1.9100	524
1.9150	531
1.9200	205
1.9250	175
1.9300	490
1.9350	495
1.9400	221
1.9450	151
1.9500	497
1.9550	475
1.9600	236
1.9650	158
1.9700	428
1.9750	531
1.9800	208
1.9850	168
1.9900	479
1.9950	496
2.0000	224
2.0050	153
2.0100	460
2.0150	490
2.0200	212
2.0250	170
2.0300	488
2.0350	486
2.0400	230
2.0450	165
2.0500	491
2.0550	540
2.0600	237
2.0650	153
2.0700	506
2.0750	506
2.0800	225
2.0850	158
2.0900	471
2.0950	495
2.1000	222
2.1050	162
2.1100	480
2.1150	506
2.1200	214
2.1250	169
2.1300	466
2.1350	511
2.1400	201
2.1450	166
2.1500	466
2.1550	493
2.1600	204
2.1650	167
2.1700	539
2.1750	534
2.1800	223
2.1850	158
2.1900	515
2.1950	524
2.2000	191
2.2050	164
2.2100	507
2.2150	507
2.2200	232
2.2250	153
2.2300	495
2.2350	528
2.2400	226
2.2450	176
2.2500	471
2.2550	473
2.2600	217
2.2650	152
2.2700	474
2.2750	510
2.2800	227
2.2850	167
2.2900	471
2.2950	515
2.3000	220
2.3050	163
2.3100	508
2.3150	503
2.3200	199
2.3250	149
2.3300	536
2.3350	476
2.3400	207
2.3450	162
2.3500	493
2.3550	491
2.3600	221
2.3650	126
2.3700	503
2.3750	529
2.3800	195
2.3850	169
2.3900	488
2.3950	539
2.4000	232
2.4050	151
2.4100	502
2.4150	518
2.4200	203
2.4250	164
2.4300	503
2.4350	441
2.4400	232
2.4450	143
2.4500	473
2.4550	504
2.4600	232
2.4650	134
2.4700	471
2.4750	559
2.4800	206
2.4850	164
2.4900	513
2.4950	514
2.5000	221
2.5050	182
2.5100	466
2.5150	498
2.5200	248
2.5250	152
2.5300	469
2.5350	471
2.5400	246
2.5450	180
2.5500	490
2.5550	533
2.5600	231
2.5650	160
2.5700	456
2.5750	528
2.5800	216
2.5850	163
2.5900	488
2.5950	516
2.6000	235
2.6050	135
2.6100	487
2.6150	474
2.6200	193
2.6250	135
2.6300	519
2.6350	508
2.6400	214
2.6450	157
2.6500	501
2.6550	479
2.6600	210
2.6650	153
2.6700	522
2.6750	505
2.6800	215
2.6850	176
2.6900	472
2.6950	473
2.7000	225
2.7050	136
2.7100	462
2.7150	539
2.7200	218
2.7250	156
2.7300	436
2.7350	478
2.7400	236
2.7450	149
2.7500	498
2.7550	514
2.7600	245
2.7650	162
2.7700	495
2.7750	500
2.7800	203
2.7850	153
2.7900	473
2.7950	512
2.8000	228
2.8050	164
2.8100	495
2.8150	523
2.8200	221
2.8250	157
2.8300	515
2.8350	514
2.8400	219
2.8450	170
2.8500	526
2.8550	519
2.8600	209
2.8650	162
2.8700	526
2.8750	497
2.8800	243
2.8850	161
2.8900	502
2.8950	521
2.9000	239
2.9050	158
2.9100	487
2.9150	514
2.9200	218
2.9250	150
2.9300	522
2.9350	491
2.9400	237
2.9450	176
2.9500	490
2.9550	492
2.9600	225
2.9650	163
2.9700	490
2.9750	473
2.9800	233
2.9850	185
2.9900	481
2.9950	529
3.0000	205
3.0050	190
3.0100	460
3.0150	517
3.0200	220
3.0250	168
3.0300	495
3.0350	510
3.0400	213
3.0450	153
3.0500	491
3.0550	533
3.0600	203
3.0650	166
3.0700	453
3.0750	522
3.0800	235
3.0850	147
3.0900	460
3.0950	464
3.1000	224
3.1050	178
3.1100	475
3.1150	512
3.1200	230
3.1250	162
3.1300	474
3.1350	488
3.1400	217
3.1450	164
3.1500	535
3.1550	493
3.1600	224
3.1650	156
3.1700	485
3.1750	465
3.1800	234
3.1850	166
3.1900	516
3.1950	525
3.2000	209
3.2050	176
3.2100	505
3.2150	541
3.2200	213
3.2250	169
3.2300	484
3.2350	514
3.2400	226
3.2450	157
3.2500	501
3.2550	512
3.2600	210
3.2650	157
3.2700	509
3.2750	501
3.2800	221
3.2850	187
3.2900	507
3.2950	503
3.3000	221
3.3050	154
3.3100	489
3.3150	478
3.3200	220
3.3250	157
3.3300	514
3.3350	455
3.3400	219
3.3450	154
3.3500	499
3.3550	503
3.3600	218
3.3650	161
3.3700	504
3.3750	486
3.3800	230
3.3850	143
3.3900	503
3.3950	513
3.4000	214
3.4050	158
3.4100	499
3.4150	499
3.4200	202
3.4250	152
3.4300	488
3.4350	517
3.4400	216
3.4450	172
3.4500	488
3.4550	517
3.4600	221
3.4650	165
3.4700	484
3.4750	500
3.4800	202
3.4850	146
3.4900	466
3.4950	500
3.5000	249
3.5050	139
3.5100	471
3.5150	486
3.5200	194
3.5250	169
3.5300	534
3.5350	486
3.5400	220
3.5450	171
3.5500	520
3.5550	496
3.5600	192
3.5650	150
3.5700	481
3.5750	510
3.5800	218
3.5850	154
3.5900	455
3.5950	496
3.6000	216
3.6050	169
3.6100	518
3.6150	507
3.6200	237
3.6250	149
3.6300	488
3.6350	462
3.6400	220
3.6450	150
3.6500	481
3.6550	504
3.6600	215
3.6650	147
3.6700	531
3.6750	501
3.6800	215
3.6850	173
3.6900	478
3.6950	492
3.7000	231
3.7050	161
3.7100	453
3.7150	515
3.7200	230
3.7250	166
3.7300	483
3.7350	488
3.7400	218
3.7450	167
3.7500	458
3.7550	505
3.7600	199
3.7650	155
3.7700	475
3.7750	494
3.7800	253
3.7850	155
3.7900	501
3.7950	494
3.8000	215
3.8050	135
3.8100	517
3.8150	535
3.8200	230
3.8250	167
3.8300	511
3.8350	495
3.8400	217
3.8450	152
3.8500	509
3.8550	523
3.8600	223
3.8650	170
3.8700	459
3.8750	576
3.8800	203
3.8850	181
3.8900	502
3.8950	519
3.9000	224
3.9050	164
3.9100	490
3.9150	475
3.9200	249
3.9250	149
3.9300	503
3.9350	460
3.9400	225
3.9450	157
3.9500	480
3.9550	489
3.9600	234
3.9650	152
3.9700	465
3.9750	493
3.9800	238
3.9850	156
3.9900	452
3.9950	538
4.0000	214
4.0050	155
4.0100	496
4.0150	478
4.0200	203
4.0250	184
4.0300	555
4.0350	514
4.0400	231
4.0450	162
4.0500	499
4.0550	483
4.0600	242
4.0650	151
4.0700	490
4.0750	515
4.0800	217
4.0850	152
4.0900	498
4.0950	501
4.1000	209
4.1050	130
4.1100	492
4.1150	483
4.1200	199
4.1250	172
4.1300	499
4.1350	490
4.1400	213
4.1450	157
4.1500	514
4.1550	487
4.1600	197
4.1650	163
4.1700	508
4.1750	526
4.1800	216
4.1850	159
4.1900	506
4.1950	475
4.2000	196
4.2050	159
4.2100	490
4.2150	558
4.2200	232
4.2250	147
4.2300	495
4.2350	482
4.2400	227
4.2450	147
4.2500	496
4.2550	508
4.2600	209
4.2650	168
4.2700	493
4.2750	498
4.2800	219
4.2850	124
4.2900	486
4.2950	464
4.3000	212
4.3050	151
4.3100	510
4.3150	494
4.3200	209
4.3250	153
4.3300	499
4.3350	500
4.3400	206
4.3450	146
4.3500	512
4.3550	492
4.3600	219
4.3650	158
4.3700	512
4.3750	511
4.3800	218
4.3850	183
4.3900	480
4.3950	472
4.4000	224
4.4050	162
4.4100	480
4.4150	522
4.4200	211
4.4250	166
4.4300	480
4.4350	533
4.4400	210
4.4450	160
4.4500	497
4.4550	504
4.4600	192
4.4650	160
4.4700	483
4.4750	512
4.4800	192
4.4850	137
4.4900	474
4.4950	491
4.5000	197
4.5050	150
4.5100	484
4.5150	504
4.5200	200
4.5250	150
4.5300	504
4.5350	522
4.5400	210
4.5450	134
4.5500	479
4.5550	492
4.5600	195
4.5650	157
4.5700	472
4.5750	521
4.5800	205
4.5850	152
4.5900	489
4.5950	512
4.6000	233
4.6050	165
4.6100	513
4.6150	485
4.6200	206
4.6250	171
4.6300	503
4.6350	500
4.6400	219
4.6450	148
4.6500	545
4.6550	490
4.6600	198
4.6650	156
4.6700	465
4.6750	525
4.6800	213
4.6850	152
4.6900	516
4.6950	503
4.7000	184
4.7050	130
4.7100	470
4.7150	536
4.7200	237
4.7250	148
4.7300	486
4.7350	497
4.7400	204
4.7450	148
4.7500	499
4.7550	497
4.7600	221
4.7650	145
4.7700	462
4.7750	484
4.7800	208
4.7850	151
4.7900	482
4.7950	496
4.8000	207
4.8050	169
4.8100	522
4.8150	495
4.8200	208
4.8250	177
4.8300	499
4.8350	484
4.8400	223
4.8450	160
4.8500	485
4.8550	523
4.8600	222
4.8650	168
4.8700	485
4.8750	501
4.8800	209
4.8850	151
4.8900	500
4.8950	509
4.9000	230
4.9050	169
4.9100	511
4.9150	498
4.9200	210
4.9250	145
4.9300	516
4.9350	536
4.9400	209
4.9450	164
4.9500	500
4.9550	475
4.9600	218
4.9650	183
4.9700	488
4.9750	517
4.9800	217
4.9850	162
4.9900	463
4.9950	480
5.0000	207
5.0050	144
5.0100	517
5.0150	507
5.0200	221
5.0250	151
5.0300	524
5.0350	488
5.0400	208
5.0450	155
5.0500	468
5.0550	504
5.0600	189
5.0650	143
5.0700	484
5.0750	522
5.0800	198
5.0850	152
5.0900	526
5.0950	513
5.1000	197
5.1050	141
5.1100	493
5.1150	531
5.1200	205
5.1250	164
5.1300	468
5.1350	538
5.1400	197
5.1450	149
5.1500	475
5.1550	471
5.1600	194
5.1650	143
5.1700	483
5.1750	510
5.1800	205
5.1850	154
5.1900	496
5.1950	456
5.2000	211
5.2050	128
5.2100	508
5.2150	485
5.2200	227
5.2250	147
5.2300	504
5.2350	509
5.2400	180
5.2450	131
5.2500	485
5.2550	543
5.2600	188
5.2650	151
5.2700	464
5.2750	499
5.2800	199
5.2850	137
5.2900	491
5.2950	499
5.3000	194
5.3050	157
5.3100	505
5.3150	559
5.3200	219
5.3250	153
5.3300	473
5.3350	519
5.3400	201
5.3450	132
5.3500	508
5.3550	501
5.3600	207
5.3650	142
5.3700	507
5.3750	490
5.3800	202
5.3850	136
5.3900	520
5.3950	469
5.4000	203
5.4050	153
5.4100	504
5.4150	490
5.4200	201
5.4250	136
5.4300	485
5.4350	473
5.4400	211
5.4450	134
5.4500	476
5.4550	499
5.4600	192
5.4650	141
5.4700	472
5.4750	472
5.4800	206
5.4850	150
5.4900	520
5.4950	509
5.5000	211
5.5050	161
5.5100	517
5.5150	521
5.5200	203
5.5250	162
5.5300	478
5.5350	525
5.5400	210
5.5450	142
5.5500	520
5.5550	488
5.5600	221
5.5650	145
5.5700	471
5.5750	496
5.5800	192
5.5850	139
5.5900	482
5.5950	508
5.6000	197
5.6050	130
5.6100	481
5.6150	509
5.6200	202
5.6250	133
5.6300	500
5.6350	487
5.6400	194
5.6450	136
5.6500	494
5.6550	532
5.6600	207
5.6650	141
5.6700	475
5.6750	537
5.6800	211
5.6850	153
5.6900	514
5.6950	492
5.7000	208
5.7050	158
5.7100	504
5.7150	514
5.7200	204
5.7250	132
5.7300	474
5.7350	521
5.7400	191
5.7450	142
5.7500	508
5.7550	508
5.7600	180
5.7650	133
5.7700	503
5.7750	488
5.7800	215
5.7850	140
5.7900	517
5.7950	513
5.8000	221
5.8050	160
5.8100	494
5.8150	522
5.8200	195
5.8250	142
5.8300	513
5.8350	479
5.8400	181
5.8450	128
5.8500	498
5.8550	527
5.8600	207
5.8650	146
5.8700	477
5.8750	499
5.8800	208
5.8850	143
5.8900	472
5.8950	507
5.9000	190
5.9050	136
5.9100	484
5.9150	527
5.9200	225
5.9250	133
5.9300	449
5.9350	502
5.9400	208
5.9450	127
5.9500	486
5.9550	518
5.9600	211
5.9650	122
5.9700	434
5.9750	476
5.9800	196
5.9850	126
5.9900	498
5.9950	530
6.0000	195
6.0050	144
6.0100	491
6.0150	520
6.0200	184
6.0250	159
6.0300	508
6.0350	496
6.0400	215
6.0450	137
6.0500	444
6.0550	518
6.0600	199
6.0650	157
6.0700	454
6.0750	469
6.0800	212
6.0850	151
6.0900	512
6.0950	519
6.1000	228
6.1050	172
6.1100	505
6.1150	492
6.1200	218
6.1250	149
6.1300	474
6.1350	534
6.1400	204
6.1450	130
6.1500	489
6.1550	479
6.1600	171
6.1650	149
6.1700	455
6.1750	500
6.1800	238
6.1850	138
6.1900	498
6.1950	495
6.2000	208
6.2050	125
6.2100	494
6.2150	491
6.2200	207
6.2250	166
6.2300	526
6.2350	491
6.2400	221
6.2450	141
6.2500	471
6.2550	507
6.2600	196
6.2650	128
6.2700	493
6.2750	486
6.2800	200
6.2850	135
6.2900	508
6.2950	495
6.3000	209
6.3050	142
6.3100	487
6.3150	484
6.3200	203
6.3250	132
6.3300	534
6.3350	502
6.3400	180
6.3450	161
6.3500	498
6.3550	517
6.3600	182
6.3650	126
6.3700	514
6.3750	499
6.3800	194
6.3850	143
6.3900	494
6.3950	469
6.4000	193
6.4050	137
6.4100	530
6.4150	504
6.4200	204
6.4250	135
6.4300	458
6.4350	517
6.4400	228
6.4450	150
6.4500	469
6.4550	499
6.4600	217
6.4650	148
6.4700	493
6.4750	481
6.4800	202
6.4850	165
6.4900	464
6.4950	509
6.5000	200
6.5050	142
6.5100	498
6.5150	512
6.5200	194
6.5250	151
6.5300	521
6.5350	485
6.5400	177
6.5450	132
6.5500	506
6.5550	474
6.5600	195
6.5650	130
6.5700	509
6.5750	529
6.5800	196
6.5850	124
6.5900	523
6.5950	516
6.6000	185
6.6050	150
6.6100	522
6.6150	498
6.6200	192
6.6250	134
6.6300	491
6.6350	543
6.6400	199
6.6450	145
6.6500	524
6.6550	499
6.6600	223
6.6650	151
6.6700	499
6.6750	475
6.6800	216
6.6850	128
6.6900	503
6.6950	498
6.7000	192
6.7050	146
6.7100	477
6.7150	511
6.7200	194
6.7250	146
6.7300	468
6.7350	503
6.7400	193
6.7450	154
6.7500	529
6.7550	500
6.7600	185
6.7650	132
6.7700	481
6.7750	494
6.7800	233
6.7850	131
6.7900	500
6.7950	510
6.8000	193
6.8050	149
6.8100	500
6.8150	529
6.8200	208
6.8250	142
6.8300	506
6.8350	507
6.8400	208
6.8450	129
6.8500	503
6.8550	486
6.8600	192
6.8650	156
6.8700	493
6.8750	514
6.8800	225
6.8850	144
6.8900	510
6.8950	487
6.9000	176
6.9050	135
6.9100	496
6.9150	520
6.9200	202
6.9250	117
6.9300	505
6.9350	489
6.9400	205
6.9450	119
6.9500	509
6.9550	495
6.9600	196
6.9650	123
6.9700	521
6.9750	495
6.9800	195
6.9850	166
6.9900	498
6.9950	498
7.0000	204
7.0050	138
7.0100	485
7.0150	512
7.0200	197
7.0250	130
7.0300	496
7.0350	534
7.0400	207
7.0450	156
7.0500	451
7.0550	508
7.0600	194
7.0650	147
7.0700	487
7.0750	500
7.0800	215
7.0850	153
7.0900	515
7.0950	510
7.1000	210
7.1050	144
7.1100	503
7.1150	471
7.1200	206
7.1250	148
7.1300	462
7.1350	513
7.1400	212
7.1450	147
7.1500	470
7.1550	508
7.1600	202
7.1650	144
7.1700	480
7.1750	502
7.1800	207
7.1850	154
7.1900	478
7.1950	489
7.2000	241
7.2050	130
7.2100	491
7.2150	492
7.2200	207
7.2250	162
7.2300	500
7.2350	493
7.2400	177
7.2450	163
7.2500	503
7.2550	512
7.2600	186
7.2650	141
7.2700	510
7.2750	522
7.2800	211
7.2850	131
7.2900	498
7.2950	498
7.3000	204
7.3050	189
7.3100	488
7.3150	491
7.3200	198
7.3250	150
7.3300	513
7.3350	497
7.3400	210
7.3450	137
7.3500	515
7.3550	496
7.3600	223
7.3650	129
7.3700	466
7.3750	495
7.3800	221
7.3850	154
7.3900	464
7.3950	535
7.4000	219
7.4050	180
7.4100	515
7.4150	528
7.4200	200
7.4250	171
7.4300	521
7.4350	470
7.4400	208
7.4450	135
7.4500	524
7.4550	524
7.4600	197
7.4650	149
7.4700	548
7.4750	497
7.4800	223
7.4850	139
7.4900	495
7.4950	518
7.5000	195
7.5050	152
7.5100	480
7.5150	504
7.5200	194
7.5250	144
7.5300	515
7.5350	512
7.5400	219
7.5450	154
7.5500	516
7.5550	490
7.5600	228
7.5650	149
7.5700	518
7.5750	488
7.5800	228
7.5850	151
7.5900	492
7.5950	474
7.6000	200
7.6050	145
7.6100	520
7.6150	506
7.6200	182
7.6250	162
7.6300	492
7.6350	492
7.6400	205
7.6450	148
7.6500	458
7.6550	502
7.6600	209
7.6650	163
7.6700	499
7.6750	495
7.6800	216
7.6850	155
7.6900	503
7.6950	513
7.7000	205
7.7050	151
7.7100	470
7.7150	514
7.7200	219
7.7250	140
7.7300	493
7.7350	505
7.7400	226
7.7450	144
7.7500	535
7.7550	514
7.7600	211
7.7650	147
7.7700	525
7.7750	461
7.7800	180
7.7850	143
7.7900	481
7.7950	502
7.8000	215
7.8050	140
7.8100	487
7.8150	516
7.8200	208
7.8250	159
7.8300	468
7.8350	513
7.8400	204
7.8450	134
7.8500	494
7.8550	504
7.8600	202
7.8650	175
7.8700	490
7.8750	501
7.8800	234
7.8850	141
7.8900	492
7.8950	508
7.9000	211
7.9050	148
7.9100	521
7.9150	499
7.9200	212
7.9250	146
7.9300	514
7.9350	491
7.9400	206
7.9450	140
7.9500	501
7.9550	463
7.9600	189
7.9650	141
7.9700	505
7.9750	509
7.9800	232
7.9850	155
7.9900	491
7.9950	493
8.0000	247
8.0050	150
8.0100	480
8.0150	519
8.0200	210
8.0250	139
8.0300	519
8.0350	499
8.0400	202
8.0450	156
8.0500	459
8.0550	526
8.0600	205
8.0650	140
8.0700	541
8.0750	494
8.0800	210
8.0850	159
8.0900	510
8.0950	476
8.1000	197
8.1050	161
8.1100	507
8.1150	514
8.1200	222
8.1250	149
8.1300	470
8.1350	472
8.1400	231
8.1450	138
8.1500	492
8.1550	506
8.1600	200
8.1650	147
8.1700	483
8.1750	499
8.1800	196
8.1850	147
8.1900	479
8.1950	510
8.2000	213
8.2050	142
8.2100	493
8.2150	521
8.2200	198
8.2250	148
8.2300	518
8.2350	542
8.2400	179
8.2450	154
8.2500	494
8.2550	544
8.2600	203
8.2650	147
8.2700	477
8.2750	470
8.2800	217
8.2850	150
8.2900	477
8.2950	485
8.3000	207
8.3050	148
8.3100	497
8.3150	514
8.3200	191
8.3250	149
8.3300	472
8.3350	477
8.3400	204
8.3450	121
8.3500	522
8.3550	485
8.3600	180
8.3650	134
8.3700	542
8.3750	523
8.3800	195
8.3850	144
8.3900	488
8.3950	494
8.4000	231
8.4050	142
8.4100	485
8.4150	499
8.4200	206
8.4250	149
8.4300	496
8.4350	520
8.4400	170
8.4450	151
8.4500	480
8.4550	488
8.4600	200
8.4650	134
8.4700	516
8.4750	500
8.4800	192
8.4850	131
8.4900	516
8.4950	501
8.5000	221
8.5050	157
8.5100	489
8.5150	510
8.5200	201
8.5250	148
8.5300	486
8.5350	498
8.5400	176
8.5450	181
8.5500	515
8.5550	530
8.5600	209
8.5650	135
8.5700	468
8.5750	515
8.5800	199
8.5850	166
8.5900	514
8.5950	508
8.6000	204
8.6050	151
8.6100	502
8.6150	520
8.6200	192
8.6250	146
8.6300	516
8.6350	479
8.6400	206
8.6450	140
8.6500	484
8.6550	514
8.6600	189
8.6650	150
8.6700	445
8.6750	522
8.6800	194
8.6850	157
8.6900	486
8.6950	509
8.7000	208
8.7050	138
8.7100	465
8.7150	518
8.7200	209
8.7250	164
8.7300	475
8.7350	531
8.7400	189
8.7450	141
8.7500	536
8.7550	458
8.7600	192
8.7650	151
8.7700	477
8.7750	480
8.7800	211
8.7850	155
8.7900	508
8.7950	482
8.8000	214
8.8050	152
8.8100	481
8.8150	507
8.8200	192
8.8250	130
8.8300	495
8.8350	480
8.8400	192
8.8450	148
8.8500	517
8.8550	503
8.8600	196
8.8650	137
8.8700	511
8.8750	483
8.8800	198
8.8850	129
8.8900	482
8.8950	543
8.9000	192
8.9050	133
8.9100	512
8.9150	509
8.9200	191
8.9250	170
8.9300	526
8.9350	522
8.9400	204
8.9450	150
8.9500	503
8.9550	506
8.9600	193
8.9650	133
8.9700	482
8.9750	498
8.9800	193
8.9850	171
8.9900	466
8.9950	490
9.0000	202
9.0050	148
9.0100	489
9.0150	526
9.0200	196
9.0250	150
9.0300	496
9.0350	499
9.0400	217
9.0450	139
9.0500	496
9.0550	508
9.0600	209
9.0650	152
9.0700	501
9.0750	519
9.0800	177
9.0850	129
9.0900	499
9.0950	500
9.1000	197
9.1050	139
9.1100	501
9.1150	515
9.1200	211
9.1250	128
9.1300	461
9.1350	519
9.1400	213
9.1450	148
9.1500	507
9.1550	489
9.1600	188
9.1650	135
9.1700	489
9.1750	489
9.1800	198
9.1850	160
9.1900	515
9.1950	520
9.2000	191
9.2050	131
9.2100	525
9.2150	494
9.2200	210
9.2250	142
9.2300	506
9.2350	501
9.2400	192
9.2450	132
9.2500	486
9.2550	489
9.2600	172
9.2650	155
9.2700	505
9.2750	519
9.2800	205
9.2850	140
9.2900	527
9.2950	532
9.3000	195
9.3050	150
9.3100	489
9.3150	509
9.3200	197
9.3250	145
9.3300	480
9.3350	526
9.3400	204
9.3450	143
9.3500	479
9.3550	552
9.3600	216
9.3650	134
9.3700	514
9.3750	475
9.3800	214
9.3850	109
9.3900	484
9.3950	484
9.4000	196
9.4050	155
9.4100	457
9.4150	493
9.4200	209
9.4250	158
9.4300	527
9.4350	540
9.4400	222
9.4450	138
9.4500	520
9.4550	495
9.4600	188
9.4650	135
9.4700	495
9.4750	529
9.4800	200
9.4850	133
9.4900	483
9.4950	497
9.5000	200
9.5050	150
9.5100	507
9.5150	469
9.5200	209
9.5250	148
9.5300	481
9.5350	483
9.5400	225
9.5450	140
9.5500	496
9.5550	530
9.5600	200
9.5650	136
9.5700	515
9.5750	506
9.5800	195
9.5850	136
9.5900	485
9.5950	510
9.6000	178
9.6050	125
9.6100	544
9.6150	532
9.6200	204
9.6250	139
9.6300	521
9.6350	495
9.6400	190
9.6450	143
9.6500	502
9.6550	490
9.6600	200
9.6650	136
9.6700	472
9.6750	483
9.6800	190
9.6850	136
9.6900	515
9.6950	448
9.7000	197
9.7050	144
9.7100	477
9.7150	497
9.7200	194
9.7250	154
9.7300	486
9.7350	484
9.7400	192
9.7450	145
9.7500	502
9.7550	554
9.7600	210
9.7650	157
9.7700	502
9.7750	466
9.7800	200
9.7850	151
9.7900	483
9.7950	484
9.8000	203
9.8050	148
9.8100	475
9.8150	535
9.8200	205
9.8250	161
9.8300	505
9.8350	533
9.8400	215
9.8450	135
9.8500	483
9.8550	501
9.8600	227
9.8650	147
9.8700	498
9.8750	482
9.8800	189
9.8850	121
9.8900	472
9.8950	517
9.9000	188
9.9050	138
9.9100	484
9.9150	503
9.9200	217
9.9250	139
9.9300	476
9.9350	497
9.9400	201
9.9450	149
9.9500	474
9.9550	519
9.9600	187
9.9650	145
9.9700	489
9.9750	519
9.9800	217
9.9850	138
9.9900	491
9.9950	474
10.0000	213
10.0050	152
10.0100	512
10.0150	507
10.0200	221
10.0250	142
10.0300	485
10.0350	502
10.0400	202
10.0450	150
10.0500	508
10.0550	475
10.0600	216
10.0650	146
10.0700	484
10.0750	473
10.0800	195
10.0850	135
10.0900	526
10.0950	494
10.1000	187
10.1050	134
10.1100	478
10.1150	490
10.1200	199
10.1250	159
10.1300	477
10.1350	522
10.1400	185
10.1450	149
10.1500	526
10.1550	508
10.1600	206
10.1650	115
10.1700	481
10.1750	546
10.1800	191
10.1850	163
10.1900	492
10.1950	494
10.2000	202
10.2050	153
10.2100	516
10.2150	489
10.2200	192
10.2250	128
10.2300	513
10.2350	507
10.2400	215
10.2450	125
10.2500	471
10.2550	529
10.2600	215
10.2650	141
10.2700	521
10.2750	505
10.2800	202
10.2850	169
10.2900	490
10.2950	512
10.3000	195
10.3050	130
10.3100	516
10.3150	448
10.3200	201
10.3250	147
10.3300	493
10.3350	520
10.3400	218
10.3450	139
10.3500	474
10.3550	516
10.3600	198
10.3650	146
10.3700	539
10.3750	477
10.3800	194
10.3850	157
10.3900	481
10.3950	528
10.4000	210
10.4050	134
10.4100	484
10.4150	499
10.4200	227
10.4250	144
10.4300	509
10.4350	514
10.4400	214
10.4450	136
10.4500	524
10.4550	501
10.4600	212
10.4650	158
10.4700	503
10.4750	489
10.4800	205
10.4850	133
10.4900	491
10.4950	519
10.5000	201
10.5050	133
10.5100	484
10.5150	468
10.5200	187
10.5250	132
10.5300	471
10.5350	527
10.5400	207
10.5450	142
10.5500	478
10.5550	476
10.5600	214
10.5650	149
10.5700	487
10.5750	547
10.5800	188
10.5850	154
10.5900	481
10.5950	532
10.6000	172
10.6050	156
10.6100	469
10.6150	539
10.6200	190
10.6250	141
10.6300	498
10.6350	503
10.6400	202
10.6450	124
10.6500	479
10.6550	556
10.6600	197
10.6650	148
10.6700	525
10.6750	484
10.6800	198
10.6850	152
10.6900	508
10.6950	494
10.7000	195
10.7050	128
10.7100	489
10.7150	519
10.7200	197
10.7250	145
10.7300	469
10.7350	498
10.7400	188
10.7450	147
10.7500	479
10.7550	526
10.7600	229
10.7650	153
10.7700	520
10.7750	521
10.7800	179
10.7850	148
10.7900	498
10.7950	500
10.8000	199
10.8050	152
10.8100	486
10.8150	494
10.8200	198
10.8250	151
10.8300	477
10.8350	477
10.8400	199
10.8450	138
10.8500	532
10.8550	507
10.8600	182
10.8650	140
10.8700	494
10.8750	506
10.8800	199
10.8850	140
10.8900	484
10.8950	503
10.9000	242
10.9050	140
10.9100	488
10.9150	506
10.9200	212
10.9250	151
10.9300	490
10.9350	459
10.9400	186
10.9450	133
10.9500	500
10.9550	485
10.9600	212
10.9650	140
10.9700	482
10.9750	544
10.9800	206
10.9850	141
10.9900	486
10.9950	492
11.0000	201
11.0050	141
11.0100	493
11.0150	494
11.0200	200
11.0250	144
11.0300	496
11.0350	506
11.0400	210
11.0450	135
11.0500	489
11.0550	487
11.0600	228
11.0650	137
11.0700	453
11.0750	505
11.0800	214
11.0850	141
11.0900	508
11.0950	508
11.1000	206
11.1050	161
11.1100	526
11.1150	492
11.1200	232
11.1250	139
11.1300	491
11.1350	512
11.1400	183
11.1450	147
11.1500	504
11.1550	501
11.1600	193
11.1650	134
11.1700	503
11.1750	489
11.1800	204
11.1850	130
11.1900	500
11.1950	469
11.2000	211
11.2050	138
11.2100	499
11.2150	469
11.2200	204
11.2250	131
11.2300	489
11.2350	497
11.2400	184
11.2450	146
11.2500	492
11.2550	524
11.2600	189
11.2650	138
11.2700	467
11.2750	517
11.2800	207
11.2850	120
11.2900	489
11.2950	503
11.3000	179
11.3050	144
11.3100	521
11.3150	485
11.3200	210
11.3250	158
11.3300	503
11.3350	510
11.3400	200
11.3450	121
11.3500	512
11.3550	505
11.3600	198
11.3650	150
11.3700	509
11.3750	497
11.3800	206
11.3850	145
11.3900	493
11.3950	508
11.4000	200
11.4050	123
11.4100	505
11.4150	496
11.4200	195
11.4250	151
11.4300	469
11.4350	516
11.4400	192
11.4450	120
11.4500	526
11.4550	520
11.4600	213
11.4650	145
11.4700	520
11.4750	501
11.4800	192
11.4850	145
11.4900	497
11.4950	454
11.5000	205
11.5050	145
11.5100	505
11.5150	488
11.5200	196
11.5250	144
11.5300	487
11.5350	518
11.5400	190
11.5450	130
11.5500	493
11.5550	511
11.5600	176
11.5650	148
11.5700	484
11.5750	525
11.5800	200
11.5850	156
11.5900	454
11.5950	528
11.6000	205
11.6050	135
11.6100	476
11.6150	528
11.6200	222
11.6250	168
11.6300	521
11.6350	504
11.6400	202
11.6450	153
11.6500	473
11.6550	543
11.6600	217
11.6650	160
11.6700	499
11.6750	516
11.6800	188
11.6850	159
11.6900	501
11.6950	503
11.7000	205
11.7050	154
11.7100	522
11.7150	489
11.7200	228
11.7250	153
11.7300	480
11.7350	513
11.7400	192
11.7450	167
11.7500	491
11.7550	511
11.7600	192
11.7650	137
11.7700	504
11.7750	481
11.7800	204
11.7850	149
11.7900	517
11.7950	499
11.8000	212
11.8050	156
11.8100	479
11.8150	507
11.8200	185
11.8250	164
11.8300	536
11.8350	493
11.8400	210
11.8450	190
11.8500	551
11.8550	495
11.8600	207
11.8650	146
11.8700	510
11.8750	507
11.8800	200
11.8850	160
11.8900	476
11.8950	518
11.9000	193
11.9050	138
11.9100	459
11.9150	495
11.9200	219
11.9250	150
11.9300	493
11.9350	481
11.9400	210
11.9450	150
11.9500	470
11.9550	484
11.9600	213
11.9650	150
11.9700	492
11.9750	468
11.9800	185
11.9850	136
11.9900	513
11.9950	486
12.0000	225
12.0050	140
12.0100	468
12.0150	465
12.0200	216
12.0250	149
12.0300	508
12.0350	536
12.0400	204
12.0450	158
12.0500	515
12.0550	478
12.0600	206
12.0650	159
12.0700	452
12.0750	490
12.0800	201
12.0850	134
12.0900	470
12.0950	494
12.1000	215
12.1050	153
12.1100	499
12.1150	502
12.1200	188
12.1250	148
12.1300	458
12.1350	551
12.1400	226
12.1450	149
12.1500	502
12.1550	475
12.1600	205
12.1650	130
12.1700	490
12.1750	495
12.1800	231
12.1850	154
12.1900	470
12.1950	449
12.2000	205
12.2050	150
12.2100	523
12.2150	502
12.2200	199
12.2250	156
12.2300	481
12.2350	479
12.2400	213
12.2450	157
12.2500	517
12.2550	501
12.2600	225
12.2650	155
12.2700	511
12.2750	517
12.2800	199
12.2850	149
12.2900	492
12.2950	521
12.3000	209
12.3050	154
12.3100	509
12.3150	507
12.3200	202
12.3250	172
12.3300	459
12.3350	500
12.3400	191
12.3450	170
12.3500	523
12.3550	499
12.3600	226
12.3650	149
12.3700	494
12.3750	488
12.3800	211
12.3850	147
12.3900	453
12.3950	497
12.4000	213
12.4050	148
12.4100	504
12.4150	503
12.4200	219
12.4250	157
12.4300	505
12.4350	503
12.4400	222
12.4450	137
12.4500	494
12.4550	513
12.4600	237
12.4650	145
12.4700	484
12.4750	478
12.4800	214
12.4850	162
12.4900	497
12.4950	495
12.5000	214
12.5050	168
12.5100	502
12.5150	519
12.5200	209
12.5250	141
12.5300	464
12.5350	501
12.5400	189
12.5450	150
12.5500	502
12.5550	535
12.5600	251
12.5650	136
12.5700	477
12.5750	521
12.5800	187
12.5850	168
12.5900	499
12.5950	506
12.6000	201
12.6050	147
12.6100	537
12.6150	507
12.6200	197
12.6250	155
12.6300	534
12.6350	519
12.6400	241
12.6450	148
12.6500	481
12.6550	505
12.6600	190
12.6650	161
12.6700	490
12.6750	508
12.6800	208
12.6850	153
12.6900	481
12.6950	497
12.7000	221
12.7050	145
12.7100	482
12.7150	519
12.7200	207
12.7250	165
12.7300	499
12.7350	514
12.7400	209
12.7450	147
12.7500	528
12.7550	501
12.7600	194
12.7650	162
12.7700	521
12.7750	494
12.7800	212
12.7850	166
12.7900	472
12.7950	508
12.8000	228
12.8050	138
12.8100	490
12.8150	532
12.8200	203
12.8250	128
12.8300	514
12.8350	481
12.8400	220
12.8450	160
12.8500	504
12.8550	475
12.8600	214
12.8650	140
12.8700	510
12.8750	509
12.8800	189
12.8850	147
12.8900	495
12.8950	515
12.9000	212
12.9050	133
12.9100	484
12.9150	545
12.9200	190
12.9250	158
12.9300	480
12.9350	515
12.9400	191
12.9450	151
12.9500	500
12.9550	510
12.9600	199
12.9650	156
12.9700	500
12.9750	488
12.9800	208
12.9850	154
12.9900	512
12.9950	502
13.0000	196
13.0050	154
13.0100	466
13.0150	512
13.0200	204
13.0250	159
13.0300	506
13.0350	481
13.0400	217
13.0450	142
13.0500	474
13.0550	513
13.0600	169
13.0650	123
13.0700	490
13.0750	503
13.0800	194
13.0850	132
13.0900	527
13.0950	534
13.1000	212
13.1050	145
13.1100	507
13.1150	482
13.1200	206
13.1250	155
13.1300	474
13.1350	545
13.1400	194
13.1450	119
13.1500	512
13.1550	473
13.1600	216
13.1650	133
13.1700	520
13.1750	460
13.1800	192
13.1850	146
13.1900	519
13.1950	502
13.2000	189
13.2050	170
13.2100	495
13.2150	491
13.2200	188
13.2250	138
13.2300	451
13.2350	520
13.2400	187
13.2450	147
13.2500	526
13.2550	491
13.2600	174
13.2650	179
13.2700	506
13.2750	514
13.2800	221
13.2850	133
13.2900	478
13.2950	488
13.3000	231
13.3050	157
13.3100	493
13.3150	519
13.3200	216
13.3250	158
13.3300	474
13.3350	489
13.3400	203
13.3450	174
13.3500	486
13.3550	499
13.3600	213
13.3650	154
13.3700	498
13.3750	478
13.3800	196
13.3850	156
13.3900	498
13.3950	513
13.4000	199
13.4050	121
13.4100	467
13.4150	490
13.4200	191
13.4250	139
13.4300	491
13.4350	490
13.4400	183
13.4450	147
13.4500	465
13.4550	460
13.4600	218
13.4650	146
13.4700	514
13.4750	485
13.4800	214
13.4850	133
13.4900	476
13.4950	515
13.5000	183
13.5050	162
13.5100	549
13.5150	495
13.5200	192
13.5250	140
13.5300	485
13.5350	481
13.5400	194
13.5450	154
13.5500	502
13.5550	475
13.5600	176
13.5650	146
13.5700	477
13.5750	502
13.5800	189
13.5850	127
13.5900	492
13.5950	505
13.6000	168
13.6050	140
13.6100	480
13.6150	486
13.6200	221
13.6250	148
13.6300	521
13.6350	517
13.6400	200
13.6450	142
13.6500	505
13.6550	476
13.6600	182
13.6650	144
13.6700	475
13.6750	487
13.6800	191
13.6850	138
13.6900	472
13.6950	526
13.7000	195
13.7050	145
13.7100	519
13.7150	505
13.7200	211
13.7250	154
13.7300	500
13.7350	508
13.7400	167
13.7450	157
13.7500	499
13.7550	509
13.7600	203
13.7650	163
13.7700	487
13.7750	525
13.7800	193
13.7850	147
13.7900	511
13.7950	531
13.8000	215
13.8050	152
13.8100	534
13.8150	511
13.8200	184
13.8250	130
13.8300	538
13.8350	504
13.8400	207
13.8450	144
13.8500	519
13.8550	490
13.8600	212
13.8650	154
13.8700	483
13.8750	536
13.8800	206
13.8850	149
13.8900	500
13.8950	509
13.9000	202
13.9050	148
13.9100	469
13.9150	510
13.9200	170
13.9250	137
13.9300	502
13.9350	487
13.9400	192
13.9450	140
13.9500	496
13.9550	481
13.9600	222
13.9650	147
13.9700	456
13.9750	512
13.9800	223
13.9850	134
13.9900	496
13.9950	500
14.0000	187
14.0050	136
14.0100	486
14.0150	524
14.0200	197
14.0250	143
14.0300	484
14.0350	482
14.0400	201
14.0450	176
14.0500	498
14.0550	525
14.0600	194
14.0650	142
14.0700	517
14.0750	500
14.0800	204
14.0850	146
14.0900	479
14.0950	529
14.1000	219
14.1050	137
14.1100	527
14.1150	504
14.1200	195
14.1250	150
14.1300	459
14.1350	509
14.1400	217
14.1450	141
14.1500	502
14.1550	500
14.1600	185
14.1650	131
14.1700	482
14.1750	515
14.1800	198
14.1850	134
14.1900	491
14.1950	535
14.2000	205
14.2050	136
14.2100	482
14.2150	492
14.2200	184
14.2250	135
14.2300	520
14.2350	487
14.2400	201
14.2450	149
14.2500	532
14.2550	486
14.2600	203
14.2650	143
14.2700	484
14.2750	485
14.2800	201
14.2850	153
14.2900	540
14.2950	527
14.3000	197
14.3050	166
14.3100	481
14.3150	495
14.3200	211
14.3250	158
14.3300	471
14.3350	493
14.3400	194
14.3450	150
14.3500	504
14.3550	502
14.3600	195
14.3650	120
14.3700	490
14.3750	519
14.3800	203
14.3850	165
14.3900	540
14.3950	513
14.4000	194
14.4050	155
14.4100	483
14.4150	492
14.4200	212
14.4250	166
14.4300	492
14.4350	489
14.4400	208
14.4450	141
14.4500	496
14.4550	492
14.4600	196
14.4650	140
14.4700	503
14.4750	485
14.4800	223
14.4850	139
14.4900	468
14.4950	502
14.5000	200
14.5050	145
14.5100	454
14.5150	526
14.5200	207
14.5250	150
14.5300	511
14.5350	496
14.5400	174
14.5450	143
14.5500	515
14.5550	520
14.5600	208
14.5650	135
14.5700	487
14.5750	470
14.5800	206
14.5850	136
14.5900	496
14.5950	501
14.6000	230
14.6050	141
14.6100	467
14.6150	528
14.6200	208
14.6250	166
14.6300	463
14.6350	512
14.6400	195
14.6450	165
14.6500	500
14.6550	515
14.6600	207
14.6650	143
14.6700	493
14.6750	514
14.6800	195
14.6850	131
14.6900	518
14.6950	482
14.7000	185
14.7050	163
14.7100	464
14.7150	495
14.7200	198
14.7250	161
14.7300	469
14.7350	542
14.7400	217
14.7450	156
14.7500	501
14.7550	532
14.7600	214
14.7650	143
14.7700	501
14.7750	463
14.7800	204
14.7850	148
14.7900	487
14.7950	483
14.8000	212
14.8050	153
14.8100	502
14.8150	495
14.8200	222
14.8250	156
14.8300	502
14.8350	479
14.8400	219
14.8450	123
14.8500	501
14.8550	510
14.8600	213
14.8650	158
14.8700	541
14.8750	519
14.8800	188
14.8850	134
14.8900	496
14.8950	489
14.9000	198
14.9050	155
14.9100	469
14.9150	498
14.9200	202
14.9250	159
14.9300	489
14.9350	505
14.9400	209
14.9450	142
14.9500	502
14.9550	517
14.9600	222
14.9650	155
14.9700	494
14.9750	498
14.9800	240
14.9850	133
14.9900	497
14.9950	529
15.0000	233
15.0050	147
15.0100	488
15.0150	510
15.0200	204
15.0250	165
15.0300	485
15.0350	526
15.0400	219
15.0450	143
15.0500	481
15.0550	502
15.0600	190
15.0650	158
15.0700	503
15.0750	491
15.0800	217
15.0850	151
15.0900	497
15.0950	531
15.1000	209
15.1050	148
15.1100	505
15.1150	545
15.1200	227
15.1250	146
15.1300	516
15.1350	497
15.1400	200
15.1450	180
15.1500	493
15.1550	511
15.1600	201
15.1650	156
15.1700	500
15.1750	544
15.1800	212
15.1850	160
15.1900	509
15.1950	498
15.2000	229
15.2050	154
15.2100	499
15.2150	495
15.2200	173
15.2250	146
15.2300	518
15.2350	513
15.2400	216
15.2450	138
15.2500	507
15.2550	497
15.2600	198
15.2650	140
15.2700	483
15.2750	514
15.2800	187
15.2850	147
15.2900	478
15.2950	507
15.3000	188
15.3050	135
15.3100	495
15.3150	498
15.3200	227
15.3250	140
15.3300	497
15.3350	512
15.3400	210
15.3450	141
15.3500	507
15.3550	522
15.3600	192
15.3650	166
15.3700	491
15.3750	514
15.3800	213
15.3850	150
15.3900	492
15.3950	495
15.4000	218
15.4050	123
15.4100	471
15.4150	516
15.4200	225
15.4250	154
15.4300	478
15.4350	508
15.4400	202
15.4450	147
15.4500	453
15.4550	512
15.4600	183
15.4650	146
15.4700	485
15.4750	502
15.4800	201
15.4850	163
15.4900	505
15.4950	484
15.5000	188
15.5050	171
15.5100	501
15.5150	505
15.5200	189
15.5250	131
15.5300	494
15.5350	487
15.5400	212
15.5450	174
15.5500	538
15.5550	530
15.5600	194
15.5650	138
15.5700	503
15.5750	499
15.5800	226
15.5850	131
15.5900	490
15.5950	490
15.6000	216
15.6050	178
15.6100	534
15.6150	513
15.6200	189
15.6250	165
15.6300	477
15.6350	502
15.6400	227
15.6450	133
15.6500	522
15.6550	488
15.6600	212
15.6650	154
15.6700	502
15.6750	490
15.6800	183
15.6850	145
15.6900	507
15.6950	498
15.7000	194
15.7050	142
15.7100	511
15.7150	488
15.7200	235
15.7250	143
15.7300	486
15.7350	493
15.7400	225
15.7450	153
15.7500	496
15.7550	504
15.7600	228
15.7650	149
15.7700	514
15.7750	524
15.7800	196
15.7850	155
15.7900	527
15.7950	498
15.8000	222
15.8050	144
15.8100	509
15.8150	503
15.8200	187
15.8250	142
15.8300	471
15.8350	522
15.8400	223
15.8450	154
15.8500	479
15.8550	500
15.8600	193
15.8650	156
15.8700	479
15.8750	509
15.8800	213
15.8850	153
15.8900	486
15.8950	492
15.9000	218
15.9050	145
15.9100	496
15.9150	457
15.9200	217
15.9250	130
15.9300	482
15.9350	526
15.9400	193
15.9450	131
15.9500	496
15.9550	509
15.9600	200
15.9650	146
15.9700	494
15.9750	483
15.9800	207
15.9850	167
15.9900	494
15.9950	493
16.0000	189
16.0050	167
16.0100	495
16.0150	487
16.0200	210
16.0250	162
16.0300	516
16.0350	535
16.0400	195
16.0450	162
16.0500	502
16.0550	491
16.0600	248
16.0650	138
16.0700	460
16.0750	520
16.0800	196
16.0850	145
16.0900	463
16.0950	529
16.1000	215
16.1050	152
16.1100	503
16.1150	509
16.1200	208
16.1250	146
16.1300	488
16.1350	560
16.1400	169
16.1450	158
16.1500	489
16.1550	482
16.1600	228
16.1650	181
16.1700	498
16.1750	490
16.1800	208
16.1850	143
16.1900	442
16.1950	532
16.2000	213
16.2050	168
16.2100	488
16.2150	508
16.2200	199
16.2250	142
16.2300	477
16.2350	495
16.2400	190
16.2450	144
16.2500	491
16.2550	477
16.2600	214
16.2650	171
16.2700	486
16.2750	473
16.2800	238
16.2850	164
16.2900	496
16.2950	499
16.3000	212
16.3050	139
16.3100	492
16.3150	539
16.3200	207
16.3250	140
16.3300	491
16.3350	503
16.3400	198
16.3450	136
16.3500	479
16.3550	509
16.3600	209
16.3650	136
16.3700	484
16.3750	504
16.3800	199
16.3850	143
16.3900	484
16.3950	491
16.4000	215
16.4050	126
16.4100	481
16.4150	496
16.4200	189
16.4250	156
16.4300	474
16.4350	514
16.4400	182
16.4450	125
16.4500	490
16.4550	476
16.4600	209
16.4650	124
16.4700	525
16.4750	464
16.4800	222
16.4850	144
16.4900	494
16.4950	502
16.5000	198
16.5050	155
16.5100	483
16.5150	507
16.5200	194
16.5250	146
16.5300	494
16.5350	505
16.5400	188
16.5450	150
16.5500	476
16.5550	499
16.5600	221
16.5650	140
16.5700	481
16.5750	491
16.5800	189
16.5850	142
16.5900	503
16.5950	512
16.6000	217
16.6050	142
16.6100	491
16.6150	483
16.6200	192
16.6250	146
16.6300	508
16.6350	469
16.6400	216
16.6450	143
16.6500	509
16.6550	541
16.6600	207
16.6650	148
16.6700	513
16.6750	504
16.6800	202
16.6850	144
16.6900	467
16.6950	526
16.7000	176
16.7050	145
16.7100	509
16.7150	465
16.7200	205
16.7250	142
16.7300	489
16.7350	503
16.7400	175
16.7450	144
16.7500	469
16.7550	509
16.7600	190
16.7650	136
16.7700	519
16.7750	525
16.7800	201
16.7850	141
16.7900	490
16.7950	483
16.8000	173
16.8050	143
16.8100	511
16.8150	520
16.8200	191
16.8250	138
16.8300	507
16.8350	484
16.8400	205
16.8450	126
16.8500	499
16.8550	505
16.8600	201
16.8650	119
16.8700	497
16.8750	507
16.8800	196
16.8850	132
16.8900	479
16.8950	496
16.9000	208
16.9050	149
16.9100	483
16.9150	504
16.9200	211
16.9250	153
16.9300	492
16.9350	521
16.9400	200
16.9450	152
16.9500	500
16.9550	518
16.9600	202
16.9650	142
16.9700	531
16.9750	473
16.9800	193
16.9850	152
16.9900	518
16.9950	468
17.0000	192
17.0050	128
17.0100	509
17.0150	532
17.0200	210
17.0250	133
17.0300	512
17.0350	461
17.0400	184
17.0450	154
17.0500	469
17.0550	538
17.0600	191
17.0650	157
17.0700	497
17.0750	498
17.0800	200
17.0850	150
17.0900	491
17.0950	522
17.1000	205
17.1050	148
17.1100	486
17.1150	484
17.1200	174
17.1250	140
17.1300	532
17.1350	506
17.1400	195
17.1450	145
17.1500	481
17.1550	492
17.1600	181
17.1650	132
17.1700	506
17.1750	475
17.1800	202
17.1850	143
17.1900	499
17.1950	497
17.2000	221
17.2050	138
17.2100	474
17.2150	496
17.2200	188
17.2250	131
17.2300	465
17.2350	520
17.2400	192
17.2450	139
17.2500	454
17.2550	543
17.2600	186
17.2650	158
17.2700	462
17.2750	530
17.2800	201
17.2850	133
17.2900	477
17.2950	485
17.3000	200
17.3050	154
17.3100	438
17.3150	514
17.3200	194
17.3250	112
17.3300	464
17.3350	497
17.3400	185
17.3450	165
17.3500	470
17.3550	519
17.3600	203
17.3650	146
17.3700	506
17.3750	475
17.3800	199
17.3850	140
17.3900	488
17.3950	526
17.4000	204
17.4050	133
17.4100	494
17.4150	506
17.4200	192
17.4250	140
17.4300	481
17.4350	514
17.4400	207
17.4450	128
17.4500	497
17.4550	480
17.4600	207
17.4650	127
17.4700	491
17.4750	519
17.4800	190
17.4850	132
17.4900	448
17.4950	470
17.5000	197
17.5050	124
17.5100	472
17.5150	492
17.5200	180
17.5250	143
17.5300	479
17.5350	458
17.5400	202
17.5450	119
17.5500	478
17.5550	486
17.5600	182
17.5650	151
17.5700	477
17.5750	477
17.5800	197
17.5850	147
17.5900	491
17.5950	532
17.6000	189
17.6050	134
17.6100	488
17.6150	516
17.6200	225
17.6250	136
17.6300	453
17.6350	553
17.6400	220
17.6450	126
17.6500	463
17.6550	502
17.6600	208
17.6650	118
17.6700	517
17.6750	500
17.6800	207
17.6850	160
17.6900	488
17.6950	509
17.7000	193
17.7050	150
17.7100	494
17.7150	487
17.7200	198
17.7250	139
17.7300	499
17.7350	504
17.7400	205
17.7450	131
17.7500	515
17.7550	525
17.7600	209
17.7650	143
17.7700	474
17.7750	501
17.7800	199
17.7850	168
17.7900	464
17.7950	518
17.8000	183
17.8050	128
17.8100	497
17.8150	512
17.8200	193
17.8250	153
17.8300	470
17.8350	531
17.8400	196
17.8450	128
17.8500	486
17.8550	513
17.8600	186
17.8650	143
17.8700	489
17.8750	510
17.8800	224
17.8850	150
17.8900	515
17.8950	520
17.9000	198
17.9050	146
17.9100	485
17.9150	514
17.9200	206
17.9250	153
17.9300	479
17.9350	493
17.9400	197
17.9450	144
17.9500	469
17.9550	513
17.9600	194
17.9650	125
17.9700	478
17.9750	506
17.9800	159
17.9850	148
17.9900	482
17.9950	552
18.0000	189
18.0050	122
18.0100	505
18.0150	525
18.0200	173
18.0250	139
18.0300	485
18.0350	537
18.0400	178
18.0450	130
18.0500	493
18.0550	501
18.0600	203
18.0650	147
18.0700	542
18.0750	467
18.0800	189
18.0850	128
18.0900	473
18.0950	519
18.1000	231
18.1050	120
18.1100	484
18.1150	507
18.1200	182
18.1250	145
18.1300	521
18.1350	489
18.1400	181
18.1450	141
18.1500	500
18.1550	495
18.1600	186
18.1650	127
18.1700	492
18.1750	500
18.1800	219
18.1850	152
18.1900	500
18.1950	486
18.2000	205
18.2050	150
18.2100	488
18.2150	525
18.2200	197
18.2250	149
18.2300	537
18.2350	513
18.2400	195
18.2450	155
18.2500	479
18.2550	459
18.2600	181
18.2650	149
18.2700	481
18.2750	477
18.2800	192
18.2850	137
18.2900	489
18.2950	461
18.3000	197
18.3050	143
18.3100	510
18.3150	477
18.3200	180
18.3250	140
18.3300	510
18.3350	508
18.3400	193
18.3450	150
18.3500	489
18.3550	468
18.3600	224
18.3650	149
18.3700	475
18.3750	508
18.3800	215
18.3850	153
18.3900	510
18.3950	488
18.4000	192
18.4050	155
18.4100	471
18.4150	526
18.4200	186
18.4250	163
18.4300	490
18.4350	490
18.4400	203
18.4450	162
18.4500	505
18.4550	500
18.4600	191
18.4650	141
18.4700	487
18.4750	514
18.4800	197
18.4850	148
18.4900	470
18.4950	524
18.5000	201
18.5050	146
18.5100	522
18.5150	490
18.5200	217
18.5250	141
18.5300	519
18.5350	554
18.5400	190
18.5450	139
18.5500	494
18.5550	501
18.5600	188
18.5650	121
18.5700	498
18.5750	521
18.5800	199
18.5850	136
18.5900	471
18.5950	538
18.6000	217
18.6050	152
18.6100	480
18.6150	497
18.6200	193
18.6250	142
18.6300	488
18.6350	496
18.6400	207
18.6450	141
18.6500	533
18.6550	493
18.6600	200
18.6650	138
18.6700	503
18.6750	509
18.6800	192
18.6850	150
18.6900	489
18.6950	498
18.7000	197
18.7050	156
18.7100	521
18.7150	499
18.7200	193
18.7250	133
18.7300	461
18.7350	540
18.7400	227
18.7450	160
18.7500	527
18.7550	516
18.7600	191
18.7650	143
18.7700	457
18.7750	510
18.7800	185
18.7850	137
18.7900	471
18.7950	518
18.8000	241
18.8050	156
18.8100	482
18.8150	501
18.8200	206
18.8250	139
18.8300	525
18.8350	507
18.8400	200
18.8450	132
18.8500	512
18.8550	504
18.8600	197
18.8650	130
18.8700	497
18.8750	512
18.8800	204
18.8850	139
18.8900	476
18.8950	478
18.9000	204
18.9050	162
18.9100	500
18.9150	508
18.9200	214
18.9250	142
18.9300	513
18.9350	513
18.9400	189
18.9450	143
18.9500	497
18.9550	490
18.9600	204
18.9650	161
18.9700	461
18.9750	513
18.9800	196
18.9850	152
18.9900	494
18.9950	493
19.0000	214
19.0050	145
19.0100	512
19.0150	486
19.0200	205
19.0250	129
19.0300	487
19.0350	488
19.0400	202
19.0450	120
19.0500	490
19.0550	509
19.0600	200
19.0650	157
19.0700	483
19.0750	489
19.0800	204
19.0850	131
19.0900	495
19.0950	514
19.1000	217
19.1050	161
19.1100	478
19.1150	470
19.1200	194
19.1250	130
19.1300	469
19.1350	495
19.1400	185
19.1450	129
19.1500	469
19.1550	487
19.1600	183
19.1650	133
19.1700	459
19.1750	512
19.1800	189
19.1850	163
19.1900	478
19.1950	547
19.2000	199
19.2050	146
19.2100	488
19.2150	513
19.2200	215
19.2250	158
19.2300	457
19.2350	505
19.2400	184
19.2450	145
19.2500	464
19.2550	507
19.2600	227
19.2650	149
19.2700	456
19.2750	491
19.2800	228
19.2850	147
19.2900	519
19.2950	485
19.3000	211
19.3050	156
19.3100	488
19.3150	509
19.3200	209
19.3250	156
19.3300	488
19.3350	507
19.3400	190
19.3450	135
19.3500	520
19.3550	505
19.3600	215
19.3650	147
19.3700	508
19.3750	554
19.3800	189
19.3850	147
19.3900	486
19.3950	524
19.4000	195
19.4050	143
19.4100	465
19.4150	498
19.4200	184
19.4250	123
19.4300	501
19.4350	495
19.4400	183
19.4450	138
19.4500	512
19.4550	469
19.4600	195
19.4650	150
19.4700	509
19.4750	520
19.4800	189
19.4850	158
19.4900	481
19.4950	487
19.5000	200
19.5050	148
19.5100	491
19.5150	497
19.5200	185
19.5250	153
19.5300	501
19.5350	508
19.5400	201
19.5450	153
19.5500	496
19.5550	510
19.5600	185
19.5650	152
19.5700	488
19.5750	490
19.5800	201
19.5850	150
19.5900	473
19.5950	482
19.6000	214
19.6050	145
19.6100	482
19.6150	535
19.6200	183
19.6250	143
19.6300	463
19.6350	526
19.6400	187
19.6450	122
19.6500	488
19.6550	508
19.6600	185
19.6650	146
19.6700	440
19.6750	529
19.6800	201
19.6850	148
19.6900	470
19.6950	490
19.7000	222
19.7050	172
19.7100	488
19.7150	503
19.7200	216
19.7250	140
19.7300	503
19.7350	513
19.7400	212
19.7450	155
19.7500	526
19.7550	523
19.7600	199
19.7650	157
19.7700	469
19.7750	524
19.7800	219
19.7850	150
19.7900	483
19.7950	489
19.8000	193
19.8050	148
19.8100	473
19.8150	500
19.8200	210
19.8250	139
19.8300	494
19.8350	507
19.8400	199
19.8450	148
19.8500	542
19.8550	449
19.8600	202
19.8650	125
19.8700	461
19.8750	502
19.8800	199
19.8850	163
19.8900	488
19.8950	522
19.9000	199
19.9050	149
19.9100	481
19.9150	506
19.9200	186
19.9250	159
19.9300	503
19.9350	495
19.9400	214
19.9450	152
19.9500	501
19.9550	516
19.9600	218
19.9650	174
19.9700	507
19.9750	484
19.9800	210
19.9850	149
19.9900	493
19.9950	503
