0.0000	304
0.0050	196
0.0100	113
0.0150	82
0.0200	97
0.0250	107
0.0300	91
0.0350	87
0.0400	67
0.0450	89
0.0500	103
0.0550	92
0.0600	86
0.0650	90
0.0700	96
0.0750	105
0.0800	87
0.0850	72
0.0900	95
0.0950	90
0.1000	477
0.1050	526
0.1100	454
0.1150	481
0.1200	519
0.1250	485
0.1300	475
0.1350	501
0.1400	497
0.1450	524
0.1500	486
0.1550	511
0.1600	512
0.1650	492
0.1700	467
0.1750	495
0.1800	529
0.1850	504
0.1900	484
0.1950	505
0.2000	292
0.2050	173
0.2100	115
0.2150	98
0.2200	83
0.2250	96
0.2300	115
0.2350	98
0.2400	99
0.2450	81
0.2500	81
0.2550	84
0.2600	84
0.2650	73
0.2700	80
0.2750	90
0.2800	77
0.2850	93
0.2900	95
0.2950	76
0.3000	485
0.3050	518
0.3100	490
0.3150	493
0.3200	551
0.3250	501
0.3300	493
0.3350	508
0.3400	504
0.3450	538
0.3500	485
0.3550	531
0.3600	487
0.3650	489
0.3700	498
0.3750	523
0.3800	501
0.3850	502
0.3900	497
0.3950	502
0.4000	288
0.4050	200
0.4100	124
0.4150	108
0.4200	109
0.4250	96
0.4300	85
0.4350	108
0.4400	119
0.4450	104
0.4500	108
0.4550	93
0.4600	92
0.4650	96
0.4700	97
0.4750	97
0.4800	104
0.4850	90
0.4900	83
0.4950	104
0.5000	504
0.5050	480
0.5100	501
0.5150	499
0.5200	502
0.5250	517
0.5300	482
0.5350	512
0.5400	489
0.5450	494
0.5500	468
0.5550	555
0.5600	473
0.5650	468
0.5700	528
0.5750	470
0.5800	528
0.5850	496
0.5900	451
0.5950	473
0.6000	321
0.6050	205
0.6100	117
0.6150	101
0.6200	104
0.6250	109
0.6300	97
0.6350	100
0.6400	103
0.6450	106
0.6500	107
0.6550	85
0.6600	112
0.6650	110
0.6700	119
0.6750	96
0.6800	105
0.6850	113
0.6900	105
0.6950	96
0.7000	488
0.7050	465
0.7100	487
0.7150	512
0.7200	486
0.7250	508
0.7300	476
0.7350	560
0.7400	492
0.7450	512
0.7500	499
0.7550	538
0.7600	535
0.7650	477
0.7700	513
0.7750	508
0.7800	508
0.7850	540
0.7900	487
0.7950	524
0.8000	296
0.8050	196
0.8100	137
0.8150	122
0.8200	100
0.8250	112
0.8300	114
0.8350	110
0.8400	103
0.8450	120
0.8500	104
0.8550	100
0.8600	110
0.8650	97
0.8700	116
0.8750	99
0.8800	78
0.8850	108
0.8900	107
0.8950	97
0.9000	476
0.9050	460
0.9100	492
0.9150	451
0.9200	493
0.9250	529
0.9300	516
0.9350	550
0.9400	477
0.9450	485
0.9500	499
0.9550	489
0.9600	532
0.9650	531
0.9700	505
0.9750	494
0.9800	520
0.9850	510
0.9900	521
0.9950	502
1.0000	337
1.0050	186
1.0100	155
1.0150	106
1.0200	114
1.0250	114
1.0300	116
1.0350	118
1.0400	115
1.0450	118
1.0500	100
1.0550	102
1.0600	118
1.0650	111
1.0700	121
1.0750	120
1.0800	104
1.0850	117
1.0900	113
1.0950	90
1.1000	481
1.1050	491
1.1100	520
1.1150	504
1.1200	467
1.1250	485
1.1300	514
1.1350	514
1.1400	472
1.1450	472
1.1500	481
1.1550	483
1.1600	492
1.1650	479
1.1700	497
1.1750	513
1.1800	543
1.1850	515
1.1900	479
1.1950	543
1.2000	303
1.2050	206
1.2100	128
1.2150	117
1.2200	110
1.2250	111
1.2300	105
1.2350	115
1.2400	112
1.2450	95
1.2500	101
1.2550	111
1.2600	113
1.2650	99
1.2700	103
1.2750	108
1.2800	122
1.2850	101
1.2900	110
1.2950	102
1.3000	455
1.3050	507
1.3100	508
1.3150	481
1.3200	482
1.3250	501
1.3300	507
1.3350	517
1.3400	491
1.3450	487
1.3500	494
1.3550	504
1.3600	498
1.3650	481
1.3700	517
1.3750	489
1.3800	526
1.3850	476
1.3900	453
1.3950	481
1.4000	347
1.4050	207
1.4100	126
1.4150	117
1.4200	99
1.4250	89
1.4300	121
1.4350	112
1.4400	106
1.4450	96
1.4500	109
1.4550	92
1.4600	109
1.4650	101
1.4700	103
1.4750	120
1.4800	126
1.4850	95
1.4900	97
1.4950	116
1.5000	500
1.5050	512
1.5100	518
1.5150	526
1.5200	509
1.5250	486
1.5300	539
1.5350	507
1.5400	461
1.5450	488
1.5500	475
1.5550	472
1.5600	497
1.5650	511
1.5700	530
1.5750	466
1.5800	470
1.5850	498
1.5900	513
1.5950	499
1.6000	297
1.6050	192
1.6100	138
1.6150	114
1.6200	109
1.6250	109
1.6300	108
1.6350	120
1.6400	87
1.6450	106
1.6500	122
1.6550	107
1.6600	100
1.6650	92
1.6700	109
1.6750	90
1.6800	87
1.6850	103
1.6900	93
1.6950	94
1.7000	515
1.7050	479
1.7100	493
1.7150	497
1.7200	517
1.7250	526
1.7300	492
1.7350	503
1.7400	499
1.7450	491
1.7500	520
1.7550	489
1.7600	518
1.7650	536
1.7700	510
1.7750	480
1.7800	495
1.7850	515
1.7900	507
1.7950	455
1.8000	319
1.8050	194
1.8100	141
1.8150	114
1.8200	102
1.8250	105
1.8300	117
1.8350	95
1.8400	107
1.8450	94
1.8500	108
1.8550	104
1.8600	99
1.8650	114
1.8700	110
1.8750	84
1.8800	84
1.8850	94
1.8900	95
1.8950	94
1.9000	507
1.9050	504
1.9100	521
1.9150	519
1.9200	482
1.9250	541
1.9300	519
1.9350	517
1.9400	543
1.9450	495
1.9500	494
1.9550	468
1.9600	521
1.9650	521
1.9700	504
1.9750	527
1.9800	471
1.9850	494
1.9900	466
1.9950	513
2.0000	280
2.0050	161
2.0100	117
2.0150	107
2.0200	95
2.0250	92
2.0300	84
2.0350	96
2.0400	99
2.0450	118
2.0500	96
2.0550	109
2.0600	76
2.0650	102
2.0700	95
2.0750	113
2.0800	91
2.0850	100
2.0900	111
2.0950	73
2.1000	494
2.1050	502
2.1100	484
2.1150	512
2.1200	493
2.1250	478
2.1300	448
2.1350	525
2.1400	530
2.1450	535
2.1500	521
2.1550	505
2.1600	494
2.1650	525
2.1700	477
2.1750	487
2.1800	523
2.1850	510
2.1900	509
2.1950	546
2.2000	278
2.2050	205
2.2100	129
2.2150	101
2.2200	96
2.2250	96
2.2300	110
2.2350	112
2.2400	89
2.2450	96
2.2500	97
2.2550	103
2.2600	87
2.2650	95
2.2700	88
2.2750	92
2.2800	107
2.2850	76
2.2900	87
2.2950	84
2.3000	486
2.3050	499
2.3100	511
2.3150	529
2.3200	530
2.3250	488
2.3300	490
2.3350	522
2.3400	470
2.3450	512
2.3500	498
2.3550	513
2.3600	486
2.3650	497
2.3700	513
2.3750	495
2.3800	508
2.3850	477
2.3900	457
2.3950	521
2.4000	301
2.4050	166
2.4100	113
2.4150	104
2.4200	82
2.4250	108
2.4300	105
2.4350	94
2.4400	83
2.4450	100
2.4500	85
2.4550	92
2.4600	88
2.4650	102
2.4700	91
2.4750	97
2.4800	85
2.4850	94
2.4900	86
2.4950	89
2.5000	515
2.5050	508
2.5100	452
2.5150	524
2.5200	488
2.5250	490
2.5300	547
2.5350	499
2.5400	515
2.5450	518
2.5500	487
2.5550	537
2.5600	544
2.5650	513
2.5700	512
2.5750	518
2.5800	531
2.5850	524
2.5900	504
2.5950	487
2.6000	315
2.6050	173
2.6100	135
2.6150	104
2.6200	91
2.6250	105
2.6300	83
2.6350	98
2.6400	80
2.6450	69
2.6500	90
2.6550	98
2.6600	83
2.6650	76
2.6700	77
2.6750	102
2.6800	84
2.6850	87
2.6900	97
2.6950	80
2.7000	500
2.7050	496
2.7100	498
2.7150	471
2.7200	496
2.7250	511
2.7300	503
2.7350	500
2.7400	489
2.7450	515
2.7500	524
2.7550	533
2.7600	505
2.7650	478
2.7700	513
2.7750	553
2.7800	523
2.7850	517
2.7900	495
2.7950	500
2.8000	288
2.8050	207
2.8100	118
2.8150	95
2.8200	97
2.8250	100
2.8300	103
2.8350	106
2.8400	83
2.8450	111
2.8500	87
2.8550	110
2.8600	97
2.8650	96
2.8700	109
2.8750	96
2.8800	89
2.8850	87
2.8900	96
2.8950	92
2.9000	468
2.9050	521
2.9100	496
2.9150	531
2.9200	493
2.9250	513
2.9300	482
2.9350	512
2.9400	484
2.9450	522
2.9500	482
2.9550	480
2.9600	486
2.9650	514
2.9700	511
2.9750	515
2.9800	490
2.9850	490
2.9900	502
2.9950	525
3.0000	297
3.0050	188
3.0100	118
3.0150	113
3.0200	104
3.0250	99
3.0300	124
3.0350	88
3.0400	80
3.0450	91
3.0500	91
3.0550	68
3.0600	90
3.0650	90
3.0700	91
3.0750	103
3.0800	78
3.0850	93
3.0900	95
3.0950	79
3.1000	485
3.1050	491
3.1100	503
3.1150	507
3.1200	502
3.1250	514
3.1300	548
3.1350	494
3.1400	477
3.1450	479
3.1500	477
3.1550	477
3.1600	519
3.1650	504
3.1700	510
3.1750	500
3.1800	513
3.1850	530
3.1900	529
3.1950	528
3.2000	314
3.2050	180
3.2100	139
3.2150	125
3.2200	112
3.2250	105
3.2300	116
3.2350	120
3.2400	102
3.2450	103
3.2500	83
3.2550	89
3.2600	95
3.2650	85
3.2700	89
3.2750	115
3.2800	93
3.2850	98
3.2900	88
3.2950	101
3.3000	489
3.3050	500
3.3100	475
3.3150	506
3.3200	513
3.3250	528
3.3300	527
3.3350	470
3.3400	496
3.3450	486
3.3500	498
3.3550	488
3.3600	508
3.3650	490
3.3700	460
3.3750	472
3.3800	501
3.3850	520
3.3900	512
3.3950	500
3.4000	302
3.4050	190
3.4100	122
3.4150	106
3.4200	105
3.4250	73
3.4300	112
3.4350	95
3.4400	98
3.4450	89
3.4500	107
3.4550	81
3.4600	103
3.4650	86
3.4700	101
3.4750	81
3.4800	102
3.4850	86
3.4900	100
3.4950	85
3.5000	482
3.5050	523
3.5100	511
3.5150	495
3.5200	515
3.5250	520
3.5300	508
3.5350	553
3.5400	496
3.5450	525
3.5500	518
3.5550	504
3.5600	502
3.5650	512
3.5700	523
3.5750	494
3.5800	455
3.5850	532
3.5900	483
3.5950	485
3.6000	322
3.6050	180
3.6100	124
3.6150	107
3.6200	104
3.6250	84
3.6300	128
3.6350	95
3.6400	123
3.6450	83
3.6500	91
3.6550	93
3.6600	107
3.6650	108
3.6700	96
3.6750	98
3.6800	94
3.6850	99
3.6900	88
3.6950	106
3.7000	508
3.7050	489
3.7100	498
3.7150	514
3.7200	479
3.7250	481
3.7300	515
3.7350	476
3.7400	511
3.7450	483
3.7500	511
3.7550	504
3.7600	506
3.7650	513
3.7700	477
3.7750	485
3.7800	517
3.7850	487
3.7900	508
3.7950	529
3.8000	310
3.8050	200
3.8100	123
3.8150	85
3.8200	109
3.8250	86
3.8300	81
3.8350	100
3.8400	85
3.8450	109
3.8500	82
3.8550	94
3.8600	95
3.8650	98
3.8700	92
3.8750	89
3.8800	92
3.8850	82
3.8900	66
3.8950	74
3.9000	486
3.9050	522
3.9100	500
3.9150	507
3.9200	522
3.9250	488
3.9300	497
3.9350	495
3.9400	531
3.9450	491
3.9500	509
3.9550	516
3.9600	506
3.9650	485
3.9700	533
3.9750	494
3.9800	498
3.9850	479
3.9900	540
3.9950	503
4.0000	282
4.0050	182
4.0100	149
4.0150	96
4.0200	102
4.0250	112
4.0300	90
4.0350	119
4.0400	88
4.0450	96
4.0500	96
4.0550	84
4.0600	97
4.0650	96
4.0700	95
4.0750	93
4.0800	109
4.0850	75
4.0900	114
4.0950	83
4.1000	487
4.1050	527
4.1100	510
4.1150	503
4.1200	521
4.1250	489
4.1300	502
4.1350	527
4.1400	490
4.1450	505
4.1500	496
4.1550	502
4.1600	498
4.1650	495
4.1700	506
4.1750	499
4.1800	521
4.1850	520
4.1900	530
4.1950	498
4.2000	299
4.2050	176
4.2100	103
4.2150	93
4.2200	96
4.2250	87
4.2300	96
4.2350	98
4.2400	88
4.2450	101
4.2500	101
4.2550	96
4.2600	83
4.2650	86
4.2700	90
4.2750	92
4.2800	84
4.2850	79
4.2900	83
4.2950	83
4.3000	459
4.3050	521
4.3100	477
4.3150	513
4.3200	478
4.3250	503
4.3300	494
4.3350	521
4.3400	509
4.3450	490
4.3500	505
4.3550	492
4.3600	475
4.3650	493
4.3700	546
4.3750	514
4.3800	504
4.3850	527
4.3900	499
4.3950	528
4.4000	266
4.4050	167
4.4100	120
4.4150	92
4.4200	101
4.4250	112
4.4300	118
4.4350	95
4.4400	98
4.4450	84
4.4500	86
4.4550	92
4.4600	99
4.4650	111
4.4700	72
4.4750	86
4.4800	89
4.4850	85
4.4900	93
4.4950	80
4.5000	533
4.5050	507
4.5100	471
4.5150	496
4.5200	509
4.5250	500
4.5300	492
4.5350	514
4.5400	535
4.5450	527
4.5500	487
4.5550	514
4.5600	501
4.5650	535
4.5700	485
4.5750	498
4.5800	505
4.5850	497
4.5900	501
4.5950	510
4.6000	242
4.6050	184
4.6100	113
4.6150	116
4.6200	112
4.6250	90
4.6300	98
4.6350	91
4.6400	97
4.6450	101
4.6500	92
4.6550	98
4.6600	99
4.6650	113
4.6700	90
4.6750	96
4.6800	86
4.6850	83
4.6900	90
4.6950	87
4.7000	527
4.7050	512
4.7100	493
4.7150	474
4.7200	542
4.7250	503
4.7300	475
4.7350	497
4.7400	521
4.7450	524
4.7500	506
4.7550	535
4.7600	527
4.7650	471
4.7700	483
4.7750	502
4.7800	504
4.7850	500
4.7900	503
4.7950	481
4.8000	302
4.8050	202
4.8100	120
4.8150	97
4.8200	88
4.8250	132
4.8300	83
4.8350	108
4.8400	101
4.8450	94
4.8500	98
4.8550	88
4.8600	114
4.8650	81
4.8700	105
4.8750	97
4.8800	84
4.8850	100
4.8900	95
4.8950	87
4.9000	491
4.9050	483
4.9100	519
4.9150	477
4.9200	500
4.9250	499
4.9300	508
4.9350	515
4.9400	486
4.9450	525
4.9500	510
4.9550	510
4.9600	492
4.9650	446
4.9700	489
4.9750	549
4.9800	511
4.9850	505
4.9900	509
4.9950	511
5.0000	317
5.0050	179
5.0100	134
5.0150	97
5.0200	100
5.0250	101
5.0300	75
5.0350	94
5.0400	99
5.0450	109
5.0500	109
5.0550	97
5.0600	100
5.0650	105
5.0700	95
5.0750	87
5.0800	97
5.0850	103
5.0900	106
5.0950	106
5.1000	472
5.1050	504
5.1100	496
5.1150	482
5.1200	488
5.1250	502
5.1300	494
5.1350	502
5.1400	491
5.1450	507
5.1500	519
5.1550	536
5.1600	522
5.1650	473
5.1700	507
5.1750	515
5.1800	487
5.1850	474
5.1900	522
5.1950	513
5.2000	290
5.2050	202
5.2100	127
5.2150	99
5.2200	132
5.2250	102
5.2300	109
5.2350	115
5.2400	103
5.2450	93
5.2500	92
5.2550	101
5.2600	95
5.2650	101
5.2700	92
5.2750	94
5.2800	104
5.2850	90
5.2900	99
5.2950	103
5.3000	460
5.3050	477
5.3100	460
5.3150	518
5.3200	512
5.3250	507
5.3300	503
5.3350	495
5.3400	516
5.3450	474
5.3500	501
5.3550	493
5.3600	502
5.3650	477
5.3700	462
5.3750	521
5.3800	490
5.3850	549
5.3900	496
5.3950	486
5.4000	293
5.4050	196
5.4100	129
5.4150	88
5.4200	104
5.4250	95
5.4300	98
5.4350	111
5.4400	105
5.4450	95
5.4500	117
5.4550	97
5.4600	99
5.4650	102
5.4700	96
5.4750	104
5.4800	93
5.4850	93
5.4900	93
5.4950	89
5.5000	496
5.5050	478
5.5100	494
5.5150	467
5.5200	484
5.5250	500
5.5300	508
5.5350	487
5.5400	473
5.5450	531
5.5500	505
5.5550	528
5.5600	501
5.5650	476
5.5700	512
5.5750	522
5.5800	475
5.5850	486
5.5900	516
5.5950	513
5.6000	320
5.6050	166
5.6100	110
5.6150	102
5.6200	107
5.6250	104
5.6300	107
5.6350	100
5.6400	115
5.6450	109
5.6500	92
5.6550	94
5.6600	90
5.6650	104
5.6700	118
5.6750	80
5.6800	93
5.6850	96
5.6900	94
5.6950	96
5.7000	490
5.7050	504
5.7100	496
5.7150	495
5.7200	520
5.7250	539
5.7300	537
5.7350	468
5.7400	474
5.7450	532
5.7500	494
5.7550	523
5.7600	492
5.7650	540
5.7700	484
5.7750	506
5.7800	511
5.7850	533
5.7900	486
5.7950	484
5.8000	299
5.8050	180
5.8100	129
5.8150	101
5.8200	109
5.8250	102
5.8300	116
5.8350	102
5.8400	100
5.8450	79
5.8500	90
5.8550	94
5.8600	85
5.8650	107
5.8700	89
5.8750	99
5.8800	85
5.8850	86
5.8900	89
5.8950	92
5.9000	493
5.9050	483
5.9100	515
5.9150	489
5.9200	510
5.9250	524
5.9300	466
5.9350	500
5.9400	499
5.9450	506
5.9500	468
5.9550	502
5.9600	519
5.9650	497
5.9700	522
5.9750	486
5.9800	517
5.9850	525
5.9900	498
5.9950	493
6.0000	302
6.0050	219
6.0100	112
6.0150	108
6.0200	116
6.0250	114
6.0300	103
6.0350	91
6.0400	81
6.0450	99
6.0500	100
6.0550	79
6.0600	118
6.0650	91
6.0700	97
6.0750	102
6.0800	105
6.0850	111
6.0900	80
6.0950	94
6.1000	500
6.1050	498
6.1100	511
6.1150	513
6.1200	529
6.1250	504
6.1300	515
6.1350	498
6.1400	479
6.1450	498
6.1500	499
6.1550	513
6.1600	479
6.1650	470
6.1700	522
6.1750	517
6.1800	489
6.1850	486
6.1900	477
6.1950	513
6.2000	296
6.2050	195
6.2100	138
6.2150	106
6.2200	94
6.2250	102
6.2300	105
6.2350	96
6.2400	98
6.2450	101
6.2500	99
6.2550	90
6.2600	89
6.2650	112
6.2700	98
6.2750	95
6.2800	100
6.2850	108
6.2900	104
6.2950	70
6.3000	517
6.3050	513
6.3100	517
6.3150	499
6.3200	516
6.3250	461
6.3300	514
6.3350	495
6.3400	556
6.3450	526
6.3500	505
6.3550	512
6.3600	474
6.3650	500
6.3700	519
6.3750	544
6.3800	508
6.3850	528
6.3900	487
6.3950	535
6.4000	309
6.4050	217
6.4100	122
6.4150	107
6.4200	114
6.4250	94
6.4300	103
6.4350	101
6.4400	102
6.4450	98
6.4500	105
6.4550	95
6.4600	100
6.4650	79
6.4700	93
6.4750	91
6.4800	102
6.4850	94
6.4900	95
6.4950	101
6.5000	464
6.5050	521
6.5100	511
6.5150	541
6.5200	502
6.5250	501
6.5300	483
6.5350	463
6.5400	486
6.5450	530
6.5500	523
6.5550	482
6.5600	498
6.5650	485
6.5700	523
6.5750	502
6.5800	496
6.5850	521
6.5900	510
6.5950	486
6.6000	299
6.6050	194
6.6100	124
6.6150	109
6.6200	97
6.6250	124
6.6300	124
6.6350	122
6.6400	99
6.6450	112
6.6500	90
6.6550	96
6.6600	116
6.6650	104
6.6700	118
6.6750	97
6.6800	85
6.6850	95
6.6900	87
6.6950	97
6.7000	477
6.7050	502
6.7100	525
6.7150	496
6.7200	501
6.7250	497
6.7300	482
6.7350	499
6.7400	485
6.7450	525
6.7500	501
6.7550	510
6.7600	483
6.7650	490
6.7700	469
6.7750	524
6.7800	479
6.7850	510
6.7900	519
6.7950	508
6.8000	299
6.8050	190
6.8100	130
6.8150	111
6.8200	110
6.8250	109
6.8300	111
6.8350	98
6.8400	102
6.8450	98
6.8500	99
6.8550	98
6.8600	100
6.8650	92
6.8700	96
6.8750	103
6.8800	101
6.8850	95
6.8900	94
6.8950	86
6.9000	533
6.9050	497
6.9100	539
6.9150	510
6.9200	492
6.9250	522
6.9300	514
6.9350	539
6.9400	525
6.9450	516
6.9500	477
6.9550	483
6.9600	486
6.9650	526
6.9700	521
6.9750	497
6.9800	500
6.9850	516
6.9900	504
6.9950	492
7.0000	312
7.0050	192
7.0100	120
7.0150	86
7.0200	87
7.0250	107
7.0300	105
7.0350	100
7.0400	97
7.0450	90
7.0500	106
7.0550	93
7.0600	103
7.0650	108
7.0700	107
7.0750	100
7.0800	91
7.0850	89
7.0900	124
7.0950	104
7.1000	429
7.1050	566
7.1100	556
7.1150	484
7.1200	506
7.1250	489
7.1300	462
7.1350	559
7.1400	515
7.1450	526
7.1500	497
7.1550	487
7.1600	544
7.1650	506
7.1700	496
7.1750	511
7.1800	510
7.1850	519
7.1900	485
7.1950	524
7.2000	326
7.2050	194
7.2100	122
7.2150	90
7.2200	113
7.2250	106
7.2300	102
7.2350	97
7.2400	101
7.2450	84
7.2500	98
7.2550	94
7.2600	82
7.2650	97
7.2700	107
7.2750	102
7.2800	88
7.2850	87
7.2900	97
7.2950	104
7.3000	494
7.3050	511
7.3100	489
7.3150	532
7.3200	503
7.3250	504
7.3300	528
7.3350	473
7.3400	492
7.3450	485
7.3500	544
7.3550	512
7.3600	479
7.3650	499
7.3700	515
7.3750	497
7.3800	552
7.3850	523
7.3900	511
7.3950	511
7.4000	285
7.4050	205
7.4100	137
7.4150	100
7.4200	88
7.4250	97
7.4300	103
7.4350	96
7.4400	83
7.4450	112
7.4500	103
7.4550	110
7.4600	95
7.4650	84
7.4700	92
7.4750	96
7.4800	75
7.4850	97
7.4900	95
7.4950	100
7.5000	475
7.5050	511
7.5100	503
7.5150	511
7.5200	554
7.5250	516
7.5300	503
7.5350	508
7.5400	512
7.5450	501
7.5500	485
7.5550	508
7.5600	512
7.5650	498
7.5700	514
7.5750	498
7.5800	542
7.5850	502
7.5900	525
7.5950	537
7.6000	297
7.6050	180
7.6100	114
7.6150	99
7.6200	110
7.6250	98
7.6300	98
7.6350	117
7.6400	101
7.6450	94
7.6500	83
7.6550	92
7.6600	91
7.6650	99
7.6700	85
7.6750	86
7.6800	103
7.6850	94
7.6900	76
7.6950	82
7.7000	518
7.7050	477
7.7100	507
7.7150	492
7.7200	506
7.7250	519
7.7300	508
7.7350	487
7.7400	474
7.7450	497
7.7500	509
7.7550	507
7.7600	490
7.7650	498
7.7700	518
7.7750	500
7.7800	498
7.7850	507
7.7900	556
7.7950	514
7.8000	288
7.8050	180
7.8100	122
7.8150	86
7.8200	106
7.8250	113
7.8300	115
7.8350	80
7.8400	94
7.8450	108
7.8500	83
7.8550	100
7.8600	103
7.8650	97
7.8700	80
7.8750	102
7.8800	91
7.8850	94
7.8900	86
7.8950	91
7.9000	474
7.9050	505
7.9100	478
7.9150	481
7.9200	556
7.9250	515
7.9300	487
7.9350	470
7.9400	503
7.9450	517
7.9500	564
7.9550	479
7.9600	548
7.9650	496
7.9700	514
7.9750	504
7.9800	498
7.9850	474
7.9900	527
7.9950	520
8.0000	292
8.0050	198
8.0100	121
8.0150	104
8.0200	88
8.0250	99
8.0300	94
8.0350	83
8.0400	101
8.0450	86
8.0500	112
8.0550	103
8.0600	85
8.0650	97
8.0700	91
8.0750	92
8.0800	104
8.0850	70
8.0900	92
8.0950	112
8.1000	506
8.1050	530
8.1100	496
8.1150	535
8.1200	517
8.1250	477
8.1300	467
8.1350	484
8.1400	469
8.1450	528
8.1500	546
8.1550	480
8.1600	496
8.1650	468
8.1700	490
8.1750	497
8.1800	506
8.1850	490
8.1900	502
8.1950	506
8.2000	276
8.2050	181
8.2100	100
8.2150	108
8.2200	88
8.2250	102
8.2300	92
8.2350	101
8.2400	85
8.2450	108
8.2500	99
8.2550	90
8.2600	82
8.2650	92
8.2700	94
8.2750	107
8.2800	90
8.2850	88
8.2900	95
8.2950	73
8.3000	475
8.3050	487
8.3100	555
8.3150	476
8.3200	498
8.3250	518
8.3300	512
8.3350	489
8.3400	475
8.3450	538
8.3500	504
8.3550	478
8.3600	502
8.3650	506
8.3700	483
8.3750	502
8.3800	509
8.3850	471
8.3900	522
8.3950	511
8.4000	291
8.4050	201
8.4100	123
8.4150	86
8.4200	83
8.4250	105
8.4300	102
8.4350	90
8.4400	109
8.4450	89
8.4500	103
8.4550	126
8.4600	106
8.4650	100
8.4700	111
8.4750	81
8.4800	79
8.4850	70
8.4900	82
8.4950	89
8.5000	507
8.5050	497
8.5100	478
8.5150	499
8.5200	503
8.5250	501
8.5300	511
8.5350	519
8.5400	487
8.5450	513
8.5500	475
8.5550	489
8.5600	512
8.5650	511
8.5700	481
8.5750	509
8.5800	527
8.5850	532
8.5900	516
8.5950	481
8.6000	338
8.6050	195
8.6100	134
8.6150	125
8.6200	105
8.6250	91
8.6300	107
8.6350	100
8.6400	91
8.6450	98
8.6500	98
8.6550	96
8.6600	85
8.6650	93
8.6700	87
8.6750	87
8.6800	84
8.6850	77
8.6900	112
8.6950	103
8.7000	480
8.7050	519
8.7100	522
8.7150	484
8.7200	518
8.7250	458
8.7300	514
8.7350	474
8.7400	485
8.7450	463
8.7500	510
8.7550	502
8.7600	526
8.7650	514
8.7700	453
8.7750	508
8.7800	518
8.7850	510
8.7900	475
8.7950	504
8.8000	277
8.8050	189
8.8100	106
8.8150	102
8.8200	103
8.8250	104
8.8300	131
8.8350	95
8.8400	101
8.8450	98
8.8500	104
8.8550	90
8.8600	80
8.8650	88
8.8700	92
8.8750	81
8.8800	92
8.8850	102
8.8900	100
8.8950	110
8.9000	503
8.9050	503
8.9100	507
8.9150	506
8.9200	521
8.9250	497
8.9300	495
8.9350	515
8.9400	516
8.9450	534
8.9500	491
8.9550	516
8.9600	457
8.9650	527
8.9700	493
8.9750	512
8.9800	509
8.9850	499
8.9900	486
8.9950	491
9.0000	287
9.0050	171
9.0100	137
9.0150	107
9.0200	80
9.0250	102
9.0300	99
9.0350	86
9.0400	100
9.0450	85
9.0500	100
9.0550	91
9.0600	93
9.0650	97
9.0700	98
9.0750	84
9.0800	101
9.0850	93
9.0900	93
9.0950	100
9.1000	492
9.1050	527
9.1100	510
9.1150	553
9.1200	489
9.1250	521
9.1300	488
9.1350	504
9.1400	489
9.1450	531
9.1500	538
9.1550	518
9.1600	502
9.1650	483
9.1700	528
9.1750	516
9.1800	535
9.1850	496
9.1900	516
9.1950	521
9.2000	317
9.2050	206
9.2100	112
9.2150	112
9.2200	88
9.2250	111
9.2300	100
9.2350	90
9.2400	75
9.2450	104
9.2500	97
9.2550	104
9.2600	95
9.2650	99
9.2700	84
9.2750	74
9.2800	81
9.2850	82
9.2900	100
9.2950	81
9.3000	511
9.3050	509
9.3100	478
9.3150	497
9.3200	506
9.3250	525
9.3300	518
9.3350	519
9.3400	502
9.3450	458
9.3500	477
9.3550	449
9.3600	507
9.3650	484
9.3700	504
9.3750	504
9.3800	464
9.3850	543
9.3900	532
9.3950	473
9.4000	299
9.4050	178
9.4100	121
9.4150	113
9.4200	100
9.4250	89
9.4300	99
9.4350	101
9.4400	92
9.4450	95
9.4500	94
9.4550	77
9.4600	100
9.4650	96
9.4700	88
9.4750	81
9.4800	81
9.4850	100
9.4900	91
9.4950	76
9.5000	517
9.5050	511
9.5100	512
9.5150	490
9.5200	482
9.5250	540
9.5300	494
9.5350	490
9.5400	504
9.5450	517
9.5500	513
9.5550	499
9.5600	483
9.5650	522
9.5700	545
9.5750	464
9.5800	512
9.5850	501
9.5900	511
9.5950	499
9.6000	247
9.6050	191
9.6100	118
9.6150	116
9.6200	114
9.6250	86
9.6300	98
9.6350	93
9.6400	93
9.6450	102
9.6500	90
9.6550	87
9.6600	104
9.6650	77
9.6700	63
9.6750	91
9.6800	80
9.6850	63
9.6900	96
9.6950	88
9.7000	497
9.7050	518
9.7100	539
9.7150	495
9.7200	487
9.7250	520
9.7300	498
9.7350	506
9.7400	498
9.7450	505
9.7500	538
9.7550	464
9.7600	482
9.7650	524
9.7700	494
9.7750	506
9.7800	545
9.7850	465
9.7900	494
9.7950	500
9.8000	312
9.8050	194
9.8100	126
9.8150	94
9.8200	89
9.8250	87
9.8300	90
9.8350	75
9.8400	85
9.8450	74
9.8500	80
9.8550	80
9.8600	66
9.8650	82
9.8700	83
9.8750	78
9.8800	93
9.8850	95
9.8900	79
9.8950	92
9.9000	492
9.9050	516
9.9100	489
9.9150	495
9.9200	541
9.9250	486
9.9300	470
9.9350	532
9.9400	508
9.9450	499
9.9500	520
9.9550	495
9.9600	498
9.9650	557
9.9700	518
9.9750	519
9.9800	492
9.9850	508
9.9900	490
9.9950	541
10.0000	267
10.0050	177
10.0100	97
10.0150	81
10.0200	113
10.0250	83
10.0300	90
10.0350	75
10.0400	81
10.0450	97
10.0500	85
10.0550	84
10.0600	94
10.0650	109
10.0700	92
10.0750	94
10.0800	79
10.0850	89
10.0900	82
10.0950	91
10.1000	460
10.1050	496
10.1100	504
10.1150	521
10.1200	496
10.1250	493
10.1300	481
10.1350	482
10.1400	507
10.1450	495
10.1500	515
10.1550	467
10.1600	489
10.1650	508
10.1700	553
10.1750	503
10.1800	515
10.1850	495
10.1900	508
10.1950	517
10.2000	296
10.2050	173
10.2100	120
10.2150	97
10.2200	100
10.2250	95
10.2300	95
10.2350	94
10.2400	87
10.2450	91
10.2500	83
10.2550	67
10.2600	87
10.2650	85
10.2700	92
10.2750	76
10.2800	83
10.2850	65
10.2900	90
10.2950	74
10.3000	516
10.3050	508
10.3100	516
10.3150	491
10.3200	496
10.3250	486
10.3300	505
10.3350	508
10.3400	490
10.3450	497
10.3500	505
10.3550	526
10.3600	497
10.3650	482
10.3700	490
10.3750	524
10.3800	517
10.3850	505
10.3900	458
10.3950	499
10.4000	265
10.4050	176
10.4100	125
10.4150	95
10.4200	81
10.4250	105
10.4300	90
10.4350	80
10.4400	86
10.4450	84
10.4500	88
10.4550	88
10.4600	98
10.4650	86
10.4700	103
10.4750	89
10.4800	94
10.4850	79
10.4900	97
10.4950	79
10.5000	497
10.5050	504
10.5100	492
10.5150	529
10.5200	551
10.5250	524
10.5300	502
10.5350	490
10.5400	532
10.5450	495
10.5500	469
10.5550	493
10.5600	493
10.5650	504
10.5700	503
10.5750	466
10.5800	522
10.5850	498
10.5900	482
10.5950	528
10.6000	250
10.6050	157
10.6100	108
10.6150	78
10.6200	98
10.6250	85
10.6300	91
10.6350	74
10.6400	83
10.6450	105
10.6500	89
10.6550	107
10.6600	69
10.6650	83
10.6700	82
10.6750	80
10.6800	80
10.6850	84
10.6900	84
10.6950	79
10.7000	503
10.7050	488
10.7100	531
10.7150	484
10.7200	514
10.7250	495
10.7300	493
10.7350	522
10.7400	531
10.7450	510
10.7500	481
10.7550	534
10.7600	528
10.7650	513
10.7700	490
10.7750	524
10.7800	482
10.7850	492
10.7900	503
10.7950	521
10.8000	279
10.8050	166
10.8100	109
10.8150	102
10.8200	85
10.8250	102
10.8300	95
10.8350	69
10.8400	89
10.8450	87
10.8500	100
10.8550	74
10.8600	77
10.8650	94
10.8700	70
10.8750	94
10.8800	78
10.8850	95
10.8900	73
10.8950	75
10.9000	521
10.9050	534
10.9100	482
10.9150	464
10.9200	527
10.9250	508
10.9300	493
10.9350	494
10.9400	505
10.9450	526
10.9500	526
10.9550	517
10.9600	485
10.9650	512
10.9700	518
10.9750	465
10.9800	542
10.9850	517
10.9900	512
10.9950	519
11.0000	276
11.0050	178
11.0100	97
11.0150	96
11.0200	77
11.0250	82
11.0300	87
11.0350	74
11.0400	79
11.0450	82
11.0500	68
11.0550	78
11.0600	86
11.0650	91
11.0700	87
11.0750	74
11.0800	78
11.0850	70
11.0900	74
11.0950	78
11.1000	486
11.1050	503
11.1100	491
11.1150	534
11.1200	474
11.1250	480
11.1300	498
11.1350	512
11.1400	487
11.1450	477
11.1500	505
11.1550	509
11.1600	473
11.1650	525
11.1700	484
11.1750	509
11.1800	497
11.1850	506
11.1900	491
11.1950	475
11.2000	267
11.2050	174
11.2100	106
11.2150	95
11.2200	95
11.2250	92
11.2300	89
11.2350	89
11.2400	85
11.2450	88
11.2500	94
11.2550	74
11.2600	89
11.2650	96
11.2700	66
11.2750	60
11.2800	83
11.2850	71
11.2900	94
11.2950	77
11.3000	468
11.3050	500
11.3100	474
11.3150	516
11.3200	523
11.3250	507
11.3300	501
11.3350	479
11.3400	476
11.3450	533
11.3500	483
11.3550	489
11.3600	481
11.3650	498
11.3700	534
11.3750	520
11.3800	509
11.3850	490
11.3900	470
11.3950	509
11.4000	279
11.4050	175
11.4100	91
11.4150	80
11.4200	104
11.4250	96
11.4300	90
11.4350	78
11.4400	97
11.4450	93
11.4500	87
11.4550	92
11.4600	87
11.4650	83
11.4700	85
11.4750	88
11.4800	88
11.4850	70
11.4900	76
11.4950	92
11.5000	496
11.5050	529
11.5100	501
11.5150	474
11.5200	521
11.5250	520
11.5300	491
11.5350	497
11.5400	519
11.5450	474
11.5500	512
11.5550	496
11.5600	490
11.5650	487
11.5700	505
11.5750	480
11.5800	462
11.5850	535
11.5900	506
11.5950	481
11.6000	251
11.6050	177
11.6100	131
11.6150	96
11.6200	88
11.6250	96
11.6300	83
11.6350	88
11.6400	77
11.6450	86
11.6500	79
11.6550	86
11.6600	88
11.6650	84
11.6700	69
11.6750	80
11.6800	85
11.6850	91
11.6900	80
11.6950	89
11.7000	522
11.7050	477
11.7100	531
11.7150	493
11.7200	483
11.7250	513
11.7300	519
11.7350	551
11.7400	501
11.7450	476
11.7500	501
11.7550	532
11.7600	499
11.7650	502
11.7700	516
11.7750	508
11.7800	484
11.7850	466
11.7900	518
11.7950	488
11.8000	286
11.8050	174
11.8100	116
11.8150	91
11.8200	99
11.8250	87
11.8300	94
11.8350	92
11.8400	85
11.8450	94
11.8500	79
11.8550	76
11.8600	93
11.8650	84
11.8700	83
11.8750	81
11.8800	91
11.8850	69
11.8900	83
11.8950	67
11.9000	508
11.9050	500
11.9100	509
11.9150	517
11.9200	515
11.9250	494
11.9300	512
11.9350	486
11.9400	467
11.9450	512
11.9500	489
11.9550	484
11.9600	524
11.9650	524
11.9700	479
11.9750	524
11.9800	487
11.9850	477
11.9900	508
11.9950	533
12.0000	285
12.0050	177
12.0100	130
12.0150	79
12.0200	91
12.0250	99
12.0300	84
12.0350	100
12.0400	91
12.0450	90
12.0500	87
12.0550	74
12.0600	80
12.0650	95
12.0700	79
12.0750	64
12.0800	92
12.0850	78
12.0900	85
12.0950	103
12.1000	474
12.1050	523
12.1100	492
12.1150	491
12.1200	474
12.1250	512
12.1300	482
12.1350	510
12.1400	466
12.1450	525
12.1500	483
12.1550	458
12.1600	502
12.1650	484
12.1700	493
12.1750	452
12.1800	534
12.1850	483
12.1900	501
12.1950	471
12.2000	285
12.2050	176
12.2100	108
12.2150	95
12.2200	77
12.2250	81
12.2300	84
12.2350	84
12.2400	95
12.2450	72
12.2500	89
12.2550	88
12.2600	88
12.2650	83
12.2700	102
12.2750	93
12.2800	78
12.2850	71
12.2900	80
12.2950	82
12.3000	487
12.3050	492
12.3100	520
12.3150	544
12.3200	517
12.3250	484
12.3300	541
12.3350	507
12.3400	527
12.3450	493
12.3500	503
12.3550	481
12.3600	526
12.3650	504
12.3700	470
12.3750	498
12.3800	527
12.3850	536
12.3900	495
12.3950	495
12.4000	277
12.4050	170
12.4100	125
12.4150	93
12.4200	76
12.4250	105
12.4300	81
12.4350	95
12.4400	75
12.4450	90
12.4500	86
12.4550	70
12.4600	97
12.4650	93
12.4700	79
12.4750	94
12.4800	76
12.4850	86
12.4900	83
12.4950	84
12.5000	483
12.5050	508
12.5100	470
12.5150	504
12.5200	542
12.5250	488
12.5300	511
12.5350	521
12.5400	496
12.5450	506
12.5500	487
12.5550	490
12.5600	503
12.5650	496
12.5700	503
12.5750	496
12.5800	498
12.5850	497
12.5900	510
12.5950	501
12.6000	302
12.6050	190
12.6100	114
12.6150	91
12.6200	95
12.6250	79
12.6300	101
12.6350	84
12.6400	83
12.6450	91
12.6500	84
12.6550	73
12.6600	88
12.6650	73
12.6700	80
12.6750	90
12.6800	82
12.6850	72
12.6900	83
12.6950	85
12.7000	515
12.7050	538
12.7100	500
12.7150	533
12.7200	484
12.7250	482
12.7300	486
12.7350	487
12.7400	501
12.7450	523
12.7500	536
12.7550	485
12.7600	485
12.7650	497
12.7700	496
12.7750	498
12.7800	503
12.7850	498
12.7900	457
12.7950	526
12.8000	272
12.8050	168
12.8100	105
12.8150	99
12.8200	90
12.8250	87
12.8300	78
12.8350	96
12.8400	88
12.8450	80
12.8500	104
12.8550	81
12.8600	94
12.8650	84
12.8700	92
12.8750	75
12.8800	84
12.8850	83
12.8900	87
12.8950	92
12.9000	521
12.9050	500
12.9100	506
12.9150	533
12.9200	511
12.9250	510
12.9300	507
12.9350	512
12.9400	563
12.9450	491
12.9500	493
12.9550	527
12.9600	529
12.9650	494
12.9700	516
12.9750	475
12.9800	464
12.9850	527
12.9900	525
12.9950	520
13.0000	293
13.0050	190
13.0100	103
13.0150	95
13.0200	87
13.0250	91
13.0300	68
13.0350	77
13.0400	72
13.0450	78
13.0500	79
13.0550	103
13.0600	99
13.0650	82
13.0700	74
13.0750	84
13.0800	81
13.0850	86
13.0900	84
13.0950	79
13.1000	477
13.1050	503
13.1100	523
13.1150	491
13.1200	507
13.1250	485
13.1300	516
13.1350	498
13.1400	543
13.1450	488
13.1500	505
13.1550	527
13.1600	516
13.1650	504
13.1700	505
13.1750	505
13.1800	493
13.1850	530
13.1900	520
13.1950	525
13.2000	286
13.2050	185
13.2100	107
13.2150	89
13.2200	95
13.2250	86
13.2300	81
13.2350	64
13.2400	87
13.2450	93
13.2500	78
13.2550	72
13.2600	69
13.2650	91
13.2700	84
13.2750	68
13.2800	79
13.2850	78
13.2900	84
13.2950	81
13.3000	513
13.3050	480
13.3100	499
13.3150	495
13.3200	451
13.3250	534
13.3300	519
13.3350	515
13.3400	481
13.3450	488
13.3500	479
13.3550	498
13.3600	531
13.3650	515
13.3700	494
13.3750	462
13.3800	569
13.3850	454
13.3900	538
13.3950	551
13.4000	289
13.4050	165
13.4100	98
13.4150	88
13.4200	83
13.4250	88
13.4300	82
13.4350	85
13.4400	90
13.4450	76
13.4500	95
13.4550	71
13.4600	84
13.4650	91
13.4700	84
13.4750	101
13.4800	73
13.4850	68
13.4900	95
13.4950	79
13.5000	506
13.5050	529
13.5100	520
13.5150	543
13.5200	514
13.5250	500
13.5300	502
13.5350	516
13.5400	520
13.5450	521
13.5500	480
13.5550	504
13.5600	484
13.5650	544
13.5700	500
13.5750	498
13.5800	495
13.5850	485
13.5900	509
13.5950	512
13.6000	287
13.6050	180
13.6100	112
13.6150	98
13.6200	74
13.6250	94
13.6300	78
13.6350	71
13.6400	100
13.6450	75
13.6500	108
13.6550	94
13.6600	93
13.6650	82
13.6700	95
13.6750	74
13.6800	81
13.6850	86
13.6900	76
13.6950	91
13.7000	510
13.7050	516
13.7100	511
13.7150	507
13.7200	469
13.7250	513
13.7300	504
13.7350	484
13.7400	504
13.7450	483
13.7500	511
13.7550	499
13.7600	501
13.7650	537
13.7700	485
13.7750	495
13.7800	510
13.7850	513
13.7900	494
13.7950	509
13.8000	302
13.8050	198
13.8100	107
13.8150	102
13.8200	106
13.8250	94
13.8300	99
13.8350	80
13.8400	86
13.8450	86
13.8500	87
13.8550	88
13.8600	73
13.8650	87
13.8700	78
13.8750	91
13.8800	88
13.8850	90
13.8900	69
13.8950	72
13.9000	479
13.9050	480
13.9100	494
13.9150	504
13.9200	503
13.9250	466
13.9300	492
13.9350	531
13.9400	521
13.9450	482
13.9500	498
13.9550	493
13.9600	527
13.9650	506
13.9700	520
13.9750	505
13.9800	463
13.9850	499
13.9900	515
13.9950	495
14.0000	309
14.0050	164
14.0100	100
14.0150	74
14.0200	82
14.0250	78
14.0300	93
14.0350	100
14.0400	96
14.0450	98
14.0500	87
14.0550	79
14.0600	76
14.0650	76
14.0700	76
14.0750	81
14.0800	93
14.0850	88
14.0900	91
14.0950	89
14.1000	517
14.1050	475
14.1100	503
14.1150	486
14.1200	528
14.1250	490
14.1300	491
14.1350	517
14.1400	498
14.1450	520
14.1500	527
14.1550	499
14.1600	534
14.1650	509
14.1700	524
14.1750	489
14.1800	492
14.1850	484
14.1900	522
14.1950	547
14.2000	251
14.2050	180
14.2100	112
14.2150	85
14.2200	89
14.2250	91
14.2300	85
14.2350	87
14.2400	72
14.2450	88
14.2500	63
14.2550	89
14.2600	78
14.2650	76
14.2700	89
14.2750	80
14.2800	84
14.2850	70
14.2900	95
14.2950	91
14.3000	492
14.3050	496
14.3100	508
14.3150	502
14.3200	520
14.3250	537
14.3300	474
14.3350	494
14.3400	493
14.3450	546
14.3500	525
14.3550	536
14.3600	467
14.3650	470
14.3700	524
14.3750	509
14.3800	518
14.3850	518
14.3900	552
14.3950	502
14.4000	273
14.4050	171
14.4100	119
14.4150	84
14.4200	103
14.4250	95
14.4300	83
14.4350	83
14.4400	82
14.4450	82
14.4500	97
14.4550	71
14.4600	93
14.4650	71
14.4700	91
14.4750	66
14.4800	87
14.4850	73
14.4900	76
14.4950	86
14.5000	536
14.5050	500
14.5100	516
14.5150	531
14.5200	533
14.5250	515
14.5300	508
14.5350	495
14.5400	506
14.5450	486
14.5500	527
14.5550	488
14.5600	529
14.5650	483
14.5700	499
14.5750	489
14.5800	548
14.5850	524
14.5900	533
14.5950	498
14.6000	284
14.6050	160
14.6100	112
14.6150	89
14.6200	83
14.6250	73
14.6300	76
14.6350	103
14.6400	84
14.6450	82
14.6500	80
14.6550	69
14.6600	84
14.6650	75
14.6700	69
14.6750	84
14.6800	74
14.6850	94
14.6900	62
14.6950	77
14.7000	489
14.7050	480
14.7100	503
14.7150	532
14.7200	496
14.7250	491
14.7300	454
14.7350	532
14.7400	513
14.7450	496
14.7500	526
14.7550	511
14.7600	530
14.7650	536
14.7700	459
14.7750	488
14.7800	494
14.7850	483
14.7900	506
14.7950	496
14.8000	284
14.8050	172
14.8100	106
14.8150	85
14.8200	71
14.8250	84
14.8300	73
14.8350	83
14.8400	84
14.8450	74
14.8500	80
14.8550	75
14.8600	63
14.8650	93
14.8700	80
14.8750	73
14.8800	81
14.8850	68
14.8900	100
14.8950	74
14.9000	522
14.9050	496
14.9100	500
14.9150	487
14.9200	511
14.9250	510
14.9300	489
14.9350	502
14.9400	490
14.9450	492
14.9500	512
14.9550	532
14.9600	506
14.9650	467
14.9700	496
14.9750	476
14.9800	496
14.9850	518
14.9900	500
14.9950	513
15.0000	294
15.0050	167
15.0100	115
15.0150	105
15.0200	94
15.0250	96
15.0300	86
15.0350	93
15.0400	86
15.0450	87
15.0500	85
15.0550	81
15.0600	81
15.0650	81
15.0700	80
15.0750	80
15.0800	100
15.0850	90
15.0900	70
15.0950	71
15.1000	475
15.1050	492
15.1100	521
15.1150	531
15.1200	518
15.1250	531
15.1300	497
15.1350	524
15.1400	517
15.1450	522
15.1500	508
15.1550	514
15.1600	497
15.1650	531
15.1700	489
15.1750	480
15.1800	482
15.1850	499
15.1900	478
15.1950	526
15.2000	294
15.2050	180
15.2100	110
15.2150	81
15.2200	73
15.2250	82
15.2300	87
15.2350	97
15.2400	65
15.2450	85
15.2500	93
15.2550	72
15.2600	74
15.2650	76
15.2700	72
15.2750	87
15.2800	83
15.2850	74
15.2900	68
15.2950	69
15.3000	483
15.3050	514
15.3100	484
15.3150	487
15.3200	541
15.3250	534
15.3300	505
15.3350	509
15.3400	495
15.3450	495
15.3500	503
15.3550	491
15.3600	538
15.3650	523
15.3700	513
15.3750	531
15.3800	481
15.3850	538
15.3900	512
15.3950	522
15.4000	275
15.4050	155
15.4100	108
15.4150	90
15.4200	82
15.4250	86
15.4300	91
15.4350	92
15.4400	94
15.4450	85
15.4500	94
15.4550	82
15.4600	84
15.4650	74
15.4700	93
15.4750	87
15.4800	100
15.4850	87
15.4900	82
15.4950	80
15.5000	496
15.5050	504
15.5100	512
15.5150	503
15.5200	509
15.5250	493
15.5300	499
15.5350	523
15.5400	522
15.5450	494
15.5500	503
15.5550	533
15.5600	523
15.5650	503
15.5700	521
15.5750	522
15.5800	527
15.5850	522
15.5900	482
15.5950	488
15.6000	249
15.6050	175
15.6100	109
15.6150	86
15.6200	96
15.6250	90
15.6300	76
15.6350	85
15.6400	75
15.6450	99
15.6500	89
15.6550	87
15.6600	78
15.6650	82
15.6700	82
15.6750	74
15.6800	81
15.6850	79
15.6900	79
15.6950	81
15.7000	541
15.7050	509
15.7100	505
15.7150	517
15.7200	500
15.7250	484
15.7300	497
15.7350	519
15.7400	479
15.7450	544
15.7500	504
15.7550	522
15.7600	505
15.7650	476
15.7700	504
15.7750	491
15.7800	482
15.7850	524
15.7900	516
15.7950	473
15.8000	272
15.8050	171
15.8100	116
15.8150	96
15.8200	92
15.8250	96
15.8300	92
15.8350	80
15.8400	100
15.8450	79
15.8500	76
15.8550	86
15.8600	89
15.8650	76
15.8700	76
15.8750	101
15.8800	96
15.8850	84
15.8900	83
15.8950	71
15.9000	488
15.9050	525
15.9100	490
15.9150	503
15.9200	511
15.9250	489
15.9300	548
15.9350	464
15.9400	522
15.9450	529
15.9500	507
15.9550	459
15.9600	536
15.9650	496
15.9700	531
15.9750	508
15.9800	521
15.9850	485
15.9900	478
15.9950	525
16.0000	288
16.0050	150
16.0100	119
16.0150	114
16.0200	93
16.0250	90
16.0300	104
16.0350	91
16.0400	77
16.0450	80
16.0500	87
16.0550	77
16.0600	85
16.0650	72
16.0700	84
16.0750	88
16.0800	63
16.0850	81
16.0900	73
16.0950	77
16.1000	481
16.1050	528
16.1100	528
16.1150	532
16.1200	481
16.1250	511
16.1300	516
16.1350	502
16.1400	519
16.1450	476
16.1500	502
16.1550	501
16.1600	456
16.1650	487
16.1700	508
16.1750	479
16.1800	543
16.1850	484
16.1900	523
16.1950	536
16.2000	265
16.2050	179
16.2100	114
16.2150	98
16.2200	97
16.2250	100
16.2300	88
16.2350	109
16.2400	98
16.2450	78
16.2500	86
16.2550	87
16.2600	83
16.2650	91
16.2700	87
16.2750	89
16.2800	62
16.2850	74
16.2900	74
16.2950	69
16.3000	516
16.3050	524
16.3100	511
16.3150	515
16.3200	487
16.3250	529
16.3300	541
16.3350	476
16.3400	509
16.3450	508
16.3500	478
16.3550	472
16.3600	473
16.3650	525
16.3700	478
16.3750	499
16.3800	514
16.3850	548
16.3900	486
16.3950	478
16.4000	247
16.4050	178
16.4100	100
16.4150	89
16.4200	98
16.4250	71
16.4300	93
16.4350	91
16.4400	86
16.4450	65
16.4500	87
16.4550	76
16.4600	102
16.4650	96
16.4700	76
16.4750	76
16.4800	58
16.4850	86
16.4900	85
16.4950	71
16.5000	481
16.5050	499
16.5100	530
16.5150	480
16.5200	506
16.5250	484
16.5300	540
16.5350	495
16.5400	489
16.5450	489
16.5500	520
16.5550	504
16.5600	504
16.5650	478
16.5700	502
16.5750	473
16.5800	490
16.5850	523
16.5900	520
16.5950	464
16.6000	262
16.6050	154
16.6100	87
16.6150	93
16.6200	82
16.6250	84
16.6300	77
16.6350	92
16.6400	73
16.6450	80
16.6500	81
16.6550	82
16.6600	90
16.6650	89
16.6700	78
16.6750	99
16.6800	83
16.6850	78
16.6900	91
16.6950	81
16.7000	517
16.7050	479
16.7100	509
16.7150	463
16.7200	501
16.7250	518
16.7300	480
16.7350	485
16.7400	538
16.7450	510
16.7500	502
16.7550	488
16.7600	518
16.7650	517
16.7700	491
16.7750	497
16.7800	527
16.7850	502
16.7900	479
16.7950	491
16.8000	289
16.8050	187
16.8100	90
16.8150	98
16.8200	87
16.8250	90
16.8300	80
16.8350	75
16.8400	86
16.8450	86
16.8500	87
16.8550	97
16.8600	76
16.8650	88
16.8700	88
16.8750	92
16.8800	77
16.8850	102
16.8900	82
16.8950	74
16.9000	522
16.9050	469
16.9100	515
16.9150	526
16.9200	491
16.9250	539
16.9300	535
16.9350	491
16.9400	512
16.9450	508
16.9500	525
16.9550	546
16.9600	514
16.9650	519
16.9700	498
16.9750	536
16.9800	461
16.9850	498
16.9900	528
16.9950	485
17.0000	276
17.0050	174
17.0100	108
17.0150	77
17.0200	90
17.0250	82
17.0300	79
17.0350	104
17.0400	81
17.0450	84
17.0500	79
17.0550	83
17.0600	78
17.0650	60
17.0700	83
17.0750	98
17.0800	79
17.0850	77
17.0900	75
17.0950	90
17.1000	487
17.1050	506
17.1100	479
17.1150	521
17.1200	490
17.1250	484
17.1300	464
17.1350	514
17.1400	523
17.1450	494
17.1500	500
17.1550	496
17.1600	469
17.1650	507
17.1700	492
17.1750	485
17.1800	509
17.1850	511
17.1900	500
17.1950	503
17.2000	302
17.2050	167
17.2100	89
17.2150	113
17.2200	84
17.2250	85
17.2300	93
17.2350	81
17.2400	75
17.2450	97
17.2500	68
17.2550	87
17.2600	93
17.2650	84
17.2700	80
17.2750	84
17.2800	96
17.2850	79
17.2900	80
17.2950	93
17.3000	481
17.3050	566
17.3100	506
17.3150	540
17.3200	508
17.3250	521
17.3300	485
17.3350	506
17.3400	524
17.3450	503
17.3500	500
17.3550	479
17.3600	499
17.3650	509
17.3700	479
17.3750	551
17.3800	484
17.3850	518
17.3900	482
17.3950	526
17.4000	282
17.4050	164
17.4100	104
17.4150	94
17.4200	84
17.4250	80
17.4300	97
17.4350	81
17.4400	91
17.4450	83
17.4500	85
17.4550	88
17.4600	69
17.4650	72
17.4700	81
17.4750	96
17.4800	92
17.4850	98
17.4900	68
17.4950	77
17.5000	534
17.5050	522
17.5100	512
17.5150	522
17.5200	464
17.5250	479
17.5300	496
17.5350	521
17.5400	484
17.5450	518
17.5500	509
17.5550	504
17.5600	475
17.5650	534
17.5700	476
17.5750	505
17.5800	497
17.5850	544
17.5900	537
17.5950	487
17.6000	286
17.6050	202
17.6100	108
17.6150	77
17.6200	97
17.6250	79
17.6300	98
17.6350	75
17.6400	97
17.6450	83
17.6500	84
17.6550	87
17.6600	84
17.6650	82
17.6700	87
17.6750	95
17.6800	86
17.6850	74
17.6900	74
17.6950	74
17.7000	493
17.7050	523
17.7100	511
17.7150	524
17.7200	539
17.7250	481
17.7300	540
17.7350	517
17.7400	519
17.7450	521
17.7500	538
17.7550	516
17.7600	512
17.7650	512
17.7700	496
17.7750	527
17.7800	492
17.7850	511
17.7900	517
17.7950	509
17.8000	298
17.8050	161
17.8100	106
17.8150	77
17.8200	85
17.8250	87
17.8300	82
17.8350	77
17.8400	75
17.8450	84
17.8500	96
17.8550	73
17.8600	76
17.8650	83
17.8700	66
17.8750	74
17.8800	75
17.8850	88
17.8900	72
17.8950	92
17.9000	500
17.9050	470
17.9100	492
17.9150	523
17.9200	479
17.9250	493
17.9300	521
17.9350	472
17.9400	489
17.9450	506
17.9500	521
17.9550	523
17.9600	517
17.9650	526
17.9700	484
17.9750	523
17.9800	500
17.9850	474
17.9900	514
17.9950	523
18.0000	268
18.0050	191
18.0100	101
18.0150	91
18.0200	83
18.0250	94
18.0300	82
18.0350	87
18.0400	112
18.0450	90
18.0500	84
18.0550	95
18.0600	85
18.0650	96
18.0700	89
18.0750	90
18.0800	68
18.0850	83
18.0900	88
18.0950	79
18.1000	528
18.1050	508
18.1100	511
18.1150	505
18.1200	512
18.1250	508
18.1300	499
18.1350	503
18.1400	524
18.1450	532
18.1500	521
18.1550	485
18.1600	459
18.1650	504
18.1700	536
18.1750	485
18.1800	491
18.1850	546
18.1900	501
18.1950	530
18.2000	277
18.2050	182
18.2100	123
18.2150	78
18.2200	95
18.2250	92
18.2300	94
18.2350	107
18.2400	107
18.2450	91
18.2500	90
18.2550	101
18.2600	98
18.2650	94
18.2700	97
18.2750	85
18.2800	91
18.2850	91
18.2900	83
18.2950	83
18.3000	487
18.3050	528
18.3100	490
18.3150	484
18.3200	531
18.3250	510
18.3300	498
18.3350	480
18.3400	541
18.3450	493
18.3500	518
18.3550	505
18.3600	498
18.3650	515
18.3700	473
18.3750	500
18.3800	508
18.3850	500
18.3900	529
18.3950	472
18.4000	269
18.4050	214
18.4100	127
18.4150	101
18.4200	97
18.4250	105
18.4300	101
18.4350	96
18.4400	109
18.4450	94
18.4500	114
18.4550	112
18.4600	99
18.4650	81
18.4700	93
18.4750	85
18.4800	91
18.4850	88
18.4900	91
18.4950	111
18.5000	481
18.5050	480
18.5100	501
18.5150	501
18.5200	514
18.5250	477
18.5300	522
18.5350	508
18.5400	469
18.5450	556
18.5500	500
18.5550	492
18.5600	449
18.5650	530
18.5700	498
18.5750	511
18.5800	524
18.5850	511
18.5900	538
18.5950	471
18.6000	316
18.6050	224
18.6100	117
18.6150	113
18.6200	110
18.6250	113
18.6300	114
18.6350	97
18.6400	114
18.6450	92
18.6500	92
18.6550	102
18.6600	101
18.6650	89
18.6700	115
18.6750	102
18.6800	103
18.6850	102
18.6900	92
18.6950	88
18.7000	509
18.7050	495
18.7100	512
18.7150	495
18.7200	522
18.7250	479
18.7300	505
18.7350	482
18.7400	496
18.7450	509
18.7500	481
18.7550	503
18.7600	514
18.7650	515
18.7700	473
18.7750	516
18.7800	458
18.7850	463
18.7900	521
18.7950	533
18.8000	287
18.8050	214
18.8100	128
18.8150	114
18.8200	122
18.8250	104
18.8300	102
18.8350	86
18.8400	87
18.8450	95
18.8500	98
18.8550	107
18.8600	96
18.8650	89
18.8700	94
18.8750	97
18.8800	98
18.8850	102
18.8900	99
18.8950	82
18.9000	501
18.9050	523
18.9100	516
18.9150	522
18.9200	517
18.9250	505
18.9300	471
18.9350	489
18.9400	495
18.9450	516
18.9500	493
18.9550	522
18.9600	479
18.9650	512
18.9700	506
18.9750	508
18.9800	490
18.9850	506
18.9900	521
18.9950	486
19.0000	329
19.0050	194
19.0100	137
19.0150	112
19.0200	103
19.0250	115
19.0300	87
19.0350	105
19.0400	123
19.0450	102
19.0500	98
19.0550	96
19.0600	88
19.0650	93
19.0700	110
19.0750	98
19.0800	96
19.0850	91
19.0900	89
19.0950	101
19.1000	519
19.1050	495
19.1100	431
19.1150	513
19.1200	493
19.1250	491
19.1300	528
19.1350	506
19.1400	507
19.1450	501
19.1500	526
19.1550	479
19.1600	526
19.1650	515
19.1700	506
19.1750	484
19.1800	502
19.1850	555
19.1900	515
19.1950	532
19.2000	296
19.2050	164
19.2100	124
19.2150	118
19.2200	111
19.2250	91
19.2300	89
19.2350	92
19.2400	104
19.2450	109
19.2500	107
19.2550	103
19.2600	96
19.2650	97
19.2700	93
19.2750	101
19.2800	97
19.2850	91
19.2900	91
19.2950	87
19.3000	516
19.3050	486
19.3100	495
19.3150	518
19.3200	509
19.3250	518
19.3300	504
19.3350	492
19.3400	508
19.3450	473
19.3500	481
19.3550	483
19.3600	522
19.3650	523
19.3700	486
19.3750	499
19.3800	474
19.3850	488
19.3900	503
19.3950	502
19.4000	297
19.4050	198
19.4100	117
19.4150	110
19.4200	108
19.4250	101
19.4300	85
19.4350	101
19.4400	99
19.4450	93
19.4500	108
19.4550	107
19.4600	107
19.4650	104
19.4700	96
19.4750	91
19.4800	102
19.4850	93
19.4900	103
19.4950	102
19.5000	500
19.5050	495
19.5100	503
19.5150	502
19.5200	485
19.5250	478
19.5300	476
19.5350	491
19.5400	513
19.5450	503
19.5500	539
19.5550	484
19.5600	503
19.5650	512
19.5700	493
19.5750	504
19.5800	487
19.5850	524
19.5900	503
19.5950	454
19.6000	305
19.6050	189
19.6100	120
19.6150	100
19.6200	110
19.6250	104
19.6300	99
19.6350	81
19.6400	84
19.6450	95
19.6500	100
19.6550	99
19.6600	89
19.6650	105
19.6700	125
19.6750	102
19.6800	94
19.6850	100
19.6900	89
19.6950	112
19.7000	531
19.7050	514
19.7100	533
19.7150	490
19.7200	507
19.7250	454
19.7300	504
19.7350	525
19.7400	524
19.7450	480
19.7500	508
19.7550	500
19.7600	519
19.7650	502
19.7700	510
19.7750	508
19.7800	520
19.7850	535
19.7900	498
19.7950	471
19.8000	286
19.8050	194
19.8100	135
19.8150	115
19.8200	108
19.8250	96
19.8300	107
19.8350	95
19.8400	102
19.8450	124
19.8500	92
19.8550	101
19.8600	96
19.8650	89
19.8700	98
19.8750	101
19.8800	105
19.8850	99
19.8900	99
19.8950	109
19.9000	485
19.9050	507
19.9100	505
19.9150	505
19.9200	480
19.9250	501
19.9300	491
19.9350	517
19.9400	484
19.9450	515
19.9500	504
19.9550	480
19.9600	490
19.9650	512
19.9700	495
19.9750	484
19.9800	526
19.9850	493
19.9900	501
19.9950	501
