0.0000	282
0.0040	199
0.0080	140
0.0120	96
0.0160	101
0.0200	90
0.0240	93
0.0280	86
0.0320	97
0.0360	87
0.0400	93
0.0440	83
0.0480	90
0.0520	95
0.0560	88
0.0600	69
0.0640	99
0.0680	108
0.0720	81
0.0760	84
0.0800	84
0.0840	83
0.0880	95
0.0920	85
0.0960	104
0.1000	495
0.1040	470
0.1080	476
0.1120	526
0.1160	484
0.1200	530
0.1240	507
0.1280	474
0.1320	477
0.1360	547
0.1400	517
0.1440	487
0.1480	540
0.1520	515
0.1560	487
0.1600	473
0.1640	539
0.1680	514
0.1720	505
0.1760	481
0.1800	481
0.1840	523
0.1880	540
0.1920	504
0.1960	489
0.2000	298
0.2040	210
0.2080	160
0.2120	118
0.2160	103
0.2200	122
0.2240	97
0.2280	101
0.2320	98
0.2360	87
0.2400	93
0.2440	107
0.2480	110
0.2520	92
0.2560	103
0.2600	94
0.2640	98
0.2680	99
0.2720	76
0.2760	103
0.2800	77
0.2840	105
0.2880	91
0.2920	94
0.2960	77
0.3000	498
0.3040	508
0.3080	471
0.3120	494
0.3160	493
0.3200	534
0.3240	478
0.3280	530
0.3320	523
0.3360	473
0.3400	517
0.3440	497
0.3480	535
0.3520	475
0.3560	521
0.3600	462
0.3640	502
0.3680	515
0.3720	508
0.3760	502
0.3800	466
0.3840	534
0.3880	489
0.3920	485
0.3960	495
0.4000	296
0.4040	213
0.4080	137
0.4120	115
0.4160	111
0.4200	102
0.4240	90
0.4280	77
0.4320	96
0.4360	88
0.4400	84
0.4440	86
0.4480	98
0.4520	85
0.4560	89
0.4600	92
0.4640	79
0.4680	103
0.4720	90
0.4760	91
0.4800	84
0.4840	66
0.4880	79
0.4920	79
0.4960	80
0.5000	491
0.5040	472
0.5080	479
0.5120	490
0.5160	499
0.5200	477
0.5240	469
0.5280	484
0.5320	462
0.5360	492
0.5400	532
0.5440	468
0.5480	462
0.5520	499
0.5560	483
0.5600	510
0.5640	479
0.5680	497
0.5720	456
0.5760	484
0.5800	507
0.5840	464
0.5880	460
0.5920	507
0.5960	479
0.6000	304
0.6040	198
0.6080	146
0.6120	103
0.6160	105
0.6200	80
0.6240	103
0.6280	97
0.6320	110
0.6360	100
0.6400	105
0.6440	89
0.6480	92
0.6520	87
0.6560	93
0.6600	90
0.6640	88
0.6680	90
0.6720	95
0.6760	95
0.6800	107
0.6840	77
0.6880	79
0.6920	80
0.6960	93
0.7000	509
0.7040	490
0.7080	492
0.7120	468
0.7160	470
0.7200	482
0.7240	529
0.7280	504
0.7320	556
0.7360	507
0.7400	491
0.7440	521
0.7480	514
0.7520	521
0.7560	518
0.7600	499
0.7640	520
0.7680	521
0.7720	507
0.7760	531
0.7800	501
0.7840	478
0.7880	467
0.7920	516
0.7960	484
0.8000	278
0.8040	191
0.8080	139
0.8120	103
0.8160	96
0.8200	92
0.8240	84
0.8280	90
0.8320	98
0.8360	90
0.8400	84
0.8440	94
0.8480	78
0.8520	89
0.8560	97
0.8600	111
0.8640	92
0.8680	85
0.8720	85
0.8760	79
0.8800	95
0.8840	80
0.8880	90
0.8920	84
0.8960	94
0.9000	496
0.9040	449
0.9080	533
0.9120	480
0.9160	494
0.9200	516
0.9240	520
0.9280	490
0.9320	493
0.9360	480
0.9400	470
0.9440	509
0.9480	520
0.9520	480
0.9560	487
0.9600	522
0.9640	533
0.9680	508
0.9720	465
0.9760	496
0.9800	518
0.9840	518
0.9880	489
0.9920	504
0.9960	460
1.0000	301
1.0040	200
1.0080	135
1.0120	110
1.0160	100
1.0200	93
1.0240	94
1.0280	114
1.0320	91
1.0360	94
1.0400	102
1.0440	95
1.0480	99
1.0520	94
1.0560	114
1.0600	83
1.0640	101
1.0680	76
1.0720	86
1.0760	99
1.0800	80
1.0840	84
1.0880	84
1.0920	90
1.0960	100
1.1000	491
1.1040	509
1.1080	496
1.1120	497
1.1160	493
1.1200	495
1.1240	504
1.1280	482
1.1320	522
1.1360	465
1.1400	519
1.1440	500
1.1480	531
1.1520	483
1.1560	474
1.1600	506
1.1640	533
1.1680	466
1.1720	475
1.1760	494
1.1800	521
1.1840	508
1.1880	531
1.1920	513
1.1960	515
1.2000	277
1.2040	158
1.2080	133
1.2120	106
1.2160	93
1.2200	105
1.2240	94
1.2280	89
1.2320	84
1.2360	80
1.2400	75
1.2440	86
1.2480	89
1.2520	84
1.2560	91
1.2600	96
1.2640	101
1.2680	72
1.2720	82
1.2760	69
1.2800	86
1.2840	97
1.2880	78
1.2920	69
1.2960	79
1.3000	505
1.3040	515
1.3080	531
1.3120	496
1.3160	501
1.3200	516
1.3240	517
1.3280	498
1.3320	500
1.3360	468
1.3400	490
1.3440	495
1.3480	527
1.3520	445
1.3560	464
1.3600	492
1.3640	518
1.3680	500
1.3720	476
1.3760	530
1.3800	525
1.3840	509
1.3880	466
1.3920	486
1.3960	527
1.4000	304
1.4040	223
1.4080	152
1.4120	120
1.4160	106
1.4200	102
1.4240	85
1.4280	95
1.4320	103
1.4360	86
1.4400	87
1.4440	79
1.4480	101
1.4520	85
1.4560	81
1.4600	83
1.4640	73
1.4680	92
1.4720	94
1.4760	93
1.4800	71
1.4840	92
1.4880	88
1.4920	77
1.4960	88
1.5000	492
1.5040	508
1.5080	520
1.5120	515
1.5160	455
1.5200	516
1.5240	506
1.5280	512
1.5320	475
1.5360	517
1.5400	536
1.5440	507
1.5480	515
1.5520	497
1.5560	476
1.5600	518
1.5640	515
1.5680	502
1.5720	507
1.5760	480
1.5800	502
1.5840	519
1.5880	500
1.5920	524
1.5960	512
1.6000	295
1.6040	190
1.6080	123
1.6120	104
1.6160	83
1.6200	81
1.6240	102
1.6280	87
1.6320	89
1.6360	94
1.6400	79
1.6440	88
1.6480	103
1.6520	83
1.6560	113
1.6600	99
1.6640	83
1.6680	69
1.6720	103
1.6760	89
1.6800	96
1.6840	86
1.6880	78
1.6920	89
1.6960	79
1.7000	491
1.7040	517
1.7080	517
1.7120	498
1.7160	504
1.7200	528
1.7240	474
1.7280	498
1.7320	509
1.7360	513
1.7400	499
1.7440	516
1.7480	483
1.7520	544
1.7560	499
1.7600	491
1.7640	506
1.7680	492
1.7720	522
1.7760	535
1.7800	498
1.7840	469
1.7880	488
1.7920	528
1.7960	490
1.8000	314
1.8040	211
1.8080	133
1.8120	110
1.8160	86
1.8200	87
1.8240	89
1.8280	102
1.8320	88
1.8360	77
1.8400	116
1.8440	101
1.8480	111
1.8520	109
1.8560	88
1.8600	87
1.8640	91
1.8680	78
1.8720	85
1.8760	78
1.8800	88
1.8840	80
1.8880	87
1.8920	82
1.8960	81
1.9000	512
1.9040	524
1.9080	485
1.9120	487
1.9160	497
1.9200	487
1.9240	513
1.9280	539
1.9320	480
1.9360	507
1.9400	488
1.9440	467
1.9480	524
1.9520	481
1.9560	507
1.9600	486
1.9640	503
1.9680	528
1.9720	463
1.9760	486
1.9800	461
1.9840	481
1.9880	513
1.9920	519
1.9960	470
2.0000	263
2.0040	227
2.0080	137
2.0120	96
2.0160	85
2.0200	103
2.0240	98
2.0280	76
2.0320	98
2.0360	80
2.0400	84
2.0440	96
2.0480	85
2.0520	97
2.0560	94
2.0600	87
2.0640	89
2.0680	98
2.0720	89
2.0760	93
2.0800	86
2.0840	92
2.0880	100
2.0920	85
2.0960	86
2.1000	495
2.1040	522
2.1080	503
2.1120	514
2.1160	520
2.1200	516
2.1240	514
2.1280	514
2.1320	506
2.1360	491
2.1400	510
2.1440	488
2.1480	507
2.1520	500
2.1560	459
2.1600	501
2.1640	475
2.1680	479
2.1720	514
2.1760	474
2.1800	486
2.1840	535
2.1880	494
2.1920	491
2.1960	499
2.2000	263
2.2040	217
2.2080	132
2.2120	106
2.2160	100
2.2200	98
2.2240	95
2.2280	90
2.2320	94
2.2360	87
2.2400	93
2.2440	88
2.2480	84
2.2520	86
2.2560	86
2.2600	93
2.2640	80
2.2680	76
2.2720	81
2.2760	88
2.2800	101
2.2840	84
2.2880	87
2.2920	86
2.2960	94
2.3000	504
2.3040	495
2.3080	495
2.3120	510
2.3160	484
2.3200	491
2.3240	492
2.3280	498
2.3320	522
2.3360	504
2.3400	514
2.3440	518
2.3480	494
2.3520	508
2.3560	500
2.3600	488
2.3640	510
2.3680	504
2.3720	504
2.3760	506
2.3800	534
2.3840	548
2.3880	506
2.3920	524
2.3960	498
2.4000	271
2.4040	183
2.4080	146
2.4120	117
2.4160	86
2.4200	82
2.4240	89
2.4280	99
2.4320	96
2.4360	88
2.4400	92
2.4440	103
2.4480	88
2.4520	80
2.4560	73
2.4600	98
2.4640	80
2.4680	100
2.4720	93
2.4760	91
2.4800	89
2.4840	96
2.4880	85
2.4920	99
2.4960	87
2.5000	488
2.5040	502
2.5080	523
2.5120	503
2.5160	502
2.5200	528
2.5240	500
2.5280	502
2.5320	490
2.5360	515
2.5400	539
2.5440	498
2.5480	525
2.5520	505
2.5560	478
2.5600	529
2.5640	532
2.5680	510
2.5720	496
2.5760	503
2.5800	517
2.5840	501
2.5880	490
2.5920	525
2.5960	494
2.6000	316
2.6040	192
2.6080	123
2.6120	114
2.6160	102
2.6200	88
2.6240	87
2.6280	91
2.6320	102
2.6360	87
2.6400	83
2.6440	77
2.6480	107
2.6520	111
2.6560	102
2.6600	94
2.6640	80
2.6680	104
2.6720	96
2.6760	98
2.6800	108
2.6840	86
2.6880	95
2.6920	106
2.6960	92
2.7000	482
2.7040	498
2.7080	529
2.7120	523
2.7160	553
2.7200	535
2.7240	533
2.7280	507
2.7320	488
2.7360	526
2.7400	509
2.7440	526
2.7480	534
2.7520	518
2.7560	509
2.7600	510
2.7640	504
2.7680	531
2.7720	504
2.7760	492
2.7800	499
2.7840	514
2.7880	507
2.7920	461
2.7960	488
2.8000	301
2.8040	194
2.8080	128
2.8120	125
2.8160	98
2.8200	106
2.8240	101
2.8280	108
2.8320	96
2.8360	95
2.8400	90
2.8440	96
2.8480	84
2.8520	81
2.8560	98
2.8600	96
2.8640	85
2.8680	88
2.8720	77
2.8760	94
2.8800	92
2.8840	94
2.8880	92
2.8920	97
2.8960	84
2.9000	496
2.9040	498
2.9080	522
2.9120	501
2.9160	507
2.9200	482
2.9240	538
2.9280	472
2.9320	529
2.9360	466
2.9400	486
2.9440	485
2.9480	517
2.9520	526
2.9560	485
2.9600	509
2.9640	484
2.9680	479
2.9720	504
2.9760	485
2.9800	503
2.9840	498
2.9880	510
2.9920	490
2.9960	522
3.0000	298
3.0040	194
3.0080	139
3.0120	103
3.0160	114
3.0200	92
3.0240	104
3.0280	86
3.0320	90
3.0360	100
3.0400	98
3.0440	84
3.0480	87
3.0520	97
3.0560	73
3.0600	91
3.0640	109
3.0680	81
3.0720	95
3.0760	82
3.0800	95
3.0840	92
3.0880	80
3.0920	91
3.0960	87
3.1000	465
3.1040	491
3.1080	504
3.1120	503
3.1160	495
3.1200	508
3.1240	517
3.1280	499
3.1320	519
3.1360	501
3.1400	500
3.1440	498
3.1480	531
3.1520	460
3.1560	502
3.1600	488
3.1640	461
3.1680	489
3.1720	482
3.1760	526
3.1800	469
3.1840	499
3.1880	499
3.1920	491
3.1960	518
3.2000	306
3.2040	220
3.2080	129
3.2120	106
3.2160	102
3.2200	96
3.2240	109
3.2280	108
3.2320	108
3.2360	94
3.2400	87
3.2440	89
3.2480	93
3.2520	83
3.2560	102
3.2600	92
3.2640	93
3.2680	98
3.2720	110
3.2760	96
3.2800	86
3.2840	100
3.2880	93
3.2920	86
3.2960	96
3.3000	486
3.3040	482
3.3080	490
3.3120	494
3.3160	473
3.3200	495
3.3240	513
3.3280	504
3.3320	533
3.3360	494
3.3400	497
3.3440	480
3.3480	517
3.3520	522
3.3560	475
3.3600	488
3.3640	501
3.3680	490
3.3720	485
3.3760	500
3.3800	489
3.3840	506
3.3880	523
3.3920	488
3.3960	488
3.4000	292
3.4040	219
3.4080	142
3.4120	105
3.4160	105
3.4200	106
3.4240	101
3.4280	103
3.4320	96
3.4360	97
3.4400	84
3.4440	79
3.4480	99
3.4520	96
3.4560	96
3.4600	83
3.4640	88
3.4680	97
3.4720	94
3.4760	80
3.4800	95
3.4840	96
3.4880	98
3.4920	85
3.4960	83
3.5000	455
3.5040	537
3.5080	519
3.5120	514
3.5160	462
3.5200	503
3.5240	521
3.5280	501
3.5320	504
3.5360	515
3.5400	470
3.5440	513
3.5480	500
3.5520	466
3.5560	507
3.5600	491
3.5640	530
3.5680	485
3.5720	525
3.5760	492
3.5800	484
3.5840	570
3.5880	509
3.5920	533
3.5960	535
3.6000	293
3.6040	194
3.6080	130
3.6120	96
3.6160	91
3.6200	110
3.6240	106
3.6280	110
3.6320	110
3.6360	89
3.6400	85
3.6440	108
3.6480	91
3.6520	112
3.6560	94
3.6600	76
3.6640	94
3.6680	85
3.6720	94
3.6760	85
3.6800	86
3.6840	84
3.6880	87
3.6920	89
3.6960	91
3.7000	503
3.7040	492
3.7080	539
3.7120	529
3.7160	431
3.7200	507
3.7240	504
3.7280	520
3.7320	509
3.7360	495
3.7400	485
3.7440	534
3.7480	520
3.7520	501
3.7560	488
3.7600	509
3.7640	500
3.7680	505
3.7720	537
3.7760	528
3.7800	490
3.7840	488
3.7880	500
3.7920	527
3.7960	481
3.8000	305
3.8040	210
3.8080	151
3.8120	126
3.8160	102
3.8200	94
3.8240	95
3.8280	103
3.8320	97
3.8360	88
3.8400	79
3.8440	106
3.8480	110
3.8520	91
3.8560	88
3.8600	96
3.8640	90
3.8680	102
3.8720	82
3.8760	85
3.8800	78
3.8840	98
3.8880	76
3.8920	88
3.8960	102
3.9000	475
3.9040	500
3.9080	514
3.9120	498
3.9160	516
3.9200	481
3.9240	494
3.9280	515
3.9320	527
3.9360	506
3.9400	482
3.9440	486
3.9480	517
3.9520	493
3.9560	518
3.9600	526
3.9640	491
3.9680	486
3.9720	480
3.9760	503
3.9800	496
3.9840	484
3.9880	492
3.9920	472
3.9960	542
4.0000	266
4.0040	207
4.0080	135
4.0120	106
4.0160	97
4.0200	108
4.0240	95
4.0280	88
4.0320	106
4.0360	79
4.0400	104
4.0440	88
4.0480	105
4.0520	90
4.0560	97
4.0600	93
4.0640	85
4.0680	83
4.0720	80
4.0760	97
4.0800	104
4.0840	85
4.0880	98
4.0920	90
4.0960	83
4.1000	530
4.1040	475
4.1080	470
4.1120	507
4.1160	511
4.1200	500
4.1240	507
4.1280	531
4.1320	495
4.1360	499
4.1400	476
4.1440	470
4.1480	552
4.1520	504
4.1560	491
4.1600	490
4.1640	481
4.1680	469
4.1720	502
4.1760	529
4.1800	501
4.1840	508
4.1880	511
4.1920	485
4.1960	463
4.2000	305
4.2040	201
4.2080	148
4.2120	105
4.2160	104
4.2200	92
4.2240	103
4.2280	97
4.2320	110
4.2360	90
4.2400	104
4.2440	104
4.2480	92
4.2520	112
4.2560	86
4.2600	86
4.2640	95
4.2680	78
4.2720	86
4.2760	81
4.2800	83
4.2840	86
4.2880	94
4.2920	83
4.2960	95
4.3000	507
4.3040	513
4.3080	474
4.3120	481
4.3160	511
4.3200	489
4.3240	535
4.3280	512
4.3320	501
4.3360	514
4.3400	530
4.3440	505
4.3480	546
4.3520	472
4.3560	545
4.3600	501
4.3640	540
4.3680	491
4.3720	513
4.3760	512
4.3800	507
4.3840	509
4.3880	520
4.3920	488
4.3960	538
4.4000	277
4.4040	211
4.4080	130
4.4120	111
4.4160	80
4.4200	122
4.4240	86
4.4280	103
4.4320	89
4.4360	94
4.4400	83
4.4440	102
4.4480	84
4.4520	98
4.4560	79
4.4600	90
4.4640	87
4.4680	78
4.4720	90
4.4760	88
4.4800	92
4.4840	84
4.4880	95
4.4920	101
4.4960	88
4.5000	499
4.5040	517
4.5080	513
4.5120	496
4.5160	489
4.5200	489
4.5240	492
4.5280	508
4.5320	498
4.5360	512
4.5400	533
4.5440	485
4.5480	481
4.5520	528
4.5560	512
4.5600	510
4.5640	485
4.5680	497
4.5720	507
4.5760	486
4.5800	482
4.5840	502
4.5880	479
4.5920	504
4.5960	506
4.6000	277
4.6040	205
4.6080	125
4.6120	106
4.6160	113
4.6200	81
4.6240	92
4.6280	106
4.6320	92
4.6360	94
4.6400	80
4.6440	85
4.6480	93
4.6520	97
4.6560	90
4.6600	85
4.6640	103
4.6680	84
4.6720	85
4.6760	96
4.6800	86
4.6840	97
4.6880	86
4.6920	70
4.6960	69
4.7000	479
4.7040	511
4.7080	509
4.7120	520
4.7160	466
4.7200	515
4.7240	522
4.7280	501
4.7320	506
4.7360	479
4.7400	461
4.7440	483
4.7480	513
4.7520	526
4.7560	509
4.7600	498
4.7640	496
4.7680	535
4.7720	534
4.7760	518
4.7800	499
4.7840	494
4.7880	519
4.7920	483
4.7960	507
4.8000	295
4.8040	202
4.8080	160
4.8120	88
4.8160	86
4.8200	81
4.8240	86
4.8280	93
4.8320	76
4.8360	102
4.8400	82
4.8440	75
4.8480	94
4.8520	107
4.8560	97
4.8600	81
4.8640	77
4.8680	89
4.8720	80
4.8760	89
4.8800	85
4.8840	89
4.8880	88
4.8920	89
4.8960	88
4.9000	448
4.9040	487
4.9080	569
4.9120	523
4.9160	504
4.9200	510
4.9240	468
4.9280	528
4.9320	500
4.9360	480
4.9400	490
4.9440	470
4.9480	522
4.9520	510
4.9560	516
4.9600	524
4.9640	480
4.9680	499
4.9720	477
4.9760	510
4.9800	468
4.9840	482
4.9880	470
4.9920	527
4.9960	553
5.0000	270
5.0040	188
5.0080	142
5.0120	100
5.0160	104
5.0200	93
5.0240	85
5.0280	83
5.0320	102
5.0360	82
5.0400	84
5.0440	106
5.0480	84
5.0520	101
5.0560	80
5.0600	92
5.0640	92
5.0680	88
5.0720	101
5.0760	96
5.0800	94
5.0840	87
5.0880	92
5.0920	94
5.0960	76
5.1000	478
5.1040	512
5.1080	506
5.1120	476
5.1160	503
5.1200	482
5.1240	488
5.1280	511
5.1320	487
5.1360	516
5.1400	527
5.1440	525
5.1480	486
5.1520	536
5.1560	517
5.1600	525
5.1640	513
5.1680	545
5.1720	501
5.1760	492
5.1800	503
5.1840	471
5.1880	459
5.1920	512
5.1960	452
5.2000	309
5.2040	199
5.2080	131
5.2120	100
5.2160	95
5.2200	96
5.2240	81
5.2280	86
5.2320	94
5.2360	92
5.2400	83
5.2440	90
5.2480	89
5.2520	84
5.2560	93
5.2600	75
5.2640	106
5.2680	95
5.2720	88
5.2760	78
5.2800	85
5.2840	82
5.2880	91
5.2920	94
5.2960	80
5.3000	478
5.3040	508
5.3080	498
5.3120	536
5.3160	548
5.3200	501
5.3240	503
5.3280	483
5.3320	507
5.3360	515
5.3400	460
5.3440	515
5.3480	504
5.3520	497
5.3560	546
5.3600	496
5.3640	523
5.3680	487
5.3720	532
5.3760	474
5.3800	482
5.3840	482
5.3880	502
5.3920	494
5.3960	485
5.4000	269
5.4040	219
5.4080	134
5.4120	95
5.4160	103
5.4200	95
5.4240	103
5.4280	104
5.4320	106
5.4360	89
5.4400	83
5.4440	98
5.4480	90
5.4520	84
5.4560	98
5.4600	90
5.4640	78
5.4680	91
5.4720	80
5.4760	83
5.4800	80
5.4840	79
5.4880	101
5.4920	96
5.4960	99
5.5000	503
5.5040	486
5.5080	512
5.5120	492
5.5160	506
5.5200	489
5.5240	478
5.5280	519
5.5320	536
5.5360	542
5.5400	511
5.5440	495
5.5480	486
5.5520	525
5.5560	514
5.5600	495
5.5640	472
5.5680	476
5.5720	512
5.5760	481
5.5800	479
5.5840	493
5.5880	482
5.5920	507
5.5960	480
5.6000	283
5.6040	180
5.6080	130
5.6120	106
5.6160	90
5.6200	95
5.6240	99
5.6280	99
5.6320	84
5.6360	98
5.6400	93
5.6440	94
5.6480	85
5.6520	89
5.6560	96
5.6600	87
5.6640	95
5.6680	93
5.6720	88
5.6760	74
5.6800	90
5.6840	81
5.6880	76
5.6920	98
5.6960	71
5.7000	502
5.7040	525
5.7080	531
5.7120	515
5.7160	480
5.7200	501
5.7240	449
5.7280	534
5.7320	504
5.7360	475
5.7400	516
5.7440	503
5.7480	500
5.7520	538
5.7560	497
5.7600	517
5.7640	519
5.7680	525
5.7720	455
5.7760	496
5.7800	527
5.7840	518
5.7880	497
5.7920	495
5.7960	534
5.8000	312
5.8040	190
5.8080	125
5.8120	82
5.8160	110
5.8200	105
5.8240	103
5.8280	104
5.8320	95
5.8360	107
5.8400	104
5.8440	104
5.8480	108
5.8520	85
5.8560	98
5.8600	109
5.8640	92
5.8680	97
5.8720	96
5.8760	94
5.8800	90
5.8840	95
5.8880	91
5.8920	103
5.8960	74
5.9000	519
5.9040	501
5.9080	515
5.9120	513
5.9160	473
5.9200	491
5.9240	506
5.9280	505
5.9320	480
5.9360	532
5.9400	491
5.9440	507
5.9480	468
5.9520	463
5.9560	525
5.9600	508
5.9640	506
5.9680	522
5.9720	495
5.9760	476
5.9800	499
5.9840	485
5.9880	482
5.9920	482
5.9960	491
6.0000	262
6.0040	178
6.0080	140
6.0120	102
6.0160	103
6.0200	92
6.0240	95
6.0280	77
6.0320	92
6.0360	97
6.0400	68
6.0440	78
6.0480	95
6.0520	84
6.0560	95
6.0600	88
6.0640	82
6.0680	89
6.0720	94
6.0760	100
6.0800	86
6.0840	90
6.0880	82
6.0920	91
6.0960	82
6.1000	477
6.1040	512
6.1080	522
6.1120	494
6.1160	514
6.1200	488
6.1240	515
6.1280	497
6.1320	460
6.1360	524
6.1400	523
6.1440	530
6.1480	491
6.1520	499
6.1560	453
6.1600	517
6.1640	503
6.1680	514
6.1720	498
6.1760	510
6.1800	542
6.1840	523
6.1880	507
6.1920	523
6.1960	456
6.2000	298
6.2040	209
6.2080	148
6.2120	94
6.2160	98
6.2200	113
6.2240	96
6.2280	111
6.2320	112
6.2360	115
6.2400	108
6.2440	99
6.2480	99
6.2520	107
6.2560	100
6.2600	99
6.2640	94
6.2680	104
6.2720	95
6.2760	97
6.2800	94
6.2840	106
6.2880	90
6.2920	88
6.2960	88
6.3000	503
6.3040	486
6.3080	512
6.3120	490
6.3160	489
6.3200	488
6.3240	496
6.3280	503
6.3320	520
6.3360	476
6.3400	492
6.3440	522
6.3480	511
6.3520	500
6.3560	471
6.3600	495
6.3640	515
6.3680	522
6.3720	536
6.3760	516
6.3800	490
6.3840	482
6.3880	499
6.3920	492
6.3960	523
6.4000	324
6.4040	201
6.4080	138
6.4120	103
6.4160	103
6.4200	104
6.4240	111
6.4280	97
6.4320	88
6.4360	102
6.4400	91
6.4440	116
6.4480	107
6.4520	96
6.4560	95
6.4600	102
6.4640	108
6.4680	100
6.4720	91
6.4760	98
6.4800	88
6.4840	94
6.4880	87
6.4920	98
6.4960	80
6.5000	510
6.5040	514
6.5080	492
6.5120	511
6.5160	527
6.5200	466
6.5240	501
6.5280	513
6.5320	520
6.5360	494
6.5400	511
6.5440	495
6.5480	522
6.5520	544
6.5560	500
6.5600	542
6.5640	470
6.5680	498
6.5720	547
6.5760	513
6.5800	528
6.5840	492
6.5880	494
6.5920	494
6.5960	501
6.6000	240
6.6040	207
6.6080	147
6.6120	107
6.6160	82
6.6200	87
6.6240	101
6.6280	99
6.6320	99
6.6360	92
6.6400	96
6.6440	72
6.6480	101
6.6520	85
6.6560	102
6.6600	95
6.6640	79
6.6680	95
6.6720	88
6.6760	77
6.6800	90
6.6840	83
6.6880	78
6.6920	87
6.6960	89
6.7000	501
6.7040	488
6.7080	463
6.7120	514
6.7160	507
6.7200	502
6.7240	500
6.7280	480
6.7320	508
6.7360	506
6.7400	486
6.7440	466
6.7480	491
6.7520	511
6.7560	503
6.7600	507
6.7640	486
6.7680	476
6.7720	510
6.7760	476
6.7800	477
6.7840	494
6.7880	497
6.7920	477
6.7960	488
6.8000	273
6.8040	180
6.8080	151
6.8120	95
6.8160	95
6.8200	96
6.8240	90
6.8280	99
6.8320	90
6.8360	88
6.8400	103
6.8440	88
6.8480	72
6.8520	95
6.8560	105
6.8600	83
6.8640	92
6.8680	87
6.8720	117
6.8760	107
6.8800	82
6.8840	73
6.8880	86
6.8920	87
6.8960	99
6.9000	511
6.9040	496
6.9080	496
6.9120	489
6.9160	469
6.9200	499
6.9240	489
6.9280	484
6.9320	500
6.9360	526
6.9400	491
6.9440	497
6.9480	501
6.9520	484
6.9560	488
6.9600	513
6.9640	499
6.9680	506
6.9720	532
6.9760	525
6.9800	522
6.9840	516
6.9880	519
6.9920	507
6.9960	531
7.0000	300
7.0040	200
7.0080	115
7.0120	96
7.0160	97
7.0200	100
7.0240	99
7.0280	114
7.0320	85
7.0360	94
7.0400	113
7.0440	80
7.0480	85
7.0520	75
7.0560	96
7.0600	82
7.0640	90
7.0680	95
7.0720	82
7.0760	89
7.0800	87
7.0840	82
7.0880	82
7.0920	82
7.0960	97
7.1000	509
7.1040	515
7.1080	502
7.1120	510
7.1160	480
7.1200	518
7.1240	477
7.1280	510
7.1320	508
7.1360	554
7.1400	510
7.1440	522
7.1480	481
7.1520	476
7.1560	525
7.1600	522
7.1640	530
7.1680	506
7.1720	527
7.1760	492
7.1800	507
7.1840	514
7.1880	515
7.1920	493
7.1960	507
7.2000	307
7.2040	222
7.2080	142
7.2120	131
7.2160	106
7.2200	101
7.2240	115
7.2280	98
7.2320	102
7.2360	81
7.2400	102
7.2440	97
7.2480	84
7.2520	94
7.2560	88
7.2600	112
7.2640	93
7.2680	99
7.2720	92
7.2760	87
7.2800	80
7.2840	94
7.2880	87
7.2920	100
7.2960	92
7.3000	486
7.3040	516
7.3080	513
7.3120	479
7.3160	497
7.3200	512
7.3240	495
7.3280	508
7.3320	513
7.3360	481
7.3400	526
7.3440	507
7.3480	485
7.3520	531
7.3560	450
7.3600	476
7.3640	499
7.3680	466
7.3720	474
7.3760	516
7.3800	506
7.3840	488
7.3880	524
7.3920	508
7.3960	498
7.4000	281
7.4040	186
7.4080	128
7.4120	96
7.4160	83
7.4200	85
7.4240	87
7.4280	71
7.4320	110
7.4360	78
7.4400	83
7.4440	82
7.4480	86
7.4520	78
7.4560	66
7.4600	99
7.4640	86
7.4680	72
7.4720	98
7.4760	72
7.4800	80
7.4840	83
7.4880	84
7.4920	70
7.4960	68
7.5000	494
7.5040	545
7.5080	474
7.5120	501
7.5160	514
7.5200	511
7.5240	457
7.5280	519
7.5320	540
7.5360	515
7.5400	510
7.5440	553
7.5480	520
7.5520	515
7.5560	503
7.5600	522
7.5640	483
7.5680	518
7.5720	518
7.5760	505
7.5800	526
7.5840	471
7.5880	544
7.5920	499
7.5960	480
7.6000	310
7.6040	182
7.6080	154
7.6120	106
7.6160	107
7.6200	115
7.6240	102
7.6280	99
7.6320	96
7.6360	108
7.6400	106
7.6440	85
7.6480	94
7.6520	91
7.6560	74
7.6600	99
7.6640	109
7.6680	91
7.6720	100
7.6760	90
7.6800	91
7.6840	84
7.6880	78
7.6920	93
7.6960	80
7.7000	485
7.7040	505
7.7080	488
7.7120	471
7.7160	494
7.7200	498
7.7240	471
7.7280	501
7.7320	488
7.7360	517
7.7400	487
7.7440	493
7.7480	499
7.7520	527
7.7560	519
7.7600	482
7.7640	494
7.7680	500
7.7720	493
7.7760	525
7.7800	485
7.7840	525
7.7880	481
7.7920	505
7.7960	520
7.8000	279
7.8040	164
7.8080	123
7.8120	95
7.8160	88
7.8200	88
7.8240	90
7.8280	77
7.8320	90
7.8360	87
7.8400	94
7.8440	74
7.8480	68
7.8520	77
7.8560	75
7.8600	78
7.8640	93
7.8680	82
7.8720	66
7.8760	103
7.8800	87
7.8840	72
7.8880	81
7.8920	81
7.8960	71
7.9000	480
7.9040	484
7.9080	469
7.9120	508
7.9160	512
7.9200	510
7.9240	490
7.9280	494
7.9320	488
7.9360	495
7.9400	501
7.9440	488
7.9480	527
7.9520	477
7.9560	511
7.9600	482
7.9640	521
7.9680	498
7.9720	497
7.9760	516
7.9800	497
7.9840	504
7.9880	536
7.9920	503
7.9960	493
8.0000	303
8.0040	234
8.0080	137
8.0120	118
8.0160	121
8.0200	97
8.0240	83
8.0280	94
8.0320	93
8.0360	86
8.0400	93
8.0440	84
8.0480	92
8.0520	80
8.0560	87
8.0600	97
8.0640	78
8.0680	80
8.0720	79
8.0760	86
8.0800	65
8.0840	82
8.0880	85
8.0920	88
8.0960	67
8.1000	522
8.1040	491
8.1080	514
8.1120	503
8.1160	516
8.1200	499
8.1240	509
8.1280	502
8.1320	510
8.1360	518
8.1400	492
8.1440	496
8.1480	475
8.1520	463
8.1560	505
8.1600	499
8.1640	495
8.1680	546
8.1720	495
8.1760	474
8.1800	515
8.1840	520
8.1880	503
8.1920	527
8.1960	506
8.2000	270
8.2040	198
8.2080	124
8.2120	89
8.2160	102
8.2200	82
8.2240	80
8.2280	89
8.2320	94
8.2360	81
8.2400	82
8.2440	98
8.2480	100
8.2520	85
8.2560	75
8.2600	104
8.2640	93
8.2680	99
8.2720	96
8.2760	90
8.2800	90
8.2840	85
8.2880	90
8.2920	73
8.2960	98
8.3000	481
8.3040	494
8.3080	482
8.3120	484
8.3160	515
8.3200	466
8.3240	521
8.3280	502
8.3320	490
8.3360	535
8.3400	502
8.3440	498
8.3480	487
8.3520	531
8.3560	561
8.3600	485
8.3640	474
8.3680	509
8.3720	515
8.3760	534
8.3800	544
8.3840	516
8.3880	479
8.3920	533
8.3960	488
8.4000	289
8.4040	204
8.4080	128
8.4120	103
8.4160	91
8.4200	89
8.4240	105
8.4280	89
8.4320	115
8.4360	99
8.4400	94
8.4440	83
8.4480	91
8.4520	81
8.4560	91
8.4600	83
8.4640	100
8.4680	68
8.4720	80
8.4760	82
8.4800	85
8.4840	86
8.4880	85
8.4920	83
8.4960	67
8.5000	522
8.5040	479
8.5080	493
8.5120	467
8.5160	537
8.5200	495
8.5240	495
8.5280	504
8.5320	517
8.5360	490
8.5400	506
8.5440	531
8.5480	499
8.5520	499
8.5560	476
8.5600	518
8.5640	513
8.5680	466
8.5720	481
8.5760	491
8.5800	498
8.5840	467
8.5880	505
8.5920	525
8.5960	498
8.6000	266
8.6040	205
8.6080	127
8.6120	97
8.6160	106
8.6200	96
8.6240	95
8.6280	86
8.6320	98
8.6360	84
8.6400	91
8.6440	81
8.6480	97
8.6520	93
8.6560	75
8.6600	89
8.6640	101
8.6680	83
8.6720	92
8.6760	87
8.6800	82
8.6840	78
8.6880	71
8.6920	107
8.6960	88
8.7000	488
8.7040	484
8.7080	513
8.7120	508
8.7160	515
8.7200	532
8.7240	494
8.7280	509
8.7320	503
8.7360	487
8.7400	492
8.7440	496
8.7480	485
8.7520	475
8.7560	508
8.7600	495
8.7640	485
8.7680	493
8.7720	508
8.7760	529
8.7800	523
8.7840	523
8.7880	513
8.7920	496
8.7960	495
8.8000	302
8.8040	176
8.8080	129
8.8120	87
8.8160	82
8.8200	100
8.8240	99
8.8280	90
8.8320	104
8.8360	92
8.8400	98
8.8440	94
8.8480	82
8.8520	87
8.8560	80
8.8600	79
8.8640	85
8.8680	68
8.8720	85
8.8760	96
8.8800	66
8.8840	69
8.8880	68
8.8920	80
8.8960	79
8.9000	496
8.9040	511
8.9080	509
8.9120	494
8.9160	506
8.9200	519
8.9240	514
8.9280	568
8.9320	498
8.9360	520
8.9400	532
8.9440	533
8.9480	504
8.9520	541
8.9560	520
8.9600	507
8.9640	457
8.9680	495
8.9720	495
8.9760	493
8.9800	497
8.9840	516
8.9880	484
8.9920	468
8.9960	500
9.0000	278
9.0040	174
9.0080	133
9.0120	113
9.0160	90
9.0200	79
9.0240	90
9.0280	93
9.0320	83
9.0360	92
9.0400	108
9.0440	88
9.0480	89
9.0520	85
9.0560	95
9.0600	81
9.0640	73
9.0680	89
9.0720	79
9.0760	97
9.0800	79
9.0840	90
9.0880	81
9.0920	81
9.0960	86
9.1000	498
9.1040	501
9.1080	488
9.1120	512
9.1160	501
9.1200	525
9.1240	467
9.1280	487
9.1320	477
9.1360	486
9.1400	520
9.1440	529
9.1480	496
9.1520	511
9.1560	486
9.1600	487
9.1640	473
9.1680	491
9.1720	495
9.1760	478
9.1800	490
9.1840	494
9.1880	537
9.1920	527
9.1960	517
9.2000	277
9.2040	185
9.2080	124
9.2120	106
9.2160	67
9.2200	78
9.2240	96
9.2280	93
9.2320	76
9.2360	103
9.2400	96
9.2440	72
9.2480	90
9.2520	85
9.2560	72
9.2600	92
9.2640	68
9.2680	88
9.2720	81
9.2760	75
9.2800	73
9.2840	89
9.2880	74
9.2920	77
9.2960	71
9.3000	483
9.3040	483
9.3080	512
9.3120	528
9.3160	503
9.3200	475
9.3240	500
9.3280	538
9.3320	490
9.3360	479
9.3400	517
9.3440	498
9.3480	528
9.3520	504
9.3560	530
9.3600	516
9.3640	472
9.3680	505
9.3720	543
9.3760	539
9.3800	574
9.3840	511
9.3880	498
9.3920	468
9.3960	514
9.4000	281
9.4040	202
9.4080	141
9.4120	115
9.4160	92
9.4200	100
9.4240	95
9.4280	117
9.4320	92
9.4360	103
9.4400	91
9.4440	100
9.4480	100
9.4520	104
9.4560	98
9.4600	103
9.4640	109
9.4680	85
9.4720	100
9.4760	97
9.4800	101
9.4840	83
9.4880	98
9.4920	88
9.4960	92
9.5000	525
9.5040	520
9.5080	505
9.5120	500
9.5160	482
9.5200	506
9.5240	503
9.5280	534
9.5320	501
9.5360	512
9.5400	498
9.5440	502
9.5480	459
9.5520	518
9.5560	493
9.5600	482
9.5640	508
9.5680	502
9.5720	549
9.5760	507
9.5800	526
9.5840	488
9.5880	510
9.5920	510
9.5960	562
9.6000	251
9.6040	178
9.6080	121
9.6120	104
9.6160	97
9.6200	79
9.6240	101
9.6280	104
9.6320	102
9.6360	96
9.6400	99
9.6440	82
9.6480	66
9.6520	79
9.6560	93
9.6600	91
9.6640	92
9.6680	104
9.6720	86
9.6760	95
9.6800	83
9.6840	95
9.6880	88
9.6920	84
9.6960	70
9.7000	496
9.7040	485
9.7080	513
9.7120	527
9.7160	504
9.7200	554
9.7240	513
9.7280	533
9.7320	495
9.7360	516
9.7400	513
9.7440	505
9.7480	493
9.7520	518
9.7560	495
9.7600	507
9.7640	516
9.7680	484
9.7720	529
9.7760	521
9.7800	515
9.7840	489
9.7880	501
9.7920	549
9.7960	503
9.8000	304
9.8040	187
9.8080	121
9.8120	109
9.8160	97
9.8200	97
9.8240	96
9.8280	103
9.8320	89
9.8360	97
9.8400	111
9.8440	94
9.8480	92
9.8520	77
9.8560	88
9.8600	91
9.8640	83
9.8680	77
9.8720	92
9.8760	93
9.8800	93
9.8840	72
9.8880	72
9.8920	89
9.8960	77
9.9000	502
9.9040	533
9.9080	516
9.9120	542
9.9160	490
9.9200	494
9.9240	501
9.9280	485
9.9320	524
9.9360	549
9.9400	481
9.9440	477
9.9480	494
9.9520	505
9.9560	530
9.9600	493
9.9640	524
9.9680	568
9.9720	507
9.9760	501
9.9800	518
9.9840	496
9.9880	515
9.9920	511
9.9960	490
10.0000	260
10.0040	183
10.0080	125
10.0120	100
10.0160	96
10.0200	93
10.0240	98
10.0280	100
10.0320	84
10.0360	85
10.0400	90
10.0440	75
10.0480	90
10.0520	66
10.0560	90
10.0600	83
10.0640	88
10.0680	94
10.0720	87
10.0760	88
10.0800	90
10.0840	83
10.0880	84
10.0920	103
10.0960	80
10.1000	465
10.1040	544
10.1080	473
10.1120	478
10.1160	476
10.1200	502
10.1240	502
10.1280	475
10.1320	519
10.1360	518
10.1400	487
10.1440	507
10.1480	493
10.1520	487
10.1560	486
10.1600	515
10.1640	505
10.1680	511
10.1720	515
10.1760	522
10.1800	500
10.1840	528
10.1880	505
10.1920	532
10.1960	529
10.2000	273
10.2040	205
10.2080	143
10.2120	103
10.2160	75
10.2200	103
10.2240	105
10.2280	95
10.2320	88
10.2360	102
10.2400	81
10.2440	93
10.2480	87
10.2520	100
10.2560	88
10.2600	83
10.2640	71
10.2680	94
10.2720	84
10.2760	67
10.2800	78
10.2840	74
10.2880	95
10.2920	76
10.2960	90
10.3000	522
10.3040	520
10.3080	501
10.3120	509
10.3160	477
10.3200	508
10.3240	509
10.3280	514
10.3320	498
10.3360	519
10.3400	494
10.3440	499
10.3480	526
10.3520	501
10.3560	520
10.3600	548
10.3640	483
10.3680	493
10.3720	537
10.3760	496
10.3800	525
10.3840	503
10.3880	511
10.3920	495
10.3960	530
10.4000	286
10.4040	188
10.4080	125
10.4120	104
10.4160	81
10.4200	88
10.4240	85
10.4280	95
10.4320	89
10.4360	78
10.4400	102
10.4440	93
10.4480	75
10.4520	96
10.4560	82
10.4600	78
10.4640	84
10.4680	82
10.4720	77
10.4760	77
10.4800	75
10.4840	79
10.4880	77
10.4920	81
10.4960	80
10.5000	503
10.5040	474
10.5080	496
10.5120	521
10.5160	512
10.5200	483
10.5240	505
10.5280	519
10.5320	515
10.5360	502
10.5400	498
10.5440	490
10.5480	499
10.5520	492
10.5560	510
10.5600	525
10.5640	526
10.5680	490
10.5720	505
10.5760	475
10.5800	510
10.5840	502
10.5880	508
10.5920	496
10.5960	518
10.6000	285
10.6040	177
10.6080	117
10.6120	105
10.6160	115
10.6200	94
10.6240	88
10.6280	83
10.6320	78
10.6360	74
10.6400	65
10.6440	84
10.6480	84
10.6520	82
10.6560	75
10.6600	77
10.6640	68
10.6680	88
10.6720	71
10.6760	76
10.6800	68
10.6840	71
10.6880	79
10.6920	68
10.6960	86
10.7000	497
10.7040	547
10.7080	515
10.7120	512
10.7160	522
10.7200	486
10.7240	502
10.7280	514
10.7320	496
10.7360	507
10.7400	453
10.7440	531
10.7480	514
10.7520	511
10.7560	484
10.7600	515
10.7640	467
10.7680	460
10.7720	500
10.7760	491
10.7800	494
10.7840	522
10.7880	515
10.7920	449
10.7960	515
10.8000	277
10.8040	178
10.8080	113
10.8120	105
10.8160	96
10.8200	89
10.8240	98
10.8280	92
10.8320	89
10.8360	78
10.8400	101
10.8440	91
10.8480	70
10.8520	98
10.8560	92
10.8600	98
10.8640	86
10.8680	92
10.8720	97
10.8760	72
10.8800	92
10.8840	76
10.8880	94
10.8920	92
10.8960	95
10.9000	461
10.9040	507
10.9080	501
10.9120	495
10.9160	532
10.9200	493
10.9240	505
10.9280	502
10.9320	499
10.9360	490
10.9400	508
10.9440	506
10.9480	479
10.9520	486
10.9560	479
10.9600	478
10.9640	486
10.9680	525
10.9720	508
10.9760	497
10.9800	513
10.9840	515
10.9880	512
10.9920	526
10.9960	475
11.0000	285
11.0040	205
11.0080	117
11.0120	90
11.0160	88
11.0200	88
11.0240	91
11.0280	74
11.0320	81
11.0360	95
11.0400	85
11.0440	68
11.0480	104
11.0520	82
11.0560	76
11.0600	84
11.0640	100
11.0680	68
11.0720	85
11.0760	77
11.0800	73
11.0840	81
11.0880	80
11.0920	73
11.0960	86
11.1000	491
11.1040	514
11.1080	506
11.1120	511
11.1160	486
11.1200	510
11.1240	491
11.1280	510
11.1320	476
11.1360	505
11.1400	464
11.1440	507
11.1480	489
11.1520	497
11.1560	510
11.1600	496
11.1640	488
11.1680	484
11.1720	496
11.1760	507
11.1800	504
11.1840	490
11.1880	511
11.1920	527
11.1960	515
11.2000	255
11.2040	195
11.2080	119
11.2120	97
11.2160	99
11.2200	82
11.2240	86
11.2280	80
11.2320	92
11.2360	83
11.2400	112
11.2440	114
11.2480	79
11.2520	81
11.2560	81
11.2600	88
11.2640	67
11.2680	91
11.2720	75
11.2760	79
11.2800	63
11.2840	77
11.2880	81
11.2920	59
11.2960	69
11.3000	473
11.3040	503
11.3080	489
11.3120	503
11.3160	509
11.3200	488
11.3240	476
11.3280	479
11.3320	514
11.3360	506
11.3400	521
11.3440	496
11.3480	521
11.3520	528
11.3560	476
11.3600	539
11.3640	523
11.3680	510
11.3720	512
11.3760	508
11.3800	493
11.3840	508
11.3880	519
11.3920	496
11.3960	493
11.4000	308
11.4040	189
11.4080	131
11.4120	101
11.4160	80
11.4200	94
11.4240	74
11.4280	92
11.4320	83
11.4360	81
11.4400	92
11.4440	76
11.4480	92
11.4520	85
11.4560	104
11.4600	90
11.4640	92
11.4680	84
11.4720	106
11.4760	95
11.4800	80
11.4840	76
11.4880	83
11.4920	84
11.4960	82
11.5000	526
11.5040	481
11.5080	499
11.5120	494
11.5160	519
11.5200	470
11.5240	528
11.5280	491
11.5320	505
11.5360	442
11.5400	487
11.5440	483
11.5480	501
11.5520	508
11.5560	476
11.5600	512
11.5640	497
11.5680	507
11.5720	495
11.5760	533
11.5800	525
11.5840	492
11.5880	519
11.5920	465
11.5960	488
11.6000	276
11.6040	183
11.6080	138
11.6120	104
11.6160	68
11.6200	95
11.6240	105
11.6280	88
11.6320	91
11.6360	88
11.6400	71
11.6440	84
11.6480	85
11.6520	87
11.6560	74
11.6600	87
11.6640	88
11.6680	74
11.6720	102
11.6760	80
11.6800	101
11.6840	61
11.6880	89
11.6920	78
11.6960	78
11.7000	504
11.7040	523
11.7080	487
11.7120	486
11.7160	511
11.7200	492
11.7240	458
11.7280	522
11.7320	500
11.7360	530
11.7400	493
11.7440	486
11.7480	485
11.7520	500
11.7560	525
11.7600	525
11.7640	515
11.7680	494
11.7720	541
11.7760	521
11.7800	511
11.7840	510
11.7880	497
11.7920	506
11.7960	500
11.8000	262
11.8040	171
11.8080	127
11.8120	85
11.8160	91
11.8200	88
11.8240	91
11.8280	90
11.8320	98
11.8360	93
11.8400	89
11.8440	82
11.8480	83
11.8520	85
11.8560	70
11.8600	85
11.8640	88
11.8680	71
11.8720	75
11.8760	83
11.8800	84
11.8840	95
11.8880	80
11.8920	83
11.8960	82
11.9000	505
11.9040	471
11.9080	505
11.9120	515
11.9160	525
11.9200	512
11.9240	490
11.9280	505
11.9320	493
11.9360	515
11.9400	490
11.9440	490
11.9480	503
11.9520	507
11.9560	523
11.9600	508
11.9640	526
11.9680	523
11.9720	467
11.9760	507
11.9800	486
11.9840	509
11.9880	500
11.9920	501
11.9960	520
12.0000	279
12.0040	183
12.0080	126
12.0120	97
12.0160	89
12.0200	91
12.0240	92
12.0280	67
12.0320	81
12.0360	99
12.0400	80
12.0440	69
12.0480	94
12.0520	78
12.0560	87
12.0600	95
12.0640	87
12.0680	89
12.0720	79
12.0760	87
12.0800	73
12.0840	83
12.0880	81
12.0920	72
12.0960	79
12.1000	473
12.1040	487
12.1080	485
12.1120	552
12.1160	518
12.1200	511
12.1240	498
12.1280	519
12.1320	512
12.1360	498
12.1400	495
12.1440	538
12.1480	489
12.1520	511
12.1560	495
12.1600	504
12.1640	484
12.1680	544
12.1720	463
12.1760	510
12.1800	468
12.1840	455
12.1880	511
12.1920	505
12.1960	516
12.2000	274
12.2040	214
12.2080	130
12.2120	90
12.2160	92
12.2200	88
12.2240	86
12.2280	85
12.2320	88
12.2360	103
12.2400	102
12.2440	81
12.2480	72
12.2520	79
12.2560	72
12.2600	94
12.2640	85
12.2680	87
12.2720	83
12.2760	83
12.2800	78
12.2840	85
12.2880	80
12.2920	77
12.2960	84
12.3000	503
12.3040	470
12.3080	515
12.3120	521
12.3160	502
12.3200	522
12.3240	481
12.3280	513
12.3320	520
12.3360	493
12.3400	462
12.3440	490
12.3480	533
12.3520	562
12.3560	529
12.3600	480
12.3640	513
12.3680	507
12.3720	498
12.3760	499
12.3800	516
12.3840	522
12.3880	509
12.3920	468
12.3960	485
12.4000	290
12.4040	184
12.4080	135
12.4120	82
12.4160	81
12.4200	98
12.4240	77
12.4280	73
12.4320	72
12.4360	83
12.4400	77
12.4440	99
12.4480	75
12.4520	78
12.4560	81
12.4600	80
12.4640	86
12.4680	77
12.4720	80
12.4760	71
12.4800	69
12.4840	63
12.4880	93
12.4920	78
12.4960	71
12.5000	487
12.5040	512
12.5080	509
12.5120	531
12.5160	501
12.5200	523
12.5240	497
12.5280	522
12.5320	518
12.5360	482
12.5400	481
12.5440	483
12.5480	505
12.5520	483
12.5560	472
12.5600	516
12.5640	474
12.5680	522
12.5720	492
12.5760	481
12.5800	522
12.5840	455
12.5880	482
12.5920	509
12.5960	512
12.6000	278
12.6040	197
12.6080	119
12.6120	105
12.6160	94
12.6200	89
12.6240	105
12.6280	99
12.6320	94
12.6360	92
12.6400	94
12.6440	97
12.6480	90
12.6520	74
12.6560	84
12.6600	78
12.6640	83
12.6680	87
12.6720	82
12.6760	80
12.6800	86
12.6840	86
12.6880	85
12.6920	85
12.6960	83
12.7000	444
12.7040	540
12.7080	507
12.7120	499
12.7160	495
12.7200	513
12.7240	472
12.7280	506
12.7320	488
12.7360	523
12.7400	521
12.7440	539
12.7480	472
12.7520	528
12.7560	513
12.7600	497
12.7640	510
12.7680	515
12.7720	517
12.7760	511
12.7800	495
12.7840	500
12.7880	507
12.7920	475
12.7960	518
12.8000	262
12.8040	216
12.8080	128
12.8120	117
12.8160	90
12.8200	79
12.8240	86
12.8280	82
12.8320	77
12.8360	90
12.8400	86
12.8440	79
12.8480	86
12.8520	83
12.8560	82
12.8600	71
12.8640	66
12.8680	84
12.8720	69
12.8760	79
12.8800	74
12.8840	89
12.8880	71
12.8920	83
12.8960	88
12.9000	517
12.9040	499
12.9080	523
12.9120	499
12.9160	483
12.9200	527
12.9240	483
12.9280	506
12.9320	522
12.9360	493
12.9400	491
12.9440	477
12.9480	523
12.9520	520
12.9560	512
12.9600	477
12.9640	480
12.9680	534
12.9720	487
12.9760	478
12.9800	479
12.9840	497
12.9880	492
12.9920	504
12.9960	491
13.0000	245
13.0040	192
13.0080	128
13.0120	86
13.0160	89
13.0200	97
13.0240	95
13.0280	93
13.0320	77
13.0360	80
13.0400	93
13.0440	83
13.0480	89
13.0520	90
13.0560	72
13.0600	82
13.0640	97
13.0680	84
13.0720	90
13.0760	73
13.0800	78
13.0840	78
13.0880	82
13.0920	88
13.0960	77
13.1000	494
13.1040	515
13.1080	485
13.1120	502
13.1160	515
13.1200	527
13.1240	526
13.1280	507
13.1320	514
13.1360	506
13.1400	513
13.1440	502
13.1480	492
13.1520	491
13.1560	501
13.1600	508
13.1640	511
13.1680	513
13.1720	469
13.1760	491
13.1800	483
13.1840	568
13.1880	478
13.1920	499
13.1960	492
13.2000	278
13.2040	177
13.2080	125
13.2120	87
13.2160	80
13.2200	91
13.2240	90
13.2280	92
13.2320	86
13.2360	86
13.2400	82
13.2440	98
13.2480	100
13.2520	82
13.2560	86
13.2600	82
13.2640	83
13.2680	80
13.2720	82
13.2760	76
13.2800	87
13.2840	102
13.2880	73
13.2920	77
13.2960	78
13.3000	493
13.3040	509
13.3080	517
13.3120	528
13.3160	516
13.3200	497
13.3240	487
13.3280	512
13.3320	476
13.3360	503
13.3400	490
13.3440	504
13.3480	495
13.3520	522
13.3560	486
13.3600	519
13.3640	498
13.3680	499
13.3720	476
13.3760	518
13.3800	476
13.3840	504
13.3880	536
13.3920	490
13.3960	502
13.4000	282
13.4040	191
13.4080	130
13.4120	94
13.4160	96
13.4200	91
13.4240	94
13.4280	96
13.4320	103
13.4360	84
13.4400	99
13.4440	87
13.4480	88
13.4520	93
13.4560	85
13.4600	85
13.4640	80
13.4680	94
13.4720	80
13.4760	88
13.4800	63
13.4840	95
13.4880	94
13.4920	85
13.4960	77
13.5000	481
13.5040	520
13.5080	507
13.5120	490
13.5160	510
13.5200	481
13.5240	471
13.5280	531
13.5320	512
13.5360	503
13.5400	465
13.5440	496
13.5480	509
13.5520	498
13.5560	465
13.5600	488
13.5640	485
13.5680	508
13.5720	487
13.5760	526
13.5800	525
13.5840	509
13.5880	519
13.5920	502
13.5960	506
13.6000	305
13.6040	180
13.6080	117
13.6120	83
13.6160	100
13.6200	79
13.6240	96
13.6280	100
13.6320	82
13.6360	83
13.6400	99
13.6440	86
13.6480	91
13.6520	72
13.6560	74
13.6600	90
13.6640	62
13.6680	89
13.6720	85
13.6760	87
13.6800	114
13.6840	85
13.6880	79
13.6920	72
13.6960	87
13.7000	457
13.7040	487
13.7080	491
13.7120	548
13.7160	530
13.7200	533
13.7240	509
13.7280	521
13.7320	531
13.7360	518
13.7400	482
13.7440	509
13.7480	468
13.7520	505
13.7560	523
13.7600	520
13.7640	509
13.7680	531
13.7720	548
13.7760	533
13.7800	487
13.7840	461
13.7880	487
13.7920	525
13.7960	489
13.8000	277
13.8040	190
13.8080	123
13.8120	117
13.8160	101
13.8200	87
13.8240	90
13.8280	101
13.8320	86
13.8360	93
13.8400	80
13.8440	64
13.8480	83
13.8520	81
13.8560	78
13.8600	85
13.8640	93
13.8680	87
13.8720	78
13.8760	88
13.8800	83
13.8840	80
13.8880	70
13.8920	81
13.8960	78
13.9000	440
13.9040	478
13.9080	502
13.9120	504
13.9160	536
13.9200	461
13.9240	474
13.9280	486
13.9320	490
13.9360	504
13.9400	495
13.9440	484
13.9480	490
13.9520	480
13.9560	510
13.9600	479
13.9640	485
13.9680	482
13.9720	490
13.9760	523
13.9800	480
13.9840	528
13.9880	535
13.9920	543
13.9960	507
14.0000	280
14.0040	180
14.0080	132
14.0120	87
14.0160	83
14.0200	92
14.0240	94
14.0280	89
14.0320	87
14.0360	101
14.0400	84
14.0440	82
14.0480	92
14.0520	84
14.0560	81
14.0600	65
14.0640	85
14.0680	94
14.0720	73
14.0760	68
14.0800	81
14.0840	72
14.0880	74
14.0920	78
14.0960	86
14.1000	474
14.1040	487
14.1080	516
14.1120	505
14.1160	509
14.1200	526
14.1240	531
14.1280	522
14.1320	519
14.1360	520
14.1400	470
14.1440	514
14.1480	507
14.1520	490
14.1560	512
14.1600	491
14.1640	479
14.1680	491
14.1720	518
14.1760	499
14.1800	526
14.1840	512
14.1880	481
14.1920	482
14.1960	491
14.2000	303
14.2040	177
14.2080	98
14.2120	106
14.2160	101
14.2200	92
14.2240	92
14.2280	82
14.2320	83
14.2360	81
14.2400	89
14.2440	91
14.2480	74
14.2520	77
14.2560	83
14.2600	90
14.2640	99
14.2680	63
14.2720	84
14.2760	70
14.2800	75
14.2840	77
14.2880	79
14.2920	94
14.2960	77
14.3000	471
14.3040	480
14.3080	531
14.3120	494
14.3160	538
14.3200	457
14.3240	483
14.3280	482
14.3320	554
14.3360	451
14.3400	510
14.3440	545
14.3480	521
14.3520	494
14.3560	515
14.3600	503
14.3640	536
14.3680	502
14.3720	462
14.3760	496
14.3800	499
14.3840	485
14.3880	506
14.3920	520
14.3960	509
14.4000	257
14.4040	194
14.4080	129
14.4120	101
14.4160	87
14.4200	103
14.4240	107
14.4280	94
14.4320	84
14.4360	91
14.4400	88
14.4440	80
14.4480	80
14.4520	87
14.4560	72
14.4600	82
14.4640	78
14.4680	100
14.4720	95
14.4760	77
14.4800	76
14.4840	69
14.4880	86
14.4920	76
14.4960	78
14.5000	501
14.5040	549
14.5080	510
14.5120	508
14.5160	529
14.5200	494
14.5240	484
14.5280	554
14.5320	473
14.5360	501
14.5400	491
14.5440	486
14.5480	486
14.5520	527
14.5560	470
14.5600	500
14.5640	479
14.5680	521
14.5720	510
14.5760	557
14.5800	528
14.5840	537
14.5880	511
14.5920	478
14.5960	529
14.6000	263
14.6040	164
14.6080	122
14.6120	108
14.6160	83
14.6200	103
14.6240	85
14.6280	86
14.6320	91
14.6360	76
14.6400	82
14.6440	88
14.6480	93
14.6520	96
14.6560	78
14.6600	79
14.6640	76
14.6680	96
14.6720	76
14.6760	76
14.6800	67
14.6840	74
14.6880	70
14.6920	69
14.6960	83
14.7000	482
14.7040	507
14.7080	477
14.7120	530
14.7160	485
14.7200	519
14.7240	550
14.7280	483
14.7320	489
14.7360	520
14.7400	487
14.7440	507
14.7480	494
14.7520	512
14.7560	534
14.7600	481
14.7640	477
14.7680	501
14.7720	527
14.7760	506
14.7800	503
14.7840	527
14.7880	497
14.7920	511
14.7960	499
14.8000	294
14.8040	187
14.8080	127
14.8120	93
14.8160	86
14.8200	89
14.8240	87
14.8280	87
14.8320	91
14.8360	87
14.8400	90
14.8440	84
14.8480	81
14.8520	84
14.8560	87
14.8600	80
14.8640	82
14.8680	76
14.8720	82
14.8760	83
14.8800	89
14.8840	82
14.8880	66
14.8920	87
14.8960	70
14.9000	516
14.9040	523
14.9080	493
14.9120	488
14.9160	509
14.9200	463
14.9240	482
14.9280	533
14.9320	527
14.9360	506
14.9400	513
14.9440	516
14.9480	484
14.9520	494
14.9560	476
14.9600	505
14.9640	481
14.9680	462
14.9720	493
14.9760	501
14.9800	521
14.9840	522
14.9880	490
14.9920	528
14.9960	479
15.0000	282
15.0040	182
15.0080	118
15.0120	95
15.0160	91
15.0200	92
15.0240	90
15.0280	88
15.0320	78
15.0360	78
15.0400	88
15.0440	72
15.0480	93
15.0520	92
15.0560	70
15.0600	80
15.0640	70
15.0680	65
15.0720	76
15.0760	90
15.0800	85
15.0840	81
15.0880	77
15.0920	94
15.0960	96
15.1000	505
15.1040	513
15.1080	516
15.1120	498
15.1160	505
15.1200	528
15.1240	528
15.1280	468
15.1320	507
15.1360	512
15.1400	509
15.1440	493
15.1480	500
15.1520	480
15.1560	487
15.1600	477
15.1640	509
15.1680	489
15.1720	521
15.1760	510
15.1800	483
15.1840	499
15.1880	513
15.1920	521
15.1960	525
15.2000	265
15.2040	194
15.2080	121
15.2120	113
15.2160	85
15.2200	76
15.2240	102
15.2280	91
15.2320	73
15.2360	84
15.2400	72
15.2440	87
15.2480	93
15.2520	90
15.2560	76
15.2600	97
15.2640	106
15.2680	90
15.2720	94
15.2760	79
15.2800	89
15.2840	82
15.2880	95
15.2920	65
15.2960	88
15.3000	495
15.3040	514
15.3080	522
15.3120	541
15.3160	504
15.3200	513
15.3240	473
15.3280	488
15.3320	501
15.3360	510
15.3400	506
15.3440	508
15.3480	472
15.3520	507
15.3560	512
15.3600	498
15.3640	503
15.3680	521
15.3720	510
15.3760	491
15.3800	527
15.3840	493
15.3880	504
15.3920	472
15.3960	494
15.4000	274
15.4040	178
15.4080	131
15.4120	116
15.4160	81
15.4200	79
15.4240	98
15.4280	95
15.4320	104
15.4360	90
15.4400	77
15.4440	85
15.4480	77
15.4520	73
15.4560	96
15.4600	83
15.4640	79
15.4680	74
15.4720	91
15.4760	88
15.4800	72
15.4840	81
15.4880	85
15.4920	79
15.4960	70
15.5000	519
15.5040	499
15.5080	492
15.5120	531
15.5160	529
15.5200	494
15.5240	467
15.5280	499
15.5320	470
15.5360	512
15.5400	462
15.5440	476
15.5480	532
15.5520	512
15.5560	492
15.5600	525
15.5640	515
15.5680	533
15.5720	498
15.5760	509
15.5800	522
15.5840	534
15.5880	561
15.5920	463
15.5960	513
15.6000	281
15.6040	211
15.6080	120
15.6120	116
15.6160	80
15.6200	91
15.6240	98
15.6280	89
15.6320	82
15.6360	96
15.6400	108
15.6440	87
15.6480	92
15.6520	74
15.6560	82
15.6600	67
15.6640	90
15.6680	82
15.6720	79
15.6760	93
15.6800	90
15.6840	78
15.6880	92
15.6920	78
15.6960	77
15.7000	477
15.7040	508
15.7080	492
15.7120	489
15.7160	492
15.7200	509
15.7240	524
15.7280	512
15.7320	469
15.7360	497
15.7400	498
15.7440	489
15.7480	487
15.7520	555
15.7560	494
15.7600	507
15.7640	501
15.7680	521
15.7720	519
15.7760	529
15.7800	539
15.7840	459
15.7880	490
15.7920	489
15.7960	507
15.8000	261
15.8040	204
15.8080	107
15.8120	107
15.8160	102
15.8200	94
15.8240	110
15.8280	86
15.8320	81
15.8360	106
15.8400	91
15.8440	67
15.8480	91
15.8520	88
15.8560	80
15.8600	85
15.8640	81
15.8680	88
15.8720	77
15.8760	75
15.8800	80
15.8840	80
15.8880	87
15.8920	84
15.8960	78
15.9000	447
15.9040	512
15.9080	495
15.9120	485
15.9160	507
15.9200	535
15.9240	554
15.9280	512
15.9320	517
15.9360	521
15.9400	506
15.9440	535
15.9480	495
15.9520	514
15.9560	504
15.9600	495
15.9640	491
15.9680	510
15.9720	503
15.9760	523
15.9800	504
15.9840	485
15.9880	509
15.9920	473
15.9960	519
16.0000	273
16.0040	187
16.0080	131
16.0120	90
16.0160	89
16.0200	88
16.0240	84
16.0280	99
16.0320	104
16.0360	98
16.0400	86
16.0440	87
16.0480	94
16.0520	87
16.0560	111
16.0600	81
16.0640	83
16.0680	79
16.0720	85
16.0760	81
16.0800	92
16.0840	83
16.0880	83
16.0920	75
16.0960	73
16.1000	507
16.1040	511
16.1080	522
16.1120	506
16.1160	488
16.1200	513
16.1240	486
16.1280	514
16.1320	496
16.1360	525
16.1400	500
16.1440	483
16.1480	521
16.1520	528
16.1560	531
16.1600	473
16.1640	478
16.1680	517
16.1720	505
16.1760	514
16.1800	474
16.1840	522
16.1880	544
16.1920	460
16.1960	512
16.2000	272
16.2040	207
16.2080	134
16.2120	129
16.2160	95
16.2200	77
16.2240	102
16.2280	96
16.2320	98
16.2360	93
16.2400	91
16.2440	78
16.2480	95
16.2520	89
16.2560	78
16.2600	82
16.2640	94
16.2680	90
16.2720	79
16.2760	95
16.2800	88
16.2840	84
16.2880	83
16.2920	87
16.2960	81
16.3000	475
16.3040	510
16.3080	512
16.3120	504
16.3160	536
16.3200	507
16.3240	465
16.3280	515
16.3320	486
16.3360	502
16.3400	493
16.3440	509
16.3480	525
16.3520	496
16.3560	478
16.3600	519
16.3640	450
16.3680	467
16.3720	469
16.3760	514
16.3800	473
16.3840	553
16.3880	510
16.3920	500
16.3960	473
16.4000	289
16.4040	226
16.4080	116
16.4120	97
16.4160	78
16.4200	83
16.4240	99
16.4280	81
16.4320	106
16.4360	93
16.4400	76
16.4440	94
16.4480	89
16.4520	108
16.4560	84
16.4600	76
16.4640	90
16.4680	78
16.4720	89
16.4760	68
16.4800	89
16.4840	89
16.4880	92
16.4920	69
16.4960	89
16.5000	495
16.5040	519
16.5080	519
16.5120	519
16.5160	491
16.5200	484
16.5240	493
16.5280	508
16.5320	518
16.5360	506
16.5400	480
16.5440	451
16.5480	505
16.5520	523
16.5560	510
16.5600	520
16.5640	507
16.5680	489
16.5720	498
16.5760	527
16.5800	496
16.5840	505
16.5880	507
16.5920	483
16.5960	527
16.6000	295
16.6040	180
16.6080	141
16.6120	102
16.6160	90
16.6200	93
16.6240	80
16.6280	67
16.6320	94
16.6360	88
16.6400	79
16.6440	99
16.6480	69
16.6520	97
16.6560	97
16.6600	81
16.6640	80
16.6680	85
16.6720	94
16.6760	82
16.6800	83
16.6840	94
16.6880	86
16.6920	91
16.6960	81
16.7000	524
16.7040	463
16.7080	514
16.7120	513
16.7160	496
16.7200	493
16.7240	536
16.7280	481
16.7320	491
16.7360	549
16.7400	499
16.7440	479
16.7480	521
16.7520	514
16.7560	495
16.7600	465
16.7640	499
16.7680	541
16.7720	485
16.7760	511
16.7800	464
16.7840	498
16.7880	500
16.7920	526
16.7960	538
16.8000	277
16.8040	215
16.8080	136
16.8120	109
16.8160	85
16.8200	101
16.8240	89
16.8280	105
16.8320	101
16.8360	79
16.8400	89
16.8440	100
16.8480	103
16.8520	90
16.8560	80
16.8600	72
16.8640	80
16.8680	105
16.8720	93
16.8760	83
16.8800	68
16.8840	87
16.8880	87
16.8920	93
16.8960	66
16.9000	485
16.9040	521
16.9080	477
16.9120	506
16.9160	494
16.9200	485
16.9240	484
16.9280	505
16.9320	478
16.9360	551
16.9400	478
16.9440	521
16.9480	530
16.9520	500
16.9560	512
16.9600	494
16.9640	524
16.9680	502
16.9720	504
16.9760	495
16.9800	511
16.9840	494
16.9880	514
16.9920	493
16.9960	519
17.0000	283
17.0040	203
17.0080	124
17.0120	107
17.0160	89
17.0200	85
17.0240	89
17.0280	87
17.0320	74
17.0360	92
17.0400	84
17.0440	79
17.0480	98
17.0520	87
17.0560	74
17.0600	88
17.0640	76
17.0680	73
17.0720	86
17.0760	82
17.0800	90
17.0840	87
17.0880	91
17.0920	76
17.0960	77
17.1000	463
17.1040	464
17.1080	502
17.1120	525
17.1160	460
17.1200	516
17.1240	531
17.1280	500
17.1320	506
17.1360	505
17.1400	482
17.1440	497
17.1480	489
17.1520	526
17.1560	491
17.1600	518
17.1640	545
17.1680	498
17.1720	531
17.1760	535
17.1800	500
17.1840	493
17.1880	507
17.1920	485
17.1960	527
17.2000	257
17.2040	175
17.2080	125
17.2120	94
17.2160	96
17.2200	86
17.2240	95
17.2280	93
17.2320	112
17.2360	95
17.2400	88
17.2440	91
17.2480	95
17.2520	85
17.2560	96
17.2600	83
17.2640	88
17.2680	79
17.2720	78
17.2760	82
17.2800	108
17.2840	83
17.2880	86
17.2920	77
17.2960	84
17.3000	495
17.3040	502
17.3080	522
17.3120	524
17.3160	476
17.3200	491
17.3240	492
17.3280	494
17.3320	522
17.3360	458
17.3400	484
17.3440	482
17.3480	550
17.3520	518
17.3560	487
17.3600	514
17.3640	523
17.3680	481
17.3720	511
17.3760	529
17.3800	537
17.3840	499
17.3880	515
17.3920	496
17.3960	516
17.4000	299
17.4040	201
17.4080	131
17.4120	108
17.4160	90
17.4200	80
17.4240	83
17.4280	95
17.4320	93
17.4360	91
17.4400	89
17.4440	98
17.4480	111
17.4520	81
17.4560	93
17.4600	101
17.4640	94
17.4680	103
17.4720	101
17.4760	82
17.4800	67
17.4840	86
17.4880	100
17.4920	88
17.4960	92
17.5000	455
17.5040	488
17.5080	511
17.5120	518
17.5160	519
17.5200	462
17.5240	508
17.5280	493
17.5320	508
17.5360	512
17.5400	484
17.5440	489
17.5480	550
17.5520	520
17.5560	491
17.5600	506
17.5640	516
17.5680	526
17.5720	530
17.5760	515
17.5800	536
17.5840	478
17.5880	502
17.5920	470
17.5960	531
17.6000	281
17.6040	187
17.6080	139
17.6120	98
17.6160	93
17.6200	80
17.6240	95
17.6280	93
17.6320	100
17.6360	98
17.6400	92
17.6440	84
17.6480	81
17.6520	101
17.6560	83
17.6600	80
17.6640	100
17.6680	87
17.6720	89
17.6760	91
17.6800	81
17.6840	69
17.6880	91
17.6920	92
17.6960	87
17.7000	445
17.7040	513
17.7080	474
17.7120	486
17.7160	518
17.7200	459
17.7240	488
17.7280	525
17.7320	507
17.7360	518
17.7400	477
17.7440	510
17.7480	491
17.7520	524
17.7560	488
17.7600	507
17.7640	504
17.7680	487
17.7720	488
17.7760	500
17.7800	471
17.7840	482
17.7880	520
17.7920	504
17.7960	489
17.8000	283
17.8040	201
17.8080	136
17.8120	81
17.8160	89
17.8200	89
17.8240	90
17.8280	94
17.8320	94
17.8360	97
17.8400	93
17.8440	103
17.8480	75
17.8520	94
17.8560	74
17.8600	85
17.8640	91
17.8680	85
17.8720	93
17.8760	101
17.8800	84
17.8840	93
17.8880	79
17.8920	87
17.8960	89
17.9000	523
17.9040	508
17.9080	532
17.9120	507
17.9160	508
17.9200	533
17.9240	527
17.9280	524
17.9320	517
17.9360	476
17.9400	528
17.9440	515
17.9480	485
17.9520	476
17.9560	495
17.9600	486
17.9640	538
17.9680	501
17.9720	556
17.9760	521
17.9800	502
17.9840	492
17.9880	503
17.9920	512
17.9960	491
18.0000	283
18.0040	199
18.0080	120
18.0120	109
18.0160	84
18.0200	90
18.0240	106
18.0280	91
18.0320	85
18.0360	88
18.0400	116
18.0440	74
18.0480	87
18.0520	94
18.0560	90
18.0600	84
18.0640	90
18.0680	79
18.0720	102
18.0760	85
18.0800	82
18.0840	102
18.0880	89
18.0920	73
18.0960	87
18.1000	483
18.1040	517
18.1080	492
18.1120	528
18.1160	496
18.1200	482
18.1240	531
18.1280	507
18.1320	518
18.1360	514
18.1400	516
18.1440	513
18.1480	484
18.1520	480
18.1560	501
18.1600	501
18.1640	496
18.1680	492
18.1720	496
18.1760	469
18.1800	477
18.1840	477
18.1880	477
18.1920	501
18.1960	476
18.2000	287
18.2040	210
18.2080	130
18.2120	111
18.2160	97
18.2200	86
18.2240	104
18.2280	92
18.2320	90
18.2360	90
18.2400	84
18.2440	65
18.2480	87
18.2520	86
18.2560	91
18.2600	79
18.2640	89
18.2680	98
18.2720	98
18.2760	81
18.2800	78
18.2840	82
18.2880	73
18.2920	72
18.2960	83
18.3000	511
18.3040	508
18.3080	502
18.3120	511
18.3160	517
18.3200	471
18.3240	486
18.3280	510
18.3320	495
18.3360	509
18.3400	468
18.3440	494
18.3480	466
18.3520	509
18.3560	501
18.3600	514
18.3640	522
18.3680	486
18.3720	535
18.3760	471
18.3800	495
18.3840	483
18.3880	473
18.3920	500
18.3960	518
18.4000	296
18.4040	190
18.4080	149
18.4120	100
18.4160	100
18.4200	110
18.4240	87
18.4280	90
18.4320	77
18.4360	105
18.4400	92
18.4440	85
18.4480	116
18.4520	89
18.4560	75
18.4600	81
18.4640	82
18.4680	94
18.4720	92
18.4760	89
18.4800	84
18.4840	97
18.4880	89
18.4920	76
18.4960	77
18.5000	508
18.5040	509
18.5080	511
18.5120	537
18.5160	493
18.5200	493
18.5240	552
18.5280	492
18.5320	509
18.5360	516
18.5400	492
18.5440	462
18.5480	510
18.5520	507
18.5560	520
18.5600	488
18.5640	490
18.5680	502
18.5720	509
18.5760	474
18.5800	480
18.5840	506
18.5880	507
18.5920	498
18.5960	500
18.6000	264
18.6040	211
18.6080	147
18.6120	102
18.6160	87
18.6200	82
18.6240	86
18.6280	103
18.6320	87
18.6360	86
18.6400	78
18.6440	92
18.6480	94
18.6520	101
18.6560	77
18.6600	95
18.6640	88
18.6680	81
18.6720	96
18.6760	100
18.6800	85
18.6840	89
18.6880	77
18.6920	82
18.6960	97
18.7000	491
18.7040	493
18.7080	519
18.7120	478
18.7160	526
18.7200	528
18.7240	519
18.7280	493
18.7320	471
18.7360	548
18.7400	482
18.7440	507
18.7480	491
18.7520	489
18.7560	490
18.7600	486
18.7640	524
18.7680	521
18.7720	530
18.7760	497
18.7800	518
18.7840	497
18.7880	505
18.7920	535
18.7960	494
18.8000	282
18.8040	199
18.8080	137
18.8120	112
18.8160	101
18.8200	100
18.8240	84
18.8280	74
18.8320	94
18.8360	82
18.8400	85
18.8440	73
18.8480	106
18.8520	88
18.8560	82
18.8600	84
18.8640	91
18.8680	75
18.8720	90
18.8760	81
18.8800	82
18.8840	75
18.8880	79
18.8920	79
18.8960	79
18.9000	506
18.9040	516
18.9080	518
18.9120	517
18.9160	517
18.9200	474
18.9240	456
18.9280	522
18.9320	495
18.9360	486
18.9400	475
18.9440	482
18.9480	512
18.9520	486
18.9560	514
18.9600	536
18.9640	494
18.9680	504
18.9720	505
18.9760	525
18.9800	503
18.9840	493
18.9880	493
18.9920	491
18.9960	484
19.0000	257
19.0040	204
19.0080	114
19.0120	89
19.0160	121
19.0200	99
19.0240	95
19.0280	99
19.0320	85
19.0360	88
19.0400	77
19.0440	90
19.0480	85
19.0520	100
19.0560	85
19.0600	91
19.0640	77
19.0680	89
19.0720	86
19.0760	92
19.0800	80
19.0840	92
19.0880	86
19.0920	86
19.0960	94
19.1000	523
19.1040	533
19.1080	489
19.1120	508
19.1160	490
19.1200	517
19.1240	535
19.1280	499
19.1320	494
19.1360	534
19.1400	476
19.1440	522
19.1480	491
19.1520	549
19.1560	527
19.1600	514
19.1640	525
19.1680	537
19.1720	522
19.1760	473
19.1800	521
19.1840	501
19.1880	517
19.1920	520
19.1960	519
19.2000	293
19.2040	201
19.2080	125
19.2120	111
19.2160	95
19.2200	102
19.2240	76
19.2280	90
19.2320	93
19.2360	82
19.2400	80
19.2440	89
19.2480	75
19.2520	96
19.2560	91
19.2600	102
19.2640	91
19.2680	94
19.2720	79
19.2760	86
19.2800	77
19.2840	93
19.2880	81
19.2920	83
19.2960	79
19.3000	485
19.3040	537
19.3080	487
19.3120	514
19.3160	491
19.3200	476
19.3240	488
19.3280	511
19.3320	495
19.3360	504
19.3400	498
19.3440	492
19.3480	468
19.3520	518
19.3560	492
19.3600	513
19.3640	481
19.3680	508
19.3720	540
19.3760	490
19.3800	481
19.3840	490
19.3880	486
19.3920	523
19.3960	467
19.4000	310
19.4040	234
19.4080	116
19.4120	113
19.4160	87
19.4200	83
19.4240	86
19.4280	94
19.4320	85
19.4360	88
19.4400	103
19.4440	103
19.4480	75
19.4520	92
19.4560	81
19.4600	88
19.4640	89
19.4680	80
19.4720	108
19.4760	84
19.4800	93
19.4840	94
19.4880	98
19.4920	89
19.4960	93
19.5000	501
19.5040	493
19.5080	496
19.5120	514
19.5160	494
19.5200	467
19.5240	528
19.5280	534
19.5320	470
19.5360	468
19.5400	514
19.5440	472
19.5480	497
19.5520	518
19.5560	515
19.5600	477
19.5640	520
19.5680	541
19.5720	490
19.5760	517
19.5800	546
19.5840	532
19.5880	478
19.5920	487
19.5960	479
19.6000	284
19.6040	198
19.6080	151
19.6120	100
19.6160	108
19.6200	102
19.6240	92
19.6280	102
19.6320	99
19.6360	79
19.6400	83
19.6440	111
19.6480	82
19.6520	91
19.6560	90
19.6600	77
19.6640	77
19.6680	86
19.6720	87
19.6760	90
19.6800	93
19.6840	90
19.6880	78
19.6920	99
19.6960	100
19.7000	475
19.7040	491
19.7080	546
19.7120	529
19.7160	502
19.7200	502
19.7240	496
19.7280	508
19.7320	472
19.7360	489
19.7400	473
19.7440	526
19.7480	527
19.7520	527
19.7560	491
19.7600	484
19.7640	488
19.7680	505
19.7720	495
19.7760	475
19.7800	485
19.7840	536
19.7880	504
19.7920	520
19.7960	546
19.8000	297
19.8040	196
19.8080	142
19.8120	103
19.8160	91
19.8200	94
19.8240	113
19.8280	92
19.8320	92
19.8360	99
19.8400	86
19.8440	88
19.8480	73
19.8520	84
19.8560	75
19.8600	106
19.8640	84
19.8680	91
19.8720	81
19.8760	70
19.8800	85
19.8840	85
19.8880	80
19.8920	79
19.8960	92
19.9000	469
19.9040	492
19.9080	530
19.9120	493
19.9160	552
19.9200	495
19.9240	522
19.9280	488
19.9320	501
19.9360	468
19.9400	546
19.9440	478
19.9480	509
19.9520	509
19.9560	518
19.9600	510
19.9640	510
19.9680	491
19.9720	497
19.9760	507
19.9800	516
19.9840	506
19.9880	531
19.9920	538
19.9960	508
