0.0000	306
0.0050	189
0.0100	103
0.0150	88
0.0200	90
0.0250	83
0.0300	102
0.0350	89
0.0400	72
0.0450	95
0.0500	478
0.0550	527
0.0600	446
0.0650	500
0.0700	522
0.0750	511
0.0800	518
0.0850	495
0.0900	497
0.0950	514
0.1000	281
0.1050	180
0.1100	115
0.1150	94
0.1200	105
0.1250	96
0.1300	77
0.1350	88
0.1400	89
0.1450	101
0.1500	496
0.1550	507
0.1600	515
0.1650	514
0.1700	490
0.1750	468
0.1800	507
0.1850	495
0.1900	490
0.1950	512
0.2000	302
0.2050	189
0.2100	102
0.2150	88
0.2200	95
0.2250	88
0.2300	95
0.2350	91
0.2400	85
0.2450	99
0.2500	495
0.2550	504
0.2600	491
0.2650	467
0.2700	472
0.2750	467
0.2800	496
0.2850	487
0.2900	489
0.2950	529
0.3000	305
0.3050	180
0.3100	116
0.3150	102
0.3200	83
0.3250	85
0.3300	93
0.3350	93
0.3400	95
0.3450	97
0.3500	508
0.3550	497
0.3600	515
0.3650	521
0.3700	483
0.3750	486
0.3800	521
0.3850	489
0.3900	496
0.3950	518
0.4000	278
0.4050	192
0.4100	96
0.4150	82
0.4200	85
0.4250	82
0.4300	88
0.4350	90
0.4400	88
0.4450	88
0.4500	484
0.4550	513
0.4600	509
0.4650	465
0.4700	486
0.4750	475
0.4800	488
0.4850	529
0.4900	475
0.4950	502
0.5000	217
0.5050	158
0.5100	116
0.5150	92
0.5200	96
0.5250	91
0.5300	98
0.5350	86
0.5400	90
0.5450	103
0.5500	509
0.5550	506
0.5600	473
0.5650	485
0.5700	505
0.5750	487
0.5800	526
0.5850	484
0.5900	512
0.5950	451
0.6000	278
0.6050	161
0.6100	111
0.6150	94
0.6200	82
0.6250	83
0.6300	87
0.6350	87
0.6400	92
0.6450	84
0.6500	498
0.6550	509
0.6600	508
0.6650	476
0.6700	487
0.6750	511
0.6800	493
0.6850	509
0.6900	521
0.6950	473
0.7000	251
0.7050	187
0.7100	138
0.7150	94
0.7200	79
0.7250	101
0.7300	105
0.7350	101
0.7400	88
0.7450	88
0.7500	488
0.7550	481
0.7600	484
0.7650	523
0.7700	519
0.7750	506
0.7800	482
0.7850	489
0.7900	475
0.7950	498
0.8000	284
0.8050	181
0.8100	120
0.8150	107
0.8200	103
0.8250	98
0.8300	88
0.8350	84
0.8400	96
0.8450	87
0.8500	512
0.8550	475
0.8600	503
0.8650	509
0.8700	498
0.8750	479
0.8800	503
0.8850	511
0.8900	509
0.8950	511
0.9000	274
0.9050	169
0.9100	118
0.9150	97
0.9200	96
0.9250	103
0.9300	63
0.9350	82
0.9400	75
0.9450	92
0.9500	512
0.9550	472
0.9600	514
0.9650	504
0.9700	496
0.9750	490
0.9800	463
0.9850	492
0.9900	525
0.9950	545
1.0000	290
1.0050	185
1.0100	98
1.0150	108
1.0200	104
1.0250	86
1.0300	96
1.0350	81
1.0400	86
1.0450	81
1.0500	463
1.0550	486
1.0600	491
1.0650	516
1.0700	526
1.0750	524
1.0800	523
1.0850	518
1.0900	494
1.0950	471
1.1000	293
1.1050	174
1.1100	106
1.1150	98
1.1200	95
1.1250	77
1.1300	82
1.1350	93
1.1400	96
1.1450	104
1.1500	530
1.1550	514
1.1600	527
1.1650	511
1.1700	454
1.1750	523
1.1800	501
1.1850	497
1.1900	512
1.1950	517
1.2000	289
1.2050	166
1.2100	127
1.2150	81
1.2200	90
1.2250	102
1.2300	92
1.2350	88
1.2400	96
1.2450	97
1.2500	493
1.2550	501
1.2600	507
1.2650	498
1.2700	543
1.2750	482
1.2800	522
1.2850	518
1.2900	524
1.2950	509
1.3000	271
1.3050	179
1.3100	132
1.3150	90
1.3200	96
1.3250	88
1.3300	104
1.3350	83
1.3400	92
1.3450	98
1.3500	513
1.3550	513
1.3600	505
1.3650	502
1.3700	501
1.3750	507
1.3800	486
1.3850	501
1.3900	494
1.3950	557
1.4000	304
1.4050	180
1.4100	125
1.4150	97
1.4200	79
1.4250	101
1.4300	93
1.4350	95
1.4400	97
1.4450	95
1.4500	448
1.4550	497
1.4600	519
1.4650	499
1.4700	507
1.4750	507
1.4800	500
1.4850	500
1.4900	498
1.4950	525
1.5000	251
1.5050	178
1.5100	111
1.5150	98
1.5200	87
1.5250	104
1.5300	87
1.5350	82
1.5400	85
1.5450	100
1.5500	521
1.5550	520
1.5600	520
1.5650	471
1.5700	558
1.5750	516
1.5800	514
1.5850	496
1.5900	517
1.5950	488
1.6000	282
1.6050	178
1.6100	122
1.6150	96
1.6200	101
1.6250	93
1.6300	100
1.6350	95
1.6400	102
1.6450	92
1.6500	476
1.6550	511
1.6600	517
1.6650	502
1.6700	513
1.6750	524
1.6800	532
1.6850	558
1.6900	496
1.6950	513
1.7000	289
1.7050	182
1.7100	123
1.7150	98
1.7200	95
1.7250	99
1.7300	92
1.7350	84
1.7400	99
1.7450	93
1.7500	482
1.7550	494
1.7600	494
1.7650	511
1.7700	514
1.7750	536
1.7800	478
1.7850	548
1.7900	511
1.7950	472
1.8000	286
1.8050	180
1.8100	116
1.8150	92
1.8200	77
1.8250	103
1.8300	94
1.8350	98
1.8400	77
1.8450	82
1.8500	487
1.8550	524
1.8600	513
1.8650	530
1.8700	492
1.8750	493
1.8800	501
1.8850	517
1.8900	515
1.8950	473
1.9000	285
1.9050	171
1.9100	138
1.9150	100
1.9200	94
1.9250	88
1.9300	104
1.9350	85
1.9400	102
1.9450	75
1.9500	516
1.9550	515
1.9600	500
1.9650	504
1.9700	487
1.9750	492
1.9800	504
1.9850	501
1.9900	491
1.9950	532
2.0000	256
2.0050	153
2.0100	109
2.0150	97
2.0200	96
2.0250	84
2.0300	123
2.0350	93
2.0400	91
2.0450	103
2.0500	490
2.0550	510
2.0600	510
2.0650	472
2.0700	494
2.0750	504
2.0800	501
2.0850	502
2.0900	500
2.0950	496
2.1000	277
2.1050	180
2.1100	128
2.1150	98
2.1200	94
2.1250	103
2.1300	82
2.1350	113
2.1400	91
2.1450	101
2.1500	496
2.1550	534
2.1600	500
2.1650	496
2.1700	492
2.1750	515
2.1800	467
2.1850	496
2.1900	479
2.1950	508
2.2000	292
2.2050	167
2.2100	113
2.2150	103
2.2200	102
2.2250	94
2.2300	90
2.2350	75
2.2400	95
2.2450	116
2.2500	486
2.2550	523
2.2600	480
2.2650	539
2.2700	486
2.2750	507
2.2800	490
2.2850	538
2.2900	491
2.2950	494
2.3000	280
2.3050	166
2.3100	111
2.3150	92
2.3200	88
2.3250	121
2.3300	95
2.3350	80
2.3400	96
2.3450	66
2.3500	490
2.3550	483
2.3600	483
2.3650	489
2.3700	478
2.3750	501
2.3800	515
2.3850	496
2.3900	539
2.3950	499
2.4000	274
2.4050	188
2.4100	115
2.4150	97
2.4200	87
2.4250	85
2.4300	82
2.4350	102
2.4400	93
2.4450	94
2.4500	494
2.4550	521
2.4600	514
2.4650	520
2.4700	510
2.4750	468
2.4800	512
2.4850	511
2.4900	532
2.4950	482
2.5000	278
2.5050	168
2.5100	109
2.5150	110
2.5200	101
2.5250	96
2.5300	99
2.5350	98
2.5400	87
2.5450	106
2.5500	501
2.5550	529
2.5600	495
2.5650	523
2.5700	524
2.5750	503
2.5800	513
2.5850	534
2.5900	504
2.5950	532
2.6000	277
2.6050	193
2.6100	117
2.6150	87
2.6200	74
2.6250	99
2.6300	104
2.6350	117
2.6400	96
2.6450	81
2.6500	492
2.6550	515
2.6600	516
2.6650	488
2.6700	504
2.6750	515
2.6800	492
2.6850	470
2.6900	527
2.6950	505
2.7000	273
2.7050	147
2.7100	101
2.7150	89
2.7200	93
2.7250	83
2.7300	94
2.7350	97
2.7400	109
2.7450	82
2.7500	493
2.7550	512
2.7600	490
2.7650	539
2.7700	534
2.7750	481
2.7800	488
2.7850	509
2.7900	466
2.7950	518
2.8000	313
2.8050	166
2.8100	122
2.8150	107
2.8200	120
2.8250	103
2.8300	100
2.8350	83
2.8400	101
2.8450	86
2.8500	494
2.8550	494
2.8600	472
2.8650	489
2.8700	529
2.8750	503
2.8800	488
2.8850	518
2.8900	465
2.8950	515
2.9000	291
2.9050	177
2.9100	124
2.9150	98
2.9200	89
2.9250	104
2.9300	107
2.9350	107
2.9400	106
2.9450	89
2.9500	541
2.9550	538
2.9600	506
2.9650	511
2.9700	526
2.9750	487
2.9800	508
2.9850	487
2.9900	497
2.9950	476
3.0000	297
3.0050	177
3.0100	125
3.0150	124
3.0200	98
3.0250	94
3.0300	116
3.0350	104
3.0400	88
3.0450	94
3.0500	472
3.0550	544
3.0600	535
3.0650	478
3.0700	511
3.0750	498
3.0800	490
3.0850	468
3.0900	513
3.0950	528
3.1000	282
3.1050	199
3.1100	132
3.1150	104
3.1200	86
3.1250	105
3.1300	119
3.1350	121
3.1400	109
3.1450	107
3.1500	485
3.1550	484
3.1600	524
3.1650	509
3.1700	491
3.1750	511
3.1800	529
3.1850	483
3.1900	477
3.1950	504
3.2000	288
3.2050	178
3.2100	116
3.2150	85
3.2200	83
3.2250	96
3.2300	99
3.2350	110
3.2400	91
3.2450	100
3.2500	448
3.2550	548
3.2600	531
3.2650	508
3.2700	476
3.2750	482
3.2800	518
3.2850	461
3.2900	517
3.2950	505
3.3000	288
3.3050	179
3.3100	119
3.3150	80
3.3200	85
3.3250	104
3.3300	103
3.3350	68
3.3400	79
3.3450	84
3.3500	481
3.3550	501
3.3600	487
3.3650	477
3.3700	515
3.3750	532
3.3800	501
3.3850	515
3.3900	505
3.3950	518
3.4000	287
3.4050	180
3.4100	96
3.4150	89
3.4200	87
3.4250	104
3.4300	99
3.4350	88
3.4400	107
3.4450	104
3.4500	501
3.4550	489
3.4600	483
3.4650	497
3.4700	553
3.4750	502
3.4800	514
3.4850	514
3.4900	509
3.4950	506
3.5000	274
3.5050	181
3.5100	103
3.5150	111
3.5200	105
3.5250	91
3.5300	98
3.5350	85
3.5400	91
3.5450	108
3.5500	506
3.5550	527
3.5600	513
3.5650	509
3.5700	519
3.5750	517
3.5800	479
3.5850	503
3.5900	552
3.5950	473
3.6000	297
3.6050	177
3.6100	123
3.6150	79
3.6200	95
3.6250	103
3.6300	95
3.6350	106
3.6400	101
3.6450	85
3.6500	469
3.6550	503
3.6600	500
3.6650	482
3.6700	467
3.6750	535
3.6800	521
3.6850	486
3.6900	509
3.6950	510
3.7000	265
3.7050	163
3.7100	112
3.7150	87
3.7200	87
3.7250	114
3.7300	111
3.7350	90
3.7400	89
3.7450	93
3.7500	502
3.7550	476
3.7600	535
3.7650	485
3.7700	503
3.7750	499
3.7800	496
3.7850	533
3.7900	487
3.7950	480
3.8000	272
3.8050	180
3.8100	141
3.8150	96
3.8200	91
3.8250	108
3.8300	111
3.8350	101
3.8400	98
3.8450	97
3.8500	513
3.8550	507
3.8600	487
3.8650	547
3.8700	518
3.8750	531
3.8800	485
3.8850	512
3.8900	502
3.8950	522
3.9000	307
3.9050	181
3.9100	123
3.9150	101
3.9200	99
3.9250	96
3.9300	101
3.9350	87
3.9400	89
3.9450	114
3.9500	482
3.9550	523
3.9600	486
3.9650	509
3.9700	477
3.9750	497
3.9800	549
3.9850	478
3.9900	522
3.9950	496
4.0000	293
4.0050	175
4.0100	121
4.0150	98
4.0200	92
4.0250	110
4.0300	94
4.0350	94
4.0400	90
4.0450	76
4.0500	477
4.0550	481
4.0600	507
4.0650	506
4.0700	502
4.0750	509
4.0800	488
4.0850	478
4.0900	477
4.0950	526
4.1000	269
4.1050	179
4.1100	108
4.1150	120
4.1200	105
4.1250	89
4.1300	104
4.1350	89
4.1400	91
4.1450	87
4.1500	533
4.1550	494
4.1600	510
4.1650	500
4.1700	488
4.1750	498
4.1800	493
4.1850	486
4.1900	467
4.1950	505
4.2000	270
4.2050	193
4.2100	134
4.2150	134
4.2200	87
4.2250	96
4.2300	104
4.2350	91
4.2400	95
4.2450	85
4.2500	489
4.2550	515
4.2600	527
4.2650	504
4.2700	494
4.2750	503
4.2800	484
4.2850	544
4.2900	505
4.2950	497
4.3000	289
4.3050	184
4.3100	109
4.3150	100
4.3200	92
4.3250	97
4.3300	107
4.3350	114
4.3400	96
4.3450	90
4.3500	468
4.3550	514
4.3600	497
4.3650	539
4.3700	529
4.3750	496
4.3800	496
4.3850	524
4.3900	525
4.3950	506
4.4000	286
4.4050	178
4.4100	125
4.4150	88
4.4200	84
4.4250	88
4.4300	119
4.4350	104
4.4400	90
4.4450	102
4.4500	484
4.4550	519
4.4600	483
4.4650	470
4.4700	478
4.4750	479
4.4800	496
4.4850	520
4.4900	551
4.4950	551
4.5000	274
4.5050	167
4.5100	113
4.5150	108
4.5200	81
4.5250	109
4.5300	123
4.5350	85
4.5400	92
4.5450	99
4.5500	528
4.5550	557
4.5600	478
4.5650	551
4.5700	527
4.5750	466
4.5800	462
4.5850	519
4.5900	516
4.5950	517
4.6000	260
4.6050	197
4.6100	115
4.6150	89
4.6200	92
4.6250	96
4.6300	111
4.6350	90
4.6400	92
4.6450	93
4.6500	471
4.6550	491
4.6600	511
4.6650	462
4.6700	492
4.6750	503
4.6800	522
4.6850	510
4.6900	528
4.6950	505
4.7000	282
4.7050	165
4.7100	126
4.7150	94
4.7200	89
4.7250	99
4.7300	93
4.7350	85
4.7400	80
4.7450	104
4.7500	513
4.7550	491
4.7600	523
4.7650	508
4.7700	529
4.7750	501
4.7800	503
4.7850	516
4.7900	478
4.7950	511
4.8000	317
4.8050	191
4.8100	110
4.8150	77
4.8200	100
4.8250	108
4.8300	94
4.8350	96
4.8400	93
4.8450	87
4.8500	514
4.8550	502
4.8600	472
4.8650	478
4.8700	519
4.8750	493
4.8800	467
4.8850	491
4.8900	492
4.8950	523
4.9000	294
4.9050	192
4.9100	114
4.9150	88
4.9200	88
4.9250	102
4.9300	97
4.9350	102
4.9400	97
4.9450	82
4.9500	510
4.9550	512
4.9600	516
4.9650	526
4.9700	524
4.9750	521
4.9800	510
4.9850	532
4.9900	511
4.9950	512
5.0000	276
5.0050	175
5.0100	125
5.0150	109
5.0200	76
5.0250	80
5.0300	98
5.0350	88
5.0400	88
5.0450	90
5.0500	476
5.0550	490
5.0600	514
5.0650	539
5.0700	505
5.0750	525
5.0800	517
5.0850	528
5.0900	493
5.0950	506
5.1000	277
5.1050	160
5.1100	104
5.1150	106
5.1200	78
5.1250	88
5.1300	107
5.1350	97
5.1400	88
5.1450	84
5.1500	501
5.1550	514
5.1600	503
5.1650	502
5.1700	487
5.1750	531
5.1800	506
5.1850	522
5.1900	464
5.1950	555
5.2000	327
5.2050	173
5.2100	115
5.2150	94
5.2200	94
5.2250	102
5.2300	97
5.2350	95
5.2400	87
5.2450	85
5.2500	507
5.2550	485
5.2600	487
5.2650	491
5.2700	505
5.2750	496
5.2800	468
5.2850	522
5.2900	535
5.2950	536
5.3000	274
5.3050	158
5.3100	117
5.3150	101
5.3200	84
5.3250	98
5.3300	104
5.3350	93
5.3400	95
5.3450	118
5.3500	470
5.3550	506
5.3600	531
5.3650	505
5.3700	501
5.3750	497
5.3800	486
5.3850	501
5.3900	530
5.3950	503
5.4000	247
5.4050	186
5.4100	108
5.4150	105
5.4200	96
5.4250	84
5.4300	122
5.4350	92
5.4400	85
5.4450	88
5.4500	483
5.4550	468
5.4600	508
5.4650	528
5.4700	515
5.4750	516
5.4800	496
5.4850	500
5.4900	506
5.4950	508
5.5000	269
5.5050	174
5.5100	113
5.5150	94
5.5200	83
5.5250	95
5.5300	110
5.5350	109
5.5400	93
5.5450	80
5.5500	504
5.5550	528
5.5600	488
5.5650	511
5.5700	517
5.5750	525
5.5800	464
5.5850	504
5.5900	475
5.5950	495
5.6000	296
5.6050	170
5.6100	119
5.6150	104
5.6200	91
5.6250	94
5.6300	101
5.6350	80
5.6400	83
5.6450	107
5.6500	499
5.6550	479
5.6600	506
5.6650	450
5.6700	519
5.6750	560
5.6800	508
5.6850	471
5.6900	514
5.6950	469
5.7000	250
5.7050	181
5.7100	100
5.7150	105
5.7200	109
5.7250	97
5.7300	93
5.7350	98
5.7400	93
5.7450	94
5.7500	470
5.7550	510
5.7600	506
5.7650	555
5.7700	505
5.7750	506
5.7800	492
5.7850	484
5.7900	485
5.7950	528
5.8000	263
5.8050	162
5.8100	120
5.8150	89
5.8200	87
5.8250	76
5.8300	109
5.8350	95
5.8400	90
5.8450	86
5.8500	514
5.8550	525
5.8600	502
5.8650	521
5.8700	520
5.8750	512
5.8800	522
5.8850	491
5.8900	482
5.8950	508
5.9000	261
5.9050	158
5.9100	126
5.9150	119
5.9200	76
5.9250	97
5.9300	83
5.9350	91
5.9400	94
5.9450	82
5.9500	455
5.9550	449
5.9600	509
5.9650	476
5.9700	528
5.9750	492
5.9800	499
5.9850	496
5.9900	465
5.9950	523
6.0000	272
6.0050	161
6.0100	111
6.0150	99
6.0200	79
6.0250	101
6.0300	103
6.0350	91
6.0400	79
6.0450	114
6.0500	487
6.0550	494
6.0600	509
6.0650	468
6.0700	515
6.0750	478
6.0800	479
6.0850	496
6.0900	492
6.0950	522
6.1000	287
6.1050	167
6.1100	111
6.1150	93
6.1200	106
6.1250	100
6.1300	104
6.1350	89
6.1400	90
6.1450	85
6.1500	483
6.1550	518
6.1600	535
6.1650	543
6.1700	482
6.1750	478
6.1800	512
6.1850	519
6.1900	517
6.1950	504
6.2000	276
6.2050	145
6.2100	123
6.2150	76
6.2200	76
6.2250	93
6.2300	90
6.2350	87
6.2400	81
6.2450	103
6.2500	470
6.2550	482
6.2600	536
6.2650	497
6.2700	542
6.2750	506
6.2800	481
6.2850	529
6.2900	521
6.2950	512
6.3000	263
6.3050	168
6.3100	95
6.3150	88
6.3200	107
6.3250	92
6.3300	91
6.3350	75
6.3400	89
6.3450	95
6.3500	477
6.3550	512
6.3600	507
6.3650	533
6.3700	504
6.3750	515
6.3800	498
6.3850	538
6.3900	487
6.3950	534
6.4000	259
6.4050	185
6.4100	128
6.4150	94
6.4200	76
6.4250	91
6.4300	86
6.4350	91
6.4400	95
6.4450	98
6.4500	492
6.4550	469
6.4600	495
6.4650	498
6.4700	500
6.4750	496
6.4800	509
6.4850	502
6.4900	493
6.4950	500
6.5000	294
6.5050	186
6.5100	120
6.5150	111
6.5200	96
6.5250	76
6.5300	93
6.5350	83
6.5400	94
6.5450	79
6.5500	504
6.5550	497
6.5600	500
6.5650	492
6.5700	484
6.5750	504
6.5800	504
6.5850	502
6.5900	504
6.5950	492
6.6000	287
6.6050	169
6.6100	99
6.6150	90
6.6200	83
6.6250	87
6.6300	80
6.6350	95
6.6400	86
6.6450	78
6.6500	488
6.6550	490
6.6600	497
6.6650	522
6.6700	528
6.6750	513
6.6800	470
6.6850	490
6.6900	512
6.6950	536
6.7000	247
6.7050	162
6.7100	118
6.7150	93
6.7200	103
6.7250	77
6.7300	87
6.7350	88
6.7400	98
6.7450	94
6.7500	493
6.7550	514
6.7600	480
6.7650	553
6.7700	522
6.7750	483
6.7800	508
6.7850	517
6.7900	497
6.7950	485
6.8000	272
6.8050	185
6.8100	105
6.8150	80
6.8200	89
6.8250	89
6.8300	91
6.8350	85
6.8400	91
6.8450	81
6.8500	519
6.8550	474
6.8600	477
6.8650	524
6.8700	505
6.8750	485
6.8800	477
6.8850	487
6.8900	495
6.8950	526
6.9000	257
6.9050	158
6.9100	104
6.9150	100
6.9200	98
6.9250	91
6.9300	93
6.9350	75
6.9400	71
6.9450	80
6.9500	505
6.9550	462
6.9600	507
6.9650	509
6.9700	528
6.9750	522
6.9800	507
6.9850	484
6.9900	503
6.9950	514
7.0000	263
7.0050	166
7.0100	108
7.0150	86
7.0200	96
7.0250	91
7.0300	107
7.0350	98
7.0400	90
7.0450	97
7.0500	490
7.0550	516
7.0600	466
7.0650	531
7.0700	528
7.0750	528
7.0800	514
7.0850	532
7.0900	523
7.0950	500
7.1000	257
7.1050	195
7.1100	110
7.1150	82
7.1200	85
7.1250	94
7.1300	97
7.1350	91
7.1400	80
7.1450	86
7.1500	520
7.1550	485
7.1600	479
7.1650	529
7.1700	509
7.1750	502
7.1800	475
7.1850	501
7.1900	477
7.1950	511
7.2000	273
7.2050	175
7.2100	125
7.2150	88
7.2200	89
7.2250	80
7.2300	96
7.2350	82
7.2400	85
7.2450	85
7.2500	504
7.2550	535
7.2600	491
7.2650	491
7.2700	482
7.2750	510
7.2800	469
7.2850	472
7.2900	501
7.2950	503
7.3000	275
7.3050	178
7.3100	102
7.3150	98
7.3200	86
7.3250	91
7.3300	80
7.3350	72
7.3400	80
7.3450	66
7.3500	500
7.3550	556
7.3600	481
7.3650	482
7.3700	506
7.3750	539
7.3800	478
7.3850	532
7.3900	478
7.3950	511
7.4000	245
7.4050	160
7.4100	119
7.4150	82
7.4200	77
7.4250	75
7.4300	89
7.4350	78
7.4400	74
7.4450	88
7.4500	499
7.4550	461
7.4600	478
7.4650	507
7.4700	490
7.4750	502
7.4800	478
7.4850	505
7.4900	499
7.4950	486
7.5000	284
7.5050	170
7.5100	105
7.5150	100
7.5200	79
7.5250	82
7.5300	82
7.5350	103
7.5400	89
7.5450	98
7.5500	503
7.5550	487
7.5600	472
7.5650	497
7.5700	534
7.5750	512
7.5800	510
7.5850	517
7.5900	501
7.5950	506
7.6000	289
7.6050	162
7.6100	104
7.6150	87
7.6200	97
7.6250	78
7.6300	84
7.6350	100
7.6400	75
7.6450	83
7.6500	510
7.6550	516
7.6600	499
7.6650	510
7.6700	507
7.6750	499
7.6800	529
7.6850	505
7.6900	522
7.6950	501
7.7000	264
7.7050	169
7.7100	97
7.7150	84
7.7200	84
7.7250	85
7.7300	92
7.7350	92
7.7400	74
7.7450	75
7.7500	509
7.7550	516
7.7600	518
7.7650	517
7.7700	498
7.7750	521
7.7800	504
7.7850	497
7.7900	513
7.7950	547
7.8000	287
7.8050	178
7.8100	122
7.8150	84
7.8200	73
7.8250	85
7.8300	78
7.8350	78
7.8400	101
7.8450	77
7.8500	464
7.8550	482
7.8600	501
7.8650	486
7.8700	503
7.8750	536
7.8800	545
7.8850	484
7.8900	537
7.8950	487
7.9000	280
7.9050	152
7.9100	130
7.9150	94
7.9200	85
7.9250	88
7.9300	94
7.9350	90
7.9400	74
7.9450	78
7.9500	496
7.9550	519
7.9600	513
7.9650	516
7.9700	499
7.9750	509
7.9800	487
7.9850	499
7.9900	527
7.9950	494
8.0000	264
8.0050	196
8.0100	107
8.0150	102
8.0200	80
8.0250	93
8.0300	105
8.0350	90
8.0400	94
8.0450	88
8.0500	527
8.0550	483
8.0600	511
8.0650	490
8.0700	522
8.0750	505
8.0800	503
8.0850	522
8.0900	517
8.0950	527
8.1000	284
8.1050	151
8.1100	110
8.1150	99
8.1200	79
8.1250	93
8.1300	82
8.1350	79
8.1400	87
8.1450	75
8.1500	514
8.1550	501
8.1600	471
8.1650	475
8.1700	503
8.1750	540
8.1800	481
8.1850	510
8.1900	512
8.1950	525
8.2000	267
8.2050	159
8.2100	104
8.2150	97
8.2200	79
8.2250	79
8.2300	85
8.2350	83
8.2400	91
8.2450	101
8.2500	496
8.2550	526
8.2600	473
8.2650	487
8.2700	501
8.2750	517
8.2800	483
8.2850	505
8.2900	497
8.2950	539
8.3000	289
8.3050	184
8.3100	112
8.3150	97
8.3200	95
8.3250	78
8.3300	93
8.3350	86
8.3400	70
8.3450	90
8.3500	498
8.3550	506
8.3600	483
8.3650	490
8.3700	500
8.3750	506
8.3800	509
8.3850	515
8.3900	526
8.3950	492
8.4000	290
8.4050	162
8.4100	109
8.4150	97
8.4200	73
8.4250	93
8.4300	93
8.4350	111
8.4400	90
8.4450	89
8.4500	499
8.4550	514
8.4600	502
8.4650	527
8.4700	491
8.4750	471
8.4800	542
8.4850	486
8.4900	464
8.4950	467
8.5000	302
8.5050	170
8.5100	103
8.5150	81
8.5200	88
8.5250	97
8.5300	85
8.5350	110
8.5400	75
8.5450	85
8.5500	494
8.5550	495
8.5600	513
8.5650	515
8.5700	516
8.5750	462
8.5800	486
8.5850	520
8.5900	476
8.5950	464
8.6000	250
8.6050	193
8.6100	111
8.6150	117
8.6200	92
8.6250	94
8.6300	88
8.6350	101
8.6400	111
8.6450	80
8.6500	510
8.6550	495
8.6600	500
8.6650	519
8.6700	518
8.6750	505
8.6800	511
8.6850	514
8.6900	514
8.6950	516
8.7000	284
8.7050	164
8.7100	139
8.7150	118
8.7200	104
8.7250	99
8.7300	97
8.7350	95
8.7400	98
8.7450	97
8.7500	521
8.7550	501
8.7600	482
8.7650	521
8.7700	546
8.7750	554
8.7800	523
8.7850	523
8.7900	540
8.7950	524
8.8000	286
8.8050	182
8.8100	95
8.8150	101
8.8200	96
8.8250	104
8.8300	92
8.8350	111
8.8400	102
8.8450	98
8.8500	490
8.8550	502
8.8600	534
8.8650	528
8.8700	521
8.8750	525
8.8800	520
8.8850	510
8.8900	524
8.8950	509
8.9000	265
8.9050	184
8.9100	107
8.9150	102
8.9200	97
8.9250	106
8.9300	86
8.9350	82
8.9400	108
8.9450	89
8.9500	495
8.9550	481
8.9600	543
8.9650	534
8.9700	498
8.9750	499
8.9800	487
8.9850	528
8.9900	492
8.9950	506
9.0000	286
9.0050	176
9.0100	121
9.0150	98
9.0200	91
9.0250	86
9.0300	70
9.0350	86
9.0400	102
9.0450	98
9.0500	519
9.0550	479
9.0600	500
9.0650	515
9.0700	519
9.0750	456
9.0800	502
9.0850	483
9.0900	510
9.0950	489
9.1000	263
9.1050	183
9.1100	115
9.1150	91
9.1200	89
9.1250	95
9.1300	94
9.1350	99
9.1400	98
9.1450	98
9.1500	491
9.1550	518
9.1600	499
9.1650	507
9.1700	498
9.1750	506
9.1800	452
9.1850	442
9.1900	530
9.1950	504
9.2000	287
9.2050	170
9.2100	136
9.2150	104
9.2200	92
9.2250	110
9.2300	99
9.2350	91
9.2400	99
9.2450	89
9.2500	510
9.2550	546
9.2600	487
9.2650	505
9.2700	510
9.2750	489
9.2800	519
9.2850	544
9.2900	553
9.2950	527
9.3000	296
9.3050	176
9.3100	128
9.3150	98
9.3200	82
9.3250	93
9.3300	84
9.3350	82
9.3400	89
9.3450	103
9.3500	504
9.3550	484
9.3600	492
9.3650	486
9.3700	486
9.3750	496
9.3800	503
9.3850	477
9.3900	532
9.3950	547
9.4000	305
9.4050	152
9.4100	123
9.4150	93
9.4200	104
9.4250	95
9.4300	127
9.4350	94
9.4400	104
9.4450	96
9.4500	460
9.4550	522
9.4600	496
9.4650	500
9.4700	519
9.4750	487
9.4800	522
9.4850	502
9.4900	479
9.4950	491
9.5000	294
9.5050	174
9.5100	124
9.5150	91
9.5200	85
9.5250	88
9.5300	92
9.5350	109
9.5400	108
9.5450	81
9.5500	513
9.5550	490
9.5600	534
9.5650	489
9.5700	523
9.5750	502
9.5800	494
9.5850	513
9.5900	472
9.5950	485
9.6000	304
9.6050	178
9.6100	116
9.6150	110
9.6200	108
9.6250	129
9.6300	112
9.6350	118
9.6400	113
9.6450	84
9.6500	451
9.6550	509
9.6600	536
9.6650	535
9.6700	514
9.6750	502
9.6800	493
9.6850	513
9.6900	487
9.6950	504
9.7000	300
9.7050	176
9.7100	126
9.7150	101
9.7200	82
9.7250	96
9.7300	86
9.7350	105
9.7400	93
9.7450	79
9.7500	503
9.7550	504
9.7600	527
9.7650	499
9.7700	518
9.7750	512
9.7800	524
9.7850	512
9.7900	482
9.7950	503
9.8000	286
9.8050	180
9.8100	122
9.8150	98
9.8200	101
9.8250	110
9.8300	94
9.8350	79
9.8400	92
9.8450	80
9.8500	472
9.8550	529
9.8600	506
9.8650	509
9.8700	509
9.8750	531
9.8800	468
9.8850	492
9.8900	494
9.8950	468
9.9000	287
9.9050	195
9.9100	105
9.9150	101
9.9200	101
9.9250	93
9.9300	84
9.9350	95
9.9400	85
9.9450	86
9.9500	509
9.9550	494
9.9600	498
9.9650	509
9.9700	514
9.9750	520
9.9800	512
9.9850	489
9.9900	500
9.9950	505
10.0000	282
10.0050	187
10.0100	127
10.0150	107
10.0200	84
10.0250	107
10.0300	98
10.0350	97
10.0400	111
10.0450	100
10.0500	524
10.0550	509
10.0600	480
10.0650	477
10.0700	488
10.0750	500
10.0800	506
10.0850	494
10.0900	504
10.0950	455
10.1000	275
10.1050	154
10.1100	95
10.1150	106
10.1200	90
10.1250	101
10.1300	77
10.1350	73
10.1400	77
10.1450	91
10.1500	454
10.1550	490
10.1600	499
10.1650	493
10.1700	520
10.1750	473
10.1800	539
10.1850	532
10.1900	525
10.1950	495
10.2000	280
10.2050	180
10.2100	105
10.2150	104
10.2200	109
10.2250	93
10.2300	105
10.2350	101
10.2400	93
10.2450	90
10.2500	501
10.2550	496
10.2600	492
10.2650	508
10.2700	535
10.2750	518
10.2800	508
10.2850	482
10.2900	490
10.2950	497
10.3000	293
10.3050	178
10.3100	117
10.3150	109
10.3200	110
10.3250	104
10.3300	100
10.3350	106
10.3400	101
10.3450	86
10.3500	493
10.3550	513
10.3600	521
10.3650	502
10.3700	545
10.3750	489
10.3800	494
10.3850	528
10.3900	479
10.3950	490
10.4000	303
10.4050	222
10.4100	141
10.4150	105
10.4200	126
10.4250	106
10.4300	97
10.4350	103
10.4400	89
10.4450	95
10.4500	494
10.4550	533
10.4600	537
10.4650	506
10.4700	540
10.4750	503
10.4800	507
10.4850	514
10.4900	488
10.4950	497
10.5000	308
10.5050	178
10.5100	115
10.5150	114
10.5200	102
10.5250	107
10.5300	92
10.5350	102
10.5400	86
10.5450	106
10.5500	462
10.5550	478
10.5600	540
10.5650	510
10.5700	506
10.5750	476
10.5800	493
10.5850	511
10.5900	471
10.5950	513
10.6000	276
10.6050	175
10.6100	127
10.6150	99
10.6200	99
10.6250	100
10.6300	106
10.6350	112
10.6400	92
10.6450	89
10.6500	512
10.6550	492
10.6600	520
10.6650	505
10.6700	511
10.6750	516
10.6800	477
10.6850	524
10.6900	491
10.6950	520
10.7000	288
10.7050	196
10.7100	117
10.7150	96
10.7200	92
10.7250	89
10.7300	103
10.7350	90
10.7400	77
10.7450	111
10.7500	456
10.7550	481
10.7600	472
10.7650	503
10.7700	503
10.7750	511
10.7800	492
10.7850	520
10.7900	500
10.7950	527
10.8000	273
10.8050	190
10.8100	122
10.8150	105
10.8200	88
10.8250	106
10.8300	83
10.8350	119
10.8400	75
10.8450	96
10.8500	440
10.8550	518
10.8600	496
10.8650	486
10.8700	508
10.8750	473
10.8800	467
10.8850	537
10.8900	468
10.8950	547
10.9000	294
10.9050	176
10.9100	130
10.9150	101
10.9200	97
10.9250	114
10.9300	98
10.9350	101
10.9400	102
10.9450	89
10.9500	458
10.9550	490
10.9600	504
10.9650	531
10.9700	487
10.9750	501
10.9800	464
10.9850	505
10.9900	503
10.9950	524
11.0000	283
11.0050	184
11.0100	132
11.0150	133
11.0200	82
11.0250	100
11.0300	87
11.0350	99
11.0400	83
11.0450	95
11.0500	489
11.0550	488
11.0600	507
11.0650	511
11.0700	504
11.0750	520
11.0800	519
11.0850	480
11.0900	511
11.0950	476
11.1000	290
11.1050	177
11.1100	124
11.1150	106
11.1200	108
11.1250	105
11.1300	92
11.1350	95
11.1400	100
11.1450	101
11.1500	489
11.1550	519
11.1600	447
11.1650	507
11.1700	536
11.1750	488
11.1800	499
11.1850	510
11.1900	524
11.1950	518
11.2000	306
11.2050	196
11.2100	113
11.2150	89
11.2200	102
11.2250	106
11.2300	99
11.2350	95
11.2400	97
11.2450	89
11.2500	483
11.2550	516
11.2600	503
11.2650	511
11.2700	528
11.2750	505
11.2800	499
11.2850	480
11.2900	514
11.2950	511
11.3000	278
11.3050	199
11.3100	117
11.3150	101
11.3200	103
11.3250	109
11.3300	107
11.3350	92
11.3400	80
11.3450	96
11.3500	476
11.3550	512
11.3600	495
11.3650	513
11.3700	524
11.3750	509
11.3800	470
11.3850	516
11.3900	485
11.3950	483
11.4000	293
11.4050	179
11.4100	128
11.4150	93
11.4200	98
11.4250	84
11.4300	90
11.4350	97
11.4400	102
11.4450	81
11.4500	481
11.4550	513
11.4600	501
11.4650	518
11.4700	510
11.4750	532
11.4800	455
11.4850	510
11.4900	502
11.4950	521
11.5000	278
11.5050	192
11.5100	136
11.5150	118
11.5200	106
11.5250	98
11.5300	112
11.5350	99
11.5400	80
11.5450	93
11.5500	470
11.5550	508
11.5600	461
11.5650	501
11.5700	485
11.5750	499
11.5800	503
11.5850	563
11.5900	507
11.5950	508
11.6000	272
11.6050	183
11.6100	128
11.6150	119
11.6200	105
11.6250	109
11.6300	115
11.6350	93
11.6400	91
11.6450	98
11.6500	487
11.6550	493
11.6600	475
11.6650	518
11.6700	557
11.6750	497
11.6800	478
11.6850	508
11.6900	506
11.6950	508
11.7000	284
11.7050	180
11.7100	142
11.7150	118
11.7200	111
11.7250	108
11.7300	106
11.7350	95
11.7400	84
11.7450	86
11.7500	473
11.7550	462
11.7600	487
11.7650	494
11.7700	489
11.7750	532
11.7800	515
11.7850	536
11.7900	495
11.7950	496
11.8000	269
11.8050	187
11.8100	137
11.8150	119
11.8200	101
11.8250	90
11.8300	106
11.8350	99
11.8400	92
11.8450	86
11.8500	494
11.8550	505
11.8600	487
11.8650	507
11.8700	479
11.8750	526
11.8800	551
11.8850	532
11.8900	510
11.8950	526
11.9000	273
11.9050	198
11.9100	116
11.9150	100
11.9200	95
11.9250	105
11.9300	104
11.9350	98
11.9400	93
11.9450	105
11.9500	521
11.9550	486
11.9600	481
11.9650	487
11.9700	493
11.9750	465
11.9800	483
11.9850	527
11.9900	505
11.9950	483
12.0000	284
12.0050	180
12.0100	107
12.0150	86
12.0200	101
12.0250	104
12.0300	94
12.0350	98
12.0400	74
12.0450	80
12.0500	491
12.0550	532
12.0600	525
12.0650	489
12.0700	513
12.0750	505
12.0800	501
12.0850	479
12.0900	515
12.0950	497
12.1000	290
12.1050	190
12.1100	105
12.1150	88
12.1200	79
12.1250	95
12.1300	132
12.1350	102
12.1400	89
12.1450	97
12.1500	498
12.1550	508
12.1600	483
12.1650	508
12.1700	522
12.1750	469
12.1800	482
12.1850	514
12.1900	500
12.1950	534
12.2000	280
12.2050	180
12.2100	121
12.2150	99
12.2200	112
12.2250	102
12.2300	93
12.2350	102
12.2400	100
12.2450	101
12.2500	463
12.2550	530
12.2600	486
12.2650	500
12.2700	497
12.2750	505
12.2800	514
12.2850	524
12.2900	523
12.2950	502
12.3000	318
12.3050	184
12.3100	122
12.3150	98
12.3200	93
12.3250	103
12.3300	117
12.3350	98
12.3400	117
12.3450	103
12.3500	475
12.3550	501
12.3600	475
12.3650	504
12.3700	525
12.3750	531
12.3800	506
12.3850	494
12.3900	526
12.3950	521
12.4000	291
12.4050	178
12.4100	139
12.4150	110
12.4200	110
12.4250	91
12.4300	117
12.4350	100
12.4400	94
12.4450	101
12.4500	521
12.4550	508
12.4600	521
12.4650	476
12.4700	471
12.4750	526
12.4800	508
12.4850	485
12.4900	482
12.4950	541
12.5000	263
12.5050	193
12.5100	110
12.5150	102
12.5200	99
12.5250	84
12.5300	121
12.5350	98
12.5400	97
12.5450	87
12.5500	480
12.5550	498
12.5600	512
12.5650	477
12.5700	527
12.5750	515
12.5800	490
12.5850	519
12.5900	519
12.5950	507
12.6000	293
12.6050	176
12.6100	116
12.6150	88
12.6200	95
12.6250	99
12.6300	94
12.6350	83
12.6400	93
12.6450	99
12.6500	468
12.6550	478
12.6600	518
12.6650	509
12.6700	496
12.6750	497
12.6800	506
12.6850	534
12.6900	479
12.6950	493
12.7000	286
12.7050	176
12.7100	114
12.7150	85
12.7200	93
12.7250	110
12.7300	87
12.7350	101
12.7400	94
12.7450	102
12.7500	482
12.7550	523
12.7600	482
12.7650	496
12.7700	519
12.7750	501
12.7800	479
12.7850	469
12.7900	483
12.7950	485
12.8000	306
12.8050	166
12.8100	119
12.8150	84
12.8200	89
12.8250	102
12.8300	95
12.8350	100
12.8400	82
12.8450	83
12.8500	477
12.8550	490
12.8600	516
12.8650	528
12.8700	509
12.8750	534
12.8800	504
12.8850	515
12.8900	509
12.8950	482
12.9000	296
12.9050	160
12.9100	111
12.9150	97
12.9200	93
12.9250	92
12.9300	84
12.9350	85
12.9400	90
12.9450	83
12.9500	511
12.9550	491
12.9600	504
12.9650	541
12.9700	507
12.9750	496
12.9800	491
12.9850	519
12.9900	506
12.9950	503
13.0000	273
13.0050	196
13.0100	103
13.0150	91
13.0200	93
13.0250	79
13.0300	99
13.0350	94
13.0400	94
13.0450	103
13.0500	473
13.0550	509
13.0600	474
13.0650	537
13.0700	488
13.0750	542
13.0800	488
13.0850	460
13.0900	478
13.0950	503
13.1000	261
13.1050	174
13.1100	137
13.1150	92
13.1200	100
13.1250	80
13.1300	107
13.1350	100
13.1400	104
13.1450	87
13.1500	526
13.1550	489
13.1600	525
13.1650	540
13.1700	548
13.1750	503
13.1800	522
13.1850	503
13.1900	481
13.1950	472
13.2000	278
13.2050	198
13.2100	107
13.2150	117
13.2200	97
13.2250	100
13.2300	81
13.2350	103
13.2400	91
13.2450	74
13.2500	521
13.2550	505
13.2600	526
13.2650	524
13.2700	501
13.2750	508
13.2800	490
13.2850	500
13.2900	478
13.2950	489
13.3000	285
13.3050	170
13.3100	123
13.3150	106
13.3200	83
13.3250	94
13.3300	82
13.3350	84
13.3400	100
13.3450	108
13.3500	475
13.3550	474
13.3600	523
13.3650	464
13.3700	510
13.3750	513
13.3800	518
13.3850	489
13.3900	487
13.3950	501
13.4000	292
13.4050	179
13.4100	120
13.4150	119
13.4200	98
13.4250	106
13.4300	118
13.4350	96
13.4400	98
13.4450	98
13.4500	481
13.4550	476
13.4600	470
13.4650	488
13.4700	515
13.4750	510
13.4800	515
13.4850	519
13.4900	502
13.4950	507
13.5000	270
13.5050	164
13.5100	112
13.5150	94
13.5200	78
13.5250	89
13.5300	97
13.5350	107
13.5400	95
13.5450	91
13.5500	486
13.5550	482
13.5600	475
13.5650	480
13.5700	509
13.5750	494
13.5800	527
13.5850	499
13.5900	558
13.5950	517
13.6000	265
13.6050	176
13.6100	120
13.6150	94
13.6200	92
13.6250	97
13.6300	121
13.6350	97
13.6400	98
13.6450	92
13.6500	500
13.6550	513
13.6600	524
13.6650	525
13.6700	494
13.6750	497
13.6800	523
13.6850	499
13.6900	503
13.6950	513
13.7000	295
13.7050	187
13.7100	114
13.7150	99
13.7200	105
13.7250	99
13.7300	82
13.7350	78
13.7400	95
13.7450	99
13.7500	476
13.7550	485
13.7600	477
13.7650	498
13.7700	515
13.7750	522
13.7800	478
13.7850	512
13.7900	493
13.7950	511
13.8000	293
13.8050	170
13.8100	113
13.8150	93
13.8200	91
13.8250	103
13.8300	83
13.8350	83
13.8400	95
13.8450	107
13.8500	502
13.8550	526
13.8600	516
13.8650	531
13.8700	495
13.8750	543
13.8800	518
13.8850	502
13.8900	483
13.8950	530
13.9000	302
13.9050	178
13.9100	113
13.9150	95
13.9200	93
13.9250	95
13.9300	107
13.9350	82
13.9400	85
13.9450	100
13.9500	543
13.9550	542
13.9600	507
13.9650	500
13.9700	515
13.9750	520
13.9800	499
13.9850	488
13.9900	525
13.9950	504
14.0000	310
14.0050	179
14.0100	132
14.0150	96
14.0200	100
14.0250	95
14.0300	81
14.0350	87
14.0400	91
14.0450	112
14.0500	505
14.0550	522
14.0600	495
14.0650	506
14.0700	505
14.0750	505
14.0800	500
14.0850	513
14.0900	468
14.0950	489
14.1000	254
14.1050	182
14.1100	122
14.1150	76
14.1200	108
14.1250	96
14.1300	96
14.1350	90
14.1400	90
14.1450	98
14.1500	540
14.1550	472
14.1600	481
14.1650	488
14.1700	495
14.1750	528
14.1800	484
14.1850	502
14.1900	509
14.1950	532
14.2000	298
14.2050	178
14.2100	113
14.2150	108
14.2200	95
14.2250	90
14.2300	93
14.2350	106
14.2400	88
14.2450	86
14.2500	477
14.2550	519
14.2600	509
14.2650	501
14.2700	511
14.2750	530
14.2800	541
14.2850	495
14.2900	496
14.2950	518
14.3000	271
14.3050	187
14.3100	99
14.3150	106
14.3200	72
14.3250	103
14.3300	90
14.3350	82
14.3400	93
14.3450	86
14.3500	457
14.3550	494
14.3600	479
14.3650	494
14.3700	514
14.3750	534
14.3800	517
14.3850	515
14.3900	511
14.3950	507
14.4000	266
14.4050	156
14.4100	124
14.4150	99
14.4200	101
14.4250	97
14.4300	114
14.4350	101
14.4400	101
14.4450	93
14.4500	483
14.4550	538
14.4600	525
14.4650	494
14.4700	502
14.4750	507
14.4800	520
14.4850	531
14.4900	498
14.4950	513
14.5000	262
14.5050	193
14.5100	114
14.5150	107
14.5200	91
14.5250	98
14.5300	111
14.5350	87
14.5400	90
14.5450	98
14.5500	518
14.5550	518
14.5600	482
14.5650	519
14.5700	511
14.5750	507
14.5800	503
14.5850	536
14.5900	508
14.5950	508
14.6000	279
14.6050	164
14.6100	104
14.6150	99
14.6200	91
14.6250	99
14.6300	96
14.6350	80
14.6400	105
14.6450	102
14.6500	485
14.6550	536
14.6600	490
14.6650	508
14.6700	479
14.6750	529
14.6800	491
14.6850	521
14.6900	535
14.6950	506
14.7000	260
14.7050	186
14.7100	125
14.7150	118
14.7200	108
14.7250	104
14.7300	86
14.7350	100
14.7400	97
14.7450	85
14.7500	509
14.7550	503
14.7600	517
14.7650	498
14.7700	491
14.7750	520
14.7800	512
14.7850	479
14.7900	514
14.7950	513
14.8000	281
14.8050	188
14.8100	117
14.8150	88
14.8200	79
14.8250	107
14.8300	110
14.8350	88
14.8400	88
14.8450	99
14.8500	508
14.8550	516
14.8600	474
14.8650	445
14.8700	523
14.8750	508
14.8800	496
14.8850	528
14.8900	541
14.8950	528
14.9000	274
14.9050	178
14.9100	93
14.9150	97
14.9200	107
14.9250	101
14.9300	80
14.9350	102
14.9400	86
14.9450	78
14.9500	503
14.9550	495
14.9600	501
14.9650	492
14.9700	495
14.9750	520
14.9800	533
14.9850	513
14.9900	509
14.9950	515
15.0000	267
15.0050	162
15.0100	123
15.0150	113
15.0200	90
15.0250	91
15.0300	91
15.0350	87
15.0400	91
15.0450	95
15.0500	494
15.0550	508
15.0600	525
15.0650	533
15.0700	525
15.0750	523
15.0800	507
15.0850	499
15.0900	531
15.0950	492
15.1000	238
15.1050	179
15.1100	109
15.1150	96
15.1200	89
15.1250	84
15.1300	82
15.1350	97
15.1400	83
15.1450	82
15.1500	491
15.1550	500
15.1600	515
15.1650	514
15.1700	499
15.1750	495
15.1800	499
15.1850	483
15.1900	543
15.1950	540
15.2000	290
15.2050	169
15.2100	137
15.2150	91
15.2200	96
15.2250	92
15.2300	72
15.2350	103
15.2400	88
15.2450	87
15.2500	501
15.2550	507
15.2600	503
15.2650	491
15.2700	533
15.2750	489
15.2800	510
15.2850	519
15.2900	512
15.2950	490
15.3000	288
15.3050	185
15.3100	120
15.3150	106
15.3200	89
15.3250	89
15.3300	114
15.3350	93
15.3400	90
15.3450	95
15.3500	472
15.3550	498
15.3600	481
15.3650	520
15.3700	486
15.3750	497
15.3800	494
15.3850	462
15.3900	488
15.3950	517
15.4000	301
15.4050	187
15.4100	106
15.4150	110
15.4200	94
15.4250	78
15.4300	87
15.4350	98
15.4400	92
15.4450	89
15.4500	448
15.4550	493
15.4600	510
15.4650	509
15.4700	510
15.4750	496
15.4800	518
15.4850	483
15.4900	495
15.4950	494
15.5000	265
15.5050	165
15.5100	114
15.5150	90
15.5200	109
15.5250	91
15.5300	77
15.5350	99
15.5400	90
15.5450	86
15.5500	499
15.5550	519
15.5600	490
15.5650	471
15.5700	543
15.5750	502
15.5800	512
15.5850	490
15.5900	484
15.5950	552
15.6000	296
15.6050	176
15.6100	107
15.6150	105
15.6200	89
15.6250	99
15.6300	91
15.6350	94
15.6400	97
15.6450	88
15.6500	486
15.6550	527
15.6600	519
15.6650	499
15.6700	483
15.6750	512
15.6800	490
15.6850	486
15.6900	498
15.6950	476
15.7000	289
15.7050	161
15.7100	105
15.7150	87
15.7200	96
15.7250	91
15.7300	90
15.7350	90
15.7400	92
15.7450	103
15.7500	520
15.7550	503
15.7600	537
15.7650	493
15.7700	514
15.7750	504
15.7800	492
15.7850	533
15.7900	527
15.7950	521
15.8000	259
15.8050	177
15.8100	125
15.8150	94
15.8200	80
15.8250	86
15.8300	96
15.8350	78
15.8400	80
15.8450	80
15.8500	481
15.8550	479
15.8600	503
15.8650	499
15.8700	484
15.8750	512
15.8800	478
15.8850	505
15.8900	506
15.8950	490
15.9000	307
15.9050	195
15.9100	125
15.9150	91
15.9200	97
15.9250	88
15.9300	79
15.9350	95
15.9400	77
15.9450	99
15.9500	485
15.9550	483
15.9600	488
15.9650	492
15.9700	503
15.9750	507
15.9800	510
15.9850	490
15.9900	500
15.9950	519
16.0000	255
16.0050	155
16.0100	119
16.0150	97
16.0200	93
16.0250	92
16.0300	114
16.0350	99
16.0400	85
16.0450	91
16.0500	481
16.0550	520
16.0600	519
16.0650	523
16.0700	506
16.0750	569
16.0800	481
16.0850	485
16.0900	489
16.0950	503
16.1000	267
16.1050	182
16.1100	91
16.1150	89
16.1200	86
16.1250	107
16.1300	98
16.1350	110
16.1400	86
16.1450	90
16.1500	508
16.1550	498
16.1600	473
16.1650	521
16.1700	508
16.1750	525
16.1800	513
16.1850	498
16.1900	506
16.1950	509
16.2000	288
16.2050	175
16.2100	132
16.2150	111
16.2200	103
16.2250	103
16.2300	115
16.2350	114
16.2400	109
16.2450	107
16.2500	509
16.2550	533
16.2600	496
16.2650	533
16.2700	486
16.2750	526
16.2800	497
16.2850	526
16.2900	511
16.2950	483
16.3000	256
16.3050	168
16.3100	125
16.3150	113
16.3200	98
16.3250	100
16.3300	100
16.3350	107
16.3400	100
16.3450	98
16.3500	486
16.3550	478
16.3600	519
16.3650	502
16.3700	479
16.3750	488
16.3800	514
16.3850	491
16.3900	514
16.3950	498
16.4000	275
16.4050	208
16.4100	142
16.4150	107
16.4200	104
16.4250	107
16.4300	95
16.4350	110
16.4400	103
16.4450	92
16.4500	538
16.4550	516
16.4600	498
16.4650	536
16.4700	517
16.4750	541
16.4800	494
16.4850	484
16.4900	493
16.4950	504
16.5000	286
16.5050	183
16.5100	117
16.5150	99
16.5200	103
16.5250	85
16.5300	102
16.5350	104
16.5400	106
16.5450	87
16.5500	504
16.5550	516
16.5600	515
16.5650	509
16.5700	503
16.5750	486
16.5800	489
16.5850	495
16.5900	528
16.5950	544
16.6000	310
16.6050	173
16.6100	116
16.6150	101
16.6200	80
16.6250	96
16.6300	90
16.6350	98
16.6400	78
16.6450	109
16.6500	508
16.6550	499
16.6600	505
16.6650	486
16.6700	482
16.6750	511
16.6800	516
16.6850	497
16.6900	487
16.6950	485
16.7000	272
16.7050	188
16.7100	93
16.7150	106
16.7200	88
16.7250	98
16.7300	108
16.7350	98
16.7400	88
16.7450	97
16.7500	485
16.7550	505
16.7600	502
16.7650	528
16.7700	539
16.7750	513
16.7800	505
16.7850	510
16.7900	471
16.7950	505
16.8000	312
16.8050	180
16.8100	134
16.8150	103
16.8200	73
16.8250	107
16.8300	88
16.8350	122
16.8400	96
16.8450	81
16.8500	511
16.8550	487
16.8600	479
16.8650	517
16.8700	538
16.8750	516
16.8800	503
16.8850	490
16.8900	521
16.8950	526
16.9000	277
16.9050	193
16.9100	104
16.9150	105
16.9200	114
16.9250	95
16.9300	90
16.9350	81
16.9400	85
16.9450	84
16.9500	483
16.9550	472
16.9600	489
16.9650	510
16.9700	530
16.9750	464
16.9800	528
16.9850	493
16.9900	536
16.9950	505
17.0000	297
17.0050	163
17.0100	130
17.0150	98
17.0200	92
17.0250	99
17.0300	111
17.0350	94
17.0400	81
17.0450	92
17.0500	515
17.0550	498
17.0600	536
17.0650	505
17.0700	497
17.0750	513
17.0800	516
17.0850	491
17.0900	486
17.0950	505
17.1000	289
17.1050	185
17.1100	110
17.1150	96
17.1200	88
17.1250	102
17.1300	96
17.1350	103
17.1400	88
17.1450	95
17.1500	474
17.1550	496
17.1600	484
17.1650	489
17.1700	505
17.1750	499
17.1800	503
17.1850	495
17.1900	520
17.1950	516
17.2000	283
17.2050	155
17.2100	112
17.2150	90
17.2200	113
17.2250	98
17.2300	81
17.2350	92
17.2400	88
17.2450	93
17.2500	471
17.2550	464
17.2600	491
17.2650	493
17.2700	518
17.2750	526
17.2800	495
17.2850	498
17.2900	494
17.2950	501
17.3000	305
17.3050	186
17.3100	112
17.3150	85
17.3200	87
17.3250	102
17.3300	102
17.3350	84
17.3400	100
17.3450	98
17.3500	497
17.3550	507
17.3600	524
17.3650	518
17.3700	504
17.3750	511
17.3800	527
17.3850	502
17.3900	475
17.3950	506
17.4000	299
17.4050	161
17.4100	128
17.4150	95
17.4200	87
17.4250	95
17.4300	95
17.4350	89
17.4400	116
17.4450	89
17.4500	498
17.4550	537
17.4600	534
17.4650	502
17.4700	479
17.4750	533
17.4800	554
17.4850	492
17.4900	532
17.4950	526
17.5000	292
17.5050	197
17.5100	105
17.5150	98
17.5200	99
17.5250	94
17.5300	85
17.5350	95
17.5400	92
17.5450	97
17.5500	495
17.5550	510
17.5600	527
17.5650	530
17.5700	504
17.5750	509
17.5800	512
17.5850	526
17.5900	525
17.5950	524
17.6000	279
17.6050	181
17.6100	113
17.6150	89
17.6200	96
17.6250	86
17.6300	96
17.6350	98
17.6400	100
17.6450	100
17.6500	478
17.6550	531
17.6600	523
17.6650	509
17.6700	506
17.6750	525
17.6800	478
17.6850	507
17.6900	521
17.6950	491
17.7000	286
17.7050	171
17.7100	97
17.7150	93
17.7200	103
17.7250	92
17.7300	78
17.7350	99
17.7400	92
17.7450	98
17.7500	506
17.7550	519
17.7600	491
17.7650	520
17.7700	481
17.7750	477
17.7800	531
17.7850	489
17.7900	539
17.7950	522
17.8000	280
17.8050	183
17.8100	121
17.8150	94
17.8200	93
17.8250	104
17.8300	95
17.8350	98
17.8400	90
17.8450	98
17.8500	499
17.8550	522
17.8600	515
17.8650	489
17.8700	484
17.8750	504
17.8800	504
17.8850	555
17.8900	511
17.8950	545
17.9000	292
17.9050	168
17.9100	116
17.9150	98
17.9200	91
17.9250	101
17.9300	87
17.9350	87
17.9400	84
17.9450	90
17.9500	473
17.9550	524
17.9600	466
17.9650	477
17.9700	482
17.9750	518
17.9800	513
17.9850	525
17.9900	522
17.9950	494
18.0000	248
18.0050	176
18.0100	119
18.0150	108
18.0200	92
18.0250	110
18.0300	91
18.0350	93
18.0400	92
18.0450	84
18.0500	480
18.0550	490
18.0600	503
18.0650	490
18.0700	536
18.0750	557
18.0800	515
18.0850	471
18.0900	515
18.0950	531
18.1000	275
18.1050	182
18.1100	115
18.1150	106
18.1200	78
18.1250	84
18.1300	101
18.1350	85
18.1400	80
18.1450	82
18.1500	509
18.1550	498
18.1600	505
18.1650	502
18.1700	475
18.1750	504
18.1800	536
18.1850	522
18.1900	499
18.1950	502
18.2000	258
18.2050	179
18.2100	115
18.2150	82
18.2200	107
18.2250	87
18.2300	114
18.2350	75
18.2400	90
18.2450	78
18.2500	552
18.2550	522
18.2600	499
18.2650	509
18.2700	514
18.2750	525
18.2800	507
18.2850	507
18.2900	509
18.2950	497
18.3000	299
18.3050	158
18.3100	115
18.3150	99
18.3200	94
18.3250	100
18.3300	97
18.3350	95
18.3400	80
18.3450	98
18.3500	512
18.3550	482
18.3600	511
18.3650	484
18.3700	532
18.3750	519
18.3800	538
18.3850	508
18.3900	502
18.3950	500
18.4000	287
18.4050	195
18.4100	121
18.4150	87
18.4200	91
18.4250	80
18.4300	84
18.4350	87
18.4400	84
18.4450	82
18.4500	522
18.4550	489
18.4600	529
18.4650	510
18.4700	480
18.4750	537
18.4800	499
18.4850	468
18.4900	527
18.4950	479
18.5000	263
18.5050	185
18.5100	126
18.5150	88
18.5200	99
18.5250	91
18.5300	96
18.5350	91
18.5400	91
18.5450	90
18.5500	506
18.5550	498
18.5600	496
18.5650	519
18.5700	518
18.5750	494
18.5800	496
18.5850	485
18.5900	523
18.5950	495
18.6000	300
18.6050	153
18.6100	108
18.6150	112
18.6200	98
18.6250	110
18.6300	100
18.6350	90
18.6400	103
18.6450	95
18.6500	484
18.6550	521
18.6600	516
18.6650	518
18.6700	531
18.6750	472
18.6800	502
18.6850	502
18.6900	536
18.6950	502
18.7000	280
18.7050	194
18.7100	134
18.7150	117
18.7200	90
18.7250	89
18.7300	95
18.7350	111
18.7400	81
18.7450	86
18.7500	501
18.7550	491
18.7600	546
18.7650	479
18.7700	493
18.7750	516
18.7800	491
18.7850	546
18.7900	506
18.7950	481
18.8000	275
18.8050	179
18.8100	122
18.8150	104
18.8200	105
18.8250	106
18.8300	97
18.8350	88
18.8400	91
18.8450	89
18.8500	487
18.8550	485
18.8600	476
18.8650	462
18.8700	532
18.8750	504
18.8800	478
18.8850	483
18.8900	485
18.8950	495
18.9000	274
18.9050	186
18.9100	116
18.9150	103
18.9200	118
18.9250	101
18.9300	110
18.9350	97
18.9400	91
18.9450	82
18.9500	489
18.9550	495
18.9600	510
18.9650	466
18.9700	491
18.9750	535
18.9800	518
18.9850	477
18.9900	488
18.9950	490
19.0000	310
19.0050	168
19.0100	120
19.0150	118
19.0200	88
19.0250	112
19.0300	104
19.0350	97
19.0400	97
19.0450	85
19.0500	486
19.0550	522
19.0600	498
19.0650	509
19.0700	547
19.0750	452
19.0800	511
19.0850	495
19.0900	531
19.0950	471
19.1000	287
19.1050	169
19.1100	115
19.1150	107
19.1200	103
19.1250	75
19.1300	90
19.1350	91
19.1400	102
19.1450	85
19.1500	492
19.1550	514
19.1600	502
19.1650	476
19.1700	500
19.1750	532
19.1800	521
19.1850	461
19.1900	513
19.1950	532
19.2000	277
19.2050	176
19.2100	138
19.2150	91
19.2200	91
19.2250	90
19.2300	103
19.2350	93
19.2400	86
19.2450	80
19.2500	532
19.2550	489
19.2600	490
19.2650	522
19.2700	509
19.2750	491
19.2800	465
19.2850	496
19.2900	498
19.2950	491
19.3000	293
19.3050	177
19.3100	120
19.3150	98
19.3200	88
19.3250	95
19.3300	89
19.3350	105
19.3400	96
19.3450	94
19.3500	501
19.3550	496
19.3600	536
19.3650	532
19.3700	506
19.3750	525
19.3800	507
19.3850	504
19.3900	509
19.3950	488
19.4000	270
19.4050	176
19.4100	107
19.4150	114
19.4200	96
19.4250	93
19.4300	98
19.4350	98
19.4400	104
19.4450	104
19.4500	485
19.4550	511
19.4600	481
19.4650	540
19.4700	501
19.4750	506
19.4800	525
19.4850	498
19.4900	523
19.4950	535
19.5000	280
19.5050	171
19.5100	111
19.5150	88
19.5200	90
19.5250	102
19.5300	100
19.5350	104
19.5400	90
19.5450	92
19.5500	480
19.5550	500
19.5600	497
19.5650	532
19.5700	505
19.5750	514
19.5800	524
19.5850	554
19.5900	467
19.5950	500
19.6000	296
19.6050	173
19.6100	106
19.6150	107
19.6200	93
19.6250	113
19.6300	97
19.6350	80
19.6400	91
19.6450	106
19.6500	475
19.6550	526
19.6600	522
19.6650	529
19.6700	496
19.6750	528
19.6800	517
19.6850	528
19.6900	521
19.6950	510
19.7000	281
19.7050	170
19.7100	125
19.7150	101
19.7200	102
19.7250	108
19.7300	78
19.7350	98
19.7400	93
19.7450	91
19.7500	544
19.7550	508
19.7600	518
19.7650	516
19.7700	531
19.7750	497
19.7800	533
19.7850	522
19.7900	538
19.7950	491
19.8000	275
19.8050	155
19.8100	126
19.8150	97
19.8200	97
19.8250	81
19.8300	104
19.8350	96
19.8400	118
19.8450	97
19.8500	467
19.8550	493
19.8600	473
19.8650	473
19.8700	505
19.8750	515
19.8800	491
19.8850	501
19.8900	534
19.8950	507
19.9000	303
19.9050	177
19.9100	125
19.9150	108
19.9200	100
19.9250	96
19.9300	93
19.9350	80
19.9400	93
19.9450	81
19.9500	525
19.9550	515
19.9600	513
19.9650	528
19.9700	504
19.9750	536
19.9800	457
19.9850	488
19.9900	496
19.9950	550
