0.0000	289
0.0040	233
0.0080	140
0.0120	123
0.0160	105
0.0200	124
0.0240	111
0.0280	90
0.0320	111
0.0360	108
0.0400	100
0.0440	111
0.0480	90
0.0520	492
0.0560	502
0.0600	502
0.0640	492
0.0680	524
0.0720	470
0.0760	497
0.0800	522
0.0840	499
0.0880	515
0.0920	515
0.0960	516
0.1000	270
0.1040	207
0.1080	140
0.1120	104
0.1160	105
0.1200	90
0.1240	116
0.1280	74
0.1320	86
0.1360	92
0.1400	84
0.1440	99
0.1480	91
0.1520	518
0.1560	478
0.1600	462
0.1640	491
0.1680	459
0.1720	504
0.1760	467
0.1800	522
0.1840	501
0.1880	517
0.1920	507
0.1960	519
0.2000	290
0.2040	169
0.2080	142
0.2120	106
0.2160	93
0.2200	100
0.2240	109
0.2280	102
0.2320	96
0.2360	103
0.2400	117
0.2440	92
0.2480	84
0.2520	506
0.2560	481
0.2600	486
0.2640	531
0.2680	473
0.2720	540
0.2760	512
0.2800	515
0.2840	507
0.2880	491
0.2920	510
0.2960	506
0.3000	280
0.3040	192
0.3080	144
0.3120	117
0.3160	111
0.3200	96
0.3240	89
0.3280	109
0.3320	104
0.3360	88
0.3400	101
0.3440	100
0.3480	98
0.3520	547
0.3560	505
0.3600	526
0.3640	509
0.3680	511
0.3720	495
0.3760	536
0.3800	463
0.3840	516
0.3880	485
0.3920	507
0.3960	543
0.4000	246
0.4040	202
0.4080	147
0.4120	101
0.4160	108
0.4200	89
0.4240	112
0.4280	94
0.4320	92
0.4360	105
0.4400	111
0.4440	97
0.4480	97
0.4520	487
0.4560	486
0.4600	496
0.4640	500
0.4680	471
0.4720	508
0.4760	489
0.4800	485
0.4840	535
0.4880	532
0.4920	473
0.4960	502
0.5000	258
0.5040	188
0.5080	143
0.5120	107
0.5160	98
0.5200	100
0.5240	75
0.5280	84
0.5320	99
0.5360	97
0.5400	94
0.5440	83
0.5480	88
0.5520	477
0.5560	495
0.5600	482
0.5640	533
0.5680	483
0.5720	530
0.5760	548
0.5800	489
0.5840	505
0.5880	511
0.5920	524
0.5960	488
0.6000	312
0.6040	199
0.6080	143
0.6120	102
0.6160	89
0.6200	92
0.6240	100
0.6280	99
0.6320	103
0.6360	83
0.6400	92
0.6440	92
0.6480	96
0.6520	512
0.6560	488
0.6600	511
0.6640	500
0.6680	462
0.6720	525
0.6760	505
0.6800	467
0.6840	502
0.6880	481
0.6920	505
0.6960	491
0.7000	296
0.7040	194
0.7080	153
0.7120	139
0.7160	101
0.7200	109
0.7240	107
0.7280	91
0.7320	94
0.7360	110
0.7400	104
0.7440	111
0.7480	91
0.7520	517
0.7560	495
0.7600	471
0.7640	508
0.7680	495
0.7720	505
0.7760	524
0.7800	511
0.7840	500
0.7880	526
0.7920	500
0.7960	497
0.8000	307
0.8040	194
0.8080	130
0.8120	107
0.8160	91
0.8200	106
0.8240	97
0.8280	111
0.8320	99
0.8360	93
0.8400	82
0.8440	96
0.8480	77
0.8520	520
0.8560	492
0.8600	519
0.8640	522
0.8680	495
0.8720	509
0.8760	514
0.8800	473
0.8840	470
0.8880	505
0.8920	515
0.8960	481
0.9000	290
0.9040	206
0.9080	140
0.9120	104
0.9160	98
0.9200	83
0.9240	115
0.9280	92
0.9320	85
0.9360	109
0.9400	97
0.9440	80
0.9480	92
0.9520	495
0.9560	502
0.9600	481
0.9640	486
0.9680	544
0.9720	530
0.9760	469
0.9800	509
0.9840	503
0.9880	469
0.9920	507
0.9960	471
1.0000	289
1.0040	195
1.0080	128
1.0120	121
1.0160	96
1.0200	91
1.0240	108
1.0280	104
1.0320	83
1.0360	99
1.0400	103
1.0440	79
1.0480	98
1.0520	507
1.0560	518
1.0600	531
1.0640	499
1.0680	500
1.0720	513
1.0760	475
1.0800	505
1.0840	489
1.0880	483
1.0920	500
1.0960	529
1.1000	298
1.1040	193
1.1080	137
1.1120	127
1.1160	126
1.1200	90
1.1240	95
1.1280	87
1.1320	108
1.1360	112
1.1400	100
1.1440	94
1.1480	93
1.1520	500
1.1560	476
1.1600	490
1.1640	531
1.1680	539
1.1720	498
1.1760	502
1.1800	485
1.1840	525
1.1880	540
1.1920	462
1.1960	505
1.2000	296
1.2040	199
1.2080	149
1.2120	124
1.2160	90
1.2200	88
1.2240	102
1.2280	104
1.2320	88
1.2360	90
1.2400	86
1.2440	91
1.2480	83
1.2520	483
1.2560	492
1.2600	527
1.2640	499
1.2680	491
1.2720	501
1.2760	543
1.2800	479
1.2840	490
1.2880	524
1.2920	484
1.2960	476
1.3000	285
1.3040	188
1.3080	139
1.3120	104
1.3160	83
1.3200	82
1.3240	91
1.3280	78
1.3320	98
1.3360	96
1.3400	79
1.3440	112
1.3480	88
1.3520	488
1.3560	527
1.3600	500
1.3640	499
1.3680	510
1.3720	521
1.3760	501
1.3800	523
1.3840	501
1.3880	525
1.3920	512
1.3960	505
1.4000	305
1.4040	198
1.4080	147
1.4120	112
1.4160	102
1.4200	104
1.4240	100
1.4280	112
1.4320	106
1.4360	94
1.4400	92
1.4440	94
1.4480	98
1.4520	541
1.4560	515
1.4600	499
1.4640	488
1.4680	504
1.4720	479
1.4760	497
1.4800	521
1.4840	498
1.4880	484
1.4920	519
1.4960	497
1.5000	281
1.5040	203
1.5080	134
1.5120	107
1.5160	92
1.5200	97
1.5240	94
1.5280	109
1.5320	97
1.5360	90
1.5400	102
1.5440	95
1.5480	97
1.5520	495
1.5560	512
1.5600	509
1.5640	512
1.5680	505
1.5720	486
1.5760	491
1.5800	504
1.5840	499
1.5880	490
1.5920	485
1.5960	524
1.6000	291
1.6040	192
1.6080	110
1.6120	127
1.6160	112
1.6200	90
1.6240	74
1.6280	107
1.6320	97
1.6360	84
1.6400	80
1.6440	83
1.6480	91
1.6520	505
1.6560	484
1.6600	502
1.6640	541
1.6680	523
1.6720	490
1.6760	502
1.6800	490
1.6840	493
1.6880	461
1.6920	479
1.6960	531
1.7000	322
1.7040	190
1.7080	136
1.7120	114
1.7160	91
1.7200	104
1.7240	117
1.7280	102
1.7320	117
1.7360	91
1.7400	87
1.7440	102
1.7480	86
1.7520	502
1.7560	510
1.7600	506
1.7640	476
1.7680	509
1.7720	516
1.7760	541
1.7800	503
1.7840	497
1.7880	500
1.7920	510
1.7960	499
1.8000	277
1.8040	217
1.8080	152
1.8120	116
1.8160	86
1.8200	87
1.8240	107
1.8280	101
1.8320	111
1.8360	91
1.8400	99
1.8440	108
1.8480	101
1.8520	488
1.8560	457
1.8600	526
1.8640	497
1.8680	499
1.8720	468
1.8760	480
1.8800	463
1.8840	513
1.8880	505
1.8920	488
1.8960	515
1.9000	309
1.9040	195
1.9080	136
1.9120	111
1.9160	101
1.9200	112
1.9240	105
1.9280	104
1.9320	103
1.9360	96
1.9400	84
1.9440	87
1.9480	82
1.9520	536
1.9560	508
1.9600	516
1.9640	494
1.9680	526
1.9720	488
1.9760	530
1.9800	496
1.9840	488
1.9880	488
1.9920	500
1.9960	517
2.0000	305
2.0040	199
2.0080	143
2.0120	117
2.0160	108
2.0200	114
2.0240	100
2.0280	89
2.0320	104
2.0360	100
2.0400	100
2.0440	102
2.0480	109
2.0520	472
2.0560	499
2.0600	492
2.0640	483
2.0680	508
2.0720	488
2.0760	508
2.0800	500
2.0840	506
2.0880	503
2.0920	506
2.0960	530
2.1000	323
2.1040	192
2.1080	135
2.1120	97
2.1160	96
2.1200	103
2.1240	112
2.1280	103
2.1320	87
2.1360	106
2.1400	100
2.1440	94
2.1480	95
2.1520	487
2.1560	536
2.1600	505
2.1640	475
2.1680	514
2.1720	513
2.1760	492
2.1800	466
2.1840	514
2.1880	482
2.1920	506
2.1960	520
2.2000	303
2.2040	207
2.2080	132
2.2120	118
2.2160	97
2.2200	98
2.2240	92
2.2280	84
2.2320	98
2.2360	98
2.2400	103
2.2440	101
2.2480	94
2.2520	513
2.2560	495
2.2600	497
2.2640	482
2.2680	504
2.2720	548
2.2760	541
2.2800	485
2.2840	499
2.2880	521
2.2920	503
2.2960	519
2.3000	287
2.3040	225
2.3080	111
2.3120	97
2.3160	91
2.3200	80
2.3240	125
2.3280	105
2.3320	121
2.3360	101
2.3400	81
2.3440	68
2.3480	109
2.3520	479
2.3560	558
2.3600	483
2.3640	515
2.3680	465
2.3720	490
2.3760	464
2.3800	525
2.3840	475
2.3880	511
2.3920	521
2.3960	503
2.4000	296
2.4040	191
2.4080	129
2.4120	105
2.4160	90
2.4200	101
2.4240	92
2.4280	95
2.4320	107
2.4360	107
2.4400	93
2.4440	77
2.4480	89
2.4520	497
2.4560	499
2.4600	482
2.4640	517
2.4680	510
2.4720	557
2.4760	529
2.4800	526
2.4840	517
2.4880	491
2.4920	521
2.4960	490
2.5000	282
2.5040	202
2.5080	146
2.5120	106
2.5160	104
2.5200	100
2.5240	91
2.5280	112
2.5320	103
2.5360	95
2.5400	115
2.5440	93
2.5480	81
2.5520	496
2.5560	488
2.5600	512
2.5640	510
2.5680	483
2.5720	503
2.5760	483
2.5800	512
2.5840	518
2.5880	508
2.5920	511
2.5960	520
2.6000	272
2.6040	202
2.6080	136
2.6120	114
2.6160	87
2.6200	93
2.6240	108
2.6280	107
2.6320	100
2.6360	112
2.6400	109
2.6440	100
2.6480	70
2.6520	470
2.6560	474
2.6600	506
2.6640	495
2.6680	504
2.6720	506
2.6760	498
2.6800	469
2.6840	497
2.6880	496
2.6920	527
2.6960	512
2.7000	281
2.7040	208
2.7080	144
2.7120	110
2.7160	92
2.7200	93
2.7240	93
2.7280	110
2.7320	88
2.7360	102
2.7400	114
2.7440	87
2.7480	94
2.7520	476
2.7560	460
2.7600	473
2.7640	520
2.7680	506
2.7720	507
2.7760	504
2.7800	495
2.7840	516
2.7880	502
2.7920	497
2.7960	489
2.8000	297
2.8040	198
2.8080	132
2.8120	106
2.8160	97
2.8200	112
2.8240	92
2.8280	78
2.8320	94
2.8360	115
2.8400	85
2.8440	88
2.8480	81
2.8520	508
2.8560	533
2.8600	496
2.8640	512
2.8680	508
2.8720	545
2.8760	535
2.8800	482
2.8840	508
2.8880	520
2.8920	505
2.8960	498
2.9000	275
2.9040	197
2.9080	118
2.9120	96
2.9160	100
2.9200	92
2.9240	87
2.9280	102
2.9320	92
2.9360	105
2.9400	87
2.9440	89
2.9480	77
2.9520	519
2.9560	511
2.9600	482
2.9640	522
2.9680	499
2.9720	510
2.9760	497
2.9800	530
2.9840	484
2.9880	527
2.9920	529
2.9960	494
3.0000	276
3.0040	192
3.0080	148
3.0120	94
3.0160	95
3.0200	98
3.0240	87
3.0280	109
3.0320	113
3.0360	92
3.0400	97
3.0440	106
3.0480	93
3.0520	515
3.0560	505
3.0600	496
3.0640	472
3.0680	471
3.0720	475
3.0760	495
3.0800	493
3.0840	455
3.0880	534
3.0920	510
3.0960	523
3.1000	283
3.1040	195
3.1080	129
3.1120	117
3.1160	87
3.1200	108
3.1240	108
3.1280	112
3.1320	97
3.1360	86
3.1400	88
3.1440	76
3.1480	101
3.1520	514
3.1560	516
3.1600	509
3.1640	527
3.1680	517
3.1720	467
3.1760	491
3.1800	493
3.1840	496
3.1880	544
3.1920	540
3.1960	489
3.2000	305
3.2040	206
3.2080	135
3.2120	117
3.2160	99
3.2200	115
3.2240	101
3.2280	101
3.2320	100
3.2360	100
3.2400	92
3.2440	92
3.2480	78
3.2520	518
3.2560	492
3.2600	492
3.2640	455
3.2680	529
3.2720	521
3.2760	526
3.2800	497
3.2840	511
3.2880	494
3.2920	482
3.2960	521
3.3000	292
3.3040	207
3.3080	138
3.3120	98
3.3160	105
3.3200	82
3.3240	93
3.3280	90
3.3320	105
3.3360	96
3.3400	93
3.3440	100
3.3480	97
3.3520	485
3.3560	518
3.3600	508
3.3640	495
3.3680	485
3.3720	510
3.3760	506
3.3800	486
3.3840	510
3.3880	515
3.3920	438
3.3960	501
3.4000	246
3.4040	218
3.4080	139
3.4120	111
3.4160	80
3.4200	118
3.4240	95
3.4280	109
3.4320	97
3.4360	90
3.4400	98
3.4440	96
3.4480	110
3.4520	485
3.4560	502
3.4600	496
3.4640	506
3.4680	499
3.4720	505
3.4760	522
3.4800	532
3.4840	477
3.4880	540
3.4920	539
3.4960	509
3.5000	298
3.5040	191
3.5080	147
3.5120	123
3.5160	113
3.5200	96
3.5240	96
3.5280	91
3.5320	110
3.5360	114
3.5400	111
3.5440	98
3.5480	88
3.5520	499
3.5560	476
3.5600	491
3.5640	477
3.5680	506
3.5720	476
3.5760	493
3.5800	521
3.5840	465
3.5880	499
3.5920	503
3.5960	479
3.6000	293
3.6040	200
3.6080	137
3.6120	129
3.6160	107
3.6200	89
3.6240	106
3.6280	100
3.6320	90
3.6360	101
3.6400	92
3.6440	113
3.6480	96
3.6520	507
3.6560	515
3.6600	488
3.6640	501
3.6680	546
3.6720	502
3.6760	485
3.6800	485
3.6840	516
3.6880	506
3.6920	517
3.6960	483
3.7000	275
3.7040	200
3.7080	134
3.7120	115
3.7160	105
3.7200	115
3.7240	99
3.7280	91
3.7320	110
3.7360	109
3.7400	87
3.7440	93
3.7480	72
3.7520	535
3.7560	497
3.7600	549
3.7640	511
3.7680	517
3.7720	492
3.7760	478
3.7800	502
3.7840	490
3.7880	499
3.7920	476
3.7960	508
3.8000	274
3.8040	186
3.8080	133
3.8120	102
3.8160	107
3.8200	87
3.8240	91
3.8280	91
3.8320	102
3.8360	92
3.8400	94
3.8440	109
3.8480	89
3.8520	508
3.8560	526
3.8600	516
3.8640	529
3.8680	495
3.8720	498
3.8760	481
3.8800	502
3.8840	489
3.8880	510
3.8920	469
3.8960	495
3.9000	286
3.9040	197
3.9080	139
3.9120	120
3.9160	108
3.9200	99
3.9240	75
3.9280	100
3.9320	93
3.9360	99
3.9400	107
3.9440	94
3.9480	104
3.9520	510
3.9560	493
3.9600	533
3.9640	522
3.9680	496
3.9720	528
3.9760	469
3.9800	530
3.9840	493
3.9880	498
3.9920	508
3.9960	475
4.0000	291
4.0040	204
4.0080	143
4.0120	118
4.0160	105
4.0200	87
4.0240	97
4.0280	94
4.0320	103
4.0360	105
4.0400	92
4.0440	125
4.0480	88
4.0520	527
4.0560	524
4.0600	493
4.0640	488
4.0680	529
4.0720	512
4.0760	533
4.0800	469
4.0840	470
4.0880	494
4.0920	500
4.0960	536
4.1000	290
4.1040	203
4.1080	137
4.1120	111
4.1160	98
4.1200	107
4.1240	92
4.1280	107
4.1320	84
4.1360	90
4.1400	107
4.1440	87
4.1480	75
4.1520	495
4.1560	522
4.1600	515
4.1640	543
4.1680	490
4.1720	492
4.1760	505
4.1800	526
4.1840	531
4.1880	523
4.1920	522
4.1960	498
4.2000	312
4.2040	206
4.2080	137
4.2120	102
4.2160	90
4.2200	90
4.2240	92
4.2280	94
4.2320	88
4.2360	84
4.2400	91
4.2440	112
4.2480	74
4.2520	547
4.2560	527
4.2600	472
4.2640	504
4.2680	524
4.2720	512
4.2760	487
4.2800	501
4.2840	504
4.2880	509
4.2920	497
4.2960	501
4.3000	299
4.3040	188
4.3080	128
4.3120	99
4.3160	104
4.3200	102
4.3240	109
4.3280	101
4.3320	91
4.3360	83
4.3400	76
4.3440	76
4.3480	118
4.3520	495
4.3560	481
4.3600	526
4.3640	481
4.3680	506
4.3720	463
4.3760	520
4.3800	509
4.3840	465
4.3880	493
4.3920	516
4.3960	498
4.4000	288
4.4040	176
4.4080	134
4.4120	106
4.4160	80
4.4200	79
4.4240	108
4.4280	86
4.4320	81
4.4360	84
4.4400	89
4.4440	113
4.4480	95
4.4520	514
4.4560	497
4.4600	501
4.4640	498
4.4680	497
4.4720	501
4.4760	536
4.4800	487
4.4840	484
4.4880	502
4.4920	503
4.4960	477
4.5000	260
4.5040	190
4.5080	129
4.5120	103
4.5160	95
4.5200	97
4.5240	94
4.5280	97
4.5320	90
4.5360	97
4.5400	71
4.5440	101
4.5480	83
4.5520	520
4.5560	519
4.5600	498
4.5640	482
4.5680	487
4.5720	461
4.5760	472
4.5800	506
4.5840	499
4.5880	538
4.5920	541
4.5960	521
4.6000	255
4.6040	170
4.6080	122
4.6120	108
4.6160	76
4.6200	98
4.6240	92
4.6280	92
4.6320	92
4.6360	107
4.6400	87
4.6440	95
4.6480	71
4.6520	515
4.6560	511
4.6600	517
4.6640	488
4.6680	507
4.6720	527
4.6760	510
4.6800	516
4.6840	484
4.6880	516
4.6920	514
4.6960	497
4.7000	278
4.7040	163
4.7080	134
4.7120	87
4.7160	88
4.7200	82
4.7240	89
4.7280	80
4.7320	90
4.7360	82
4.7400	88
4.7440	85
4.7480	84
4.7520	478
4.7560	529
4.7600	500
4.7640	511
4.7680	517
4.7720	521
4.7760	532
4.7800	483
4.7840	520
4.7880	507
4.7920	508
4.7960	461
4.8000	298
4.8040	173
4.8080	130
4.8120	111
4.8160	88
4.8200	96
4.8240	99
4.8280	77
4.8320	84
4.8360	88
4.8400	88
4.8440	103
4.8480	97
4.8520	477
4.8560	526
4.8600	522
4.8640	524
4.8680	511
4.8720	523
4.8760	482
4.8800	522
4.8840	499
4.8880	488
4.8920	524
4.8960	523
4.9000	304
4.9040	176
4.9080	123
4.9120	124
4.9160	103
4.9200	100
4.9240	96
4.9280	74
4.9320	95
4.9360	78
4.9400	80
4.9440	87
4.9480	110
4.9520	507
4.9560	536
4.9600	463
4.9640	543
4.9680	504
4.9720	525
4.9760	448
4.9800	491
4.9840	501
4.9880	494
4.9920	481
4.9960	485
5.0000	287
5.0040	204
5.0080	142
5.0120	113
5.0160	92
5.0200	88
5.0240	89
5.0280	103
5.0320	100
5.0360	102
5.0400	84
5.0440	89
5.0480	85
5.0520	521
5.0560	542
5.0600	525
5.0640	518
5.0680	483
5.0720	522
5.0760	522
5.0800	508
5.0840	540
5.0880	531
5.0920	494
5.0960	517
5.1000	284
5.1040	204
5.1080	143
5.1120	108
5.1160	112
5.1200	87
5.1240	96
5.1280	95
5.1320	104
5.1360	91
5.1400	105
5.1440	109
5.1480	82
5.1520	501
5.1560	486
5.1600	510
5.1640	499
5.1680	467
5.1720	530
5.1760	513
5.1800	519
5.1840	493
5.1880	510
5.1920	505
5.1960	508
5.2000	257
5.2040	189
5.2080	116
5.2120	115
5.2160	89
5.2200	102
5.2240	107
5.2280	86
5.2320	125
5.2360	94
5.2400	93
5.2440	100
5.2480	103
5.2520	540
5.2560	477
5.2600	526
5.2640	466
5.2680	521
5.2720	497
5.2760	527
5.2800	523
5.2840	475
5.2880	516
5.2920	490
5.2960	511
5.3000	281
5.3040	221
5.3080	149
5.3120	102
5.3160	93
5.3200	97
5.3240	92
5.3280	90
5.3320	101
5.3360	107
5.3400	88
5.3440	90
5.3480	91
5.3520	474
5.3560	491
5.3600	490
5.3640	514
5.3680	485
5.3720	496
5.3760	470
5.3800	513
5.3840	554
5.3880	517
5.3920	532
5.3960	524
5.4000	261
5.4040	198
5.4080	112
5.4120	110
5.4160	77
5.4200	91
5.4240	102
5.4280	117
5.4320	105
5.4360	97
5.4400	97
5.4440	105
5.4480	116
5.4520	517
5.4560	491
5.4600	547
5.4640	531
5.4680	511
5.4720	494
5.4760	496
5.4800	476
5.4840	524
5.4880	524
5.4920	501
5.4960	501
5.5000	298
5.5040	204
5.5080	153
5.5120	109
5.5160	94
5.5200	101
5.5240	80
5.5280	93
5.5320	95
5.5360	87
5.5400	95
5.5440	81
5.5480	87
5.5520	480
5.5560	476
5.5600	507
5.5640	548
5.5680	537
5.5720	497
5.5760	514
5.5800	510
5.5840	492
5.5880	468
5.5920	514
5.5960	520
5.6000	310
5.6040	208
5.6080	132
5.6120	126
5.6160	102
5.6200	106
5.6240	93
5.6280	103
5.6320	85
5.6360	93
5.6400	103
5.6440	94
5.6480	100
5.6520	486
5.6560	540
5.6600	512
5.6640	504
5.6680	507
5.6720	483
5.6760	478
5.6800	464
5.6840	506
5.6880	487
5.6920	514
5.6960	528
5.7000	291
5.7040	178
5.7080	145
5.7120	115
5.7160	108
5.7200	97
5.7240	88
5.7280	80
5.7320	90
5.7360	89
5.7400	94
5.7440	85
5.7480	97
5.7520	495
5.7560	507
5.7600	483
5.7640	524
5.7680	516
5.7720	507
5.7760	530
5.7800	532
5.7840	493
5.7880	505
5.7920	506
5.7960	471
5.8000	298
5.8040	218
5.8080	133
5.8120	105
5.8160	81
5.8200	95
5.8240	78
5.8280	100
5.8320	102
5.8360	106
5.8400	91
5.8440	87
5.8480	96
5.8520	480
5.8560	529
5.8600	528
5.8640	468
5.8680	500
5.8720	516
5.8760	517
5.8800	491
5.8840	476
5.8880	514
5.8920	517
5.8960	490
5.9000	309
5.9040	196
5.9080	130
5.9120	115
5.9160	96
5.9200	102
5.9240	110
5.9280	103
5.9320	105
5.9360	92
5.9400	81
5.9440	116
5.9480	95
5.9520	512
5.9560	488
5.9600	480
5.9640	490
5.9680	524
5.9720	481
5.9760	483
5.9800	519
5.9840	541
5.9880	531
5.9920	528
5.9960	520
6.0000	282
6.0040	203
6.0080	130
6.0120	101
6.0160	102
6.0200	94
6.0240	103
6.0280	95
6.0320	99
6.0360	83
6.0400	96
6.0440	98
6.0480	82
6.0520	489
6.0560	520
6.0600	497
6.0640	531
6.0680	556
6.0720	510
6.0760	479
6.0800	518
6.0840	520
6.0880	496
6.0920	525
6.0960	508
6.1000	319
6.1040	197
6.1080	134
6.1120	104
6.1160	95
6.1200	106
6.1240	82
6.1280	118
6.1320	101
6.1360	91
6.1400	101
6.1440	96
6.1480	71
6.1520	498
6.1560	540
6.1600	550
6.1640	514
6.1680	553
6.1720	487
6.1760	490
6.1800	520
6.1840	490
6.1880	537
6.1920	519
6.1960	493
6.2000	264
6.2040	213
6.2080	111
6.2120	108
6.2160	74
6.2200	104
6.2240	97
6.2280	94
6.2320	89
6.2360	97
6.2400	87
6.2440	90
6.2480	74
6.2520	501
6.2560	507
6.2600	476
6.2640	483
6.2680	505
6.2720	513
6.2760	513
6.2800	476
6.2840	512
6.2880	505
6.2920	515
6.2960	520
6.3000	287
6.3040	174
6.3080	122
6.3120	107
6.3160	93
6.3200	107
6.3240	102
6.3280	106
6.3320	119
6.3360	96
6.3400	108
6.3440	98
6.3480	94
6.3520	516
6.3560	528
6.3600	496
6.3640	525
6.3680	499
6.3720	554
6.3760	496
6.3800	517
6.3840	478
6.3880	538
6.3920	501
6.3960	483
6.4000	305
6.4040	210
6.4080	141
6.4120	112
6.4160	101
6.4200	90
6.4240	90
6.4280	98
6.4320	103
6.4360	93
6.4400	96
6.4440	103
6.4480	79
6.4520	525
6.4560	481
6.4600	517
6.4640	474
6.4680	498
6.4720	513
6.4760	495
6.4800	510
6.4840	543
6.4880	513
6.4920	487
6.4960	516
6.5000	272
6.5040	180
6.5080	124
6.5120	107
6.5160	98
6.5200	90
6.5240	88
6.5280	102
6.5320	98
6.5360	89
6.5400	80
6.5440	104
6.5480	75
6.5520	493
6.5560	472
6.5600	516
6.5640	519
6.5680	536
6.5720	486
6.5760	553
6.5800	485
6.5840	512
6.5880	474
6.5920	529
6.5960	520
6.6000	282
6.6040	212
6.6080	127
6.6120	107
6.6160	87
6.6200	99
6.6240	101
6.6280	95
6.6320	81
6.6360	86
6.6400	93
6.6440	100
6.6480	94
6.6520	496
6.6560	518
6.6600	514
6.6640	504
6.6680	499
6.6720	488
6.6760	528
6.6800	502
6.6840	478
6.6880	542
6.6920	514
6.6960	516
6.7000	304
6.7040	190
6.7080	133
6.7120	107
6.7160	103
6.7200	95
6.7240	107
6.7280	91
6.7320	110
6.7360	108
6.7400	93
6.7440	91
6.7480	96
6.7520	498
6.7560	475
6.7600	483
6.7640	487
6.7680	529
6.7720	504
6.7760	468
6.7800	486
6.7840	488
6.7880	497
6.7920	492
6.7960	488
6.8000	276
6.8040	207
6.8080	142
6.8120	93
6.8160	100
6.8200	98
6.8240	88
6.8280	84
6.8320	105
6.8360	92
6.8400	85
6.8440	87
6.8480	78
6.8520	517
6.8560	507
6.8600	532
6.8640	507
6.8680	495
6.8720	501
6.8760	493
6.8800	484
6.8840	491
6.8880	512
6.8920	534
6.8960	521
6.9000	317
6.9040	207
6.9080	155
6.9120	112
6.9160	68
6.9200	99
6.9240	95
6.9280	111
6.9320	85
6.9360	91
6.9400	79
6.9440	90
6.9480	103
6.9520	490
6.9560	503
6.9600	527
6.9640	471
6.9680	525
6.9720	487
6.9760	519
6.9800	494
6.9840	507
6.9880	509
6.9920	511
6.9960	518
7.0000	285
7.0040	178
7.0080	135
7.0120	104
7.0160	87
7.0200	85
7.0240	98
7.0280	88
7.0320	102
7.0360	92
7.0400	89
7.0440	85
7.0480	76
7.0520	486
7.0560	507
7.0600	529
7.0640	525
7.0680	513
7.0720	484
7.0760	501
7.0800	524
7.0840	478
7.0880	493
7.0920	522
7.0960	503
7.1000	257
7.1040	199
7.1080	133
7.1120	103
7.1160	104
7.1200	89
7.1240	92
7.1280	96
7.1320	88
7.1360	92
7.1400	90
7.1440	73
7.1480	78
7.1520	481
7.1560	534
7.1600	481
7.1640	493
7.1680	505
7.1720	490
7.1760	525
7.1800	477
7.1840	536
7.1880	499
7.1920	533
7.1960	503
7.2000	290
7.2040	198
7.2080	139
7.2120	87
7.2160	98
7.2200	91
7.2240	88
7.2280	104
7.2320	91
7.2360	93
7.2400	85
7.2440	80
7.2480	107
7.2520	518
7.2560	516
7.2600	476
7.2640	503
7.2680	484
7.2720	511
7.2760	500
7.2800	492
7.2840	511
7.2880	461
7.2920	507
7.2960	525
7.3000	295
7.3040	195
7.3080	110
7.3120	97
7.3160	101
7.3200	105
7.3240	106
7.3280	109
7.3320	83
7.3360	104
7.3400	90
7.3440	76
7.3480	96
7.3520	468
7.3560	479
7.3600	527
7.3640	510
7.3680	559
7.3720	525
7.3760	528
7.3800	517
7.3840	516
7.3880	514
7.3920	488
7.3960	511
7.4000	295
7.4040	200
7.4080	142
7.4120	126
7.4160	99
7.4200	90
7.4240	108
7.4280	107
7.4320	101
7.4360	106
7.4400	95
7.4440	92
7.4480	92
7.4520	477
7.4560	502
7.4600	510
7.4640	506
7.4680	499
7.4720	502
7.4760	513
7.4800	473
7.4840	503
7.4880	537
7.4920	462
7.4960	504
7.5000	281
7.5040	199
7.5080	138
7.5120	108
7.5160	110
7.5200	91
7.5240	88
7.5280	86
7.5320	97
7.5360	96
7.5400	101
7.5440	90
7.5480	84
7.5520	515
7.5560	506
7.5600	523
7.5640	541
7.5680	489
7.5720	501
7.5760	509
7.5800	517
7.5840	502
7.5880	514
7.5920	515
7.5960	529
7.6000	300
7.6040	189
7.6080	142
7.6120	95
7.6160	90
7.6200	92
7.6240	111
7.6280	85
7.6320	103
7.6360	91
7.6400	96
7.6440	80
7.6480	96
7.6520	500
7.6560	512
7.6600	527
7.6640	451
7.6680	500
7.6720	523
7.6760	480
7.6800	512
7.6840	505
7.6880	500
7.6920	510
7.6960	504
7.7000	290
7.7040	187
7.7080	161
7.7120	143
7.7160	86
7.7200	94
7.7240	106
7.7280	92
7.7320	94
7.7360	104
7.7400	94
7.7440	94
7.7480	99
7.7520	529
7.7560	509
7.7600	533
7.7640	520
7.7680	530
7.7720	525
7.7760	478
7.7800	502
7.7840	502
7.7880	469
7.7920	501
7.7960	526
7.8000	287
7.8040	184
7.8080	139
7.8120	117
7.8160	89
7.8200	76
7.8240	108
7.8280	90
7.8320	106
7.8360	113
7.8400	88
7.8440	92
7.8480	106
7.8520	497
7.8560	513
7.8600	501
7.8640	498
7.8680	525
7.8720	500
7.8760	501
7.8800	502
7.8840	535
7.8880	500
7.8920	565
7.8960	515
7.9000	302
7.9040	197
7.9080	138
7.9120	93
7.9160	127
7.9200	84
7.9240	102
7.9280	96
7.9320	93
7.9360	95
7.9400	109
7.9440	108
7.9480	104
7.9520	513
7.9560	510
7.9600	509
7.9640	507
7.9680	501
7.9720	486
7.9760	519
7.9800	499
7.9840	510
7.9880	540
7.9920	509
7.9960	510
8.0000	300
8.0040	199
8.0080	125
8.0120	92
8.0160	105
8.0200	89
8.0240	85
8.0280	77
8.0320	92
8.0360	93
8.0400	101
8.0440	103
8.0480	92
8.0520	477
8.0560	481
8.0600	519
8.0640	492
8.0680	506
8.0720	480
8.0760	488
8.0800	511
8.0840	504
8.0880	532
8.0920	497
8.0960	488
8.1000	293
8.1040	213
8.1080	128
8.1120	105
8.1160	98
8.1200	94
8.1240	96
8.1280	109
8.1320	91
8.1360	94
8.1400	91
8.1440	82
8.1480	96
8.1520	526
8.1560	503
8.1600	445
8.1640	479
8.1680	487
8.1720	486
8.1760	489
8.1800	507
8.1840	516
8.1880	520
8.1920	485
8.1960	490
8.2000	275
8.2040	197
8.2080	123
8.2120	124
8.2160	119
8.2200	102
8.2240	91
8.2280	99
8.2320	85
8.2360	91
8.2400	90
8.2440	82
8.2480	85
8.2520	467
8.2560	518
8.2600	499
8.2640	520
8.2680	540
8.2720	492
8.2760	494
8.2800	517
8.2840	499
8.2880	512
8.2920	504
8.2960	508
8.3000	319
8.3040	198
8.3080	144
8.3120	99
8.3160	101
8.3200	82
8.3240	94
8.3280	104
8.3320	98
8.3360	90
8.3400	92
8.3440	98
8.3480	103
8.3520	517
8.3560	506
8.3600	510
8.3640	506
8.3680	498
8.3720	493
8.3760	481
8.3800	488
8.3840	505
8.3880	507
8.3920	509
8.3960	528
8.4000	311
8.4040	212
8.4080	137
8.4120	119
8.4160	122
8.4200	82
8.4240	82
8.4280	91
8.4320	90
8.4360	90
8.4400	109
8.4440	98
8.4480	110
8.4520	513
8.4560	495
8.4600	509
8.4640	467
8.4680	485
8.4720	489
8.4760	536
8.4800	495
8.4840	504
8.4880	523
8.4920	528
8.4960	518
8.5000	314
8.5040	203
8.5080	128
8.5120	104
8.5160	108
8.5200	98
8.5240	109
8.5280	98
8.5320	93
8.5360	93
8.5400	99
8.5440	93
8.5480	86
8.5520	493
8.5560	534
8.5600	484
8.5640	479
8.5680	516
8.5720	489
8.5760	519
8.5800	466
8.5840	502
8.5880	489
8.5920	508
8.5960	492
8.6000	292
8.6040	201
8.6080	123
8.6120	106
8.6160	85
8.6200	90
8.6240	86
8.6280	90
8.6320	106
8.6360	117
8.6400	77
8.6440	99
8.6480	94
8.6520	512
8.6560	501
8.6600	510
8.6640	488
8.6680	476
8.6720	528
8.6760	523
8.6800	497
8.6840	467
8.6880	507
8.6920	501
8.6960	506
8.7000	285
8.7040	204
8.7080	137
8.7120	101
8.7160	75
8.7200	108
8.7240	80
8.7280	114
8.7320	89
8.7360	102
8.7400	104
8.7440	83
8.7480	88
8.7520	486
8.7560	483
8.7600	505
8.7640	510
8.7680	509
8.7720	489
8.7760	507
8.7800	529
8.7840	498
8.7880	482
8.7920	521
8.7960	483
8.8000	311
8.8040	177
8.8080	110
8.8120	91
8.8160	101
8.8200	88
8.8240	93
8.8280	97
8.8320	86
8.8360	91
8.8400	74
8.8440	73
8.8480	98
8.8520	516
8.8560	500
8.8600	482
8.8640	502
8.8680	503
8.8720	486
8.8760	504
8.8800	529
8.8840	524
8.8880	475
8.8920	475
8.8960	463
8.9000	274
8.9040	198
8.9080	121
8.9120	107
8.9160	100
8.9200	92
8.9240	96
8.9280	102
8.9320	75
8.9360	94
8.9400	75
8.9440	100
8.9480	92
8.9520	538
8.9560	505
8.9600	477
8.9640	544
8.9680	496
8.9720	534
8.9760	488
8.9800	511
8.9840	484
8.9880	509
8.9920	510
8.9960	490
9.0000	282
9.0040	191
9.0080	124
9.0120	108
9.0160	95
9.0200	91
9.0240	80
9.0280	83
9.0320	97
9.0360	89
9.0400	91
9.0440	85
9.0480	85
9.0520	532
9.0560	496
9.0600	475
9.0640	526
9.0680	517
9.0720	491
9.0760	475
9.0800	520
9.0840	499
9.0880	479
9.0920	519
9.0960	501
9.1000	270
9.1040	180
9.1080	147
9.1120	111
9.1160	82
9.1200	105
9.1240	102
9.1280	82
9.1320	102
9.1360	109
9.1400	92
9.1440	82
9.1480	92
9.1520	494
9.1560	492
9.1600	500
9.1640	512
9.1680	488
9.1720	447
9.1760	529
9.1800	490
9.1840	522
9.1880	521
9.1920	501
9.1960	502
9.2000	289
9.2040	210
9.2080	119
9.2120	104
9.2160	103
9.2200	118
9.2240	94
9.2280	81
9.2320	86
9.2360	83
9.2400	105
9.2440	121
9.2480	81
9.2520	529
9.2560	501
9.2600	469
9.2640	478
9.2680	531
9.2720	465
9.2760	492
9.2800	525
9.2840	481
9.2880	525
9.2920	522
9.2960	546
9.3000	270
9.3040	189
9.3080	124
9.3120	117
9.3160	85
9.3200	84
9.3240	82
9.3280	100
9.3320	90
9.3360	96
9.3400	92
9.3440	93
9.3480	109
9.3520	501
9.3560	493
9.3600	487
9.3640	483
9.3680	507
9.3720	502
9.3760	466
9.3800	491
9.3840	508
9.3880	500
9.3920	498
9.3960	518
9.4000	294
9.4040	195
9.4080	143
9.4120	91
9.4160	107
9.4200	91
9.4240	81
9.4280	87
9.4320	76
9.4360	93
9.4400	95
9.4440	92
9.4480	89
9.4520	513
9.4560	526
9.4600	549
9.4640	507
9.4680	518
9.4720	494
9.4760	487
9.4800	476
9.4840	505
9.4880	467
9.4920	516
9.4960	485
9.5000	311
9.5040	184
9.5080	145
9.5120	111
9.5160	98
9.5200	89
9.5240	99
9.5280	102
9.5320	99
9.5360	83
9.5400	95
9.5440	93
9.5480	95
9.5520	500
9.5560	518
9.5600	506
9.5640	500
9.5680	537
9.5720	487
9.5760	484
9.5800	476
9.5840	516
9.5880	475
9.5920	486
9.5960	504
9.6000	275
9.6040	180
9.6080	150
9.6120	99
9.6160	93
9.6200	107
9.6240	97
9.6280	95
9.6320	97
9.6360	96
9.6400	93
9.6440	79
9.6480	90
9.6520	471
9.6560	489
9.6600	495
9.6640	495
9.6680	496
9.6720	521
9.6760	501
9.6800	504
9.6840	509
9.6880	520
9.6920	512
9.6960	504
9.7000	298
9.7040	186
9.7080	128
9.7120	121
9.7160	91
9.7200	104
9.7240	92
9.7280	109
9.7320	102
9.7360	89
9.7400	95
9.7440	79
9.7480	88
9.7520	496
9.7560	526
9.7600	478
9.7640	529
9.7680	505
9.7720	506
9.7760	510
9.7800	480
9.7840	504
9.7880	483
9.7920	512
9.7960	503
9.8000	267
9.8040	211
9.8080	128
9.8120	93
9.8160	93
9.8200	104
9.8240	94
9.8280	106
9.8320	90
9.8360	86
9.8400	83
9.8440	94
9.8480	80
9.8520	491
9.8560	525
9.8600	494
9.8640	510
9.8680	482
9.8720	467
9.8760	515
9.8800	524
9.8840	524
9.8880	535
9.8920	501
9.8960	516
9.9000	273
9.9040	203
9.9080	129
9.9120	94
9.9160	107
9.9200	81
9.9240	94
9.9280	92
9.9320	102
9.9360	77
9.9400	93
9.9440	81
9.9480	81
9.9520	513
9.9560	469
9.9600	483
9.9640	477
9.9680	506
9.9720	496
9.9760	517
9.9800	505
9.9840	515
9.9880	494
9.9920	503
9.9960	510
10.0000	281
10.0040	194
10.0080	135
10.0120	121
10.0160	113
10.0200	99
10.0240	105
10.0280	91
10.0320	106
10.0360	86
10.0400	84
10.0440	73
10.0480	95
10.0520	550
10.0560	514
10.0600	523
10.0640	468
10.0680	502
10.0720	542
10.0760	494
10.0800	530
10.0840	491
10.0880	530
10.0920	508
10.0960	483
10.1000	315
10.1040	183
10.1080	129
10.1120	90
10.1160	80
10.1200	97
10.1240	87
10.1280	96
10.1320	77
10.1360	79
10.1400	76
10.1440	89
10.1480	94
10.1520	540
10.1560	508
10.1600	522
10.1640	489
10.1680	519
10.1720	514
10.1760	510
10.1800	489
10.1840	480
10.1880	519
10.1920	489
10.1960	521
10.2000	299
10.2040	191
10.2080	127
10.2120	97
10.2160	77
10.2200	79
10.2240	87
10.2280	79
10.2320	91
10.2360	90
10.2400	84
10.2440	91
10.2480	82
10.2520	491
10.2560	490
10.2600	489
10.2640	497
10.2680	457
10.2720	479
10.2760	505
10.2800	503
10.2840	500
10.2880	523
10.2920	503
10.2960	528
10.3000	300
10.3040	186
10.3080	131
10.3120	105
10.3160	104
10.3200	87
10.3240	115
10.3280	94
10.3320	75
10.3360	93
10.3400	71
10.3440	95
10.3480	83
10.3520	465
10.3560	507
10.3600	511
10.3640	474
10.3680	492
10.3720	513
10.3760	524
10.3800	502
10.3840	513
10.3880	515
10.3920	519
10.3960	508
10.4000	302
10.4040	189
10.4080	120
10.4120	125
10.4160	90
10.4200	95
10.4240	83
10.4280	96
10.4320	85
10.4360	89
10.4400	84
10.4440	82
10.4480	97
10.4520	506
10.4560	473
10.4600	470
10.4640	523
10.4680	510
10.4720	521
10.4760	496
10.4800	498
10.4840	500
10.4880	518
10.4920	488
10.4960	499
10.5000	243
10.5040	207
10.5080	131
10.5120	88
10.5160	92
10.5200	76
10.5240	98
10.5280	83
10.5320	98
10.5360	99
10.5400	109
10.5440	80
10.5480	98
10.5520	500
10.5560	517
10.5600	495
10.5640	518
10.5680	494
10.5720	517
10.5760	500
10.5800	491
10.5840	498
10.5880	494
10.5920	458
10.5960	515
10.6000	278
10.6040	194
10.6080	124
10.6120	88
10.6160	96
10.6200	87
10.6240	92
10.6280	88
10.6320	94
10.6360	89
10.6400	105
10.6440	87
10.6480	102
10.6520	470
10.6560	481
10.6600	510
10.6640	528
10.6680	560
10.6720	512
10.6760	520
10.6800	503
10.6840	490
10.6880	506
10.6920	483
10.6960	483
10.7000	281
10.7040	193
10.7080	145
10.7120	110
10.7160	88
10.7200	85
10.7240	91
10.7280	86
10.7320	108
10.7360	100
10.7400	86
10.7440	101
10.7480	88
10.7520	491
10.7560	525
10.7600	503
10.7640	508
10.7680	541
10.7720	527
10.7760	520
10.7800	515
10.7840	518
10.7880	457
10.7920	544
10.7960	529
10.8000	285
10.8040	202
10.8080	140
10.8120	118
10.8160	99
10.8200	100
10.8240	101
10.8280	92
10.8320	99
10.8360	109
10.8400	94
10.8440	98
10.8480	98
10.8520	494
10.8560	482
10.8600	522
10.8640	501
10.8680	478
10.8720	482
10.8760	511
10.8800	497
10.8840	513
10.8880	504
10.8920	528
10.8960	521
10.9000	286
10.9040	174
10.9080	136
10.9120	96
10.9160	99
10.9200	97
10.9240	97
10.9280	108
10.9320	93
10.9360	89
10.9400	94
10.9440	92
10.9480	78
10.9520	495
10.9560	480
10.9600	468
10.9640	526
10.9680	520
10.9720	483
10.9760	495
10.9800	492
10.9840	503
10.9880	486
10.9920	526
10.9960	472
11.0000	260
11.0040	176
11.0080	115
11.0120	103
11.0160	84
11.0200	92
11.0240	98
11.0280	89
11.0320	102
11.0360	91
11.0400	92
11.0440	95
11.0480	91
11.0520	501
11.0560	505
11.0600	499
11.0640	516
11.0680	494
11.0720	510
11.0760	533
11.0800	478
11.0840	515
11.0880	507
11.0920	505
11.0960	509
11.1000	299
11.1040	174
11.1080	130
11.1120	114
11.1160	99
11.1200	87
11.1240	93
11.1280	92
11.1320	94
11.1360	94
11.1400	96
11.1440	83
11.1480	88
11.1520	517
11.1560	473
11.1600	545
11.1640	514
11.1680	529
11.1720	471
11.1760	490
11.1800	504
11.1840	532
11.1880	489
11.1920	528
11.1960	489
11.2000	290
11.2040	193
11.2080	131
11.2120	103
11.2160	99
11.2200	98
11.2240	95
11.2280	94
11.2320	93
11.2360	79
11.2400	110
11.2440	88
11.2480	93
11.2520	512
11.2560	515
11.2600	511
11.2640	487
11.2680	484
11.2720	516
11.2760	528
11.2800	495
11.2840	489
11.2880	504
11.2920	507
11.2960	470
11.3000	291
11.3040	184
11.3080	128
11.3120	105
11.3160	89
11.3200	90
11.3240	113
11.3280	91
11.3320	94
11.3360	89
11.3400	102
11.3440	81
11.3480	88
11.3520	498
11.3560	479
11.3600	494
11.3640	507
11.3680	485
11.3720	511
11.3760	522
11.3800	521
11.3840	544
11.3880	524
11.3920	476
11.3960	498
11.4000	270
11.4040	180
11.4080	129
11.4120	107
11.4160	90
11.4200	108
11.4240	85
11.4280	92
11.4320	97
11.4360	83
11.4400	97
11.4440	101
11.4480	84
11.4520	508
11.4560	475
11.4600	505
11.4640	485
11.4680	502
11.4720	499
11.4760	488
11.4800	466
11.4840	492
11.4880	491
11.4920	471
11.4960	524
11.5000	291
11.5040	201
11.5080	145
11.5120	105
11.5160	92
11.5200	104
11.5240	93
11.5280	88
11.5320	80
11.5360	94
11.5400	82
11.5440	96
11.5480	84
11.5520	470
11.5560	459
11.5600	498
11.5640	490
11.5680	500
11.5720	510
11.5760	502
11.5800	511
11.5840	460
11.5880	509
11.5920	525
11.5960	513
11.6000	284
11.6040	168
11.6080	139
11.6120	100
11.6160	74
11.6200	96
11.6240	88
11.6280	86
11.6320	100
11.6360	92
11.6400	94
11.6440	86
11.6480	85
11.6520	534
11.6560	496
11.6600	524
11.6640	514
11.6680	491
11.6720	508
11.6760	523
11.6800	535
11.6840	504
11.6880	492
11.6920	473
11.6960	483
11.7000	286
11.7040	179
11.7080	144
11.7120	120
11.7160	94
11.7200	98
11.7240	98
11.7280	87
11.7320	75
11.7360	108
11.7400	96
11.7440	85
11.7480	100
11.7520	489
11.7560	528
11.7600	486
11.7640	516
11.7680	527
11.7720	491
11.7760	506
11.7800	523
11.7840	539
11.7880	480
11.7920	514
11.7960	488
11.8000	319
11.8040	197
11.8080	114
11.8120	96
11.8160	88
11.8200	96
11.8240	81
11.8280	101
11.8320	103
11.8360	87
11.8400	116
11.8440	83
11.8480	85
11.8520	531
11.8560	522
11.8600	506
11.8640	502
11.8680	477
11.8720	514
11.8760	469
11.8800	504
11.8840	489
11.8880	539
11.8920	492
11.8960	487
11.9000	286
11.9040	195
11.9080	125
11.9120	105
11.9160	88
11.9200	88
11.9240	87
11.9280	86
11.9320	77
11.9360	92
11.9400	90
11.9440	98
11.9480	98
11.9520	492
11.9560	479
11.9600	509
11.9640	551
11.9680	512
11.9720	475
11.9760	508
11.9800	519
11.9840	517
11.9880	528
11.9920	489
11.9960	512
12.0000	273
12.0040	205
12.0080	142
12.0120	109
12.0160	107
12.0200	105
12.0240	97
12.0280	99
12.0320	93
12.0360	108
12.0400	80
12.0440	77
12.0480	97
12.0520	497
12.0560	499
12.0600	501
12.0640	515
12.0680	504
12.0720	497
12.0760	474
12.0800	497
12.0840	508
12.0880	482
12.0920	496
12.0960	483
12.1000	270
12.1040	168
12.1080	129
12.1120	102
12.1160	98
12.1200	77
12.1240	100
12.1280	106
12.1320	89
12.1360	91
12.1400	91
12.1440	82
12.1480	83
12.1520	506
12.1560	513
12.1600	493
12.1640	478
12.1680	550
12.1720	511
12.1760	497
12.1800	490
12.1840	487
12.1880	480
12.1920	520
12.1960	505
12.2000	296
12.2040	204
12.2080	139
12.2120	97
12.2160	107
12.2200	98
12.2240	95
12.2280	81
12.2320	104
12.2360	88
12.2400	85
12.2440	81
12.2480	95
12.2520	521
12.2560	518
12.2600	522
12.2640	494
12.2680	470
12.2720	480
12.2760	512
12.2800	510
12.2840	542
12.2880	535
12.2920	483
12.2960	490
12.3000	305
12.3040	171
12.3080	135
12.3120	97
12.3160	82
12.3200	81
12.3240	87
12.3280	98
12.3320	100
12.3360	87
12.3400	85
12.3440	69
12.3480	107
12.3520	525
12.3560	521
12.3600	474
12.3640	484
12.3680	486
12.3720	499
12.3760	485
12.3800	523
12.3840	516
12.3880	551
12.3920	469
12.3960	489
12.4000	289
12.4040	188
12.4080	135
12.4120	114
12.4160	89
12.4200	97
12.4240	94
12.4280	95
12.4320	87
12.4360	92
12.4400	92
12.4440	88
12.4480	80
12.4520	532
12.4560	502
12.4600	519
12.4640	514
12.4680	479
12.4720	496
12.4760	522
12.4800	521
12.4840	543
12.4880	500
12.4920	546
12.4960	526
12.5000	271
12.5040	197
12.5080	141
12.5120	105
12.5160	113
12.5200	85
12.5240	82
12.5280	96
12.5320	93
12.5360	71
12.5400	69
12.5440	95
12.5480	89
12.5520	522
12.5560	517
12.5600	502
12.5640	530
12.5680	476
12.5720	494
12.5760	474
12.5800	528
12.5840	499
12.5880	479
12.5920	469
12.5960	502
12.6000	283
12.6040	179
12.6080	119
12.6120	109
12.6160	98
12.6200	93
12.6240	97
12.6280	95
12.6320	82
12.6360	86
12.6400	89
12.6440	105
12.6480	90
12.6520	522
12.6560	494
12.6600	490
12.6640	462
12.6680	507
12.6720	482
12.6760	492
12.6800	480
12.6840	482
12.6880	532
12.6920	497
12.6960	528
12.7000	289
12.7040	182
12.7080	121
12.7120	118
12.7160	77
12.7200	87
12.7240	78
12.7280	81
12.7320	94
12.7360	76
12.7400	90
12.7440	76
12.7480	85
12.7520	492
12.7560	507
12.7600	500
12.7640	518
12.7680	491
12.7720	483
12.7760	509
12.7800	468
12.7840	529
12.7880	510
12.7920	515
12.7960	539
12.8000	288
12.8040	185
12.8080	133
12.8120	113
12.8160	89
12.8200	91
12.8240	95
12.8280	75
12.8320	99
12.8360	85
12.8400	95
12.8440	90
12.8480	99
12.8520	506
12.8560	478
12.8600	466
12.8640	509
12.8680	499
12.8720	499
12.8760	544
12.8800	487
12.8840	510
12.8880	529
12.8920	518
12.8960	512
12.9000	288
12.9040	172
12.9080	122
12.9120	84
12.9160	87
12.9200	94
12.9240	87
12.9280	90
12.9320	78
12.9360	81
12.9400	81
12.9440	59
12.9480	85
12.9520	494
12.9560	479
12.9600	492
12.9640	550
12.9680	509
12.9720	472
12.9760	519
12.9800	509
12.9840	512
12.9880	478
12.9920	494
12.9960	510
13.0000	251
13.0040	194
13.0080	119
13.0120	87
13.0160	101
13.0200	94
13.0240	88
13.0280	98
13.0320	92
13.0360	93
13.0400	82
13.0440	91
13.0480	91
13.0520	492
13.0560	505
13.0600	526
13.0640	513
13.0680	496
13.0720	527
13.0760	498
13.0800	481
13.0840	485
13.0880	486
13.0920	551
13.0960	510
13.1000	272
13.1040	204
13.1080	127
13.1120	96
13.1160	84
13.1200	89
13.1240	98
13.1280	82
13.1320	102
13.1360	82
13.1400	105
13.1440	88
13.1480	77
13.1520	547
13.1560	492
13.1600	534
13.1640	532
13.1680	505
13.1720	520
13.1760	509
13.1800	472
13.1840	536
13.1880	484
13.1920	523
13.1960	533
13.2000	297
13.2040	177
13.2080	114
13.2120	109
13.2160	97
13.2200	88
13.2240	84
13.2280	94
13.2320	102
13.2360	81
13.2400	84
13.2440	81
13.2480	80
13.2520	525
13.2560	496
13.2600	499
13.2640	528
13.2680	543
13.2720	504
13.2760	514
13.2800	487
13.2840	462
13.2880	477
13.2920	484
13.2960	485
13.3000	269
13.3040	183
13.3080	138
13.3120	126
13.3160	84
13.3200	74
13.3240	97
13.3280	89
13.3320	88
13.3360	105
13.3400	86
13.3440	92
13.3480	79
13.3520	507
13.3560	511
13.3600	465
13.3640	505
13.3680	486
13.3720	519
13.3760	507
13.3800	510
13.3840	524
13.3880	502
13.3920	508
13.3960	506
13.4000	275
13.4040	188
13.4080	154
13.4120	128
13.4160	84
13.4200	89
13.4240	96
13.4280	93
13.4320	105
13.4360	85
13.4400	95
13.4440	86
13.4480	89
13.4520	470
13.4560	502
13.4600	490
13.4640	532
13.4680	508
13.4720	518
13.4760	503
13.4800	537
13.4840	490
13.4880	514
13.4920	491
13.4960	521
13.5000	270
13.5040	197
13.5080	134
13.5120	105
13.5160	104
13.5200	91
13.5240	70
13.5280	84
13.5320	91
13.5360	101
13.5400	76
13.5440	88
13.5480	85
13.5520	504
13.5560	523
13.5600	486
13.5640	478
13.5680	482
13.5720	510
13.5760	474
13.5800	526
13.5840	535
13.5880	531
13.5920	519
13.5960	524
13.6000	267
13.6040	195
13.6080	126
13.6120	107
13.6160	90
13.6200	96
13.6240	99
13.6280	105
13.6320	95
13.6360	91
13.6400	96
13.6440	84
13.6480	89
13.6520	491
13.6560	499
13.6600	543
13.6640	494
13.6680	530
13.6720	494
13.6760	530
13.6800	485
13.6840	509
13.6880	533
13.6920	517
13.6960	535
13.7000	290
13.7040	195
13.7080	122
13.7120	83
13.7160	82
13.7200	79
13.7240	95
13.7280	109
13.7320	88
13.7360	88
13.7400	93
13.7440	96
13.7480	110
13.7520	540
13.7560	497
13.7600	535
13.7640	538
13.7680	523
13.7720	504
13.7760	520
13.7800	505
13.7840	494
13.7880	511
13.7920	542
13.7960	503
13.8000	295
13.8040	193
13.8080	126
13.8120	105
13.8160	115
13.8200	98
13.8240	83
13.8280	86
13.8320	107
13.8360	90
13.8400	94
13.8440	88
13.8480	90
13.8520	509
13.8560	506
13.8600	509
13.8640	473
13.8680	551
13.8720	470
13.8760	504
13.8800	494
13.8840	524
13.8880	510
13.8920	564
13.8960	517
13.9000	270
13.9040	194
13.9080	116
13.9120	109
13.9160	96
13.9200	90
13.9240	105
13.9280	94
13.9320	75
13.9360	95
13.9400	78
13.9440	84
13.9480	97
13.9520	465
13.9560	512
13.9600	538
13.9640	514
13.9680	512
13.9720	522
13.9760	494
13.9800	511
13.9840	517
13.9880	494
13.9920	504
13.9960	502
14.0000	272
14.0040	202
14.0080	151
14.0120	106
14.0160	103
14.0200	96
14.0240	86
14.0280	91
14.0320	100
14.0360	97
14.0400	78
14.0440	93
14.0480	97
14.0520	504
14.0560	483
14.0600	510
14.0640	492
14.0680	477
14.0720	537
14.0760	484
14.0800	494
14.0840	509
14.0880	513
14.0920	519
14.0960	485
14.1000	287
14.1040	178
14.1080	129
14.1120	116
14.1160	104
14.1200	100
14.1240	89
14.1280	102
14.1320	94
14.1360	93
14.1400	96
14.1440	100
14.1480	101
14.1520	525
14.1560	507
14.1600	527
14.1640	530
14.1680	479
14.1720	465
14.1760	508
14.1800	510
14.1840	495
14.1880	518
14.1920	476
14.1960	500
14.2000	277
14.2040	189
14.2080	132
14.2120	103
14.2160	106
14.2200	86
14.2240	77
14.2280	98
14.2320	94
14.2360	88
14.2400	80
14.2440	93
14.2480	89
14.2520	495
14.2560	513
14.2600	529
14.2640	501
14.2680	516
14.2720	532
14.2760	498
14.2800	538
14.2840	491
14.2880	479
14.2920	502
14.2960	464
14.3000	274
14.3040	189
14.3080	131
14.3120	101
14.3160	99
14.3200	83
14.3240	97
14.3280	94
14.3320	95
14.3360	83
14.3400	92
14.3440	80
14.3480	89
14.3520	520
14.3560	515
14.3600	541
14.3640	487
14.3680	524
14.3720	505
14.3760	531
14.3800	512
14.3840	488
14.3880	510
14.3920	473
14.3960	482
14.4000	269
14.4040	197
14.4080	141
14.4120	104
14.4160	86
14.4200	90
14.4240	110
14.4280	80
14.4320	92
14.4360	92
14.4400	88
14.4440	75
14.4480	89
14.4520	520
14.4560	519
14.4600	517
14.4640	500
14.4680	503
14.4720	524
14.4760	478
14.4800	518
14.4840	522
14.4880	497
14.4920	477
14.4960	517
14.5000	268
14.5040	185
14.5080	144
14.5120	106
14.5160	78
14.5200	96
14.5240	95
14.5280	94
14.5320	97
14.5360	92
14.5400	93
14.5440	69
14.5480	65
14.5520	511
14.5560	475
14.5600	520
14.5640	534
14.5680	493
14.5720	523
14.5760	502
14.5800	495
14.5840	492
14.5880	571
14.5920	520
14.5960	472
14.6000	269
14.6040	188
14.6080	130
14.6120	99
14.6160	103
14.6200	85
14.6240	94
14.6280	94
14.6320	95
14.6360	74
14.6400	84
14.6440	77
14.6480	87
14.6520	532
14.6560	494
14.6600	487
14.6640	517
14.6680	515
14.6720	504
14.6760	536
14.6800	476
14.6840	532
14.6880	464
14.6920	482
14.6960	514
14.7000	279
14.7040	187
14.7080	129
14.7120	95
14.7160	78
14.7200	105
14.7240	98
14.7280	99
14.7320	102
14.7360	99
14.7400	92
14.7440	82
14.7480	93
14.7520	468
14.7560	509
14.7600	479
14.7640	512
14.7680	492
14.7720	522
14.7760	521
14.7800	504
14.7840	464
14.7880	462
14.7920	492
14.7960	527
14.8000	301
14.8040	185
14.8080	129
14.8120	103
14.8160	101
14.8200	107
14.8240	95
14.8280	102
14.8320	71
14.8360	83
14.8400	82
14.8440	89
14.8480	77
14.8520	493
14.8560	490
14.8600	487
14.8640	492
14.8680	471
14.8720	509
14.8760	512
14.8800	514
14.8840	482
14.8880	490
14.8920	513
14.8960	479
14.9000	265
14.9040	188
14.9080	127
14.9120	115
14.9160	84
14.9200	108
14.9240	96
14.9280	89
14.9320	91
14.9360	88
14.9400	94
14.9440	86
14.9480	88
14.9520	516
14.9560	493
14.9600	504
14.9640	540
14.9680	482
14.9720	537
14.9760	485
14.9800	481
14.9840	497
14.9880	475
14.9920	490
14.9960	480
15.0000	250
15.0040	201
15.0080	132
15.0120	90
15.0160	96
15.0200	92
15.0240	84
15.0280	83
15.0320	86
15.0360	75
15.0400	90
15.0440	90
15.0480	87
15.0520	518
15.0560	514
15.0600	494
15.0640	500
15.0680	500
15.0720	534
15.0760	527
15.0800	509
15.0840	496
15.0880	480
15.0920	517
15.0960	488
15.1000	274
15.1040	216
15.1080	130
15.1120	110
15.1160	82
15.1200	77
15.1240	104
15.1280	79
15.1320	101
15.1360	91
15.1400	85
15.1440	100
15.1480	86
15.1520	494
15.1560	521
15.1600	469
15.1640	485
15.1680	521
15.1720	484
15.1760	528
15.1800	510
15.1840	540
15.1880	493
15.1920	498
15.1960	542
15.2000	274
15.2040	207
15.2080	124
15.2120	109
15.2160	96
15.2200	82
15.2240	97
15.2280	96
15.2320	95
15.2360	89
15.2400	72
15.2440	89
15.2480	99
15.2520	496
15.2560	526
15.2600	492
15.2640	501
15.2680	518
15.2720	496
15.2760	507
15.2800	505
15.2840	514
15.2880	506
15.2920	502
15.2960	495
15.3000	295
15.3040	198
15.3080	130
15.3120	119
15.3160	110
15.3200	96
15.3240	104
15.3280	101
15.3320	86
15.3360	93
15.3400	84
15.3440	101
15.3480	80
15.3520	493
15.3560	529
15.3600	452
15.3640	484
15.3680	505
15.3720	488
15.3760	494
15.3800	516
15.3840	518
15.3880	518
15.3920	450
15.3960	494
15.4000	287
15.4040	199
15.4080	110
15.4120	92
15.4160	107
15.4200	100
15.4240	87
15.4280	92
15.4320	84
15.4360	85
15.4400	85
15.4440	89
15.4480	85
15.4520	491
15.4560	529
15.4600	469
15.4640	521
15.4680	505
15.4720	492
15.4760	480
15.4800	519
15.4840	508
15.4880	535
15.4920	488
15.4960	489
15.5000	276
15.5040	181
15.5080	121
15.5120	98
15.5160	93
15.5200	93
15.5240	82
15.5280	86
15.5320	100
15.5360	80
15.5400	93
15.5440	85
15.5480	91
15.5520	488
15.5560	486
15.5600	513
15.5640	539
15.5680	518
15.5720	490
15.5760	521
15.5800	501
15.5840	510
15.5880	465
15.5920	504
15.5960	464
15.6000	276
15.6040	195
15.6080	114
15.6120	101
15.6160	87
15.6200	104
15.6240	94
15.6280	81
15.6320	87
15.6360	66
15.6400	93
15.6440	88
15.6480	73
15.6520	544
15.6560	513
15.6600	558
15.6640	490
15.6680	520
15.6720	510
15.6760	471
15.6800	476
15.6840	515
15.6880	521
15.6920	517
15.6960	496
15.7000	259
15.7040	179
15.7080	143
15.7120	105
15.7160	91
15.7200	76
15.7240	85
15.7280	88
15.7320	94
15.7360	87
15.7400	97
15.7440	82
15.7480	95
15.7520	540
15.7560	526
15.7600	509
15.7640	463
15.7680	485
15.7720	525
15.7760	498
15.7800	519
15.7840	475
15.7880	473
15.7920	505
15.7960	510
15.8000	279
15.8040	184
15.8080	116
15.8120	100
15.8160	81
15.8200	100
15.8240	89
15.8280	106
15.8320	104
15.8360	92
15.8400	86
15.8440	92
15.8480	75
15.8520	513
15.8560	523
15.8600	493
15.8640	493
15.8680	509
15.8720	524
15.8760	522
15.8800	485
15.8840	549
15.8880	525
15.8920	506
15.8960	509
15.9000	260
15.9040	193
15.9080	133
15.9120	117
15.9160	86
15.9200	88
15.9240	98
15.9280	103
15.9320	85
15.9360	94
15.9400	97
15.9440	93
15.9480	100
15.9520	520
15.9560	499
15.9600	527
15.9640	512
15.9680	499
15.9720	504
15.9760	533
15.9800	528
15.9840	473
15.9880	498
15.9920	497
15.9960	505
16.0000	271
16.0040	186
16.0080	113
16.0120	106
16.0160	95
16.0200	88
16.0240	96
16.0280	86
16.0320	93
16.0360	74
16.0400	102
16.0440	88
16.0480	84
16.0520	513
16.0560	509
16.0600	536
16.0640	490
16.0680	466
16.0720	473
16.0760	493
16.0800	510
16.0840	545
16.0880	478
16.0920	483
16.0960	491
16.1000	295
16.1040	186
16.1080	122
16.1120	99
16.1160	86
16.1200	95
16.1240	94
16.1280	94
16.1320	84
16.1360	76
16.1400	88
16.1440	87
16.1480	79
16.1520	510
16.1560	477
16.1600	505
16.1640	500
16.1680	504
16.1720	516
16.1760	510
16.1800	500
16.1840	505
16.1880	461
16.1920	493
16.1960	518
16.2000	266
16.2040	195
16.2080	120
16.2120	102
16.2160	103
16.2200	81
16.2240	98
16.2280	93
16.2320	98
16.2360	82
16.2400	79
16.2440	75
16.2480	92
16.2520	521
16.2560	538
16.2600	496
16.2640	517
16.2680	503
16.2720	441
16.2760	505
16.2800	504
16.2840	508
16.2880	521
16.2920	501
16.2960	508
16.3000	260
16.3040	180
16.3080	131
16.3120	103
16.3160	97
16.3200	99
16.3240	94
16.3280	92
16.3320	101
16.3360	93
16.3400	87
16.3440	86
16.3480	87
16.3520	503
16.3560	505
16.3600	502
16.3640	504
16.3680	516
16.3720	459
16.3760	515
16.3800	477
16.3840	503
16.3880	523
16.3920	465
16.3960	474
16.4000	300
16.4040	187
16.4080	128
16.4120	97
16.4160	89
16.4200	107
16.4240	82
16.4280	102
16.4320	83
16.4360	107
16.4400	88
16.4440	85
16.4480	92
16.4520	520
16.4560	548
16.4600	486
16.4640	506
16.4680	508
16.4720	455
16.4760	525
16.4800	504
16.4840	493
16.4880	509
16.4920	492
16.4960	479
16.5000	280
16.5040	206
16.5080	121
16.5120	96
16.5160	83
16.5200	81
16.5240	85
16.5280	90
16.5320	106
16.5360	75
16.5400	82
16.5440	80
16.5480	72
16.5520	508
16.5560	501
16.5600	466
16.5640	557
16.5680	496
16.5720	511
16.5760	521
16.5800	502
16.5840	530
16.5880	485
16.5920	503
16.5960	516
16.6000	263
16.6040	198
16.6080	126
16.6120	109
16.6160	84
16.6200	100
16.6240	97
16.6280	92
16.6320	94
16.6360	82
16.6400	81
16.6440	90
16.6480	82
16.6520	535
16.6560	521
16.6600	531
16.6640	479
16.6680	482
16.6720	485
16.6760	498
16.6800	514
16.6840	514
16.6880	503
16.6920	469
16.6960	486
16.7000	274
16.7040	204
16.7080	121
16.7120	99
16.7160	95
16.7200	82
16.7240	93
16.7280	92
16.7320	84
16.7360	69
16.7400	90
16.7440	84
16.7480	102
16.7520	459
16.7560	533
16.7600	510
16.7640	499
16.7680	517
16.7720	482
16.7760	459
16.7800	496
16.7840	466
16.7880	506
16.7920	497
16.7960	503
16.8000	283
16.8040	189
16.8080	134
16.8120	105
16.8160	94
16.8200	94
16.8240	79
16.8280	83
16.8320	95
16.8360	81
16.8400	88
16.8440	81
16.8480	84
16.8520	490
16.8560	480
16.8600	521
16.8640	508
16.8680	493
16.8720	549
16.8760	496
16.8800	492
16.8840	513
16.8880	519
16.8920	530
16.8960	512
16.9000	259
16.9040	172
16.9080	119
16.9120	95
16.9160	79
16.9200	80
16.9240	90
16.9280	96
16.9320	93
16.9360	78
16.9400	82
16.9440	77
16.9480	73
16.9520	493
16.9560	510
16.9600	499
16.9640	516
16.9680	517
16.9720	528
16.9760	483
16.9800	478
16.9840	532
16.9880	499
16.9920	491
16.9960	523
17.0000	281
17.0040	181
17.0080	126
17.0120	97
17.0160	75
17.0200	105
17.0240	92
17.0280	85
17.0320	92
17.0360	103
17.0400	86
17.0440	77
17.0480	92
17.0520	531
17.0560	522
17.0600	538
17.0640	514
17.0680	468
17.0720	512
17.0760	476
17.0800	524
17.0840	532
17.0880	499
17.0920	503
17.0960	519
17.1000	303
17.1040	181
17.1080	123
17.1120	91
17.1160	74
17.1200	74
17.1240	99
17.1280	83
17.1320	81
17.1360	87
17.1400	71
17.1440	107
17.1480	71
17.1520	509
17.1560	498
17.1600	502
17.1640	475
17.1680	485
17.1720	496
17.1760	494
17.1800	545
17.1840	458
17.1880	476
17.1920	507
17.1960	528
17.2000	276
17.2040	203
17.2080	132
17.2120	102
17.2160	108
17.2200	75
17.2240	94
17.2280	93
17.2320	84
17.2360	77
17.2400	85
17.2440	87
17.2480	76
17.2520	518
17.2560	484
17.2600	490
17.2640	479
17.2680	473
17.2720	521
17.2760	536
17.2800	492
17.2840	529
17.2880	507
17.2920	489
17.2960	496
17.3000	281
17.3040	178
17.3080	133
17.3120	111
17.3160	93
17.3200	79
17.3240	81
17.3280	94
17.3320	104
17.3360	83
17.3400	78
17.3440	96
17.3480	87
17.3520	533
17.3560	527
17.3600	507
17.3640	533
17.3680	466
17.3720	466
17.3760	508
17.3800	478
17.3840	476
17.3880	491
17.3920	515
17.3960	462
17.4000	278
17.4040	216
17.4080	124
17.4120	82
17.4160	84
17.4200	89
17.4240	75
17.4280	99
17.4320	90
17.4360	109
17.4400	88
17.4440	99
17.4480	88
17.4520	481
17.4560	485
17.4600	462
17.4640	509
17.4680	477
17.4720	527
17.4760	523
17.4800	514
17.4840	528
17.4880	547
17.4920	485
17.4960	530
17.5000	251
17.5040	198
17.5080	121
17.5120	106
17.5160	89
17.5200	98
17.5240	87
17.5280	82
17.5320	96
17.5360	94
17.5400	87
17.5440	77
17.5480	87
17.5520	490
17.5560	490
17.5600	515
17.5640	533
17.5680	524
17.5720	483
17.5760	490
17.5800	474
17.5840	516
17.5880	509
17.5920	508
17.5960	519
17.6000	284
17.6040	205
17.6080	150
17.6120	109
17.6160	98
17.6200	103
17.6240	93
17.6280	88
17.6320	95
17.6360	98
17.6400	85
17.6440	90
17.6480	73
17.6520	501
17.6560	492
17.6600	510
17.6640	548
17.6680	510
17.6720	468
17.6760	505
17.6800	495
17.6840	521
17.6880	482
17.6920	506
17.6960	487
17.7000	294
17.7040	207
17.7080	144
17.7120	113
17.7160	101
17.7200	81
17.7240	85
17.7280	105
17.7320	85
17.7360	118
17.7400	91
17.7440	82
17.7480	79
17.7520	507
17.7560	497
17.7600	498
17.7640	510
17.7680	515
17.7720	523
17.7760	517
17.7800	498
17.7840	517
17.7880	496
17.7920	483
17.7960	498
17.8000	273
17.8040	194
17.8080	118
17.8120	103
17.8160	91
17.8200	86
17.8240	85
17.8280	93
17.8320	115
17.8360	89
17.8400	91
17.8440	80
17.8480	86
17.8520	503
17.8560	532
17.8600	463
17.8640	530
17.8680	464
17.8720	537
17.8760	504
17.8800	519
17.8840	497
17.8880	502
17.8920	508
17.8960	519
17.9000	283
17.9040	205
17.9080	138
17.9120	109
17.9160	100
17.9200	78
17.9240	76
17.9280	88
17.9320	91
17.9360	85
17.9400	90
17.9440	93
17.9480	102
17.9520	527
17.9560	497
17.9600	481
17.9640	503
17.9680	486
17.9720	518
17.9760	518
17.9800	452
17.9840	532
17.9880	522
17.9920	528
17.9960	525
18.0000	320
18.0040	183
18.0080	151
18.0120	104
18.0160	109
18.0200	98
18.0240	101
18.0280	82
18.0320	114
18.0360	96
18.0400	94
18.0440	84
18.0480	88
18.0520	518
18.0560	526
18.0600	485
18.0640	490
18.0680	470
18.0720	540
18.0760	520
18.0800	546
18.0840	523
18.0880	532
18.0920	492
18.0960	502
18.1000	283
18.1040	169
18.1080	122
18.1120	94
18.1160	91
18.1200	91
18.1240	92
18.1280	89
18.1320	99
18.1360	87
18.1400	89
18.1440	55
18.1480	103
18.1520	504
18.1560	506
18.1600	502
18.1640	520
18.1680	492
18.1720	527
18.1760	507
18.1800	510
18.1840	480
18.1880	497
18.1920	481
18.1960	528
18.2000	286
18.2040	193
18.2080	142
18.2120	113
18.2160	91
18.2200	79
18.2240	84
18.2280	100
18.2320	88
18.2360	80
18.2400	100
18.2440	109
18.2480	84
18.2520	527
18.2560	476
18.2600	486
18.2640	480
18.2680	529
18.2720	510
18.2760	513
18.2800	503
18.2840	478
18.2880	521
18.2920	492
18.2960	504
18.3000	275
18.3040	204
18.3080	126
18.3120	102
18.3160	86
18.3200	77
18.3240	92
18.3280	81
18.3320	101
18.3360	99
18.3400	84
18.3440	76
18.3480	105
18.3520	510
18.3560	510
18.3600	500
18.3640	522
18.3680	483
18.3720	512
18.3760	511
18.3800	496
18.3840	506
18.3880	516
18.3920	499
18.3960	540
18.4000	285
18.4040	171
18.4080	126
18.4120	114
18.4160	120
18.4200	106
18.4240	83
18.4280	94
18.4320	95
18.4360	96
18.4400	65
18.4440	81
18.4480	93
18.4520	490
18.4560	495
18.4600	495
18.4640	499
18.4680	492
18.4720	488
18.4760	479
18.4800	499
18.4840	554
18.4880	523
18.4920	530
18.4960	508
18.5000	295
18.5040	177
18.5080	128
18.5120	94
18.5160	90
18.5200	86
18.5240	95
18.5280	85
18.5320	84
18.5360	91
18.5400	93
18.5440	82
18.5480	89
18.5520	501
18.5560	533
18.5600	467
18.5640	484
18.5680	523
18.5720	504
18.5760	509
18.5800	497
18.5840	499
18.5880	512
18.5920	456
18.5960	489
18.6000	247
18.6040	211
18.6080	121
18.6120	105
18.6160	98
18.6200	88
18.6240	97
18.6280	88
18.6320	85
18.6360	85
18.6400	76
18.6440	99
18.6480	86
18.6520	492
18.6560	519
18.6600	503
18.6640	493
18.6680	487
18.6720	458
18.6760	495
18.6800	514
18.6840	510
18.6880	523
18.6920	510
18.6960	469
18.7000	256
18.7040	187
18.7080	126
18.7120	117
18.7160	92
18.7200	92
18.7240	87
18.7280	91
18.7320	95
18.7360	80
18.7400	108
18.7440	89
18.7480	84
18.7520	487
18.7560	516
18.7600	512
18.7640	489
18.7680	495
18.7720	505
18.7760	509
18.7800	499
18.7840	526
18.7880	493
18.7920	474
18.7960	530
18.8000	276
18.8040	193
18.8080	121
18.8120	121
18.8160	103
18.8200	85
18.8240	94
18.8280	110
18.8320	88
18.8360	75
18.8400	97
18.8440	88
18.8480	93
18.8520	525
18.8560	486
18.8600	484
18.8640	519
18.8680	489
18.8720	502
18.8760	533
18.8800	478
18.8840	496
18.8880	510
18.8920	524
18.8960	518
18.9000	302
18.9040	180
18.9080	132
18.9120	108
18.9160	88
18.9200	97
18.9240	91
18.9280	94
18.9320	86
18.9360	87
18.9400	93
18.9440	93
18.9480	101
18.9520	510
18.9560	560
18.9600	505
18.9640	498
18.9680	519
18.9720	472
18.9760	491
18.9800	518
18.9840	505
18.9880	515
18.9920	505
18.9960	518
19.0000	260
19.0040	177
19.0080	131
19.0120	93
19.0160	105
19.0200	101
19.0240	93
19.0280	99
19.0320	98
19.0360	90
19.0400	88
19.0440	84
19.0480	97
19.0520	509
19.0560	484
19.0600	497
19.0640	512
19.0680	521
19.0720	491
19.0760	512
19.0800	509
19.0840	491
19.0880	490
19.0920	527
19.0960	501
19.1000	257
19.1040	193
19.1080	128
19.1120	107
19.1160	83
19.1200	87
19.1240	100
19.1280	99
19.1320	96
19.1360	89
19.1400	85
19.1440	109
19.1480	104
19.1520	479
19.1560	494
19.1600	509
19.1640	496
19.1680	517
19.1720	496
19.1760	491
19.1800	525
19.1840	525
19.1880	514
19.1920	477
19.1960	540
19.2000	297
19.2040	183
19.2080	134
19.2120	108
19.2160	93
19.2200	78
19.2240	107
19.2280	92
19.2320	86
19.2360	88
19.2400	96
19.2440	99
19.2480	84
19.2520	520
19.2560	529
19.2600	541
19.2640	507
19.2680	483
19.2720	508
19.2760	506
19.2800	487
19.2840	520
19.2880	491
19.2920	535
19.2960	513
19.3000	277
19.3040	183
19.3080	129
19.3120	97
19.3160	101
19.3200	89
19.3240	84
19.3280	91
19.3320	102
19.3360	94
19.3400	92
19.3440	99
19.3480	93
19.3520	466
19.3560	524
19.3600	509
19.3640	485
19.3680	511
19.3720	500
19.3760	486
19.3800	486
19.3840	491
19.3880	501
19.3920	510
19.3960	476
19.4000	275
19.4040	213
19.4080	98
19.4120	88
19.4160	79
19.4200	101
19.4240	94
19.4280	91
19.4320	81
19.4360	90
19.4400	103
19.4440	86
19.4480	86
19.4520	515
19.4560	471
19.4600	524
19.4640	497
19.4680	493
19.4720	508
19.4760	518
19.4800	528
19.4840	491
19.4880	492
19.4920	523
19.4960	501
19.5000	326
19.5040	198
19.5080	159
19.5120	97
19.5160	95
19.5200	90
19.5240	108
19.5280	103
19.5320	88
19.5360	90
19.5400	86
19.5440	94
19.5480	66
19.5520	492
19.5560	489
19.5600	496
19.5640	510
19.5680	498
19.5720	494
19.5760	511
19.5800	525
19.5840	461
19.5880	480
19.5920	454
19.5960	472
19.6000	280
19.6040	194
19.6080	117
19.6120	110
19.6160	79
19.6200	73
19.6240	85
19.6280	96
19.6320	92
19.6360	94
19.6400	93
19.6440	89
19.6480	88
19.6520	511
19.6560	498
19.6600	478
19.6640	461
19.6680	485
19.6720	514
19.6760	496
19.6800	507
19.6840	518
19.6880	527
19.6920	509
19.6960	494
19.7000	304
19.7040	184
19.7080	119
19.7120	90
19.7160	99
19.7200	92
19.7240	90
19.7280	80
19.7320	99
19.7360	84
19.7400	77
19.7440	97
19.7480	75
19.7520	493
19.7560	542
19.7600	488
19.7640	482
19.7680	501
19.7720	526
19.7760	505
19.7800	492
19.7840	489
19.7880	535
19.7920	528
19.7960	492
19.8000	256
19.8040	174
19.8080	113
19.8120	98
19.8160	87
19.8200	78
19.8240	92
19.8280	93
19.8320	84
19.8360	99
19.8400	83
19.8440	82
19.8480	93
19.8520	512
19.8560	494
19.8600	527
19.8640	496
19.8680	488
19.8720	527
19.8760	500
19.8800	479
19.8840	508
19.8880	476
19.8920	527
19.8960	524
19.9000	271
19.9040	201
19.9080	138
19.9120	98
19.9160	89
19.9200	78
19.9240	100
19.9280	92
19.9320	79
19.9360	79
19.9400	88
19.9440	81
19.9480	74
19.9520	541
19.9560	503
19.9600	530
19.9640	503
19.9680	461
19.9720	506
19.9760	502
19.9800	531
19.9840	534
19.9880	540
19.9920	482
19.9960	531
